"id","name","prodnum","manufacturer","sortorder","sortprice","xmultisite","multisitedesconelimit","multisitedescone","multisitedesctwolimit","multisitedesctwo","beonly","descshort","desclong","imgsm","imglg","offertype","xpricemap","xaddons","priceoverride","disallowdiscount","showpriceincartonly","grouplimitstatus","grouplimits","commok","pricingtype","specialofferreg","specialofferforcereg","specialofferwhl","specialofferforcewhl","descso","imgsmso","imglgso","invitemmultdisp","custpkgdisp","servpriceinput","discexclusions","xprodoptions","addemtext","dlfile","autogiftcert","servreq","customdata","acctsysincome","acctsyspri","acctsysalt","acctsysprimod","acctsysaltmod","prodsectiondisp","prodhighlights","videourl","prodpdf","catparent","xcat","catfeatgridname","catfeatgrid","catfeatgridshow","xprod","xupsell","prodview","prodviewg","xprodfilterone","xprodfiltertwo","xprodfilterthree","xprodfilterfour","xprodfilterfive","tabonename","tabonecontent","tabtwoname","tabtwocontent","tabthreename","tabthreecontent","tabfourname","tabfourcontent","seourl","seoexact","keywords","metatitle","metadesc","createdate","offergiftpromo","xcatparent","customlistdisplay","whlsaleuserover","xaddonsdisp"
"001-White","White Flock Heat Transfer Vinyl","1","Poli-Tape","10","11","DEFAULT","","","","","0","White Flock Heat Transfer Vinyl 500mm wide. Price per metre:","","001_White.png","001_White.png","INVITEMS","DEFAULT-001-White-DEFAULT-001-White","","","0","0","0","","1","REGONLY","0","0","0","0","","","","SELECT","SELECT","0","","","","","0","0","","income-service","","","0","0","","","","","3602_Flock","3602_Flock","","","0","Hotronix-Auto-Open-Clam-Heatpress, Weeding_Hook, EZ_LED_Weeder, FLEXOFF, Weeding_Tweezers, Heat_Tape, Tygaflor_Sheet, Olfa_Cutting_Matt_A3, Yellow_Ruler, ","Weeding_Hook, EZ_LED_Weeder, FLEXOFF, Weeding_Tweezers, Heat_Tape, Tygaflor_Sheet, Olfa_Cutting_Matt_A3, Yellow_Ruler, ","A","","","","","","","Application & Aftercare Instructions","<style>

table {

margin: 0 auto 0 auto;
}

table, th, td {
  
  border-collapse: collapse;
padding: 5px;
}
th, td {
  padding: 5px;
  text-align: center; 
  width: 100px;
  height: 50px;
  background-color:#009ee3;
  color: white;
  border-left: 5px solid white;
  border-right: 5px solid white;
}

th {
  border-top-color: white;
  font-size: 15px;
}

td {

padding-bottom: 1em;
border-bottom: 5px solid white;
font-size: 20px;
  
</style>



<table id=""data"">
  <tbody><tr>
    <th>PRESS TEMP</th>
<th>PRESS TIME</th>
<th>PRESSURE</th>
<th>EASY WEED</th>
<th>PEEL</th>
  </tr>
  <tr>
    <td>160<sup>o</sup>C</td>
<td>15 secs press</td>
<td>Medium<br></td>
<td><span style=""font-size:30px;"">&#10003;</span></td>
<td>Warm</td>
  </tr>

<tr>
    <th>LAYER</th>
<th>REVERSE IMAGE</th>
<th>WASH</th>
<th>TUMBLE DRY</th>
<th>DRY CLEAN</th>
  </tr>
  <tr>
    <td><span style=""font-size:30px; color: white;"">&#10005;</span></td>
<td><span style=""font-size:30px;"">&#10003;</span></td>
<td>60<sup>o</sup>C</td>
<td><span style=""font-size:30px; color: white;"">&#10005;</span></td>
<td><span style=""font-size:30px;"">&#10005;</span></td>
  </tr>
  </tbody></table>
","","","","","","","","0","","","","1592213484","0","","0","","CHECKBOX"
"054CGO","Kernowjet Metalik Gold Removable","054CGO","Kernow","20","19","DEFAULT","","","","","0","Kernowjet Metalik Gold Removable is a highly polished, printable, double sided gold mirror finish material with a removable adhesive, perfect for retail decoration, window displays and indoor signage and lettering.","<html>
<head><title>Kernowjet Metalik Gold Removable</title>
</head>
<body>
<img style=""height: 80px; width: 190px;"" alt=""Kernow logo""
src=""media/ecom/onpagegraphics/KernowLogo.jpg"" class=""responsive""><br><br>

<p>Kernowjet Metalik Gold Removable is a highly polished, printable, double sided gold mirror finish material with a removable adhesive, perfect for retail decoration, window displays and indoor signage and lettering.</p>

<a><img style=""border: 0px solid ; width: 75px; height: 75px; float: right;"" alt=""pvc free""
src=""media/ecom/onpagegraphics/PVC_free_logo.png""></a>

<span style=""font-weight: bold; color: #d7328a;"">Structure:</span>
<ul><li>70<span>&#181;</span>m Polyester</li>
<li>Water-based adhesive - Removable</li>
<li>PET backing liner - 83g/m<sup>2</sup>
</li></ul>

<span style=""font-weight: bold; color: #d7328a;"">Suitability:</span>
<ul><li>Highly polished metallised surface for eye-catching graphics and displays</li>
<li>Perfect for indoor and short term outdoor signage and lettering</li>
<li>Ideal for retail displays</li>
<li>Excellent for 3D labels and doming applications</li>
<li>Suitable for wet and dry application</li>
<li>Up to 1 year outdoor durability
</li></ul>

<span style=""font-weight: bold; color: #d7328a;"">Advantages:</span>
<ul><li>Double sided metal effect so has the same colour and finish on the adhesive side making it perfect for use onto glass and acrylic</li>
<li>Removable adhesive for short term applications</li>
<li>These films are compatible with Eco-Solvent, Latex and UV inks, and are also HP Latex certified</li>
<li>Static controlled for less build up of static during printing or application</li>
<li>Cuts perfectly and weeds easily</li>
<li>Water based (solvent free) adhesive</li>
<li>Very smooth finish, close to mirror effect
</li></ul>

<span style=""font-weight: bold; color: #d7328a;"">Ink Compatibility:</span>
<ul>
        <img style=""margin: 0 5px 0 0; width: 15px; height: 25px;"" alt=""Eco-Sol Ink"" src=""media/ecom/onpagegraphics/Ink-EcoSol.png""> Eco-solvent&nbsp;&nbsp;
	<img style=""margin: 0px 5px 0px 0px; width: 15px; height: 25px;"" alt=""Latex"" src=""media/ecom/onpagegraphics/Ink-Latex.png"">Latex &nbsp;&nbsp;
        <img style=""margin: 0 5px 0 0; width: 15px; height: 25px;"" alt=""UV Ink"" src=""media/ecom/onpagegraphics/Ink-UV.png""> UV&nbsp;&nbsp; <br>
        <img style=""width: 100px; height: 48px;"" alt=""HP Latex Certified"" src=""https://www.dorotape.co.uk/media/ecom/onpagegraphics/HP-Latex-Certified.jpg"">
</ul>
<span style=""font-weight: bold; color: #d7328a;"">Technical Information:</span>
<ul>
<a href=""media/ecom/pdfs/datasheets/Metalik_Removable.pdf"" target=""_blank""><img
style=""border: 0px solid ; width: 200px; height: 60px;"" alt=""pdf""
src=""media/ecom/onpagegraphics/Datasheet.png""></a>

</ul>


</body>
</html>","Kernow-Metalik-Gold-Removable.webp","Kernow_Metalik_Gold_Removable.jpg","INVITEMS","DEFAULT-054CGO-DEFAULT-054CGO","","","0","0","0","","1","REGONLY","0","0","0","0","","","","SELECT","SELECT","0","","","","","0","0","","income-service","","","0","0","","","https://www.youtube.com/embed/NDnK2FgU5_I?si=s6llzMS8D3AmaTTD","","KernowMetalik","KernowMetalik, PVC_Free_Materials, PVC_Free_Media","","","0","Aslan_Red_Devil_Squeegee, Aslan-Gold-Soft-Squeegee, Aslan_Squeegee, Olfa_X_Design_Heavy_Duty_Knife, Olfa_Graphic_Cutter, Application_Gloves, Lint-Free-Gloves, Masking_Tape_25mm, Lint-Free-Cloths, ","Aslan_Red_Devil_Squeegee, Aslan-Gold-Soft-Squeegee, Aslan_Squeegee, Olfa_X_Design_Heavy_Duty_Knife, Olfa_Graphic_Cutter, Application_Gloves, Lint-Free-Gloves, Masking_Tape_25mm, Lint-Free-Cloths, ","A","admin, superuser","ADHESIVE_REMOVABLE","","","","Polished","","","","","","","","","Kernowjet-Metalik-Gold-Removable","0","kernow, kernowjet, metallic, metalik, silver, removeable, silver mirror, metallised, metalized, polished, double-sided, double sided, printable, gold, gold mirror ","","","1750155860","0","","0","","CHECKBOX"
"054CSI","Kernowjet Metalik Silver Removable","054CSI","Kernow","20","19","DEFAULT","","","","","0","Kernowjet Metalik Silver Removable is a highly polished, printable, double sided silver mirror finish material with a removable adhesive, perfect for retail decoration, window displays and indoor signage and lettering.","<html>
<head><title>Kernowjet Metalik Silver Removable</title>
</head>
<body>
<img style=""height: 80px; width: 190px;"" alt=""Kernow logo""
src=""media/ecom/onpagegraphics/KernowLogo.jpg"" class=""responsive""><br><br>

<p>Kernowjet Metalik Silver Removable is a highly polished, printable, double sided silver mirror finish material with a removable adhesive, perfect for retail decoration, window displays and indoor signage and lettering.</p>

<a><img style=""border: 0px solid ; width: 75px; height: 75px; float: right;"" alt=""pvc free""
src=""media/ecom/onpagegraphics/PVC_free_logo.png""></a>

<span style=""font-weight: bold; color: #d7328a;"">Structure:</span>
<ul><li>70<span>&#181;</span>m Polyester</li>
<li>Water-based adhesive - Removable</li>
<li>PET backing liner - 83g/m<sup>2</sup>
</li></ul>

<span style=""font-weight: bold; color: #d7328a;"">Suitability:</span>
<ul><li>Highly polished metallised surface for eye-catching graphics and displays</li>
<li>Perfect for indoor and short term outdoor signage and lettering</li>
<li>Ideal for retail displays</li>
<li>Excellent for 3D labels and doming applications</li>
<li>Suitable for wet and dry application</li>
<li>Up to 3 year outdoor durability
</li></ul>

<span style=""font-weight: bold; color: #d7328a;"">Advantages:</span>
<ul><li>Double sided metal effect so has the same colour and finish on the adhesive side making it perfect for use onto glass and acrylic</li>
<li>Removable adhesive for short term applications</li>
<li>These films are compatible with Eco-Solvent, Latex and UV inks, and are also HP Latex certified</li>
<li>Static controlled for less build up of static during printing or application</li>
<li>Cuts perfectly and weeds easily</li>
<li>Water based (solvent free) adhesive</li>
<li>Very smooth finish, close to mirror effect
</li></ul>

<span style=""font-weight: bold; color: #d7328a;"">Ink Compatibility:</span>
<ul>
        <img style=""margin: 0 5px 0 0; width: 15px; height: 25px;"" alt=""Eco-Sol Ink"" src=""media/ecom/onpagegraphics/Ink-EcoSol.png""> Eco-solvent&nbsp;&nbsp;
	<img style=""margin: 0px 5px 0px 0px; width: 15px; height: 25px;"" alt=""Latex"" src=""media/ecom/onpagegraphics/Ink-Latex.png"">Latex &nbsp;&nbsp;
        <img style=""margin: 0 5px 0 0; width: 15px; height: 25px;"" alt=""UV Ink"" src=""media/ecom/onpagegraphics/Ink-UV.png""> UV&nbsp;&nbsp; <br>
        <img style=""width: 100px; height: 48px;"" alt=""HP Latex Certified"" src=""https://www.dorotape.co.uk/media/ecom/onpagegraphics/HP-Latex-Certified.jpg"">
</ul>
<span style=""font-weight: bold; color: #d7328a;"">Technical Information:</span>
<ul>
<a href=""media/ecom/pdfs/datasheets/Metalik_Removable.pdf"" target=""_blank""><img
style=""border: 0px solid ; width: 200px; height: 60px;"" alt=""pdf""
src=""media/ecom/onpagegraphics/Datasheet.png""></a>

</ul>


</body>
</html>","Kernow-Metalik-Silver-Removable.webp","Kernow_Metalik_Silver_Removable.jpg","INVITEMS","DEFAULT-054CSI-DEFAULT-054CSI","","","0","0","0","","1","REGONLY","0","0","0","0","","","","SELECT","SELECT","0","","","","","0","0","","income-service","","","0","0","","","https://www.youtube.com/embed/NDnK2FgU5_I?si=s6llzMS8D3AmaTTD","","KernowMetalik","KernowMetalik, PVC_Free_Materials, PVC_Free_Media","","","0","Aslan_Red_Devil_Squeegee, Aslan-Gold-Soft-Squeegee, Aslan_Squeegee, Olfa_X_Design_Heavy_Duty_Knife, Olfa_Graphic_Cutter, Application_Gloves, Lint-Free-Gloves, Masking_Tape_25mm, Lint-Free-Cloths, ","Aslan_Red_Devil_Squeegee, Aslan-Gold-Soft-Squeegee, Aslan_Squeegee, Olfa_X_Design_Heavy_Duty_Knife, Olfa_Graphic_Cutter, Application_Gloves, Lint-Free-Gloves, Masking_Tape_25mm, Lint-Free-Cloths, ","A","admin, superuser","ADHESIVE_REMOVABLE","","","","Polished","","","","","","","","","Kernowjet-Metalik-Silver-Removable","0","kernow, kernowjet, metallic, metalik, silver, removeable, silver mirror, metallised, metalized, polished, double-sided, double sided, printable, mirri, mirror","","","1750152018","0","","0","","CHECKBOX"
"056SGO","Kernowjet Metalik Gold Permanent","056SGO","Kernow","20","19","DEFAULT","","","","","0","Kernowjet Metalik Gold Permanent is a highly polished, printable, single sided gold mirror finish material with a high tack permanent adhesive, perfect for retail decoration, window displays and indoor and outdoor signage and lettering.","<html>
<head><title>Kernowjet Metalik Gold Permanent</title>
</head>
<body>
<img style=""height: 80px; width: 190px;"" alt=""Kernow logo""
src=""media/ecom/onpagegraphics/KernowLogo.jpg"" class=""responsive""><br><br>

<p>Kernowjet Metalik Gold Permanent is a highly polished, printable, single sided gold mirror finish material with a high tack permanent adhesive, perfect for retail decoration, window displays and indoor and outdoor signage and lettering.</p>

<a><img style=""border: 0px solid ; width: 75px; height: 75px; float: right;"" alt=""pvc free""
src=""media/ecom/onpagegraphics/PVC_free_logo.png""></a>

<span style=""font-weight: bold; color: #d7328a;"">Structure:</span>
<ul><li>70<span>&#181;</span>m Polyester</li>
<li>Water-based adhesive - Permanent</li>
<li>PET backing liner - 83g/m<sup>2</sup>
</li></ul>

<span style=""font-weight: bold; color: #d7328a;"">Suitability:</span>
<ul><li>Highly polished metallised surface for eye-catching graphics and displays</li>
<li>Perfect for indoor and outdoor signage and lettering</li>
<li>Ideal for retail displays</li>
<li>Excellent for 3D labels and doming applications</li>
<li>Suitable for wet and dry application</li>
<li>Up to 1 year outdoor UV stability
</li></ul>

<span style=""font-weight: bold; color: #d7328a;"">Advantages:</span>
<ul><li>High tack permanent adhesive for long term applications</li>
<li>These films are compatible with Eco-Solvent, Latex and UV inks, and are also HP Latex certified</li>
<li>Cuts perfectly and weeds easily</li>
<li>Water based (solvent free) adhesive</li>
<li>Very smooth finish, close to mirror effect
</li></ul>

<span style=""font-weight: bold; color: #d7328a;"">Ink Compatibility:</span>
<ul>
        <img style=""margin: 0 5px 0 0; width: 15px; height: 25px;"" alt=""Eco-Sol Ink"" src=""media/ecom/onpagegraphics/Ink-EcoSol.png""> Eco-solvent&nbsp;&nbsp;
	<img style=""margin: 0px 5px 0px 0px; width: 15px; height: 25px;"" alt=""Latex"" src=""media/ecom/onpagegraphics/Ink-Latex.png"">Latex &nbsp;&nbsp;
        <img style=""margin: 0 5px 0 0; width: 15px; height: 25px;"" alt=""UV Ink"" src=""media/ecom/onpagegraphics/Ink-UV.png""> UV&nbsp;&nbsp; <br>
        <img style=""width: 100px; height: 48px;"" alt=""HP Latex Certified"" src=""https://www.dorotape.co.uk/media/ecom/onpagegraphics/HP-Latex-Certified.jpg"">
</ul>
<span style=""font-weight: bold; color: #d7328a;"">Technical Information:</span>
<ul>
<a href=""media/ecom/pdfs/datasheets/Metalik_Permanent.pdf"" target=""_blank""><img
style=""border: 0px solid ; width: 200px; height: 60px;"" alt=""pdf""
src=""media/ecom/onpagegraphics/Datasheet.png""></a>

</ul>


</body>
</html>","Kernow-Metalik-Gold-Permanent.webp","Kernow_Metalik_Gold_Permanent.jpg","INVITEMS","DEFAULT-056SGO-DEFAULT-056SGO","","","0","0","0","","1","REGONLY","0","0","0","0","","","","SELECT","SELECT","0","","","","","0","0","","income-service","","","0","0","","","https://www.youtube.com/embed/NDnK2FgU5_I?si=s6llzMS8D3AmaTTD","","KernowMetalik","KernowMetalik, PVC_Free_Materials, PVC_Free_Media","","","0","Aslan_Red_Devil_Squeegee, Aslan-Gold-Soft-Squeegee, Aslan_Squeegee, Olfa_X_Design_Heavy_Duty_Knife, Olfa_Graphic_Cutter, Application_Gloves, Lint-Free-Gloves, Masking_Tape_25mm, Lint-Free-Cloths, ","Aslan_Red_Devil_Squeegee, Aslan-Gold-Soft-Squeegee, Aslan_Squeegee, Olfa_X_Design_Heavy_Duty_Knife, Olfa_Graphic_Cutter, Application_Gloves, Lint-Free-Gloves, Masking_Tape_25mm, Lint-Free-Cloths, ","A","admin, superuser","ADHESIVE_PERMANENT","","","","Polished","","","","","","","","","Kernowjet-Metalik-Gold-Permanent","0","kernow, kernowjet, metallic, metalik, silver, removable, silver mirror, metallised, metalized, polished, double-sided, double sided, printable, permanent, high tack, high-tack, gold, mirri, mirror","","","1750160905","0","","0","","CHECKBOX"
"056SSI","Kernowjet Metalik Silver Permanent","056SSI","Kernow","20","19","DEFAULT","","","","","0","Kernowjet Metalik Silver Permanent is a highly polished, printable, single sided silver mirror finish material with a high tack permanent adhesive, perfect for retail decoration, window displays and indoor and outdoor signage and lettering.","<html>
<head><title>Kernowjet Metalik Silver Permanent</title>
</head>
<body>
<img style=""height: 80px; width: 190px;"" alt=""Kernow logo""
src=""media/ecom/onpagegraphics/KernowLogo.jpg"" class=""responsive""><br><br>

<p>Kernowjet Metalik Silver Permanent is a highly polished, printable, single sided silver mirror finish material with a high tack permanent adhesive, perfect for retail decoration, window displays and indoor and outdoor signage and lettering.</p>

<a><img style=""border: 0px solid ; width: 75px; height: 75px; float: right;"" alt=""pvc free""
src=""media/ecom/onpagegraphics/PVC_free_logo.png""></a>

<span style=""font-weight: bold; color: #d7328a;"">Structure:</span>
<ul><li>70<span>&#181;</span>m Polyester</li>
<li>Water-based adhesive - Permanent</li>
<li>PET backing liner - 83g/m<sup>2</sup>
</li></ul>

<span style=""font-weight: bold; color: #d7328a;"">Suitability:</span>
<ul><li>Highly polished metallised surface for eye-catching graphics and displays</li>
<li>Perfect for indoor and outdoor signage and lettering</li>
<li>Ideal for retail displays</li>
<li>Excellent for 3D labels and doming applications</li>
<li>Suitable for wet and dry application</li>
<li>Up to 3 year outdoor UV stability
</li></ul>

<span style=""font-weight: bold; color: #d7328a;"">Advantages:</span>
<ul><li>High tack permanent adhesive for long term applications</li>
<li>These films are compatible with Eco-Solvent, Latex and UV inks, and are also HP Latex certified</li>
<li>Cuts perfectly and weeds easily</li>
<li>Water based (solvent free) adhesive</li>
<li>Very smooth finish, close to mirror effect
</li></ul>

<span style=""font-weight: bold; color: #d7328a;"">Ink Compatibility:</span>
<ul>
        <img style=""margin: 0 5px 0 0; width: 15px; height: 25px;"" alt=""Eco-Sol Ink"" src=""media/ecom/onpagegraphics/Ink-EcoSol.png""> Eco-solvent&nbsp;&nbsp;
	<img style=""margin: 0px 5px 0px 0px; width: 15px; height: 25px;"" alt=""Latex"" src=""media/ecom/onpagegraphics/Ink-Latex.png"">Latex &nbsp;&nbsp;
        <img style=""margin: 0 5px 0 0; width: 15px; height: 25px;"" alt=""UV Ink"" src=""media/ecom/onpagegraphics/Ink-UV.png""> UV&nbsp;&nbsp; <br>
        <img style=""width: 100px; height: 48px;"" alt=""HP Latex Certified"" src=""https://www.dorotape.co.uk/media/ecom/onpagegraphics/HP-Latex-Certified.jpg"">
</ul>
<span style=""font-weight: bold; color: #d7328a;"">Technical Information:</span>
<ul>
<a href=""media/ecom/pdfs/datasheets/Metalik_Permanent.pdf"" target=""_blank""><img
style=""border: 0px solid ; width: 200px; height: 60px;"" alt=""pdf""
src=""media/ecom/onpagegraphics/Datasheet.png""></a>

</ul>


</body>
</html>","Kernow-Metalik-Silver-Permanent.webp","Kernow_Metalik_Silver_Permanent.jpg","INVITEMS","DEFAULT-056SSI-DEFAULT-056SSI","","","0","0","0","","1","REGONLY","0","0","0","0","","","","SELECT","SELECT","0","","","","","0","0","","income-service","","","0","0","","","https://www.youtube.com/embed/NDnK2FgU5_I?si=s6llzMS8D3AmaTTD","","KernowMetalik","KernowMetalik, PVC_Free_Materials, PVC_Free_Media","","","0","Aslan_Red_Devil_Squeegee, Aslan-Gold-Soft-Squeegee, Aslan_Squeegee, Olfa_X_Design_Heavy_Duty_Knife, Olfa_Graphic_Cutter, Application_Gloves, Lint-Free-Gloves, Masking_Tape_25mm, Lint-Free-Cloths, ","Aslan_Red_Devil_Squeegee, Aslan-Gold-Soft-Squeegee, Aslan_Squeegee, Olfa_X_Design_Heavy_Duty_Knife, Olfa_Graphic_Cutter, Application_Gloves, Lint-Free-Gloves, Masking_Tape_25mm, Lint-Free-Cloths, ","A","admin, superuser","ADHESIVE_PERMANENT","","","","Polished","","","","","","","","","Kernowjet-Metalik-Silver-Permanent","0","kernow, kernowjet, metallic, metalik, silver, removable, silver mirror, metallised, metalized, polished, double-sided, double sided, printable, permanent, high tack, high-tack, mirri, mirror","","","1750160524","0","","0","","CHECKBOX"
"100-Lemon","Lemon Flock Heat Transfer Vinyl","100","Poli-Tape","30","11","DEFAULT","","","","","0","Lemon Flock Heat Transfer Vinyl 500mm wide. Price per metre:","","100_Lemon.png","100_Lemon.png","INVITEMS","DEFAULT-100-Lemon-DEFAULT-100_Lemon","","","0","0","0","","1","REGONLY","0","0","0","0","","","","SELECT","SELECT","0","","","","","0","0","","income-service","","","0","0","","","","","3602_Flock","3602_Flock","","","0","Hotronix-Auto-Open-Clam-Heatpress, Weeding_Hook, EZ_LED_Weeder, FLEXOFF, Weeding_Tweezers, Heat_Tape, Tygaflor_Sheet, Olfa_Cutting_Matt_A3, Yellow_Ruler, ","Weeding_Hook, EZ_LED_Weeder, FLEXOFF, Weeding_Tweezers, Heat_Tape, Tygaflor_Sheet, Olfa_Cutting_Matt_A3, Yellow_Ruler, ","A","","","","","","","Application & Aftercare Instructions","<style>

table {

margin: 0 auto 0 auto;
}

table, th, td {
  
  border-collapse: collapse;
padding: 5px;
}
th, td {
  padding: 5px;
  text-align: center; 
  width: 100px;
  height: 50px;
  background-color:#009ee3;
  color: white;
  border-left: 5px solid white;
  border-right: 5px solid white;
}

th {
  border-top-color: white;
  font-size: 15px;
}

td {

padding-bottom: 1em;
border-bottom: 5px solid white;
font-size: 20px;
  
</style>



<table id=""data"">
  <tbody><tr>
    <th>PRESS TEMP</th>
<th>PRESS TIME</th>
<th>PRESSURE</th>
<th>EASY WEED</th>
<th>PEEL</th>
  </tr>
  <tr>
    <td>160<sup>o</sup>C</td>
<td>15 secs press</td>
<td>Medium<br></td>
<td><span style=""font-size:30px;"">&#10003;</span></td>
<td>Warm</td>
  </tr>

<tr>
    <th>LAYER</th>
<th>REVERSE IMAGE</th>
<th>WASH</th>
<th>TUMBLE DRY</th>
<th>DRY CLEAN</th>
  </tr>
  <tr>
    <td><span style=""font-size:30px; color: white;"">&#10005;</span></td>
<td><span style=""font-size:30px;"">&#10003;</span></td>
<td>60<sup>o</sup>C</td>
<td><span style=""font-size:30px; color: white;"">&#10005;</span></td>
<td><span style=""font-size:30px;"">&#10005;</span></td>
  </tr>
  </tbody></table>
","","","","","","","","0","","","","1592229139","0","","0","","CHECKBOX"
"110-Yellow","Yellow Flock Heat Transfer Vinyl","110","Poli-Tape","40","11","DEFAULT","","","","","0","Yellow Flock Heat Transfer Vinyl 500mm wide. Price per metre:","","110_Yellow.png","110_Yellow.png","INVITEMS","DEFAULT-110-Yellow-DEFAULT-110_Yellow","","","0","0","0","","1","REGONLY","0","0","0","0","","","","SELECT","SELECT","0","","","","","0","0","","income-service","","","0","0","","","","","3602_Flock","3602_Flock","","","0","Hotronix-Auto-Open-Clam-Heatpress, Weeding_Hook, EZ_LED_Weeder, FLEXOFF, Weeding_Tweezers, Heat_Tape, Tygaflor_Sheet, Olfa_Cutting_Matt_A3, Yellow_Ruler, ","Weeding_Hook, EZ_LED_Weeder, FLEXOFF, Weeding_Tweezers, Heat_Tape, Tygaflor_Sheet, Olfa_Cutting_Matt_A3, Yellow_Ruler, ","A","","","","","","","Application & Aftercare Instructions","<style>

table {

margin: 0 auto 0 auto;
}

table, th, td {
  
  border-collapse: collapse;
padding: 5px;
}
th, td {
  padding: 5px;
  text-align: center; 
  width: 100px;
  height: 50px;
  background-color:#009ee3;
  color: white;
  border-left: 5px solid white;
  border-right: 5px solid white;
}

th {
  border-top-color: white;
  font-size: 15px;
}

td {

padding-bottom: 1em;
border-bottom: 5px solid white;
font-size: 20px;
  
</style>



<table id=""data"">
  <tbody><tr>
    <th>PRESS TEMP</th>
<th>PRESS TIME</th>
<th>PRESSURE</th>
<th>EASY WEED</th>
<th>PEEL</th>
  </tr>
  <tr>
    <td>160<sup>o</sup>C</td>
<td>15 secs press</td>
<td>Medium<br></td>
<td><span style=""font-size:30px;"">&#10003;</span></td>
<td>Warm</td>
  </tr>

<tr>
    <th>LAYER</th>
<th>REVERSE IMAGE</th>
<th>WASH</th>
<th>TUMBLE DRY</th>
<th>DRY CLEAN</th>
  </tr>
  <tr>
    <td><span style=""font-size:30px; color: white;"">&#10005;</span></td>
<td><span style=""font-size:30px;"">&#10003;</span></td>
<td>60<sup>o</sup>C</td>
<td><span style=""font-size:30px; color: white;"">&#10005;</span></td>
<td><span style=""font-size:30px;"">&#10005;</span></td>
  </tr>
  </tbody></table>
","","","","","","","","0","","","","1592235390","0","","0","","CHECKBOX"
"12325","ASLAN Sparkle Colour 12325 Light Gold","12325","Aslan","30","38","DEFAULT","","","","","0","ASLAN SC12325 Light Gold Sparkle Colour is a 350 micron polyester film coated with an eye catching surface of glitter particles offering intense sparkling light reflection.","<html>
<head><title>ASLAN SC12325 Light Gold Sparkle Colour</head></title>
<img style=""height: 50px; width: 236px;"" alt=""Aslan logo""
src=""media/ecom/onpagegraphics/ASLAN_Logo_New.png""><br><br>

<body>

<p>ASLAN SC12325 Light Gold Sparkle Colour is a 350 micron polyester film coated with an eye catching surface of glitter particles offering intense sparkling light reflection.</p>

<span style=""font-weight: bold; color: #d7328a;"">Structure:</span><br>
<ul><li>100<span>&#181;</span>m PET protection liner that also acts as an application tape</li>
<li>350<span>&#181;</span>m PET coated with glitter</li>
<li>Water based acrylic adhesive</li>
<li>140g/s<sup>2</sup> silicone paper PE coated on both sides
</li></ul>

<a><img style=""border: 0px solid ; width: 75px; height: 75px; float: right;"" alt=""pvc free""
src=""media/ecom/onpagegraphics/PVC_free_logo.png""></a>

<span style=""font-weight: bold; color: #d7328a;"">Suitability:</span><br>
<ul><li>ASLAN Sparkle Colour is ideal for interior decoration, retail displays, POS and furniture renovation</li>
<li>The perfect solution for creating seasonal decorations at Christmas and Valentines Day</li>
<li>This pvc free film is coated with a strong, transparent adhesive that offers good long term use</li>
<li>Unlike its rivals, the ASLAN SC123 is ideal for cad cutting. This is done by cutting and weeding in reverse through the backing liner and using the transparent top protective liner as an application tape</li>
<li>Features a transparent top protective liner which aids application and enables the use of squeegees
</li></ul>

<span style=""font-weight: bold; color: #d7328a;"">Advantages:</span><br>
<ul><li>Most glitter films come with just a backing liner. Anyone familiar with the application of glitter vinyl will know that this can make them extremely tricky to apply, as using a squeegee to create a smooth and even application can create a horrible glittery mess. The use of an application tape to avoid this is pretty much out of the question. However, as well as a backing liner ASLAN has cleverly given SparkleColour a transparent top protective liner too which does the job of an application tape and allows for a much cleaner application. This also means the film is ideal for cad cutting, by cutting and weeding in reverse through the backing liner</li>
<li>For full surface coverage simply remove the backing liner and apply the Sparkle Colour to the surface easily using a squeegee. Once in position and squeegeed on, just remove the protective top liner</li>
<li>Suggested cap height of minimum 10mm</li>
<li>Residue free removal from smooth flat surfaces</li>
<li>PVC Free</li>
<li>Easy to apply and no need for rollers</li></ul>


<span style=""font-weight: bold; color: #d7328a;"">Ink Compatibility:</span><br>
<ul>
<img style=""margin: 0px 5px 0px 0px; width: 15px; height: 25px;"" alt=""UV Ink""
src=""media/ecom/onpagegraphics/Ink-UV.png"">UV</ul>
<br>

<span style=""font-weight: bold; color: #d7328a;"">Technical Information:</span><br>
<ul>
<a href=""media/ecom/pdfs/datasheets/SparkleColour_ASLAN_SC_123_e_1.pdf"" target=""_blank""><img
style=""border: 0px solid ; width: 200px; height: 60px;"" alt=""ASLAN SC123 SparkleColour Datasheet""
src=""media/ecom/onpagegraphics/Datasheet.png""></a></ul>

<p><a href=""https://www.dorotape.co.uk/Article/ASLAN-Sparkle-Colour"" target=""_blank""><img style=""border: 0px solid ; width: 50px; height: 50px;"" alt=""link to our blog""
src=""media/ecom/onpagegraphics/Blog.png"">
<span style=""color:#d7328a""><b>Learn more about the Sparkle Colour range from ASLAN by reading about it in our Blog</b></a></span></p>

</body>
</html>","12325-Light-Gold.jpg","12325-Light-Gold.jpg","INVITEMS","DEFAULT-12325-DEFAULT-12325","","","0","0","0","","1","REGONLY","0","0","0","0","","","","SELECT","SELECT","0","","","","","0","0","","income-service","","","0","0","","","https://www.youtube.com/embed/SU-KJZmVA0w?si=CiP394Rv0H3aO_t0","","ASLAN-SC123-Sparkle-Colour","ASLAN-SC123-Sparkle-Colour","","","0","Heavy-Duty-Application-Roller, Rollepro, Olfa_X_Design_Heavy_Duty_Knife, Olfa_Graphic_Cutter, Swann_Morton_3_Handle, Swann_Morton_10A_Blades,","Heavy-Duty-Application-Roller, Rollepro, Olfa_X_Design_Heavy_Duty_Knife, Olfa_Graphic_Cutter, Swann_Morton_3_Handle, Swann_Morton_10A_Blades,","A","","","","","","","","","","","","","","","ASLAN-Sparkle-Colour-12325-Light-Gold","0","glitter, sparkle, colour, aslan, textured, vinyl, sparkle film, sparkle vinyl, sparkly, 12325, light, gold, lightgold, ","","","1717594544","0","","0","","CHECKBOX"
"12332","ASLAN Sparkle Colour 12332 Hot Pink","12332","Aslan","70","38","DEFAULT","","","","","0","ASLAN SC12332 Hot Pink Sparkle Colour is a 350 micron polyester film coated with an eye catching surface of glitter particles offering intense sparkling light reflection.","<html>
<head><title>ASLAN SC12332 Hot Pink Sparkle Colour</head></title>

<img style=""height: 50px; width: 236px;"" alt=""Aslan logo""
src=""media/ecom/onpagegraphics/ASLAN_Logo_New.png""><br><br>

<body>

<p>ASLAN SC12332 Hot Pink Sparkle Colour is a 350 micron polyester film coated with an eye catching surface of glitter particles offering intense sparkling light reflection.</p>

<span style=""font-weight: bold; color: #d7328a;"">Structure:</span><br>
<ul><li>100<span>&#181;</span>m PET protection liner that also acts as an application tape</li>
<li>350<span>&#181;</span>m PET coated with glitter</li>
<li>Water based acrylic adhesive</li>
<li>140g/s<sup>2</sup> silicone paper PE coated on both sides
</li></ul>

<a><img style=""border: 0px solid ; width: 75px; height: 75px; float: right;"" alt=""pvc free""
src=""media/ecom/onpagegraphics/PVC_free_logo.png""></a>

<span style=""font-weight: bold; color: #d7328a;"">Suitability:</span><br>
<ul><li>ASLAN Sparkle Colour is ideal for interior decoration, retail displays, POS and furniture renovation</li>
<li>The perfect solution for creating seasonal decorations at Christmas and Valentines Day</li>
<li>This pvc free film is coated with a strong, transparent adhesive that offers good long term use</li>
<li>Unlike its rivals, the ASLAN SC123 is ideal for cad cutting. This is done by cutting and weeding in reverse through the backing liner and using the transparent top protective liner as an application tape</li>
<li>Features a transparent top protective liner which aids application and enables the use of squeegees
</li></ul>

<span style=""font-weight: bold; color: #d7328a;"">Advantages:</span><br>
<ul><li>Most glitter films come with just a backing liner. Anyone familiar with the application of glitter vinyl will know that this can make them extremely tricky to apply, as using a squeegee to create a smooth and even application can create a horrible glittery mess. The use of an application tape to avoid this is pretty much out of the question. However, as well as a backing liner ASLAN has cleverly given SparkleColour a transparent top protective liner too which does the job of an application tape and allows for a much cleaner application. This also means the film is ideal for cad cutting, by cutting and weeding in reverse through the backing liner</li>
<li>For full surface coverage simply remove the backing liner and apply the Sparkle Colour to the surface easily using a squeegee. Once in position and squeegeed on, just remove the protective top liner</li>
<li>Suggested cap height of minimum 10mm</li>
<li>Residue free removal from smooth flat surfaces</li>
<li>PVC Free</li>
<li>Easy to apply and no need for rollers</li></ul>


<span style=""font-weight: bold; color: #d7328a;"">Ink Compatibility:</span><br>
<ul>
<img style=""margin: 0px 5px 0px 0px; width: 15px; height: 25px;"" alt=""UV Ink""
src=""media/ecom/onpagegraphics/Ink-UV.png"">UV</ul>
<br>

<span style=""font-weight: bold; color: #d7328a;"">Technical Information:</span><br>
<ul>
<a href=""media/ecom/pdfs/datasheets/SparkleColour_ASLAN_SC_123_e_1.pdf"" target=""_blank""><img
style=""border: 0px solid ; width: 200px; height: 60px;"" alt=""ASLAN SC123 SparkleColour Datasheet""
src=""media/ecom/onpagegraphics/Datasheet.png""></a></ul>

<p><a href=""https://www.dorotape.co.uk/Article/ASLAN-Sparkle-Colour"" target=""_blank""><img style=""border: 0px solid ; width: 50px; height: 50px;"" alt=""link to our blog""
src=""media/ecom/onpagegraphics/Blog.png"">
<span style=""color:#d7328a""><b>Learn more about the Sparkle Colour range from ASLAN by reading about it in our Blog</b></span></a></p>

</body>
</html>","12332-Hot-Pink.jpg","12332-Hot-Pink.jpg","INVITEMS","DEFAULT-12332-DEFAULT-12332","","","0","0","0","","1","REGONLY","0","0","0","0","","","","SELECT","SELECT","0","","","","","0","0","","income-service","","","0","0","","","https://www.youtube.com/embed/SU-KJZmVA0w?si=CiP394Rv0H3aO_t0","","ASLAN-SC123-Sparkle-Colour","ASLAN-SC123-Sparkle-Colour","","","0","Heavy-Duty-Application-Roller, Rollepro, Olfa_X_Design_Heavy_Duty_Knife, Olfa_Graphic_Cutter, Swann_Morton_3_Handle, Swann_Morton_10A_Blades,","Heavy-Duty-Application-Roller, Rollepro, Olfa_X_Design_Heavy_Duty_Knife, Olfa_Graphic_Cutter, Swann_Morton_3_Handle, Swann_Morton_10A_Blades,","A","","","","","","","","","","","","","","","ASLAN-Sparkle-Colour-12332-Hot-Pink","0","glitter, sparkle, colour, aslan, textured, vinyl, sparkle film, sparkle vinyl, sparkly, 12332, hotpink, hot, pink, 
","","","1717596245","0","","0","","CHECKBOX"
"12345","ASLAN Sparkle Colour 12345 Sky Blue","12345","Aslan","110","38","DEFAULT","","","","","0","ASLAN SC12345 Sky Blue Sparkle Colour is a 350 micron polyester film coated with an eye catching surface of glitter particles offering intense sparkling light reflection.","<html>
<head><title>ASLAN SC12345 Sky Blue Sparkle Colour</head></title>
<img style=""height: 50px; width: 236px;"" alt=""Aslan logo""
src=""media/ecom/onpagegraphics/ASLAN_Logo_New.png""><br><br>

<body>

<p>ASLAN SC12345 Sky Blue Sparkle Colour is a 350 micron polyester film coated with an eye catching surface of glitter particles offering intense sparkling light reflection.</p>

<span style=""font-weight: bold; color: #d7328a;"">Structure:</span><br>
<ul><li>100<span>&#181;</span>m PET protection liner that also acts as an application tape</li>
<li>350<span>&#181;</span>m PET coated with glitter</li>
<li>Water based acrylic adhesive</li>
<li>140g/s<sup>2</sup> silicone paper PE coated on both sides
</li></ul>

<a><img style=""border: 0px solid ; width: 75px; height: 75px; float: right;"" alt=""pvc free""
src=""media/ecom/onpagegraphics/PVC_free_logo.png""></a>

<span style=""font-weight: bold; color: #d7328a;"">Suitability:</span><br>
<ul><li>ASLAN Sparkle Colour is ideal for interior decoration, retail displays, POS and furniture renovation</li>
<li>The perfect solution for creating seasonal decorations at Christmas and Valentines Day</li>
<li>This pvc free film is coated with a strong, transparent adhesive that offers good long term use</li>
<li>Unlike its rivals, the ASLAN SC123 is ideal for cad cutting. This is done by cutting and weeding in reverse through the backing liner and using the transparent top protective liner as an application tape</li>
<li>Features a transparent top protective liner which aids application and enables the use of squeegees
</li></ul>

<span style=""font-weight: bold; color: #d7328a;"">Advantages:</span><br>
<ul><li>Most glitter films come with just a backing liner. Anyone familiar with the application of glitter vinyl will know that this can make them extremely tricky to apply, as using a squeegee to create a smooth and even application can create a horrible glittery mess. The use of an application tape to avoid this is pretty much out of the question. However, as well as a backing liner ASLAN has cleverly given SparkleColour a transparent top protective liner too which does the job of an application tape and allows for a much cleaner application. This also means the film is ideal for cad cutting, by cutting and weeding in reverse through the backing liner</li>
<li>For full surface coverage simply remove the backing liner and apply the Sparkle Colour to the surface easily using a squeegee. Once in position and squeegeed on, just remove the protective top liner</li>
<li>Suggested cap height of minimum 10mm</li>
<li>Residue free removal from smooth flat surfaces</li>
<li>PVC Free</li>
<li>Easy to apply and no need for rollers</li></ul>


<span style=""font-weight: bold; color: #d7328a;"">Ink Compatibility:</span><br>
<ul>
<img style=""margin: 0px 5px 0px 0px; width: 15px; height: 25px;"" alt=""UV Ink""
src=""media/ecom/onpagegraphics/Ink-UV.png"">UV</ul>
<br>

<span style=""font-weight: bold; color: #d7328a;"">Technical Information:</span><br>
<ul>
<a href=""media/ecom/pdfs/datasheets/SparkleColour_ASLAN_SC_123_e_1.pdf"" target=""_blank""><img
style=""border: 0px solid ; width: 200px; height: 60px;"" alt=""ASLAN SC123 SparkleColour Datasheet""
src=""media/ecom/onpagegraphics/Datasheet.png""></a></ul>

<p><a href=""https://www.dorotape.co.uk/Article/ASLAN-Sparkle-Colour"" target=""_blank""><img style=""border: 0px solid ; width: 50px; height: 50px;"" alt=""link to our blog""
src=""media/ecom/onpagegraphics/Blog.png"">
<span style=""color:#d7328a""><b>Learn more about the Sparkle Colour range from ASLAN by reading about it in our Blog</b></span></a></p>

</body>
</html>","12345-Sky-Blue.jpg","12345-Sky-Blue.jpg","INVITEMS","DEFAULT-12345-DEFAULT-12345","","","0","0","0","","1","REGONLY","0","0","0","0","","","","SELECT","SELECT","0","","","","","0","0","","income-service","","","0","0","","","https://www.youtube.com/embed/SU-KJZmVA0w?si=CiP394Rv0H3aO_t0","","ASLAN-SC123-Sparkle-Colour","ASLAN-SC123-Sparkle-Colour","","","0","ASLAN-TF200, Heavy-Duty-Application-Roller, Rollepro, Olfa_X_Design_Heavy_Duty_Knife, Olfa_Graphic_Cutter, Swann_Morton_3_Handle, Swann_Morton_10A_Blades,","ASLAN-TF200, Heavy-Duty-Application-Roller, Rollepro, Olfa_X_Design_Heavy_Duty_Knife, Olfa_Graphic_Cutter, Swann_Morton_3_Handle, Swann_Morton_10A_Blades,","A","","","","","","","","","","","","","","","ASLAN-Sparkle-Colour-12345-Sky-Blue","0","glitter, sparkle, colour, aslan, textured, vinyl, sparkle film, sparkle vinyl, sparkly, 12345, sky, blue, skyblue, ","","","1717596746","0","","0","","CHECKBOX"
"12348","ASLAN Sparkle Colour 12348 Baby Pink","12348","Aslan","80","38","DEFAULT","","","","","0","ASLAN SC12348 Baby Pink Sparkle Colour is a 350 micron polyester film coated with an eye catching surface of glitter particles offering intense sparkling light reflection.","<html>
<head><title>ASLAN SC12348 Baby Pink Sparkle Colour</head></title>
<img style=""height: 50px; width: 236px;"" alt=""Aslan logo""
src=""media/ecom/onpagegraphics/ASLAN_Logo_New.png""><br><br>

<body>

<p>ASLAN SC12348 Baby Pink Sparkle Colour is a 350 micron polyester film coated with an eye catching surface of glitter particles offering intense sparkling light reflection.</p>

<span style=""font-weight: bold; color: #d7328a;"">Structure:</span><br>
<ul><li>100<span>&#181;</span>m PET protection liner that also acts as an application tape</li>
<li>350<span>&#181;</span>m PET coated with glitter</li>
<li>Water based acrylic adhesive</li>
<li>140g/s<sup>2</sup> silicone paper PE coated on both sides
</li></ul>

<a><img style=""border: 0px solid ; width: 75px; height: 75px; float: right;"" alt=""pvc free""
src=""media/ecom/onpagegraphics/PVC_free_logo.png""></a>

<span style=""font-weight: bold; color: #d7328a;"">Suitability:</span><br>
<ul><li>ASLAN Sparkle Colour is ideal for interior decoration, retail displays, POS and furniture renovation</li>
<li>The perfect solution for creating seasonal decorations at Christmas and Valentines Day</li>
<li>This pvc free film is coated with a strong, transparent adhesive that offers good long term use</li>
<li>Unlike its rivals, the ASLAN SC123 is ideal for cad cutting. This is done by cutting and weeding in reverse through the backing liner and using the transparent top protective liner as an application tape</li>
<li>Features a transparent top protective liner which aids application and enables the use of squeegees
</li></ul>

<span style=""font-weight: bold; color: #d7328a;"">Advantages:</span><br>
<ul><li>Most glitter films come with just a backing liner. Anyone familiar with the application of glitter vinyl will know that this can make them extremely tricky to apply, as using a squeegee to create a smooth and even application can create a horrible glittery mess. The use of an application tape to avoid this is pretty much out of the question. However, as well as a backing liner ASLAN has cleverly given SparkleColour a transparent top protective liner too which does the job of an application tape and allows for a much cleaner application. This also means the film is ideal for cad cutting, by cutting and weeding in reverse through the backing liner</li>
<li>For full surface coverage simply remove the backing liner and apply the Sparkle Colour to the surface easily using a squeegee. Once in position and squeegeed on, just remove the protective top liner</li>
<li>Suggested cap height of minimum 10mm</li>
<li>Residue free removal from smooth flat surfaces</li>
<li>PVC Free</li>
<li>Easy to apply and no need for rollers</li></ul>


<span style=""font-weight: bold; color: #d7328a;"">Ink Compatibility:</span><br>
<ul>
<img style=""margin: 0px 5px 0px 0px; width: 15px; height: 25px;"" alt=""UV Ink""
src=""media/ecom/onpagegraphics/Ink-UV.png"">UV</ul>
<br>

<span style=""font-weight: bold; color: #d7328a;"">Technical Information:</span><br>
<ul>
<a href=""media/ecom/pdfs/datasheets/SparkleColour_ASLAN_SC_123_e_1.pdf"" target=""_blank""><img
style=""border: 0px solid ; width: 200px; height: 60px;"" alt=""ASLAN SC123 SparkleColour Datasheet""
src=""media/ecom/onpagegraphics/Datasheet.png""></a></ul>

<p><a href=""https://www.dorotape.co.uk/Article/ASLAN-Sparkle-Colour"" target=""_blank""><img style=""border: 0px solid ; width: 50px; height: 50px;"" alt=""link to our blog""
src=""media/ecom/onpagegraphics/Blog.png"">
<span style=""color:#d7328a""><b>Learn more about the Sparkle Colour range from ASLAN by reading about it in our Blog</b></span></a></p>

</body>
</html>","12348-Baby-Pink.jpg","12348-Baby-Pink.jpg","INVITEMS","DEFAULT-12348-DEFAULT-12348","","","0","0","0","","1","REGONLY","0","0","0","0","","","","SELECT","SELECT","0","","","","","0","0","","income-service","","","0","0","","","https://www.youtube.com/embed/SU-KJZmVA0w?si=CiP394Rv0H3aO_t0","","ASLAN-SC123-Sparkle-Colour","ASLAN-SC123-Sparkle-Colour","","","0","Heavy-Duty-Application-Roller, Rollepro, Olfa_X_Design_Heavy_Duty_Knife, Olfa_Graphic_Cutter, Swann_Morton_3_Handle, Swann_Morton_10A_Blades,","Heavy-Duty-Application-Roller, Rollepro, Olfa_X_Design_Heavy_Duty_Knife, Olfa_Graphic_Cutter, Swann_Morton_3_Handle, Swann_Morton_10A_Blades,","A","","","","","","","","","","","","","","","ASLAN-Sparkle-Colour-12348-Baby-Pink","0","glitter, sparkle, colour, aslan, textured, vinyl, sparkle film, sparkle vinyl, sparkly, 12348, baby, pink, babypink, 
","","","1717596416","0","","0","","CHECKBOX"
"12350","ASLAN Sparkle Colour 12350 Silver","12350","Aslan","10","38","DEFAULT","","","","","0","ASLAN SC12350 Silver Sparkle Colour is a 350 micron polyester film coated with an eye catching surface of glitter particles offering intense sparkling light reflection.","<html>
<head><title>ASLAN SC12350 Silver Sparkle Colour</head></title>

<body>

<img style=""height: 50px; width: 236px;"" alt=""Aslan logo""
src=""media/ecom/onpagegraphics/ASLAN_Logo_New.png""><br><br>

<p>ASLAN SC12350 Silver Sparkle Colour is a 350 micron polyester film coated with an eye catching surface of glitter particles offering intense sparkling light reflection.</p>

<span style=""font-weight: bold; color: #d7328a;"">Structure:</span><br>
<ul><li>100<span>&#181;</span>m PET protection liner that also acts as an application tape</li>
<li>350<span>&#181;</span>m PET coated with glitter</li>
<li>Water based acrylic adhesive</li>
<li>140g/s<sup>2</sup> silicone paper PE coated on both sides
</li></ul>

<a><img style=""border: 0px solid ; width: 75px; height: 75px; float: right;"" alt=""pvc free""
src=""media/ecom/onpagegraphics/PVC_free_logo.png""></a>

<span style=""font-weight: bold; color: #d7328a;"">Suitability:</span><br>
<ul><li>ASLAN Sparkle Colour is ideal for interior decoration, retail displays, POS and furniture renovation</li>
<li>The perfect solution for creating seasonal decorations at Christmas and Valentines Day</li>
<li>This pvc free film is coated with a strong, transparent adhesive that offers good long term use</li>
<li>Unlike its rivals, the ASLAN SC123 is ideal for cad cutting. This is done by cutting and weeding in reverse through the backing liner and using the transparent top protective liner as an application tape</li>
<li>Features a transparent top protective liner which aids application and enables the use of squeegees
</li></ul>

<span style=""font-weight: bold; color: #d7328a;"">Advantages:</span><br>
<ul><li>Most glitter films come with just a backing liner. Anyone familiar with the application of glitter vinyl will know that this can make them extremely tricky to apply, as using a squeegee to create a smooth and even application can create a horrible glittery mess. The use of an application tape to avoid this is pretty much out of the question. However, as well as a backing liner ASLAN has cleverly given SparkleColour a transparent top protective liner too which does the job of an application tape and allows for a much cleaner application. This also means the film is ideal for cad cutting, by cutting and weeding in reverse through the backing liner</li>
<li>For full surface coverage simply remove the backing liner and apply the Sparkle Colour to the surface easily using a squeegee. Once in position and squeegeed on, just remove the protective top liner</li>
<li>Suggested cap height of minimum 10mm</li>
<li>Residue free removal from smooth flat surfaces</li>
<li>PVC Free</li>
<li>Easy to apply and no need for rollers</li></ul>


<span style=""font-weight: bold; color: #d7328a;"">Ink Compatibility:</span><br>
<ul>
<img style=""margin: 0px 5px 0px 0px; width: 15px; height: 25px;"" alt=""UV Ink""
src=""media/ecom/onpagegraphics/Ink-UV.png"">UV</ul>
<br>

<span style=""font-weight: bold; color: #d7328a;"">Technical Information:</span><br>
<ul>
<a href=""media/ecom/pdfs/datasheets/SparkleColour_ASLAN_SC_123_e_1.pdf"" target=""_blank""><img
style=""border: 0px solid ; width: 200px; height: 60px;"" alt=""ASLAN SC123 SparkleColour Datasheet""
src=""media/ecom/onpagegraphics/Datasheet.png""></a></ul>

<p><a href=""https://www.dorotape.co.uk/Article/ASLAN-Sparkle-Colour"" target=""_blank""><img style=""border: 0px solid ; width: 50px; height: 50px;"" alt=""link to our blog""
src=""media/ecom/onpagegraphics/Blog.png"">
<span style=""color:#d7328a""><b>Learn more about the Sparkle Colour range from ASLAN by reading about it in our Blog</b></span></a></p>

</body>
</html>","12350-Silver.jpg","12350-Silver.jpg","INVITEMS","DEFAULT-12350-DEFAULT-12350","","","0","0","0","","1","REGONLY","0","0","0","0","","","","SELECT","SELECT","0","","","","","0","0","","income-service","","","0","0","","","https://www.youtube.com/embed/SU-KJZmVA0w?si=CiP394Rv0H3aO_t0","","ASLAN-SC123-Sparkle-Colour","ASLAN-SC123-Sparkle-Colour, Silver-Films","","","0","Heavy-Duty-Application-Roller, Rollepro, Olfa_X_Design_Heavy_Duty_Knife, Olfa_Graphic_Cutter, Swann_Morton_3_Handle, Swann_Morton_10A_Blades,","Heavy-Duty-Application-Roller, Rollepro, Olfa_X_Design_Heavy_Duty_Knife, Olfa_Graphic_Cutter, Swann_Morton_3_Handle, Swann_Morton_10A_Blades,","A","","","","","","","","","","","","","","","ASLAN-Sparkle-Colour-12350-Silver","0","glitter, sparkle, colour, aslan, textured, vinyl, sparkle film, sparkle vinyl, sparkly, 12350, silver,
","","","1672847379","0","","0","","CHECKBOX"
"12351","ASLAN Sparkle Colour 12351 Gold","12351","Aslan","20","38","DEFAULT","","","","","0","ASLAN SC12351 Gold Sparkle Colour is a 350 micron polyester film coated with an eye catching surface of glitter particles offering intense sparkling light reflection.","<html>
<head><title>ASLAN SC12351 Gold Sparkle Colour</head></title>
<img style=""height: 50px; width: 236px;"" alt=""Aslan logo""
src=""media/ecom/onpagegraphics/ASLAN_Logo_New.png""><br><br>

<body>

<p>ASLAN SC12351 Gold Sparkle Colour is a 350 micron polyester film coated with an eye catching surface of glitter particles offering intense sparkling light reflection.</p>

<span style=""font-weight: bold; color: #d7328a;"">Structure:</span><br>
<ul><li>100<span>&#181;</span>m PET protection liner that also acts as an application tape</li>
<li>350<span>&#181;</span>m PET coated with glitter</li>
<li>Water based acrylic adhesive</li>
<li>140g/s<sup>2</sup> silicone paper PE coated on both sides
</li></ul>

<a><img style=""border: 0px solid ; width: 75px; height: 75px; float: right;"" alt=""pvc free""
src=""media/ecom/onpagegraphics/PVC_free_logo.png""></a>

<span style=""font-weight: bold; color: #d7328a;"">Suitability:</span><br>
<ul><li>ASLAN Sparkle Colour is ideal for interior decoration, retail displays, POS and furniture renovation</li>
<li>The perfect solution for creating seasonal decorations at Christmas and Valentines Day</li>
<li>This pvc free film is coated with a strong, transparent adhesive that offers good long term use</li>
<li>Unlike its rivals, the ASLAN SC123 is ideal for cad cutting. This is done by cutting and weeding in reverse through the backing liner and using the transparent top protective liner as an application tape</li>
<li>Features a transparent top protective liner which aids application and enables the use of squeegees
</li></ul>

<span style=""font-weight: bold; color: #d7328a;"">Advantages:</span><br>
<ul><li>Most glitter films come with just a backing liner. Anyone familiar with the application of glitter vinyl will know that this can make them extremely tricky to apply, as using a squeegee to create a smooth and even application can create a horrible glittery mess. The use of an application tape to avoid this is pretty much out of the question. However, as well as a backing liner ASLAN has cleverly given SparkleColour a transparent top protective liner too which does the job of an application tape and allows for a much cleaner application. This also means the film is ideal for cad cutting, by cutting and weeding in reverse through the backing liner</li>
<li>For full surface coverage simply remove the backing liner and apply the Sparkle Colour to the surface easily using a squeegee. Once in position and squeegeed on, just remove the protective top liner</li>
<li>Suggested cap height of minimum 10mm</li>
<li>Residue free removal from smooth flat surfaces</li>
<li>PVC Free</li>
<li>Easy to apply and no need for rollers</li></ul>


<span style=""font-weight: bold; color: #d7328a;"">Ink Compatibility:</span><br>
<ul>
<img style=""margin: 0px 5px 0px 0px; width: 15px; height: 25px;"" alt=""UV Ink""
src=""media/ecom/onpagegraphics/Ink-UV.png"">UV</ul>
<br>

<span style=""font-weight: bold; color: #d7328a;"">Technical Information:</span><br>
<ul>
<a href=""media/ecom/pdfs/datasheets/SparkleColour_ASLAN_SC_123_e_1.pdf"" target=""_blank""><img
style=""border: 0px solid ; width: 200px; height: 60px;"" alt=""ASLAN SC123 SparkleColour Datasheet""
src=""media/ecom/onpagegraphics/Datasheet.png""></a></ul>

<p><a href=""https://www.dorotape.co.uk/Article/ASLAN-Sparkle-Colour"" target=""_blank""><img style=""border: 0px solid ; width: 50px; height: 50px;"" alt=""link to our blog""
src=""media/ecom/onpagegraphics/Blog.png"">
<span style=""color:#d7328a""><b>Learn more about the Sparkle Colour range from ASLAN by reading about it in our Blog</b></span></a></p>

</body>
</html>","12351-Gold.jpg","12351-Gold.jpg","INVITEMS","DEFAULT-12351-DEFAULT-12351","","","0","0","0","","1","REGONLY","0","0","0","0","","","","SELECT","SELECT","0","","","","","0","0","","income-service","","","0","0","","","https://www.youtube.com/embed/SU-KJZmVA0w?si=CiP394Rv0H3aO_t0","","ASLAN-SC123-Sparkle-Colour","ASLAN-SC123-Sparkle-Colour","","","0","Heavy-Duty-Application-Roller, Rollepro, Olfa_X_Design_Heavy_Duty_Knife, Olfa_Graphic_Cutter, Swann_Morton_3_Handle, Swann_Morton_10A_Blades,","Heavy-Duty-Application-Roller, Rollepro, Olfa_X_Design_Heavy_Duty_Knife, Olfa_Graphic_Cutter, Swann_Morton_3_Handle, Swann_Morton_10A_Blades,","A","","","","","","","","","","","","","","","ASLAN-Sparkle-Colour-12351-Gold","0","glitter, sparkle, colour, aslan, textured, vinyl, sparkle film, sparkle vinyl, sparkly, 12351, gold,
","","","1672847894","0","","0","","CHECKBOX"
"12355","ASLAN Sparkle Colour 12355 Green","12355","Aslan","90","38","DEFAULT","","","","","0","ASLAN SC12355 Green Sparkle Colour is a 350 micron polyester film coated with an eye catching surface of glitter particles offering intense sparkling light reflection.","<html>
<head><title>ASLAN SC12355 Green Sparkle Colour</head></title>

<img style=""height: 50px; width: 236px;"" alt=""Aslan logo""
src=""media/ecom/onpagegraphics/ASLAN_Logo_New.png""><br><br>

<body>

<p>ASLAN SC12355 Green Sparkle Colour is a 350 micron polyester film coated with an eye catching surface of glitter particles offering intense sparkling light reflection.</p>

<span style=""font-weight: bold; color: #d7328a;"">Structure:</span><br>
<ul><li>100<span>&#181;</span>m PET protection liner that also acts as an application tape</li>
<li>350<span>&#181;</span>m PET coated with glitter</li>
<li>Water based acrylic adhesive</li>
<li>140g/s<sup>2</sup> silicone paper PE coated on both sides
</li></ul>

<a><img style=""border: 0px solid ; width: 75px; height: 75px; float: right;"" alt=""pvc free""
src=""media/ecom/onpagegraphics/PVC_free_logo.png""></a>

<span style=""font-weight: bold; color: #d7328a;"">Suitability:</span><br>
<ul><li>ASLAN Sparkle Colour is ideal for interior decoration, retail displays, POS and furniture renovation</li>
<li>The perfect solution for creating seasonal decorations at Christmas and Valentines Day</li>
<li>This pvc free film is coated with a strong, transparent adhesive that offers good long term use</li>
<li>Unlike its rivals, the ASLAN SC123 is ideal for cad cutting. This is done by cutting and weeding in reverse through the backing liner and using the transparent top protective liner as an application tape</li>
<li>Features a transparent top protective liner which aids application and enables the use of squeegees
</li></ul>

<span style=""font-weight: bold; color: #d7328a;"">Advantages:</span><br>
<ul><li>Most glitter films come with just a backing liner. Anyone familiar with the application of glitter vinyl will know that this can make them extremely tricky to apply, as using a squeegee to create a smooth and even application can create a horrible glittery mess. The use of an application tape to avoid this is pretty much out of the question. However, as well as a backing liner ASLAN has cleverly given SparkleColour a transparent top protective liner too which does the job of an application tape and allows for a much cleaner application. This also means the film is ideal for cad cutting, by cutting and weeding in reverse through the backing liner</li>
<li>For full surface coverage simply remove the backing liner and apply the Sparkle Colour to the surface easily using a squeegee. Once in position and squeegeed on, just remove the protective top liner</li>
<li>Suggested cap height of minimum 10mm</li>
<li>Residue free removal from smooth flat surfaces</li>
<li>PVC Free</li>
<li>Easy to apply and no need for rollers</li></ul>


<span style=""font-weight: bold; color: #d7328a;"">Ink Compatibility:</span><br>
<ul>
<img style=""margin: 0px 5px 0px 0px; width: 15px; height: 25px;"" alt=""UV Ink""
src=""media/ecom/onpagegraphics/Ink-UV.png"">UV</ul>
<br>

<span style=""font-weight: bold; color: #d7328a;"">Technical Information:</span><br>
<ul>
<a href=""media/ecom/pdfs/datasheets/SparkleColour_ASLAN_SC_123_e_1.pdf"" target=""_blank""><img
style=""border: 0px solid ; width: 200px; height: 60px;"" alt=""ASLAN SC123 SparkleColour Datasheet""
src=""media/ecom/onpagegraphics/Datasheet.png""></a></ul>

<p><a href=""https://www.dorotape.co.uk/Article/ASLAN-Sparkle-Colour"" target=""_blank""><img style=""border: 0px solid ; width: 50px; height: 50px;"" alt=""link to our blog""
src=""media/ecom/onpagegraphics/Blog.png"">
<span style=""color:#d7328a""><b>Learn more about the Sparkle Colour range from ASLAN by reading about it in our Blog</b></span></a></p>

</body>
</html>","12355-Green.jpg","12355-Green.jpg","INVITEMS","DEFAULT-12355-DEFAULT-12355","","","0","0","0","","1","REGONLY","0","0","0","0","","","","SELECT","SELECT","0","","","","","0","0","","income-service","","","0","0","","","https://www.youtube.com/embed/SU-KJZmVA0w?si=CiP394Rv0H3aO_t0","","ASLAN-SC123-Sparkle-Colour","ASLAN-SC123-Sparkle-Colour","","","0","Heavy-Duty-Application-Roller, Rollepro, Olfa_X_Design_Heavy_Duty_Knife, Olfa_Graphic_Cutter, Swann_Morton_3_Handle, Swann_Morton_10A_Blades,","Heavy-Duty-Application-Roller, Rollepro, Olfa_X_Design_Heavy_Duty_Knife, Olfa_Graphic_Cutter, Swann_Morton_3_Handle, Swann_Morton_10A_Blades,","A","","","","","","","","","","","","","","","ASLAN-Sparkle-Colour-12355-Green","0","glitter, sparkle, colour, aslan, textured, vinyl, sparkle film, sparkle vinyl, sparkly, 12355, green,
","","","1672848386","0","","0","","CHECKBOX"
"12356","ASLAN Sparkle Colour 12356 Red","12356","Aslan","60","38","DEFAULT","","","","","0","ASLAN SC12356 Red Sparkle Colour is a 350 micron polyester film coated with an eye catching surface of glitter particles offering intense sparkling light reflection.","<html>
<head><title>ASLAN SC12356 Red Gold Sparkle Colour</head></title>
<img style=""height: 50px; width: 236px;"" alt=""Aslan logo""
src=""media/ecom/onpagegraphics/ASLAN_Logo_New.png""><br><br>

<body>

<p>ASLAN SC12356 Red Sparkle Colour is a 350 micron polyester film coated with an eye catching surface of glitter particles offering intense sparkling light reflection.</p>

<span style=""font-weight: bold; color: #d7328a;"">Structure:</span><br>
<ul><li>100<span>&#181;</span>m PET protection liner that also acts as an application tape</li>
<li>350<span>&#181;</span>m PET coated with glitter</li>
<li>Water based acrylic adhesive</li>
<li>140g/s<sup>2</sup> silicone paper PE coated on both sides
</li></ul>

<a><img style=""border: 0px solid ; width: 75px; height: 75px; float: right;"" alt=""pvc free""
src=""media/ecom/onpagegraphics/PVC_free_logo.png""></a>

<span style=""font-weight: bold; color: #d7328a;"">Suitability:</span><br>
<ul><li>ASLAN Sparkle Colour is ideal for interior decoration, retail displays, POS and furniture renovation</li>
<li>The perfect solution for creating seasonal decorations at Christmas and Valentines Day</li>
<li>This pvc free film is coated with a strong, transparent adhesive that offers good long term use</li>
<li>Unlike its rivals, the ASLAN SC123 is ideal for cad cutting. This is done by cutting and weeding in reverse through the backing liner and using the transparent top protective liner as an application tape</li>
<li>Features a transparent top protective liner which aids application and enables the use of squeegees
</li></ul>

<span style=""font-weight: bold; color: #d7328a;"">Advantages:</span><br>
<ul><li>Most glitter films come with just a backing liner. Anyone familiar with the application of glitter vinyl will know that this can make them extremely tricky to apply, as using a squeegee to create a smooth and even application can create a horrible glittery mess. The use of an application tape to avoid this is pretty much out of the question. However, as well as a backing liner ASLAN has cleverly given SparkleColour a transparent top protective liner too which does the job of an application tape and allows for a much cleaner application. This also means the film is ideal for cad cutting, by cutting and weeding in reverse through the backing liner</li>
<li>For full surface coverage simply remove the backing liner and apply the Sparkle Colour to the surface easily using a squeegee. Once in position and squeegeed on, just remove the protective top liner</li>
<li>Suggested cap height of minimum 10mm</li>
<li>Residue free removal from smooth flat surfaces</li>
<li>PVC Free</li>
<li>Easy to apply and no need for rollers</li></ul>


<span style=""font-weight: bold; color: #d7328a;"">Ink Compatibility:</span><br>
<ul>
<img style=""margin: 0px 5px 0px 0px; width: 15px; height: 25px;"" alt=""UV Ink""
src=""media/ecom/onpagegraphics/Ink-UV.png"">UV</ul>
<br>

<span style=""font-weight: bold; color: #d7328a;"">Technical Information:</span><br>
<ul>
<a href=""media/ecom/pdfs/datasheets/SparkleColour_ASLAN_SC_123_e_1.pdf"" target=""_blank""><img
style=""border: 0px solid ; width: 200px; height: 60px;"" alt=""ASLAN SC123 SparkleColour Datasheet""
src=""media/ecom/onpagegraphics/Datasheet.png""></a></ul>

<p><a href=""https://www.dorotape.co.uk/Article/ASLAN-Sparkle-Colour"" target=""_blank""><img style=""border: 0px solid ; width: 50px; height: 50px;"" alt=""link to our blog""
src=""media/ecom/onpagegraphics/Blog.png"">
<span style=""color:#d7328a""><b>Learn more about the Sparkle Colour range from ASLAN by reading about it in our Blog</b></span></a></p>

</body>
</html>","12356-Red.jpg","12356-Red.jpg","INVITEMS","DEFAULT-12356-DEFAULT-12356","","","0","0","0","","1","REGONLY","0","0","0","0","","","","SELECT","SELECT","0","","","","","0","0","","income-service","","","0","0","","","https://www.youtube.com/embed/SU-KJZmVA0w?si=CiP394Rv0H3aO_t0","","ASLAN-SC123-Sparkle-Colour","ASLAN-SC123-Sparkle-Colour","","","0","Heavy-Duty-Application-Roller, Rollepro, Olfa_X_Design_Heavy_Duty_Knife, Olfa_Graphic_Cutter, Swann_Morton_3_Handle, Swann_Morton_10A_Blades,","Heavy-Duty-Application-Roller, Rollepro, Olfa_X_Design_Heavy_Duty_Knife, Olfa_Graphic_Cutter, Swann_Morton_3_Handle, Swann_Morton_10A_Blades,","A","","","","","","","","","","","","","","","ASLAN-Sparkle-Colour-12356-Red","0","glitter, sparkle, colour, aslan, textured, vinyl, sparkle film, sparkle vinyl, sparkly, 12356, red,
","","","1672848300","0","","0","","CHECKBOX"
"12358","ASLAN Sparkle Colour 12358 Black","12358","Aslan","130","38","DEFAULT","","","","","0","ASLAN SC12358 Black Sparkle Colour is a 350 micron polyester film coated with an eye catching surface of glitter particles offering intense sparkling light reflection.","<html>
<head><title>ASLAN SC12358 Black Sparkle Colour</head></title>

<img style=""height: 50px; width: 236px;"" alt=""Aslan logo""
src=""media/ecom/onpagegraphics/ASLAN_Logo_New.png""><br><br>

<body>

<p>ASLAN SC12358 Black Sparkle Colour is a 350 micron polyester film coated with an eye catching surface of glitter particles offering intense sparkling light reflection.</p>

<span style=""font-weight: bold; color: #d7328a;"">Structure:</span><br>
<ul><li>100<span>&#181;</span>m PET protection liner that also acts as an application tape</li>
<li>350<span>&#181;</span>m PET coated with glitter</li>
<li>Water based acrylic adhesive</li>
<li>140g/s<sup>2</sup> silicone paper PE coated on both sides
</li></ul>

<a><img style=""border: 0px solid ; width: 75px; height: 75px; float: right;"" alt=""pvc free""
src=""media/ecom/onpagegraphics/PVC_free_logo.png""></a>

<span style=""font-weight: bold; color: #d7328a;"">Suitability:</span><br>
<ul><li>ASLAN Sparkle Colour is ideal for interior decoration, retail displays, POS and furniture renovation</li>
<li>The perfect solution for creating seasonal decorations at Christmas and Valentines Day</li>
<li>This pvc free film is coated with a strong, transparent adhesive that offers good long term use</li>
<li>Unlike its rivals, the ASLAN SC123 is ideal for cad cutting. This is done by cutting and weeding in reverse through the backing liner and using the transparent top protective liner as an application tape</li>
<li>Features a transparent top protective liner which aids application and enables the use of squeegees
</li></ul>

<span style=""font-weight: bold; color: #d7328a;"">Advantages:</span><br>
<ul><li>Most glitter films come with just a backing liner. Anyone familiar with the application of glitter vinyl will know that this can make them extremely tricky to apply, as using a squeegee to create a smooth and even application can create a horrible glittery mess. The use of an application tape to avoid this is pretty much out of the question. However, as well as a backing liner ASLAN has cleverly given SparkleColour a transparent top protective liner too which does the job of an application tape and allows for a much cleaner application. This also means the film is ideal for cad cutting, by cutting and weeding in reverse through the backing liner</li>
<li>For full surface coverage simply remove the backing liner and apply the Sparkle Colour to the surface easily using a squeegee. Once in position and squeegeed on, just remove the protective top liner</li>
<li>Suggested cap height of minimum 10mm</li>
<li>Residue free removal from smooth flat surfaces</li>
<li>PVC Free</li>
<li>Easy to apply and no need for rollers</li></ul>


<span style=""font-weight: bold; color: #d7328a;"">Ink Compatibility:</span><br>
<ul>
<img style=""margin: 0px 5px 0px 0px; width: 15px; height: 25px;"" alt=""UV Ink""
src=""media/ecom/onpagegraphics/Ink-UV.png"">UV</ul>
<br>

<span style=""font-weight: bold; color: #d7328a;"">Technical Information:</span><br>
<ul>
<a href=""media/ecom/pdfs/datasheets/SparkleColour_ASLAN_SC_123_e_1.pdf"" target=""_blank""><img
style=""border: 0px solid ; width: 200px; height: 60px;"" alt=""ASLAN SC123 SparkleColour Datasheet""
src=""media/ecom/onpagegraphics/Datasheet.png""></a></ul>

<p><a href=""https://www.dorotape.co.uk/Article/ASLAN-Sparkle-Colour"" target=""_blank""><img style=""border: 0px solid ; width: 50px; height: 50px;"" alt=""link to our blog""
src=""media/ecom/onpagegraphics/Blog.png"">
<span style=""color:#d7328a""><b>Learn more about the Sparkle Colour range from ASLAN by reading about it in our Blog</b></span></a></p>

</body>
</html>","12358-Black.jpg","12358-Black.jpg","INVITEMS","DEFAULT-12358-DEFAULT-12358","","","0","0","0","","1","REGONLY","0","0","0","0","","","","SELECT","SELECT","0","","","","","0","0","","income-service","","","0","0","","","https://www.youtube.com/embed/SU-KJZmVA0w?si=CiP394Rv0H3aO_t0","","ASLAN-SC123-Sparkle-Colour","ASLAN-SC123-Sparkle-Colour","","","0","Heavy-Duty-Application-Roller, Rollepro, Olfa_X_Design_Heavy_Duty_Knife, Olfa_Graphic_Cutter, Swann_Morton_3_Handle, Swann_Morton_10A_Blades,","Heavy-Duty-Application-Roller, Rollepro, Olfa_X_Design_Heavy_Duty_Knife, Olfa_Graphic_Cutter, Swann_Morton_3_Handle, Swann_Morton_10A_Blades,","A","","","","","","","","","","","","","","","ASLAN-Sparkle-Colour-12358-Black","0","glitter, sparkle, colour, aslan, textured, vinyl, sparkle film, sparkle vinyl, sparkly, 12358, black,
","","","1672848437","0","","0","","CHECKBOX"
"12381","ASLAN Sparkle Colour 12381 Baby Blue","12381","Aslan","120","38","DEFAULT","","","","","0","ASLAN SC12381 Baby Blue Sparkle Colour is a 350 micron polyester film coated with an eye catching surface of glitter particles offering intense sparkling light reflection.","<html>
<head><title>ASLAN SC12381 Baby Blue Sparkle Colour</head></title>

<body>

<img style=""height: 50px; width: 236px;"" alt=""Aslan logo""
src=""media/ecom/onpagegraphics/ASLAN_Logo_New.png""><br><br>

<p>ASLAN SC12381 Baby Blue Sparkle Colour is a 350 micron polyester film coated with an eye catching surface of glitter particles offering intense sparkling light reflection.</p>

<span style=""font-weight: bold; color: #d7328a;"">Structure:</span><br>
<ul><li>100<span>&#181;</span>m PET protection liner that also acts as an application tape</li>
<li>350<span>&#181;</span>m PET coated with glitter</li>
<li>Water based acrylic adhesive</li>
<li>140g/s<sup>2</sup> silicone paper PE coated on both sides
</li></ul>

<a><img style=""border: 0px solid ; width: 75px; height: 75px; float: right;"" alt=""pvc free""
src=""media/ecom/onpagegraphics/PVC_free_logo.png""></a>

<span style=""font-weight: bold; color: #d7328a;"">Suitability:</span><br>
<ul><li>ASLAN Sparkle Colour is ideal for interior decoration, retail displays, POS and furniture renovation</li>
<li>The perfect solution for creating seasonal decorations at Christmas and Valentines Day</li>
<li>This pvc free film is coated with a strong, transparent adhesive that offers good long term use</li>
<li>Unlike its rivals, the ASLAN SC123 is ideal for cad cutting. This is done by cutting and weeding in reverse through the backing liner and using the transparent top protective liner as an application tape</li>
<li>Features a transparent top protective liner which aids application and enables the use of squeegees
</li></ul>

<span style=""font-weight: bold; color: #d7328a;"">Advantages:</span><br>
<ul><li>Most glitter films come with just a backing liner. Anyone familiar with the application of glitter vinyl will know that this can make them extremely tricky to apply, as using a squeegee to create a smooth and even application can create a horrible glittery mess. The use of an application tape to avoid this is pretty much out of the question. However, as well as a backing liner ASLAN has cleverly given SparkleColour a transparent top protective liner too which does the job of an application tape and allows for a much cleaner application. This also means the film is ideal for cad cutting, by cutting and weeding in reverse through the backing liner</li>
<li>For full surface coverage simply remove the backing liner and apply the Sparkle Colour to the surface easily using a squeegee. Once in position and squeegeed on, just remove the protective top liner</li>
<li>Suggested cap height of minimum 10mm</li>
<li>Residue free removal from smooth flat surfaces</li>
<li>PVC Free</li>
<li>Easy to apply and no need for rollers</li></ul>


<span style=""font-weight: bold; color: #d7328a;"">Ink Compatibility:</span><br>
<ul>
<img style=""margin: 0px 5px 0px 0px; width: 15px; height: 25px;"" alt=""UV Ink""
src=""media/ecom/onpagegraphics/Ink-UV.png"">UV</ul>
<br>

<span style=""font-weight: bold; color: #d7328a;"">Technical Information:</span><br>
<ul>
<a href=""media/ecom/pdfs/datasheets/SparkleColour_ASLAN_SC_123_e_1.pdf"" target=""_blank""><img
style=""border: 0px solid ; width: 200px; height: 60px;"" alt=""ASLAN SC123 SparkleColour Datasheet""
src=""media/ecom/onpagegraphics/Datasheet.png""></a></ul>

<p><a href=""https://www.dorotape.co.uk/Article/ASLAN-Sparkle-Colour"" target=""_blank""><img style=""border: 0px solid ; width: 50px; height: 50px;"" alt=""link to our blog""
src=""media/ecom/onpagegraphics/Blog.png"">
<span style=""color:#d7328a""><b>Learn more about the Sparkle Colour range from ASLAN by reading about it in our Blog</b></span></a></p>

</body>
</html>","12381-Baby-Blue.jpg","12381-Baby-Blue.jpg","INVITEMS","DEFAULT-12381-DEFAULT-12381","","","0","0","0","","1","REGONLY","0","0","0","0","","","","SELECT","SELECT","0","","","","","0","0","","income-service","","","0","0","","","https://www.youtube.com/embed/SU-KJZmVA0w?si=CiP394Rv0H3aO_t0","","ASLAN-SC123-Sparkle-Colour","ASLAN-SC123-Sparkle-Colour","","","0","Heavy-Duty-Application-Roller, Rollepro, Olfa_X_Design_Heavy_Duty_Knife, Olfa_Graphic_Cutter, Swann_Morton_3_Handle, Swann_Morton_10A_Blades,","Heavy-Duty-Application-Roller, Rollepro, Olfa_X_Design_Heavy_Duty_Knife, Olfa_Graphic_Cutter, Swann_Morton_3_Handle, Swann_Morton_10A_Blades,","A","","","","","","","","","","","","","","","ASLAN-Sparkle-Colour-12381-Baby-Blue","0","glitter, sparkle, colour, aslan, textured, vinyl, sparkle film, sparkle vinyl, sparkly, 12381, baby, blue, babyblue, 
","","","1717596882","0","","0","","CHECKBOX"
"12386","ASLAN Sparkle Colour 12386 Rose Gold","12386","Aslan","50","38","DEFAULT","","","","","0","ASLAN SC12386 Rose Gold Sparkle Colour is a 350 micron polyester film coated with an eye catching surface of glitter particles offering intense sparkling light reflection.","<html>
<head><title>ASLAN SC12386 Rose Gold Sparkle Colour</head></title>

<img style=""height: 50px; width: 236px;"" alt=""Aslan logo""
src=""media/ecom/onpagegraphics/ASLAN_Logo_New.png""><br><br>

<body>

<p>ASLAN SC12386 Rose Gold Sparkle Colour is a 350 micron polyester film coated with an eye catching surface of glitter particles offering intense sparkling light reflection.</p>

<span style=""font-weight: bold; color: #d7328a;"">Structure:</span><br>
<ul><li>100<span>&#181;</span>m PET protection liner that also acts as an application tape</li>
<li>350<span>&#181;</span>m PET coated with glitter</li>
<li>Water based acrylic adhesive</li>
<li>140g/s<sup>2</sup> silicone paper PE coated on both sides
</li></ul>

<a><img style=""border: 0px solid ; width: 75px; height: 75px; float: right;"" alt=""pvc free""
src=""media/ecom/onpagegraphics/PVC_free_logo.png""></a>

<span style=""font-weight: bold; color: #d7328a;"">Suitability:</span><br>
<ul><li>ASLAN Sparkle Colour is ideal for interior decoration, retail displays, POS and furniture renovation</li>
<li>The perfect solution for creating seasonal decorations at Christmas and Valentines Day</li>
<li>This pvc free film is coated with a strong, transparent adhesive that offers good long term use</li>
<li>Unlike its rivals, the ASLAN SC123 is ideal for cad cutting. This is done by cutting and weeding in reverse through the backing liner and using the transparent top protective liner as an application tape</li>
<li>Features a transparent top protective liner which aids application and enables the use of squeegees
</li></ul>

<span style=""font-weight: bold; color: #d7328a;"">Advantages:</span><br>
<ul><li>Most glitter films come with just a backing liner. Anyone familiar with the application of glitter vinyl will know that this can make them extremely tricky to apply, as using a squeegee to create a smooth and even application can create a horrible glittery mess. The use of an application tape to avoid this is pretty much out of the question. However, as well as a backing liner ASLAN has cleverly given SparkleColour a transparent top protective liner too which does the job of an application tape and allows for a much cleaner application. This also means the film is ideal for cad cutting, by cutting and weeding in reverse through the backing liner</li>
<li>For full surface coverage simply remove the backing liner and apply the Sparkle Colour to the surface easily using a squeegee. Once in position and squeegeed on, just remove the protective top liner</li>
<li>Suggested cap height of minimum 10mm</li>
<li>Residue free removal from smooth flat surfaces</li>
<li>PVC Free</li>
<li>Easy to apply and no need for rollers</li></ul>


<span style=""font-weight: bold; color: #d7328a;"">Ink Compatibility:</span><br>
<ul>
<img style=""margin: 0px 5px 0px 0px; width: 15px; height: 25px;"" alt=""UV Ink""
src=""media/ecom/onpagegraphics/Ink-UV.png"">UV</ul>
<br>

<span style=""font-weight: bold; color: #d7328a;"">Technical Information:</span><br>
<ul>
<a href=""media/ecom/pdfs/datasheets/SparkleColour_ASLAN_SC_123_e_1.pdf"" target=""_blank""><img
style=""border: 0px solid ; width: 200px; height: 60px;"" alt=""ASLAN SC123 SparkleColour Datasheet""
src=""media/ecom/onpagegraphics/Datasheet.png""></a></ul>

<p><a href=""https://www.dorotape.co.uk/Article/ASLAN-Sparkle-Colour"" target=""_blank""><img style=""border: 0px solid ; width: 50px; height: 50px;"" alt=""link to our blog""
src=""media/ecom/onpagegraphics/Blog.png"">
<span style=""color:#d7328a""><b>Learn more about the Sparkle Colour range from ASLAN by reading about it in our Blog</b></span></a></p>

</body>
</html>","12386-Rose-Gold.jpg","12386-Rose-Gold.jpg","INVITEMS","DEFAULT-12386-DEFAULT-12386","","","0","0","0","","1","REGONLY","0","0","0","0","","","","SELECT","SELECT","0","","","","","0","0","","income-service","","","0","0","","","https://www.youtube.com/embed/SU-KJZmVA0w?si=CiP394Rv0H3aO_t0","","ASLAN-SC123-Sparkle-Colour","ASLAN-SC123-Sparkle-Colour","","","0","Heavy-Duty-Application-Roller, Rollepro, Olfa_X_Design_Heavy_Duty_Knife, Olfa_Graphic_Cutter, Swann_Morton_3_Handle, Swann_Morton_10A_Blades,","Heavy-Duty-Application-Roller, Rollepro, Olfa_X_Design_Heavy_Duty_Knife, Olfa_Graphic_Cutter, Swann_Morton_3_Handle, Swann_Morton_10A_Blades,","A","","","","","","","","","","","","","","","ASLAN-Sparkle-Colour-12386-Rose-Gold","0","glitter, sparkle, colour, aslan, textured, vinyl, sparkle film, sparkle vinyl, sparkly, 12386, rose, gold, rosegold, 
","","","1717595216","0","","0","","CHECKBOX"
"12388","ASLAN Sparkle Colour 12388 Rainbow White","12388","Aslan","140","38","DEFAULT","","","","","0","ASLAN SC12388 Rainbow White Sparkle Colour is a 350 micron polyester film coated with an eye catching surface of glitter particles offering intense sparkling light reflection. Also works well as a printable vinyl.","<html>
<head><title>ASLAN SC12388 Rainbow White Sparkle Colour</head></title>
<body>
<img style=""height: 50px; width: 236px;"" alt=""Aslan logo""
src=""media/ecom/onpagegraphics/ASLAN_Logo_New.png""><br><br>

<p>ASLAN SC12388 Rainbow White Sparkle Colour is a 350 micron polyester film coated with an eye catching surface of glitter particles offering intense sparkling light reflection.</p>

<span style=""font-weight: bold; color: #d7328a;"">Structure:</span><br>
<ul><li>100<span>&#181;</span>m PET protection liner that also acts as an application tape</li>
<li>350<span>&#181;</span>m PET coated with glitter</li>
<li>Water based acrylic adhesive</li>
<li>140g/s<sup>2</sup> silicone paper PE coated on both sides
</li></ul>

<a><img style=""border: 0px solid ; width: 75px; height: 75px; float: right;"" alt=""pvc free""
src=""media/ecom/onpagegraphics/PVC_free_logo.png""></a>

<span style=""font-weight: bold; color: #d7328a;"">Suitability:</span><br>
<ul><li>ASLAN Sparkle Colour is ideal for interior decoration, retail displays, POS and furniture renovation</li>
<li>The perfect solution for creating seasonal decorations at Christmas and Valentines Day</li>
<li>This pvc free film is coated with a strong, transparent adhesive that offers good long term use</li>
<li>Unlike its rivals, the ASLAN SC123 is ideal for cad cutting. This is done by cutting and weeding in reverse through the backing liner and using the transparent top protective liner as an application tape</li>
<li>Features a transparent top protective liner which aids application and enables the use of squeegees
</li></ul>

<span style=""font-weight: bold; color: #d7328a;"">Advantages:</span><br>
<ul><li>Most glitter films come with just a backing liner. Anyone familiar with the application of glitter vinyl will know that this can make them extremely tricky to apply, as using a squeegee to create a smooth and even application can create a horrible glittery mess. The use of an application tape to avoid this is pretty much out of the question. However, as well as a backing liner ASLAN has cleverly given SparkleColour a transparent top protective liner too which does the job of an application tape and allows for a much cleaner application. This also means the film is ideal for cad cutting, by cutting and weeding in reverse through the backing liner</li>
<li>For full surface coverage simply remove the backing liner and apply the Sparkle Colour to the surface easily using a squeegee. Once in position and squeegeed on, just remove the protective top liner</li>
<li>Suggested cap height of minimum 10mm</li>
<li>Residue free removal from smooth flat surfaces</li>
<li>PVC Free</li>
<li>Easy to apply and no need for rollers</li></ul>


<span style=""font-weight: bold; color: #d7328a;"">Ink Compatibility:</span><br>
<ul>
<img style=""margin: 0px 5px 0px 0px; width: 15px; height: 25px;"" alt=""UV Ink""
src=""media/ecom/onpagegraphics/Ink-UV.png"">UV</ul>
<br>

<span style=""font-weight: bold; color: #d7328a;"">Technical Information:</span><br>
<ul>
<a href=""media/ecom/pdfs/datasheets/SparkleColour_ASLAN_SC_123_e_1.pdf"" target=""_blank""><img
style=""border: 0px solid ; width: 200px; height: 60px;"" alt=""ASLAN SC123 SparkleColour Datasheet""
src=""media/ecom/onpagegraphics/Datasheet.png""></a></ul>

<p><a href=""https://www.dorotape.co.uk/Article/ASLAN-Sparkle-Colour"" target=""_blank""><img style=""border: 0px solid ; width: 50px; height: 50px;"" alt=""link to our blog""
src=""media/ecom/onpagegraphics/Blog.png"">
<span style=""color:#d7328a""><b>Learn more about the Sparkle Colour range from ASLAN by reading about it in our Blog</b></span></a></p>

</body>
</html>","12388-Rainbow-White.jpg","12388-Rainbow-White.jpg, 12388-Rainbow-White-Printed.jpg","INVITEMS","DEFAULT-12388-DEFAULT-12388","","","0","0","0","","1","REGONLY","0","0","0","0","","","","SELECT","SELECT","0","","","","","0","0","","income-service","","","0","0","","","https://www.youtube.com/embed/SU-KJZmVA0w?si=CiP394Rv0H3aO_t0","","ASLAN-SC123-Sparkle-Colour","ASLAN-SC123-Sparkle-Colour","","","0","Heavy-Duty-Application-Roller, Rollepro, Olfa_X_Design_Heavy_Duty_Knife, Olfa_Graphic_Cutter, Swann_Morton_3_Handle, Swann_Morton_10A_Blades,","Heavy-Duty-Application-Roller, Rollepro, Olfa_X_Design_Heavy_Duty_Knife, Olfa_Graphic_Cutter, Swann_Morton_3_Handle, Swann_Morton_10A_Blades,","A","","","","","","","","","","","","","","","ASLAN-Sparkle-Colour-12388-Rainbow-White","0","glitter, sparkle, colour, aslan, textured, vinyl, sparkle film, sparkle vinyl, sparkly, 12388, rainbow, ","","","1672834684","0","","0","","CHECKBOX"
"12389","ASLAN Sparkle Colour 12389 Royal Blue","12389","Aslan","100","38","DEFAULT","","","","","0","ASLAN SC12389 Royal Blue Sparkle Colour is a 350 micron polyester film coated with an eye catching surface of glitter particles offering intense sparkling light reflection.","<html>
<head><title>ASLAN SC12389 Royal Blue Sparkle Colour</head></title>
<img style=""height: 50px; width: 236px;"" alt=""Aslan logo""
src=""media/ecom/onpagegraphics/ASLAN_Logo_New.png""><br><br>

<body>

<p>ASLAN SC12389 Royal Blue Sparkle Colour is a 350 micron polyester film coated with an eye catching surface of glitter particles offering intense sparkling light reflection.</p>

<span style=""font-weight: bold; color: #d7328a;"">Structure:</span><br>
<ul><li>100<span>&#181;</span>m PET protection liner that also acts as an application tape</li>
<li>350<span>&#181;</span>m PET coated with glitter</li>
<li>Water based acrylic adhesive</li>
<li>140g/s<sup>2</sup> silicone paper PE coated on both sides
</li></ul>

<a><img style=""border: 0px solid ; width: 75px; height: 75px; float: right;"" alt=""pvc free""
src=""media/ecom/onpagegraphics/PVC_free_logo.png""></a>

<span style=""font-weight: bold; color: #d7328a;"">Suitability:</span><br>
<ul><li>ASLAN Sparkle Colour is ideal for interior decoration, retail displays, POS and furniture renovation</li>
<li>The perfect solution for creating seasonal decorations at Christmas and Valentines Day</li>
<li>This pvc free film is coated with a strong, transparent adhesive that offers good long term use</li>
<li>Unlike its rivals, the ASLAN SC123 is ideal for cad cutting. This is done by cutting and weeding in reverse through the backing liner and using the transparent top protective liner as an application tape</li>
<li>Features a transparent top protective liner which aids application and enables the use of squeegees
</li></ul>

<span style=""font-weight: bold; color: #d7328a;"">Advantages:</span><br>
<ul><li>Most glitter films come with just a backing liner. Anyone familiar with the application of glitter vinyl will know that this can make them extremely tricky to apply, as using a squeegee to create a smooth and even application can create a horrible glittery mess. The use of an application tape to avoid this is pretty much out of the question. However, as well as a backing liner ASLAN has cleverly given SparkleColour a transparent top protective liner too which does the job of an application tape and allows for a much cleaner application. This also means the film is ideal for cad cutting, by cutting and weeding in reverse through the backing liner</li>
<li>For full surface coverage simply remove the backing liner and apply the Sparkle Colour to the surface easily using a squeegee. Once in position and squeegeed on, just remove the protective top liner</li>
<li>Suggested cap height of minimum 10mm</li>
<li>Residue free removal from smooth flat surfaces</li>
<li>PVC Free</li>
<li>Easy to apply and no need for rollers</li></ul>


<span style=""font-weight: bold; color: #d7328a;"">Ink Compatibility:</span><br>
<ul>
<img style=""margin: 0px 5px 0px 0px; width: 15px; height: 25px;"" alt=""UV Ink""
src=""media/ecom/onpagegraphics/Ink-UV.png"">UV</ul>
<br>

<span style=""font-weight: bold; color: #d7328a;"">Technical Information:</span><br>
<ul>
<a href=""media/ecom/pdfs/datasheets/SparkleColour_ASLAN_SC_123_e_1.pdf"" target=""_blank""><img
style=""border: 0px solid ; width: 200px; height: 60px;"" alt=""ASLAN SC123 SparkleColour Datasheet""
src=""media/ecom/onpagegraphics/Datasheet.png""></a></ul>

<p><a href=""https://www.dorotape.co.uk/Article/ASLAN-Sparkle-Colour"" target=""_blank""><img style=""border: 0px solid ; width: 50px; height: 50px;"" alt=""link to our blog""
src=""media/ecom/onpagegraphics/Blog.png"">
<span style=""color:#d7328a""><b>Learn more about the Sparkle Colour range from ASLAN by reading about it in our Blog</b></span></a></p>

</body>
</html>","12389-Royal-Blue.jpg","12389-Royal-Blue.jpg","INVITEMS","DEFAULT-12389-DEFAULT-12389","","","0","0","0","","1","REGONLY","0","0","0","0","","","","SELECT","SELECT","0","","","","","0","0","","income-service","","","0","0","","","https://www.youtube.com/embed/SU-KJZmVA0w?si=CiP394Rv0H3aO_t0","","ASLAN-SC123-Sparkle-Colour","ASLAN-SC123-Sparkle-Colour","","","0","Heavy-Duty-Application-Roller, Rollepro, Olfa_X_Design_Heavy_Duty_Knife, Olfa_Graphic_Cutter, Swann_Morton_3_Handle, Swann_Morton_10A_Blades,","Heavy-Duty-Application-Roller, Rollepro, Olfa_X_Design_Heavy_Duty_Knife, Olfa_Graphic_Cutter, Swann_Morton_3_Handle, Swann_Morton_10A_Blades,","A","","","","","","","","","","","","","","","ASLAN-Sparkle-Colour-12389-Royal-Blue","0","glitter, sparkle, colour, aslan, textured, vinyl, sparkle film, sparkle vinyl, sparkly, 12389, royal, blue, royalblue, ","","","1717596632","0","","0","","CHECKBOX"
"12390","ASLAN Sparkle Colour 12390 Champagne","12390","Aslan","40","38","DEFAULT","","","","","0","ASLAN SC12390 Champagne Sparkle Colour is a 350 micron polyester film coated with an eye catching surface of glitter particles offering intense sparkling light reflection.","<html>
<head><title>ASLAN SC12390 Champagne Sparkle Colour</head></title>
<img style=""height: 50px; width: 236px;"" alt=""Aslan logo""
src=""media/ecom/onpagegraphics/ASLAN_Logo_New.png""><br><br>

<body>

<p>ASLAN SC12390 Champagne Sparkle Colour is a 350 micron polyester film coated with an eye catching surface of glitter particles offering intense sparkling light reflection.</p>

<span style=""font-weight: bold; color: #d7328a;"">Structure:</span><br>
<ul><li>100<span>&#181;</span>m PET protection liner that also acts as an application tape</li>
<li>350<span>&#181;</span>m PET coated with glitter</li>
<li>Water based acrylic adhesive</li>
<li>140g/s<sup>2</sup> silicone paper PE coated on both sides
</li></ul>

<a><img style=""border: 0px solid ; width: 75px; height: 75px; float: right;"" alt=""pvc free""
src=""media/ecom/onpagegraphics/PVC_free_logo.png""></a>

<span style=""font-weight: bold; color: #d7328a;"">Suitability:</span><br>
<ul><li>ASLAN Sparkle Colour is ideal for interior decoration, retail displays, POS and furniture renovation</li>
<li>The perfect solution for creating seasonal decorations at Christmas and Valentines Day</li>
<li>This pvc free film is coated with a strong, transparent adhesive that offers good long term use</li>
<li>Unlike its rivals, the ASLAN SC123 is ideal for cad cutting. This is done by cutting and weeding in reverse through the backing liner and using the transparent top protective liner as an application tape</li>
<li>Features a transparent top protective liner which aids application and enables the use of squeegees
</li></ul>

<span style=""font-weight: bold; color: #d7328a;"">Advantages:</span><br>
<ul><li>Most glitter films come with just a backing liner. Anyone familiar with the application of glitter vinyl will know that this can make them extremely tricky to apply, as using a squeegee to create a smooth and even application can create a horrible glittery mess. The use of an application tape to avoid this is pretty much out of the question. However, as well as a backing liner ASLAN has cleverly given SparkleColour a transparent top protective liner too which does the job of an application tape and allows for a much cleaner application. This also means the film is ideal for cad cutting, by cutting and weeding in reverse through the backing liner</li>
<li>For full surface coverage simply remove the backing liner and apply the Sparkle Colour to the surface easily using a squeegee. Once in position and squeegeed on, just remove the protective top liner</li>
<li>Suggested cap height of minimum 10mm</li>
<li>Residue free removal from smooth flat surfaces</li>
<li>PVC Free</li>
<li>Easy to apply and no need for rollers</li></ul>


<span style=""font-weight: bold; color: #d7328a;"">Ink Compatibility:</span><br>
<ul>
<img style=""margin: 0px 5px 0px 0px; width: 15px; height: 25px;"" alt=""UV Ink""
src=""media/ecom/onpagegraphics/Ink-UV.png"">UV</ul>
<br>

<span style=""font-weight: bold; color: #d7328a;"">Technical Information:</span><br>
<ul>
<a href=""media/ecom/pdfs/datasheets/SparkleColour_ASLAN_SC_123_e_1.pdf"" target=""_blank""><img
style=""border: 0px solid ; width: 200px; height: 60px;"" alt=""ASLAN SC123 SparkleColour Datasheet""
src=""media/ecom/onpagegraphics/Datasheet.png""></a></ul>

<p><a href=""https://www.dorotape.co.uk/Article/ASLAN-Sparkle-Colour"" target=""_blank""><img style=""border: 0px solid ; width: 50px; height: 50px;"" alt=""link to our blog""
src=""media/ecom/onpagegraphics/Blog.png"">
<span style=""color:#d7328a""><b>Learn more about the Sparkle Colour range from ASLAN by reading about it in our Blog</b></span></a></p>

</body>
</html>","12390-Champagne.jpg","12390-Champagne.jpg","INVITEMS","DEFAULT-12390-DEFAULT-12390","","","0","0","0","","1","REGONLY","0","0","0","0","","","","SELECT","SELECT","0","","","","","0","0","","income-service","","","0","0","","","https://www.youtube.com/embed/SU-KJZmVA0w?si=CiP394Rv0H3aO_t0","","ASLAN-SC123-Sparkle-Colour","ASLAN-SC123-Sparkle-Colour","","","0","Heavy-Duty-Application-Roller, Rollepro, Olfa_X_Design_Heavy_Duty_Knife, Olfa_Graphic_Cutter, Swann_Morton_3_Handle, Swann_Morton_10A_Blades,","Heavy-Duty-Application-Roller, Rollepro, Olfa_X_Design_Heavy_Duty_Knife, Olfa_Graphic_Cutter, Swann_Morton_3_Handle, Swann_Morton_10A_Blades,","A","","","","","","","","","","","","","","","ASLAN-Sparkle-Colour-12390-Champagne","0","glitter, sparkle, colour, aslan, textured, vinyl, sparkle film, sparkle vinyl, sparkly, 12390, champagne,","","","1717595576","0","","0","","CHECKBOX"
"12407","ASLAN Caress Colour 12407 Anthracite","12407","Aslan","20","24","DEFAULT","","","","","0","ASLAN CC12407 Anthracite Caress Colour is a 50 micron polyester film with a 400 micron surface coating of soft velvet flock fibres.","<html>

<head><title>ASLAN-CC12407-Anthracite-Caress-Colour</title>

<style>
.responsive {
  width: 50%;
  height: auto;
}
</style>
</head>

<body>
<img style=""width: 250px; height: 53px;"" alt=""Aslan Logo"" src=""media/ecom/onpagegraphics/ASLAN_Logo_New.jpg"" class=""responsive""><br><br>

<p>ASLAN CC12407 Anthracite Caress Colour is a 50 micron polyester film with a 400 micron surface coating of soft velvet flock fibres.</p>

<a><img style=""border: 0px solid ; width: 75px; height: 75px; float: right;"" alt=""pvc free""
src=""media/ecom/onpagegraphics/PVC_free_logo.png""></a>

<span style=""font-weight: bold; color: #d7328a;"">Structure:</span><br>
<ul><li>50<span>&#181;</span>m Polyester film + 400-450<span>&#181;</span>m flock fibres</li>
<li>Water based adhesive. Semi-permanent</li>
<li>Double sided PE coated paper - 140gm<sup>2</sup>
</li></ul>

<span style=""font-weight: bold; color: #d7328a;"">Suitability:</span><br>
<ul><li>Suitable for indoor applications to smooth flat surfaces</li>
<li>Light absorbing PVC free film induces a luxurious feel, perfect for high end retail displays, shop-fitting, events and architectural applications as well as promotional use and exhibition displays</li>
<li>Ideal for full surface coverage as well as plotter cutting graphics (Suggested cap height of minimum 10mm)</li>
<li>This film is to be applied dry using a roller. If plotting graphics or logos we recommend using <b><a href=""https://www.dorotape.co.uk/Item/ASLAN-TF200"" target=""_blank""><font color=""#d7328a"">ASLAN TF 200</font></a></b> as an application tape </li></ul>

<span style=""font-weight: bold; color: #d7328a;"">Advantages:</span><br>
<ul><li>Coated with a semi-permanent, transparent water-based adhesive that is easy to apply and removes easily and without residue from glass and metal surfaces</li>
<li>Flock surface is made up of very densely packed fibres for an opulent soft velvety feel</li>
<li>High level of colour fastness</li>
<li>If the surface appears flat, the fibres can be brushed or steamed to re-finish the surface</li>
<li>The flock surface can be cleaned with a little water and a light detergent
</li></ul>

<span style=""font-weight: bold; color: #d7328a;"">Technical Information:</span><br><br>
<a href=""media/ecom/pdfs/datasheets/TDS_CaressColour_ASLAN_CC_124_e.pdf"" target=""_blank""><img
style=""border: 0px solid ; width: 200px; height: 60px;"" alt=""ASLAN CC124 Caress Colour TDS""
src=""media/ecom/onpagegraphics/Datasheet.png""></a>
</body>
</html>","12407_Anthracite.jpg","12407_Anthracite.jpg","INVITEMS","DEFAULT-12407-DEFAULT-12407","","","0","0","0","","1","REGONLY","0","0","0","0","","","","SELECT","SELECT","0","","","","","0","0","","income-service","","","0","0","","","","","ASLAN-CC124-Caress-Colour","ASLAN-CC124-Caress-Colour","","","0","ASLAN-TF200, Heavy-Duty-Application-Roller, Rollepro, Olfa_X_Design_Heavy_Duty_Knife, Olfa_Graphic_Cutter, Swann_Morton_3_Handle, Swann_Morton_10A_Blades,","ASLAN-TF200, Heavy-Duty-Application-Roller, Rollepro, Olfa_X_Design_Heavy_Duty_Knife, Olfa_Graphic_Cutter, Swann_Morton_3_Handle, Swann_Morton_10A_Blades,","A","","","","","","","","","","","","","","","ASLAN-CC12407-Anthracite-Caress-Colour","0","velvet, flock, caress, tactile, haptic, suede, soft, fluffy, fuzzy, CC124, ASLAN, caress colour, velvet flock, velvet vinyl, flock vinyl, self adhesive, suede vinyl, suede self adhesive, 
","","ASLAN CC12407 Anthracite Caress Colour is a 50 micron polyester film with a 400 micron surface coating of soft velvet flock fibres.  This light absorbing PVC Free film induces a luxurious feel, perfect for high end retail displays, shop-fitting, events and architectural applications as well as promotional use and exhibition displays.  ASLAN CC124 series can be used for both full surface coverage as well as for plotter cutting graphics and logos to be applied to smooth even surfaces.","1675171014","0","","0","","CHECKBOX"
"12408","ASLAN Caress Colour 12408 White","12408","Aslan","40","24","DEFAULT","","","","","0","ASLAN CC12408 White Caress Colour is a 50 micron polyester film with a 400 micron surface coating of soft velvet flock fibres.","<html>

<head><title>ASLAN-CC12408-White-Caress-Colour</title>

<style>
.responsive {
  width: 50%;
  height: auto;
}
</style>
</head>

<body>
<img style=""width: 250px; height: 53px;"" alt=""Aslan Logo"" src=""media/ecom/onpagegraphics/ASLAN_Logo_New.jpg"" class=""responsive""><br><br>

<p>ASLAN CC12408 White Caress Colour is a 50 micron polyester film with a 400 micron surface coating of soft velvet flock fibres.</p>

<a><img style=""border: 0px solid ; width: 75px; height: 75px; float: right;"" alt=""pvc free""
src=""media/ecom/onpagegraphics/PVC_free_logo.png""></a>

<span style=""font-weight: bold; color: #d7328a;"">Structure:</span><br>
<ul><li>50<span>&#181;</span>m Polyester film + 400-450<span>&#181;</span>m flock fibres</li>
<li>Water based adhesive. Semi-permanent</li>
<li>Double sided PE coated paper - 140gm<sup>2</sup>
</li></ul>

<span style=""font-weight: bold; color: #d7328a;"">Suitability:</span><br>
<ul><li>Suitable for indoor applications to smooth flat surfaces</li>
<li>Light absorbing PVC free film induces a luxurious feel, perfect for high end retail displays, shop-fitting, events and architectural applications as well as promotional use and exhibition displays</li>
<li>Ideal for full surface coverage as well as plotter cutting graphics (Suggested cap height of minimum 10mm)</li>
<li>This film is to be applied dry using a roller. If plotting graphics or logos we recommend using <b><a href=""https://www.dorotape.co.uk/Item/ASLAN-TF200"" target=""_blank""><font color=""#d7328a"">ASLAN TF 200</font></a></b> as an application tape </li></ul>

<span style=""font-weight: bold; color: #d7328a;"">Advantages:</span><br>
<ul><li>Coated with a semi-permanent, transparent water-based adhesive that is easy to apply and removes easily and without residue from glass and metal surfaces</li>
<li>Flock surface is made up of very densely packed fibres for an opulent soft velvety feel</li>
<li>High level of colour fastness</li>
<li>If the surface appears flat, the fibres can be brushed or steamed to re-finish the surface</li>
<li>The flock surface can be cleaned with a little water and a light detergent
</li></ul>

<span style=""font-weight: bold; color: #d7328a;"">Technical Information:</span><br><br>
<a href=""media/ecom/pdfs/datasheets/TDS_CaressColour_ASLAN_CC_124_e.pdf"" target=""_blank""><img
style=""border: 0px solid ; width: 200px; height: 60px;"" alt=""ASLAN CC124 Caress Colour TDS""
src=""media/ecom/onpagegraphics/Datasheet.png""></a>
</body>
</html>","12408_White.jpg","12408_White.jpg","INVITEMS","DEFAULT-12408-DEFAULT-12408","","","0","0","0","","1","REGONLY","0","0","0","0","","","","SELECT","SELECT","0","","","","","0","0","","income-service","","","0","0","","","","","ASLAN-CC124-Caress-Colour","ASLAN-CC124-Caress-Colour","","","0","ASLAN-TF200, Heavy-Duty-Application-Roller, Rollepro, Olfa_X_Design_Heavy_Duty_Knife, Olfa_Graphic_Cutter, Swann_Morton_3_Handle, Swann_Morton_10A_Blades,","ASLAN-TF200, Heavy-Duty-Application-Roller, Rollepro, Olfa_X_Design_Heavy_Duty_Knife, Olfa_Graphic_Cutter, Swann_Morton_3_Handle, Swann_Morton_10A_Blades,","A","","","","","","","","","","","","","","","ASLAN-CC12408-White-Caress-Colour","0","velvet, flock, caress, tactile, haptic, suede, soft, fluffy, fuzzy, CC124, ASLAN, caress colour, velvet flock, velvet vinyl, flock vinyl, self adhesive, suede vinyl, suede self adhesive, 
","","ASLAN CC12408 White Caress Colour is a 50 micron polyester film with a 400 micron surface coating of soft velvet flock fibres.  This light absorbing PVC Free film induces a luxurious feel, perfect for high end retail displays, shop-fitting, events and architectural applications as well as promotional use and exhibition displays.  ASLAN CC124 series can be used for both full surface coverage as well as for plotter cutting graphics and logos to be applied to smooth even surfaces.","1675171391","0","","0","","CHECKBOX"
"12409","ASLAN Caress Colour 12409 Red","12409","Aslan","70","24","DEFAULT","","","","","0","ASLAN CC12409 Red Caress Colour is a 50 micron polyester film with a 400 micron surface coating of soft velvet flock fibres.","<html>

<head><title>ASLAN-CC12409-Red-Caress-Colour</title>

<style>
.responsive {
  width: 50%;
  height: auto;
}
</style>
</head>

<body>
<img style=""width: 250px; height: 53px;"" alt=""Aslan Logo"" src=""media/ecom/onpagegraphics/ASLAN_Logo_New.jpg"" class=""responsive""><br><br>

<p>ASLAN CC12409 Red Caress Colour is a 50 micron polyester film with a 400 micron surface coating of soft velvet flock fibres.</p>

<a><img style=""border: 0px solid ; width: 75px; height: 75px; float: right;"" alt=""pvc free""
src=""media/ecom/onpagegraphics/PVC_free_logo.png""></a>

<span style=""font-weight: bold; color: #d7328a;"">Structure:</span><br>
<ul><li>50<span>&#181;</span>m Polyester film + 400-450<span>&#181;</span>m flock fibres</li>
<li>Water based adhesive. Semi-permanent</li>
<li>Double sided PE coated paper - 140gm<sup>2</sup>
</li></ul>

<span style=""font-weight: bold; color: #d7328a;"">Suitability:</span><br>
<ul><li>Suitable for indoor applications to smooth flat surfaces</li>
<li>Light absorbing PVC free film induces a luxurious feel, perfect for high end retail displays, shop-fitting, events and architectural applications as well as promotional use and exhibition displays</li>
<li>Ideal for full surface coverage as well as plotter cutting graphics (Suggested cap height of minimum 10mm)</li>
<li>This film is to be applied dry using a roller. If plotting graphics or logos we recommend using <b><a href=""https://www.dorotape.co.uk/Item/ASLAN-TF200"" target=""_blank""><font color=""#d7328a"">ASLAN TF 200</font></a></b> as an application tape </li></ul>

<span style=""font-weight: bold; color: #d7328a;"">Advantages:</span><br>
<ul><li>Coated with a semi-permanent, transparent water-based adhesive that is easy to apply and removes easily and without residue from glass and metal surfaces</li>
<li>Flock surface is made up of very densely packed fibres for an opulent soft velvety feel</li>
<li>High level of colour fastness</li>
<li>If the surface appears flat, the fibres can be brushed or steamed to re-finish the surface</li>
<li>The flock surface can be cleaned with a little water and a light detergent
</li></ul>

<span style=""font-weight: bold; color: #d7328a;"">Technical Information:</span><br><br>
<a href=""media/ecom/pdfs/datasheets/TDS_CaressColour_ASLAN_CC_124_e.pdf"" target=""_blank""><img
style=""border: 0px solid ; width: 200px; height: 60px;"" alt=""ASLAN CC124 Caress Colour TDS""
src=""media/ecom/onpagegraphics/Datasheet.png""></a>
</body>
</html>","12409_Red.jpg","12409_Red.jpg","INVITEMS","DEFAULT-12409-DEFAULT-12409","","","0","0","0","","1","REGONLY","0","0","0","0","","","","SELECT","SELECT","0","","","","","0","0","","income-service","","","0","0","","","","","ASLAN-CC124-Caress-Colour","ASLAN-CC124-Caress-Colour","","","0","ASLAN-TF200, Heavy-Duty-Application-Roller, Rollepro, Olfa_X_Design_Heavy_Duty_Knife, Olfa_Graphic_Cutter, Swann_Morton_3_Handle, Swann_Morton_10A_Blades,","ASLAN-TF200, Heavy-Duty-Application-Roller, Rollepro, Olfa_X_Design_Heavy_Duty_Knife, Olfa_Graphic_Cutter, Swann_Morton_3_Handle, Swann_Morton_10A_Blades,","A","","","","","","","","","","","","","","","ASLAN-CC12409-Red-Caress-Colour","0","velvet, flock, caress, tactile, haptic, suede, soft, fluffy, fuzzy, CC124, ASLAN, caress colour, velvet flock, velvet vinyl, flock vinyl, self adhesive, suede vinyl, suede self adhesive, ","","ASLAN CC12409 Red Caress Colour is a 50 micron polyester film with a 400 micron surface coating of soft velvet flock fibres.  This light absorbing PVC Free film induces a luxurious feel, perfect for high end retail displays, shop-fitting, events and architectural applications as well as promotional use and exhibition displays.  ASLAN CC124 series can be used for both full surface coverage as well as for plotter cutting graphics and logos to be applied to smooth even surfaces.","1675244193","0","","0","","CHECKBOX"
"12413","ASLAN Caress Colour 12413 Blue","12413","Aslan","110","24","DEFAULT","","","","","0","ASLAN CC12413 Blue Caress Colour is a 50 micron polyester film with a 400 micron surface coating of soft velvet flock fibres.","<html>

<head><title>ASLAN-CC12413-Blue-Caress-Colour</title>

<style>
.responsive {
  width: 50%;
  height: auto;
}
</style>
</head>

<body>
<img style=""width: 250px; height: 53px;"" alt=""Aslan Logo"" src=""media/ecom/onpagegraphics/ASLAN_Logo_New.jpg"" class=""responsive""><br><br>

<p>ASLAN CC12413 Blue Caress Colour is a 50 micron polyester film with a 400 micron surface coating of soft velvet flock fibres.</p>

<a><img style=""border: 0px solid ; width: 75px; height: 75px; float: right;"" alt=""pvc free""
src=""media/ecom/onpagegraphics/PVC_free_logo.png""></a>

<span style=""font-weight: bold; color: #d7328a;"">Structure:</span><br>
<ul><li>50<span>&#181;</span>m Polyester film + 400-450<span>&#181;</span>m flock fibres</li>
<li>Water based adhesive. Semi-permanent</li>
<li>Double sided PE coated paper - 140gm<sup>2</sup>
</li></ul>

<span style=""font-weight: bold; color: #d7328a;"">Suitability:</span><br>
<ul><li>Suitable for indoor applications to smooth flat surfaces</li>
<li>Light absorbing PVC free film induces a luxurious feel, perfect for high end retail displays, shop-fitting, events and architectural applications as well as promotional use and exhibition displays</li>
<li>Ideal for full surface coverage as well as plotter cutting graphics (Suggested cap height of minimum 10mm)</li>
<li>This film is to be applied dry using a roller. If plotting graphics or logos we recommend using <b><a href=""https://www.dorotape.co.uk/Item/ASLAN-TF200"" target=""_blank""><font color=""#d7328a"">ASLAN TF 200</font></a></b> as an application tape </li></ul>

<span style=""font-weight: bold; color: #d7328a;"">Advantages:</span><br>
<ul><li>Coated with a semi-permanent, transparent water-based adhesive that is easy to apply and removes easily and without residue from glass and metal surfaces</li>
<li>Flock surface is made up of very densely packed fibres for an opulent soft velvety feel</li>
<li>High level of colour fastness</li>
<li>If the surface appears flat, the fibres can be brushed or steamed to re-finish the surface</li>
<li>The flock surface can be cleaned with a little water and a light detergent
</li></ul>

<span style=""font-weight: bold; color: #d7328a;"">Technical Information:</span><br><br>
<a href=""media/ecom/pdfs/datasheets/TDS_CaressColour_ASLAN_CC_124_e.pdf"" target=""_blank""><img
style=""border: 0px solid ; width: 200px; height: 60px;"" alt=""ASLAN CC124 Caress Colour TDS""
src=""media/ecom/onpagegraphics/Datasheet.png""></a>
</body>
</html>","12413_Blue.jpg","12413_Blue.jpg","INVITEMS","DEFAULT-12413-DEFAULT-12413","","","0","0","0","","1","REGONLY","0","0","0","0","","","","SELECT","SELECT","0","","","","","0","0","","income-service","","","0","0","","","","","ASLAN-CC124-Caress-Colour","ASLAN-CC124-Caress-Colour","","","0","ASLAN-TF200, Heavy-Duty-Application-Roller, Rollepro, Olfa_X_Design_Heavy_Duty_Knife, Olfa_Graphic_Cutter, Swann_Morton_3_Handle, Swann_Morton_10A_Blades,","ASLAN-TF200, Heavy-Duty-Application-Roller, Rollepro, Olfa_X_Design_Heavy_Duty_Knife, Olfa_Graphic_Cutter, Swann_Morton_3_Handle, Swann_Morton_10A_Blades,","A","","","","","","","","","","","","","","","ASLAN-CC12413-Blue-Caress-Colour","0","velvet, flock, caress, tactile, haptic, suede, soft, fluffy, fuzzy, CC124, ASLAN, caress colour, velvet flock, velvet vinyl, flock vinyl, self adhesive, suede vinyl, suede self adhesive, 
","","ASLAN CC12413 Blue Caress Colour is a 50 micron polyester film with a 400 micron surface coating of soft velvet flock fibres.  This light absorbing PVC Free film induces a luxurious feel, perfect for high end retail displays, shop-fitting, events and architectural applications as well as promotional use and exhibition displays.  ASLAN CC124 series can be used for both full surface coverage as well as for plotter cutting graphics and logos to be applied to smooth even surfaces.","1675247582","0","","0","","CHECKBOX"
"12418","ASLAN Caress Colour 12418 Black","12418","Aslan","10","24","DEFAULT","","","","","0","ASLAN CC12418 Black Caress Colour is a 50 micron polyester film with a 400 micron surface coating of soft velvet flock fibres.","<html>

<head><title>ASLAN-CC12418-Black-Caress-Colour</title>

<style>
.responsive {
  width: 50%;
  height: auto;
}
</style>
</head>

<body>
<img style=""width: 250px; height: 53px;"" alt=""Aslan Logo"" src=""media/ecom/onpagegraphics/ASLAN_Logo_New.jpg"" class=""responsive""><br><br>

<p>ASLAN CC12418 Black Caress Colour is a 50 micron polyester film with a 400 micron surface coating of soft velvet flock fibres.</p>

<a><img style=""border: 0px solid ; width: 75px; height: 75px; float: right;"" alt=""pvc free""
src=""media/ecom/onpagegraphics/PVC_free_logo.png""></a>

<span style=""font-weight: bold; color: #d7328a;"">Structure:</span><br>
<ul><li>50<span>&#181;</span>m Polyester film + 400-450<span>&#181;</span>m flock fibres</li>
<li>Water based adhesive. Semi-permanent</li>
<li>Double sided PE coated paper - 140gm<sup>2</sup>
</li></ul>

<span style=""font-weight: bold; color: #d7328a;"">Suitability:</span><br>
<ul><li>Suitable for indoor applications to smooth flat surfaces</li>
<li>Light absorbing PVC free film induces a luxurious feel, perfect for high end retail displays, shop-fitting, events and architectural applications as well as promotional use and exhibition displays</li>
<li>Ideal for full surface coverage as well as plotter cutting graphics (Suggested cap height of minimum 10mm)</li>
<li>This film is to be applied dry using a roller. If plotting graphics or logos we recommend using <b><a href=""https://www.dorotape.co.uk/Item/ASLAN-TF200"" target=""_blank""><font color=""#d7328a"">ASLAN TF 200</font></a></b> as an application tape </li></ul>

<span style=""font-weight: bold; color: #d7328a;"">Advantages:</span><br>
<ul><li>Coated with a semi-permanent, transparent water-based adhesive that is easy to apply and removes easily and without residue from glass and metal surfaces</li>
<li>Flock surface is made up of very densely packed fibres for an opulent soft velvety feel</li>
<li>High level of colour fastness</li>
<li>If the surface appears flat, the fibres can be brushed or steamed to re-finish the surface</li>
<li>The flock surface can be cleaned with a little water and a light detergent
</li></ul>

<span style=""font-weight: bold; color: #d7328a;"">Technical Information:</span><br><br>
<a href=""media/ecom/pdfs/datasheets/TDS_CaressColour_ASLAN_CC_124_e.pdf"" target=""_blank""><img
style=""border: 0px solid ; width: 200px; height: 60px;"" alt=""ASLAN CC124 Caress Colour TDS""
src=""media/ecom/onpagegraphics/Datasheet.png""></a>
</body>
</html>","12418_Black.jpg","12418_Black.jpg","INVITEMS","DEFAULT-12418-DEFAULT-12418","","","0","0","0","","1","REGONLY","0","0","0","0","","","","SELECT","SELECT","0","","","","","0","0","","income-service","","","0","0","","","","","ASLAN-CC124-Caress-Colour","ASLAN-CC124-Caress-Colour","","","0","ASLAN-TF200, Heavy-Duty-Application-Roller, Rollepro, Olfa_X_Design_Heavy_Duty_Knife, Olfa_Graphic_Cutter, Swann_Morton_3_Handle, Swann_Morton_10A_Blades,","ASLAN-TF200, Heavy-Duty-Application-Roller, Rollepro, Olfa_X_Design_Heavy_Duty_Knife, Olfa_Graphic_Cutter, Swann_Morton_3_Handle, Swann_Morton_10A_Blades,","A","","","","","","","","","","","","","","","ASLAN-CC12418-Black-Caress-Colour","0","velvet, flock, caress, tactile, haptic, suede, soft, fluffy, fuzzy, CC124, ASLAN, caress colour, velvet flock, velvet vinyl, flock vinyl, self adhesive, suede vinyl, suede self adhesive,
","","ASLAN CC12418 Black Caress Colour is a 50 micron polyester film with a 400 micron surface coating of soft velvet flock fibres.  This light absorbing PVC Free film induces a luxurious feel, perfect for high end retail displays, shop-fitting, events and architectural applications as well as promotional use and exhibition displays.  ASLAN CC124 series can be used for both full surface coverage as well as for plotter cutting graphics and logos to be applied to smooth even surfaces.","1675164201","0","","0","","CHECKBOX"
"12419","ASLAN Caress Colour 12419 Lemon","12419","Aslan","90","24","DEFAULT","","","","","0","ASLAN CC12419 Lemon Caress Colour is a 50 micron polyester film with a 400 micron surface coating of soft velvet flock fibres.","<html>

<head><title>ASLAN-CC12419-Lemon-Caress-Colour</title>

<style>
.responsive {
  width: 50%;
  height: auto;
}
</style>
</head>

<body>
<img style=""width: 250px; height: 53px;"" alt=""Aslan Logo"" src=""media/ecom/onpagegraphics/ASLAN_Logo_New.jpg"" class=""responsive""><br><br>

<p>ASLAN CC12419 Lemon Caress Colour is a 50 micron polyester film with a 400 micron surface coating of soft velvet flock fibres.</p>

<a><img style=""border: 0px solid ; width: 75px; height: 75px; float: right;"" alt=""pvc free""
src=""media/ecom/onpagegraphics/PVC_free_logo.png""></a>

<span style=""font-weight: bold; color: #d7328a;"">Structure:</span><br>
<ul><li>50<span>&#181;</span>m Polyester film + 400-450<span>&#181;</span>m flock fibres</li>
<li>Water based adhesive. Semi-permanent</li>
<li>Double sided PE coated paper - 140gm<sup>2</sup>
</li></ul>

<span style=""font-weight: bold; color: #d7328a;"">Suitability:</span><br>
<ul><li>Suitable for indoor applications to smooth flat surfaces</li>
<li>Light absorbing PVC free film induces a luxurious feel, perfect for high end retail displays, shop-fitting, events and architectural applications as well as promotional use and exhibition displays</li>
<li>Ideal for full surface coverage as well as plotter cutting graphics (Suggested cap height of minimum 10mm)</li>
<li>This film is to be applied dry using a roller. If plotting graphics or logos we recommend using <b><a href=""https://www.dorotape.co.uk/Item/ASLAN-TF200"" target=""_blank""><font color=""#d7328a"">ASLAN TF 200</font></a></b> as an application tape </li></ul>

<span style=""font-weight: bold; color: #d7328a;"">Advantages:</span><br>
<ul><li>Coated with a semi-permanent, transparent water-based adhesive that is easy to apply and removes easily and without residue from glass and metal surfaces</li>
<li>Flock surface is made up of very densely packed fibres for an opulent soft velvety feel</li>
<li>High level of colour fastness</li>
<li>If the surface appears flat, the fibres can be brushed or steamed to re-finish the surface</li>
<li>The flock surface can be cleaned with a little water and a light detergent
</li></ul>

<span style=""font-weight: bold; color: #d7328a;"">Technical Information:</span><br><br>
<a href=""media/ecom/pdfs/datasheets/TDS_CaressColour_ASLAN_CC_124_e.pdf"" target=""_blank""><img
style=""border: 0px solid ; width: 200px; height: 60px;"" alt=""ASLAN CC124 Caress Colour TDS""
src=""media/ecom/onpagegraphics/Datasheet.png""></a>
</body>
</html>","12419_Lemon.jpg","12419_Lemon.jpg","INVITEMS","DEFAULT-12419-DEFAULT-12419","","","0","0","0","","1","REGONLY","0","0","0","0","","","","SELECT","SELECT","0","","","","","0","0","","income-service","","","0","0","","","","","ASLAN-CC124-Caress-Colour","ASLAN-CC124-Caress-Colour","","","0","ASLAN-TF200, Heavy-Duty-Application-Roller, Rollepro, Olfa_X_Design_Heavy_Duty_Knife, Olfa_Graphic_Cutter, Swann_Morton_3_Handle, Swann_Morton_10A_Blades,","ASLAN-TF200, Heavy-Duty-Application-Roller, Rollepro, Olfa_X_Design_Heavy_Duty_Knife, Olfa_Graphic_Cutter, Swann_Morton_3_Handle, Swann_Morton_10A_Blades,","A","","","","","","","","","","","","","","","ASLAN-CC12419-Lemon-Caress-Colour","0","velvet, flock, caress, tactile, haptic, suede, soft, fluffy, fuzzy, CC124, ASLAN, caress colour, velvet flock, velvet vinyl, flock vinyl, self adhesive, suede vinyl, suede self adhesive,
","","ASLAN CC12419 Lemon Caress Colour is a 50 micron polyester film with a 400 micron surface coating of soft velvet flock fibres.  This light absorbing PVC Free film induces a luxurious feel, perfect for high end retail displays, shop-fitting, events and architectural applications as well as promotional use and exhibition displays.  ASLAN CC124 series can be used for both full surface coverage as well as for plotter cutting graphics and logos to be applied to smooth even surfaces.","1675244909","0","","0","","CHECKBOX"
"12420","ASLAN Caress Colour 12420 Neon Yellow","12420","Aslan","150","24","DEFAULT","","","","","0","ASLAN CC12420 Neon Yellow Caress Colour is a 50 micron polyester film with a 400 micron surface coating of soft velvet flock fibres.","<html>

<head><title>ASLAN-CC12420-Neon-Yellow-Caress-Colour</title>

<style>
.responsive {
  width: 50%;
  height: auto;
}
</style>
</head>

<body>
<img style=""width: 250px; height: 53px;"" alt=""Aslan Logo"" src=""media/ecom/onpagegraphics/ASLAN_Logo_New.jpg"" class=""responsive""><br><br>

<p>ASLAN CC12420 Neon Yellow Caress Colour is a 50 micron polyester film with a 400 micron surface coating of soft velvet flock fibres.</p>

<a><img style=""border: 0px solid ; width: 75px; height: 75px; float: right;"" alt=""pvc free""
src=""media/ecom/onpagegraphics/PVC_free_logo.png""></a>

<span style=""font-weight: bold; color: #d7328a;"">Structure:</span><br>
<ul><li>50<span>&#181;</span>m Polyester film + 400-450<span>&#181;</span>m flock fibres</li>
<li>Water based adhesive. Semi-permanent</li>
<li>Double sided PE coated paper - 140gm<sup>2</sup>
</li></ul>

<span style=""font-weight: bold; color: #d7328a;"">Suitability:</span><br>
<ul><li>Suitable for indoor applications to smooth flat surfaces</li>
<li>Light absorbing PVC free film induces a luxurious feel, perfect for high end retail displays, shop-fitting, events and architectural applications as well as promotional use and exhibition displays</li>
<li>Ideal for full surface coverage as well as plotter cutting graphics (Suggested cap height of minimum 10mm)</li>
<li>This film is to be applied dry using a roller. If plotting graphics or logos we recommend using <b><a href=""https://www.dorotape.co.uk/Item/ASLAN-TF200"" target=""_blank""><font color=""#d7328a"">ASLAN TF 200</font></a></b> as an application tape </li></ul>

<span style=""font-weight: bold; color: #d7328a;"">Advantages:</span><br>
<ul><li>Coated with a semi-permanent, transparent water-based adhesive that is easy to apply and removes easily and without residue from glass and metal surfaces</li>
<li>Flock surface is made up of very densely packed fibres for an opulent soft velvety feel</li>
<li>High level of colour fastness</li>
<li>If the surface appears flat, the fibres can be brushed or steamed to re-finish the surface</li>
<li>The flock surface can be cleaned with a little water and a light detergent
</li></ul>

<span style=""font-weight: bold; color: #d7328a;"">Technical Information:</span><br><br>
<a href=""media/ecom/pdfs/datasheets/TDS_CaressColour_ASLAN_CC_124_e.pdf"" target=""_blank""><img
style=""border: 0px solid ; width: 200px; height: 60px;"" alt=""ASLAN CC124 Caress Colour TDS""
src=""media/ecom/onpagegraphics/Datasheet.png""></a>
</body>
</html>","12420_Neon_Yellow.jpg","12420_Neon_Yellow.jpg","INVITEMS","DEFAULT-12420-DEFAULT-12420","","","0","0","0","","1","REGONLY","0","0","0","0","","","","SELECT","SELECT","0","","","","","0","0","","income-service","","","0","0","","","","","ASLAN-CC124-Caress-Colour","ASLAN-CC124-Caress-Colour","","","0","ASLAN-TF200, Heavy-Duty-Application-Roller, Rollepro, Olfa_X_Design_Heavy_Duty_Knife, Olfa_Graphic_Cutter, Swann_Morton_3_Handle, Swann_Morton_10A_Blades,","ASLAN-TF200, Heavy-Duty-Application-Roller, Rollepro, Olfa_X_Design_Heavy_Duty_Knife, Olfa_Graphic_Cutter, Swann_Morton_3_Handle, Swann_Morton_10A_Blades,","A","","","","","","","","","","","","","","","ASLAN-CC12420-Neon-Yellow-Caress-Colour","0","velvet, flock, caress, tactile, haptic, suede, soft, fluffy, fuzzy, CC124, ASLAN, caress colour, velvet flock, velvet vinyl, flock vinyl, self adhesive, suede vinyl, suede self adhesive, 
","","ASLAN CC12420 Neon Yellow Caress Colour is a 50 micron polyester film with a 400 micron surface coating of soft velvet flock fibres.  This light absorbing PVC Free film induces a luxurious feel, perfect for high end retail displays, shop-fitting, events and architectural applications as well as promotional use and exhibition displays.  ASLAN CC124 series can be used for both full surface coverage as well as for plotter cutting graphics and logos to be applied to smooth even surfaces.","1675249374","0","","0","","CHECKBOX"
"12422","ASLAN Caress Colour 12422 Orange","12422","Aslan","60","24","DEFAULT","","","","","0","ASLAN CC12422 Orange Caress Colour is a 50 micron polyester film with a 400 micron surface coating of soft velvet flock fibres.","<html>

<head><title>ASLAN-CC12422-Orange-Caress-Colour</title>

<style>
.responsive {
  width: 50%;
  height: auto;
}
</style>
</head>

<body>
<img style=""width: 250px; height: 53px;"" alt=""Aslan Logo"" src=""media/ecom/onpagegraphics/ASLAN_Logo_New.jpg"" class=""responsive""><br><br>

<p>ASLAN CC12422 Orange Caress Colour is a 50 micron polyester film with a 400 micron surface coating of soft velvet flock fibres.</p>

<a><img style=""border: 0px solid ; width: 75px; height: 75px; float: right;"" alt=""pvc free""
src=""media/ecom/onpagegraphics/PVC_free_logo.png""></a>

<span style=""font-weight: bold; color: #d7328a;"">Structure:</span><br>
<ul><li>50<span>&#181;</span>m Polyester film + 400-450<span>&#181;</span>m flock fibres</li>
<li>Water based adhesive. Semi-permanent</li>
<li>Double sided PE coated paper - 140gm<sup>2</sup>
</li></ul>

<span style=""font-weight: bold; color: #d7328a;"">Suitability:</span><br>
<ul><li>Suitable for indoor applications to smooth flat surfaces</li>
<li>Light absorbing PVC free film induces a luxurious feel, perfect for high end retail displays, shop-fitting, events and architectural applications as well as promotional use and exhibition displays</li>
<li>Ideal for full surface coverage as well as plotter cutting graphics (Suggested cap height of minimum 10mm)</li>
<li>This film is to be applied dry using a roller. If plotting graphics or logos we recommend using <b><a href=""https://www.dorotape.co.uk/Item/ASLAN-TF200"" target=""_blank""><font color=""#d7328a"">ASLAN TF 200</font></a></b> as an application tape </li></ul>

<span style=""font-weight: bold; color: #d7328a;"">Advantages:</span><br>
<ul><li>Coated with a semi-permanent, transparent water-based adhesive that is easy to apply and removes easily and without residue from glass and metal surfaces</li>
<li>Flock surface is made up of very densely packed fibres for an opulent soft velvety feel</li>
<li>High level of colour fastness</li>
<li>If the surface appears flat, the fibres can be brushed or steamed to re-finish the surface</li>
<li>The flock surface can be cleaned with a little water and a light detergent
</li></ul>

<span style=""font-weight: bold; color: #d7328a;"">Technical Information:</span><br><br>
<a href=""media/ecom/pdfs/datasheets/TDS_CaressColour_ASLAN_CC_124_e.pdf"" target=""_blank""><img
style=""border: 0px solid ; width: 200px; height: 60px;"" alt=""ASLAN CC124 Caress Colour TDS""
src=""media/ecom/onpagegraphics/Datasheet.png""></a>
</body>
</html>","12422_Orange.jpg","12422_Orange.jpg","INVITEMS","DEFAULT-12422-DEFAULT-12422","","","0","0","0","","1","REGONLY","0","0","0","0","","","","SELECT","SELECT","0","","","","","0","0","","income-service","","","0","0","","","","","ASLAN-CC124-Caress-Colour","ASLAN-CC124-Caress-Colour","","","0","ASLAN-TF200, Heavy-Duty-Application-Roller, Rollepro, Olfa_X_Design_Heavy_Duty_Knife, Olfa_Graphic_Cutter, Swann_Morton_3_Handle, Swann_Morton_10A_Blades,","ASLAN-TF200, Heavy-Duty-Application-Roller, Rollepro, Olfa_X_Design_Heavy_Duty_Knife, Olfa_Graphic_Cutter, Swann_Morton_3_Handle, Swann_Morton_10A_Blades,","A","","","","","","","","","","","","","","","ASLAN-CC12422-Orange-Caress-Colour","0","velvet, flock, caress, tactile, haptic, suede, soft, fluffy, fuzzy, CC124, ASLAN, caress colour, velvet flock, velvet vinyl, flock vinyl, self adhesive, suede vinyl, suede self adhesive, 
","","ASLAN CC12422 Orange Caress Colour is a 50 micron polyester film with a 400 micron surface coating of soft velvet flock fibres.  This light absorbing PVC Free film induces a luxurious feel, perfect for high end retail displays, shop-fitting, events and architectural applications as well as promotional use and exhibition displays.  ASLAN CC124 series can be used for both full surface coverage as well as for plotter cutting graphics and logos to be applied to smooth even surfaces.","1675172222","0","","0","","CHECKBOX"
"12423","ASLAN Caress Colour 12423 Magenta","12423","Aslan","50","24","DEFAULT","","","","","0","ASLAN CC12423 Magenta Caress Colour is a 50 micron polyester film with a 400 micron surface coating of soft velvet flock fibres.","<html>

<head><title>ASLAN-CC12423-Magenta-Caress-Colour</title>

<style>
.responsive {
  width: 50%;
  height: auto;
}
</style>
</head>

<body>
<img style=""width: 250px; height: 53px;"" alt=""Aslan Logo"" src=""media/ecom/onpagegraphics/ASLAN_Logo_New.jpg"" class=""responsive""><br><br>

<p>ASLAN CC12423 Magenta Caress Colour is a 50 micron polyester film with a 400 micron surface coating of soft velvet flock fibres.</p>

<a><img style=""border: 0px solid ; width: 75px; height: 75px; float: right;"" alt=""pvc free""
src=""media/ecom/onpagegraphics/PVC_free_logo.png""></a>

<span style=""font-weight: bold; color: #d7328a;"">Structure:</span><br>
<ul><li>50<span>&#181;</span>m Polyester film + 400-450<span>&#181;</span>m flock fibres</li>
<li>Water based adhesive. Semi-permanent</li>
<li>Double sided PE coated paper - 140gm<sup>2</sup>
</li></ul>

<span style=""font-weight: bold; color: #d7328a;"">Suitability:</span><br>
<ul><li>Suitable for indoor applications to smooth flat surfaces</li>
<li>Light absorbing PVC free film induces a luxurious feel, perfect for high end retail displays, shop-fitting, events and architectural applications as well as promotional use and exhibition displays</li>
<li>Ideal for full surface coverage as well as plotter cutting graphics (Suggested cap height of minimum 10mm)</li>
<li>This film is to be applied dry using a roller. If plotting graphics or logos we recommend using <b><a href=""https://www.dorotape.co.uk/Item/ASLAN-TF200"" target=""_blank""><font color=""#d7328a"">ASLAN TF 200</font></a></b> as an application tape </li></ul>

<span style=""font-weight: bold; color: #d7328a;"">Advantages:</span><br>
<ul><li>Coated with a semi-permanent, transparent water-based adhesive that is easy to apply and removes easily and without residue from glass and metal surfaces</li>
<li>Flock surface is made up of very densely packed fibres for an opulent soft velvety feel</li>
<li>High level of colour fastness</li>
<li>If the surface appears flat, the fibres can be brushed or steamed to re-finish the surface</li>
<li>The flock surface can be cleaned with a little water and a light detergent
</li></ul>

<span style=""font-weight: bold; color: #d7328a;"">Technical Information:</span><br><br>
<a href=""media/ecom/pdfs/datasheets/TDS_CaressColour_ASLAN_CC_124_e.pdf"" target=""_blank""><img
style=""border: 0px solid ; width: 200px; height: 60px;"" alt=""ASLAN CC124 Caress Colour TDS""
src=""media/ecom/onpagegraphics/Datasheet.png""></a>
</body>
</html>","12423_Magenta.jpg","12423_Magenta.jpg","INVITEMS","DEFAULT-12423-DEFAULT-12423","","","0","0","0","","1","REGONLY","0","0","0","0","","","","SELECT","SELECT","0","","","","","0","0","","income-service","","","0","0","","","","","ASLAN-CC124-Caress-Colour","ASLAN-CC124-Caress-Colour","","","0","ASLAN-TF200, Heavy-Duty-Application-Roller, Rollepro, Olfa_X_Design_Heavy_Duty_Knife, Olfa_Graphic_Cutter, Swann_Morton_3_Handle, Swann_Morton_10A_Blades,","ASLAN-TF200, Heavy-Duty-Application-Roller, Rollepro, Olfa_X_Design_Heavy_Duty_Knife, Olfa_Graphic_Cutter, Swann_Morton_3_Handle, Swann_Morton_10A_Blades,","A","","","","","","","","","","","","","","","ASLAN-CC12423-Magenta-Caress-Colour","0","velvet, flock, caress, tactile, haptic, suede, soft, fluffy, fuzzy, CC124, ASLAN, caress colour, velvet flock, velvet vinyl, flock vinyl, self adhesive, suede vinyl, suede self adhesive,
","","ASLAN CC12423 Magenta Caress Colour is a 50 micron polyester film with a 400 micron surface coating of soft velvet flock fibres.  This light absorbing PVC Free film induces a luxurious feel, perfect for high end retail displays, shop-fitting, events and architectural applications as well as promotional use and exhibition displays.  ASLAN CC124 series can be used for both full surface coverage as well as for plotter cutting graphics and logos to be applied to smooth even surfaces.","1675171490","0","","0","","CHECKBOX"
"12425","ASLAN Caress Colour 12425 Neon Green","12425","Aslan","140","24","DEFAULT","","","","","0","ASLAN CC12425 Neon Green Caress Colour is a 50 micron polyester film with a 400 micron surface coating of soft velvet flock fibres.","<html>

<head><title>ASLAN-CC12425-Neon Green-Caress-Colour</title>

<style>
.responsive {
  width: 50%;
  height: auto;
}
</style>
</head>

<body>
<img style=""width: 250px; height: 53px;"" alt=""Aslan Logo"" src=""media/ecom/onpagegraphics/ASLAN_Logo_New.jpg"" class=""responsive""><br><br>

<p>ASLAN CC12425 Neon Green Caress Colour is a 50 micron polyester film with a 400 micron surface coating of soft velvet flock fibres.</p>

<a><img style=""border: 0px solid ; width: 75px; height: 75px; float: right;"" alt=""pvc free""
src=""media/ecom/onpagegraphics/PVC_free_logo.png""></a>

<span style=""font-weight: bold; color: #d7328a;"">Structure:</span><br>
<ul><li>50<span>&#181;</span>m Polyester film + 400-450<span>&#181;</span>m flock fibres</li>
<li>Water based adhesive. Semi-permanent</li>
<li>Double sided PE coated paper - 140gm<sup>2</sup>
</li></ul>

<span style=""font-weight: bold; color: #d7328a;"">Suitability:</span><br>
<ul><li>Suitable for indoor applications to smooth flat surfaces</li>
<li>Light absorbing PVC free film induces a luxurious feel, perfect for high end retail displays, shop-fitting, events and architectural applications as well as promotional use and exhibition displays</li>
<li>Ideal for full surface coverage as well as plotter cutting graphics (Suggested cap height of minimum 10mm)</li>
<li>This film is to be applied dry using a roller. If plotting graphics or logos we recommend using <b><a href=""https://www.dorotape.co.uk/Item/ASLAN-TF200"" target=""_blank""><font color=""#d7328a"">ASLAN TF 200</font></a></b> as an application tape </li></ul>

<span style=""font-weight: bold; color: #d7328a;"">Advantages:</span><br>
<ul><li>Coated with a semi-permanent, transparent water-based adhesive that is easy to apply and removes easily and without residue from glass and metal surfaces</li>
<li>Flock surface is made up of very densely packed fibres for an opulent soft velvety feel</li>
<li>High level of colour fastness</li>
<li>If the surface appears flat, the fibres can be brushed or steamed to re-finish the surface</li>
<li>The flock surface can be cleaned with a little water and a light detergent
</li></ul>

<span style=""font-weight: bold; color: #d7328a;"">Technical Information:</span><br><br>
<a href=""media/ecom/pdfs/datasheets/TDS_CaressColour_ASLAN_CC_124_e.pdf"" target=""_blank""><img
style=""border: 0px solid ; width: 200px; height: 60px;"" alt=""ASLAN CC124 Caress Colour TDS""
src=""media/ecom/onpagegraphics/Datasheet.png""></a>
</body>
</html>","12425_Neon_Green.jpg","12425_Neon_Green.jpg","INVITEMS","DEFAULT-12425-DEFAULT-12425","","","0","0","0","","1","REGONLY","0","0","0","0","","","","SELECT","SELECT","0","","","","","0","0","","income-service","","","0","0","","","","","ASLAN-CC124-Caress-Colour","ASLAN-CC124-Caress-Colour","","","0","ASLAN-TF200, Heavy-Duty-Application-Roller, Rollepro, Olfa_X_Design_Heavy_Duty_Knife, Olfa_Graphic_Cutter, Swann_Morton_3_Handle, Swann_Morton_10A_Blades,","ASLAN-TF200, Heavy-Duty-Application-Roller, Rollepro, Olfa_X_Design_Heavy_Duty_Knife, Olfa_Graphic_Cutter, Swann_Morton_3_Handle, Swann_Morton_10A_Blades,","A","","","","","","","","","","","","","","","ASLAN-CC12425-Neon-Green-Caress-Colour","0","velvet, flock, caress, tactile, haptic, suede, soft, fluffy, fuzzy, CC124, ASLAN, caress colour, velvet flock, velvet vinyl, flock vinyl, self adhesive, suede vinyl, suede self adhesive,
","","ASLAN CC12425 Neon Green Caress Colour is a 50 micron polyester film with a 400 micron surface coating of soft velvet flock fibres.  This light absorbing PVC Free film induces a luxurious feel, perfect for high end retail displays, shop-fitting, events and architectural applications as well as promotional use and exhibition displays.  ASLAN CC124 series can be used for both full surface coverage as well as for plotter cutting graphics and logos to be applied to smooth even surfaces.","1675249229","0","","0","","CHECKBOX"
"12427","ASLAN Caress Colour 12427 Grey","12427","Aslan","30","24","DEFAULT","","","","","0","ASLAN CC12427 Grey Caress Colour is a 50 micron polyester film with a 400 micron surface coating of soft velvet flock fibres.","<html>

<head><title>ASLAN-CC12427-Grey-Caress-Colour</title>

<style>
.responsive {
  width: 50%;
  height: auto;
}
</style>
</head>

<body>
<img style=""width: 250px; height: 53px;"" alt=""Aslan Logo"" src=""media/ecom/onpagegraphics/ASLAN_Logo_New.jpg"" class=""responsive""><br><br>

<p>ASLAN CC12427 Grey Caress Colour is a 50 micron polyester film with a 400 micron surface coating of soft velvet flock fibres.</p>

<a><img style=""border: 0px solid ; width: 75px; height: 75px; float: right;"" alt=""pvc free""
src=""media/ecom/onpagegraphics/PVC_free_logo.png""></a>

<span style=""font-weight: bold; color: #d7328a;"">Structure:</span><br>
<ul><li>50<span>&#181;</span>m Polyester film + 400-450<span>&#181;</span>m flock fibres</li>
<li>Water based adhesive. Semi-permanent</li>
<li>Double sided PE coated paper - 140gm<sup>2</sup>
</li></ul>

<span style=""font-weight: bold; color: #d7328a;"">Suitability:</span><br>
<ul><li>Suitable for indoor applications to smooth flat surfaces</li>
<li>Light absorbing PVC free film induces a luxurious feel, perfect for high end retail displays, shop-fitting, events and architectural applications as well as promotional use and exhibition displays</li>
<li>Ideal for full surface coverage as well as plotter cutting graphics (Suggested cap height of minimum 10mm)</li>
<li>This film is to be applied dry using a roller. If plotting graphics or logos we recommend using <b><a href=""https://www.dorotape.co.uk/Item/ASLAN-TF200"" target=""_blank""><font color=""#d7328a"">ASLAN TF 200</font></a></b> as an application tape </li></ul>

<span style=""font-weight: bold; color: #d7328a;"">Advantages:</span><br>
<ul><li>Coated with a semi-permanent, transparent water-based adhesive that is easy to apply and removes easily and without residue from glass and metal surfaces</li>
<li>Flock surface is made up of very densely packed fibres for an opulent soft velvety feel</li>
<li>High level of colour fastness</li>
<li>If the surface appears flat, the fibres can be brushed or steamed to re-finish the surface</li>
<li>The flock surface can be cleaned with a little water and a light detergent
</li></ul>

<span style=""font-weight: bold; color: #d7328a;"">Technical Information:</span><br><br>
<a href=""media/ecom/pdfs/datasheets/TDS_CaressColour_ASLAN_CC_124_e.pdf"" target=""_blank""><img
style=""border: 0px solid ; width: 200px; height: 60px;"" alt=""ASLAN CC124 Caress Colour TDS""
src=""media/ecom/onpagegraphics/Datasheet.png""></a>
</body>
</html>","12427_Grey.jpg","12427_Grey.jpg","INVITEMS","DEFAULT-12427-DEFAULT-12427","","","0","0","0","","1","REGONLY","0","0","0","0","","","","SELECT","SELECT","0","","","","","0","0","","income-service","","","0","0","","","","","ASLAN-CC124-Caress-Colour","ASLAN-CC124-Caress-Colour","","","0","ASLAN-TF200, Heavy-Duty-Application-Roller, Rollepro, Olfa_X_Design_Heavy_Duty_Knife, Olfa_Graphic_Cutter, Swann_Morton_3_Handle, Swann_Morton_10A_Blades,","ASLAN-TF200, Heavy-Duty-Application-Roller, Rollepro, Olfa_X_Design_Heavy_Duty_Knife, Olfa_Graphic_Cutter, Swann_Morton_3_Handle, Swann_Morton_10A_Blades,","A","","","","","","","","","","","","","","","ASLAN-CC12427-Grey-Caress-Colour","0","velvet, flock, caress, tactile, haptic, suede, soft, fluffy, fuzzy, CC124, ASLAN, caress colour, velvet flock, velvet vinyl, flock vinyl, self adhesive, suede vinyl, suede self adhesive,
","","ASLAN CC12427 Grey Caress Colour is a 50 micron polyester film with a 400 micron surface coating of soft velvet flock fibres.  This light absorbing PVC Free film induces a luxurious feel, perfect for high end retail displays, shop-fitting, events and architectural applications as well as promotional use and exhibition displays.  ASLAN CC124 series can be used for both full surface coverage as well as for plotter cutting graphics and logos to be applied to smooth even surfaces.","1675171290","0","","0","","CHECKBOX"
"12440","ASLAN Caress Colour 12440 Green","12440","Aslan","120","24","DEFAULT","","","","","0","ASLAN CC12440 Green Caress Colour is a 50 micron polyester film with a 400 micron surface coating of soft velvet flock fibres.","<html>

<head><title>ASLAN-CC12440-Green-Caress-Colour</title>

<style>
.responsive {
  width: 50%;
  height: auto;
}
</style>
</head>

<body>
<img style=""width: 250px; height: 53px;"" alt=""Aslan Logo"" src=""media/ecom/onpagegraphics/ASLAN_Logo_New.jpg"" class=""responsive""><br><br>

<p>ASLAN CC12440 Green Caress Colour is a 50 micron polyester film with a 400 micron surface coating of soft velvet flock fibres.</p>

<a><img style=""border: 0px solid ; width: 75px; height: 75px; float: right;"" alt=""pvc free""
src=""media/ecom/onpagegraphics/PVC_free_logo.png""></a>

<span style=""font-weight: bold; color: #d7328a;"">Structure:</span><br>
<ul><li>50<span>&#181;</span>m Polyester film + 400-450<span>&#181;</span>m flock fibres</li>
<li>Water based adhesive. Semi-permanent</li>
<li>Double sided PE coated paper - 140gm<sup>2</sup>
</li></ul>

<span style=""font-weight: bold; color: #d7328a;"">Suitability:</span><br>
<ul><li>Suitable for indoor applications to smooth flat surfaces</li>
<li>Light absorbing PVC free film induces a luxurious feel, perfect for high end retail displays, shop-fitting, events and architectural applications as well as promotional use and exhibition displays</li>
<li>Ideal for full surface coverage as well as plotter cutting graphics (Suggested cap height of minimum 10mm)</li>
<li>This film is to be applied dry using a roller. If plotting graphics or logos we recommend using <b><a href=""https://www.dorotape.co.uk/Item/ASLAN-TF200"" target=""_blank""><font color=""#d7328a"">ASLAN TF 200</font></a></b> as an application tape </li></ul>

<span style=""font-weight: bold; color: #d7328a;"">Advantages:</span><br>
<ul><li>Coated with a semi-permanent, transparent water-based adhesive that is easy to apply and removes easily and without residue from glass and metal surfaces</li>
<li>Flock surface is made up of very densely packed fibres for an opulent soft velvety feel</li>
<li>High level of colour fastness</li>
<li>If the surface appears flat, the fibres can be brushed or steamed to re-finish the surface</li>
<li>The flock surface can be cleaned with a little water and a light detergent
</li></ul>

<span style=""font-weight: bold; color: #d7328a;"">Technical Information:</span><br><br>
<a href=""media/ecom/pdfs/datasheets/TDS_CaressColour_ASLAN_CC_124_e.pdf"" target=""_blank""><img
style=""border: 0px solid ; width: 200px; height: 60px;"" alt=""ASLAN CC124 Caress Colour TDS""
src=""media/ecom/onpagegraphics/Datasheet.png""></a>
</body>
</html>","12440_Green.jpg","12440_Green.jpg","INVITEMS","DEFAULT-12440-DEFAULT-12440","","","0","0","0","","1","REGONLY","0","0","0","0","","","","SELECT","SELECT","0","","","","","0","0","","income-service","","","0","0","","","","","ASLAN-CC124-Caress-Colour","ASLAN-CC124-Caress-Colour","","","0","ASLAN-TF200, Heavy-Duty-Application-Roller, Rollepro, Olfa_X_Design_Heavy_Duty_Knife, Olfa_Graphic_Cutter, Swann_Morton_3_Handle, Swann_Morton_10A_Blades,","ASLAN-TF200, Heavy-Duty-Application-Roller, Rollepro, Olfa_X_Design_Heavy_Duty_Knife, Olfa_Graphic_Cutter, Swann_Morton_3_Handle, Swann_Morton_10A_Blades,","A","","","","","","","","","","","","","","","ASLAN-CC12440-Green-Caress-Colour","0","velvet, flock, caress, tactile, haptic, suede, soft, fluffy, fuzzy, CC124, ASLAN, caress colour, velvet flock, velvet vinyl, flock vinyl, self adhesive, suede vinyl, suede self adhesive, 
","","ASLAN CC12440 Green Caress Colour is a 50 micron polyester film with a 400 micron surface coating of soft velvet flock fibres.  This light absorbing PVC Free film induces a luxurious feel, perfect for high end retail displays, shop-fitting, events and architectural applications as well as promotional use and exhibition displays.  ASLAN CC124 series can be used for both full surface coverage as well as for plotter cutting graphics and logos to be applied to smooth even surfaces.","1675248653","0","","0","","CHECKBOX"
"12492","ASLAN Caress Colour 12492 Neon Orange","12492","Aslan","130","24","DEFAULT","","","","","0","ASLAN CC12492 Neon Orange Caress Colour is a 50 micron polyester film with a 400 micron surface coating of soft velvet flock fibres.","<html>

<head><title>ASLAN-CC12492-Neon-Orange-Caress-Colour</title>

<style>
.responsive {
  width: 50%;
  height: auto;
}
</style>
</head>

<body>
<img style=""width: 250px; height: 53px;"" alt=""Aslan Logo"" src=""media/ecom/onpagegraphics/ASLAN_Logo_New.jpg"" class=""responsive""><br><br>

<p>ASLAN CC12492 Neon Orange Caress Colour is a 50 micron polyester film with a 400 micron surface coating of soft velvet flock fibres.</p>

<a><img style=""border: 0px solid ; width: 75px; height: 75px; float: right;"" alt=""pvc free""
src=""media/ecom/onpagegraphics/PVC_free_logo.png""></a>

<span style=""font-weight: bold; color: #d7328a;"">Structure:</span><br>
<ul><li>50<span>&#181;</span>m Polyester film + 400-450<span>&#181;</span>m flock fibres</li>
<li>Water based adhesive. Semi-permanent</li>
<li>Double sided PE coated paper - 140gm<sup>2</sup>
</li></ul>

<span style=""font-weight: bold; color: #d7328a;"">Suitability:</span><br>
<ul><li>Suitable for indoor applications to smooth flat surfaces</li>
<li>Light absorbing PVC free film induces a luxurious feel, perfect for high end retail displays, shop-fitting, events and architectural applications as well as promotional use and exhibition displays</li>
<li>Ideal for full surface coverage as well as plotter cutting graphics (Suggested cap height of minimum 10mm)</li>
<li>This film is to be applied dry using a roller. If plotting graphics or logos we recommend using <b><a href=""https://www.dorotape.co.uk/Item/ASLAN-TF200"" target=""_blank""><font color=""#d7328a"">ASLAN TF 200</font></a></b> as an application tape </li></ul>

<span style=""font-weight: bold; color: #d7328a;"">Advantages:</span><br>
<ul><li>Coated with a semi-permanent, transparent water-based adhesive that is easy to apply and removes easily and without residue from glass and metal surfaces</li>
<li>Flock surface is made up of very densely packed fibres for an opulent soft velvety feel</li>
<li>High level of colour fastness</li>
<li>If the surface appears flat, the fibres can be brushed or steamed to re-finish the surface</li>
<li>The flock surface can be cleaned with a little water and a light detergent
</li></ul>

<span style=""font-weight: bold; color: #d7328a;"">Technical Information:</span><br><br>
<a href=""media/ecom/pdfs/datasheets/TDS_CaressColour_ASLAN_CC_124_e.pdf"" target=""_blank""><img
style=""border: 0px solid ; width: 200px; height: 60px;"" alt=""ASLAN CC124 Caress Colour TDS""
src=""media/ecom/onpagegraphics/Datasheet.png""></a>
</body>
</html>","12492_Neon_Orange.jpg","12492_Neon_Orange.jpg","INVITEMS","DEFAULT-12492-DEFAULT-12492","","","0","0","0","","1","REGONLY","0","0","0","0","","","","SELECT","SELECT","0","","","","","0","0","","income-service","","","0","0","","","","","ASLAN-CC124-Caress-Colour","ASLAN-CC124-Caress-Colour","","","0","ASLAN-TF200, Heavy-Duty-Application-Roller, Rollepro, Olfa_X_Design_Heavy_Duty_Knife, Olfa_Graphic_Cutter, Swann_Morton_3_Handle, Swann_Morton_10A_Blades,","ASLAN-TF200, Heavy-Duty-Application-Roller, Rollepro, Olfa_X_Design_Heavy_Duty_Knife, Olfa_Graphic_Cutter, Swann_Morton_3_Handle, Swann_Morton_10A_Blades,","A","","","","","","","","","","","","","","","ASLAN-CC12492-Neon-Orange-Caress-Colour","0","velvet, flock, caress, tactile, haptic, suede, soft, fluffy, fuzzy, CC124, ASLAN, caress colour, velvet flock, velvet vinyl, flock vinyl, self adhesive, suede vinyl, suede self adhesive, 
","","ASLAN CC12492 Neon Orange Caress Colour is a 50 micron polyester film with a 400 micron surface coating of soft velvet flock fibres.  This light absorbing PVC Free film induces a luxurious feel, perfect for high end retail displays, shop-fitting, events and architectural applications as well as promotional use and exhibition displays.  ASLAN CC124 series can be used for both full surface coverage as well as for plotter cutting graphics and logos to be applied to smooth even surfaces.","1675248949","0","","0","","CHECKBOX"
"13101","ASLAN 13101 Polished Rose Gold","13101","Aslan","4","7","DEFAULT","","","","","0","ASLAN 13101 Polished Rose Gold has a highly polished surface with the same colour and finish on the adhesive side making it perfect for use onto glass and acrylic. The ASLAN CA23 range is fire Rated to Euroclass DIN EN 13501-1:2018 with classification B-s1-d0. Buy it by the metre.","<html>
<head><title>ASLAN CA23 13101 Polished Rose Gold</title>
</head>
<body>
<img style=""height: 50px; width: 236px;"" alt=""Aslan logo""
src=""media/ecom/onpagegraphics/ASLAN_Logo_New.png""><br><br>

<p>ASLAN 13101 Polished Rose Gold from the CA23 range has a highly polished surface and is double sided so has the same colour and finish on the adhesive side making it perfect for use onto glass and acrylic.</p>

<a><img style=""border: 0px solid ; width: 75px; height: 75px; float: right;"" alt=""pvc free""
src=""media/ecom/onpagegraphics/PVC_free_logo.png""></a>

<span style=""font-weight: bold; color: #d7328a;"">Structure:</span>
<ul><li>50<span>&#181;</span>m Polyester</li>
<li>Special water-based adhesive - Semi-permanent</li>
<li>Premium quality siliconised backing liner - 140g/m<sup>2</sup>
</li></ul>

<span style=""font-weight: bold; color: #d7328a;"">Suitability:</span>
<ul><li>Highly polished surface for premium looking graphics and displays</li>
<li>Double sided metal effect so has the same colour and finish on the adhesive side making it perfect for use onto glass and acrylic</li>
<li>Designed for interior and exterior use on to smooth flat surfaces with a durability of up to 2 years</li>
<li>Ideal for producing high quality window graphics, displays and signage</li>
<li>Recommended for Dry Apply only</li>
<li>Edge sealing recommended to optimise durability
</li></ul>

<span style=""font-weight: bold; color: #d7328a;"">Advantages:</span>
<ul><li>The ASLAN CA23 range is free of PVC and phtalates</li>
<li>Up to 2 years outdoor durability</li>
<li>Double sided so has the same colour and finish on the adhesive side</li>
<li>High dimensional stability and no shrinkage</li>
<li>Water based (solvent free) adhesive</li>
<li>Metallisation made from recycled aluminium</li>
<li>Fire Rated to Euroclass DIN EN 13501-1:2018 with classification B-s1-d0
</li></ul>

<span style=""font-weight: bold; color: #d7328a;"">Technical Information:</span><br>
<ul><a href=""media/ecom/pdfs/datasheets/MetalEffect_ASLAN_CA23_e.pdf"" target=""_blank""><img
style=""border: 0px solid ; width: 200px; height: 60px;"" alt=""Aslan CA23 Datasheet""
src=""media/ecom/onpagegraphics/Datasheet.png""></a>
<a href=""media/ecom/pdfs/firecertificates/Classification Report MetalEffect ASLAN CA 23_EN 13501-1.pdf"" target=""_blank""><img
style=""border: 0px solid ; width: 200px; height: 60px;"" alt=""Aslan CA23 Euroclass Fire Resistance Certificate""
src=""media/ecom/onpagegraphics/Fire.png""></a>
<a href=""media/ecom/colselxl/Colourcard_ASLAN_Metaleffect.pdf"" target=""_blank""><img
style=""border: 0px solid ; width: 200px; height: 60px;"" alt=""Aslan Meteleffect Colour Selector""
src=""media/ecom/onpagegraphics/Colour.png""></a></ul>

</body>
</html>","13101-Polished-Rose-Gold.png","13101-Polished-Rose-Gold.png","INVITEMS","DEFAULT-13101-DEFAULT-13101","","","0","0","0","","1","REGONLY","0","0","0","0","","","","SELECT","SELECT","0","","","","","0","0","","income-service","","","0","0","","","","","Aslan_CA23","Aslan_CA23","","","0","Aslan_Red_Devil_Squeegee, Aslan-Gold-Soft-Squeegee, Aslan_Squeegee, Olfa_X_Design_Heavy_Duty_Knife, Olfa_Graphic_Cutter, Application_Gloves, Lint-Free-Gloves, Masking_Tape_25mm, Lint-Free-Cloths, ","Aslan_Red_Devil_Squeegee, Aslan-Gold-Soft-Squeegee, Aslan_Squeegee, Olfa_X_Design_Heavy_Duty_Knife, Olfa_Graphic_Cutter, Application_Gloves, Lint-Free-Gloves, Masking_Tape_25mm, Lint-Free-Cloths, ","A","","","","","","Polished","","","","","","","","","ASLAN-13101-Polished-Rose-Gold","0","aslan, ca23, metallised, metal, foil, polished, mirror, 13101, 13101k, mirri, chrome","","","1564507691","0","","0","","CHECKBOX"
"13102","ASLAN 13102 Polished Silver","13102","Aslan","1","7","DEFAULT","","","","","0","ASLAN 13102 Polished Silver has a highly polished surface with the same colour and finish on the adhesive side making it perfect for use onto glass and acrylic. The ASLAN CA23 range is fire Rated to Euroclass DIN EN 13501-1:2018 with classification B-s1-d0. Buy it by the metre.","<html>
<head><title>ASLAN CA23 13102 Polished Silver</title>
</head>
<body>
<img style=""height: 50px; width: 236px;"" alt=""Aslan logo""
src=""media/ecom/onpagegraphics/ASLAN_Logo_New.png""><br><br>

<p>ASLAN CA23 13102 Polished Silver from the CA23 range has a highly polished surface and is double sided so has the same colour and finish on the adhesive side making it perfect for use onto glass and acrylic.</p>

<a><img style=""border: 0px solid ; width: 75px; height: 75px; float: right;"" alt=""pvc free""
src=""media/ecom/onpagegraphics/PVC_free_logo.png""></a>

<span style=""font-weight: bold; color: #d7328a;"">Structure:</span>
<ul><li>50<span>&#181;</span>m Polyester</li>
<li>Special water-based adhesive - Semi-permanent</li>
<li>Premium quality siliconised backing liner - 140g/m<sup>2</sup>
</li></ul>

<span style=""font-weight: bold; color: #d7328a;"">Suitability:</span>
<ul><li>Highly polished surface for premium looking graphics and displays</li>
<li>Double sided metal effect so has the same colour and finish on the adhesive side making it perfect for use onto glass and acrylic</li>
<li>Designed for interior and exterior use on to smooth flat surfaces with a durability of up to 2 years</li>
<li>Ideal for producing high quality window graphics, displays and signage</li>
<li>Recommended for Dry Apply only</li>
<li>Edge sealing recommended to optimise durability
</li></ul>

<span style=""font-weight: bold; color: #d7328a;"">Advantages:</span>
<ul><li>The ASLAN CA23 range is free of PVC and phtalates</li>
<li>Up to 2 years outdoor durability</li>
<li>Double sided so has the same colour and finish on the adhesive side</li>
<li>High dimensional stability and no shrinkage</li>
<li>Water based (solvent free) adhesive</li>
<li>Metallisation made from recycled aluminium</li>
<li>Fire Rated to Euroclass DIN EN 13501-1:2018 with classification B-s1-d0
</li></ul>

<span style=""font-weight: bold; color: #d7328a;"">Technical Information:</span><br>
<ul><a href=""media/ecom/pdfs/datasheets/MetalEffect_ASLAN_CA23_e.pdf"" target=""_blank""><img
style=""border: 0px solid ; width: 200px; height: 60px;"" alt=""Aslan CA23 Datasheet""
src=""media/ecom/onpagegraphics/Datasheet.png""></a>
<a href=""media/ecom/pdfs/firecertificates/Classification Report MetalEffect ASLAN CA 23_EN 13501-1.pdf"" target=""_blank""><img
style=""border: 0px solid ; width: 200px; height: 60px;"" alt=""Aslan CA23 Euroclass Fire Resistance Certificate""
src=""media/ecom/onpagegraphics/Fire.png""></a>
<a href=""media/ecom/colselxl/Colourcard_ASLAN_Metaleffect.pdf"" target=""_blank""><img
style=""border: 0px solid ; width: 200px; height: 60px;"" alt=""Aslan Meteleffect Colour Selector""
src=""media/ecom/onpagegraphics/Colour.png""></a></ul>

</body>
</html>","13102-Polished-Silver.png","13102-Polished-Silver.png","INVITEMS","DEFAULT-13102-DEFAULT-13102","","","0","0","0","","1","REGONLY","0","0","0","0","","","","SELECT","SELECT","0","","","","","0","0","","income-service","","","0","0","","","","","Aslan_CA23","Aslan_CA23, Silver-Films","","","0","Aslan_Red_Devil_Squeegee, Aslan-Gold-Soft-Squeegee, Aslan_Squeegee, Olfa_X_Design_Heavy_Duty_Knife, Olfa_Graphic_Cutter, Application_Gloves, Lint-Free-Gloves, Masking_Tape_25mm, Lint-Free-Cloths, ","Aslan_Red_Devil_Squeegee, Aslan-Gold-Soft-Squeegee, Aslan_Squeegee, Olfa_X_Design_Heavy_Duty_Knife, Olfa_Graphic_Cutter, Application_Gloves, Lint-Free-Gloves, Masking_Tape_25mm, Lint-Free-Cloths, ","A","","","","","","Polished","","","","","","","","","ASLAN-13102-Polished-Silver","0","aslan, ca23, metallised, metal, foil, polished, mirror, 13102, 13102k, chrome, mirri","","","1564570125","0","","0","","CHECKBOX"
"13103","ASLAN 13103 Polished Gold","13103","Aslan","2","7","DEFAULT","","","","","0","ASLAN 13103 Polished Gold has a highly polished surface with the same colour and finish on the adhesive side making it perfect for use onto glass and acrylic. The ASLAN CA23 range is fire Rated to Euroclass DIN EN 13501-1:2018 with classification B-s1-d0. Buy it by the metre.","<html>
<head><title>ASLAN CA23 13103 Polished Gold</title>
</head>
<body>
<img style=""height: 50px; width: 236px;"" alt=""Aslan logo""
src=""media/ecom/onpagegraphics/ASLAN_Logo_New.png""><br><br>

<p>ASLAN CA23 13103 Polished Gold from the CA23 range has a highly polished surface and is double sided so has the same colour and finish on the adhesive side making it perfect for use onto glass and acrylic.</p>

<a><img style=""border: 0px solid ; width: 75px; height: 75px; float: right;"" alt=""pvc free""
src=""media/ecom/onpagegraphics/PVC_free_logo.png""></a>

<span style=""font-weight: bold; color: #d7328a;"">Structure:</span>
<ul><li>50<span>&#181;</span>m Polyester</li>
<li>Special water-based adhesive - Semi-permanent</li>
<li>Premium quality siliconised backing liner - 140g/m<sup>2</sup>
</li></ul>

<span style=""font-weight: bold; color: #d7328a;"">Suitability:</span>
<ul><li>Highly polished surface for premium looking graphics and displays</li>
<li>Double sided metal effect so has the same colour and finish on the adhesive side making it perfect for use onto glass and acrylic</li>
<li>Designed for interior and exterior use on to smooth flat surfaces with a durability of up to 2 years</li>
<li>Ideal for producing high quality window graphics, displays and signage</li>
<li>Recommended for Dry Apply only</li>
<li>Edge sealing recommended to optimise durability
</li></ul>

<span style=""font-weight: bold; color: #d7328a;"">Advantages:</span>
<ul><li>The ASLAN CA23 range is free of PVC and phtalates</li>
<li>Up to 2 years outdoor durability</li>
<li>Double sided so has the same colour and finish on the adhesive side</li>
<li>High dimensional stability and no shrinkage</li>
<li>Water based (solvent free) adhesive</li>
<li>Metallisation made from recycled aluminium</li>
<li>Fire Rated to Euroclass DIN EN 13501-1:2018 with classification B-s1-d0
</li></ul>

<span style=""font-weight: bold; color: #d7328a;"">Technical Information:</span><br>
<ul><a href=""media/ecom/pdfs/datasheets/MetalEffect_ASLAN_CA23_e.pdf"" target=""_blank""><img
style=""border: 0px solid ; width: 200px; height: 60px;"" alt=""Aslan CA23 Datasheet""
src=""media/ecom/onpagegraphics/Datasheet.png""></a>
<a href=""media/ecom/pdfs/firecertificates/Classification Report MetalEffect ASLAN CA 23_EN 13501-1.pdf"" target=""_blank""><img
style=""border: 0px solid ; width: 200px; height: 60px;"" alt=""Aslan CA23 Euroclass Fire Resistance Certificate""
src=""media/ecom/onpagegraphics/Fire.png""></a>
<a href=""media/ecom/colselxl/Colourcard_ASLAN_Metaleffect.pdf"" target=""_blank""><img
style=""border: 0px solid ; width: 200px; height: 60px;"" alt=""Aslan Meteleffect Colour Selector""
src=""media/ecom/onpagegraphics/Colour.png""></a></ul>

</body>
</html>","13103-Polished-Gold.png","13103-Polished-Gold.png","INVITEMS","DEFAULT-13103-DEFAULT-13103","","","0","0","0","","1","REGONLY","0","0","0","0","","","","SELECT","SELECT","0","","","","","0","0","","income-service","","","0","0","","","","","Aslan_CA23","Aslan_CA23","","","0","Aslan_Red_Devil_Squeegee, Aslan-Gold-Soft-Squeegee, Aslan_Squeegee, Olfa_X_Design_Heavy_Duty_Knife, Olfa_Graphic_Cutter, Application_Gloves, Lint-Free-Gloves, Masking_Tape_25mm, Lint-Free-Cloths, ","Aslan_Red_Devil_Squeegee, Aslan-Gold-Soft-Squeegee, Aslan_Squeegee, Olfa_X_Design_Heavy_Duty_Knife, Olfa_Graphic_Cutter, Application_Gloves, Lint-Free-Gloves, Masking_Tape_25mm, Lint-Free-Cloths, ","A","","","","","","Polished","","","","","","","","","ASLAN-13103-Polished-Gold","0","aslan, ca23, metallised, metal, foil, polished, mirrI, 13103, 13103k, chrome","","","1564570938","0","","0","","CHECKBOX"
"13104","ASLAN 13104 Brushed Aluminium","13104","Aslan","5","7","DEFAULT","","","","","0","ASLAN 13104 Brushed Aluminium has a subtle brushed surface with the same colour and finish on the adhesive side making it perfect for use onto glass and acrylic. The ASLAN CA23 range is fire Rated to Euroclass DIN EN 13501-1:2018 with classification B-s1-d0. Buy it by the metre.
","<html>
<head><title>ASLAN CA23 13104 Brushed Aluminium</title>
</head>
<body>
<img style=""height: 50px; width: 236px;"" alt=""Aslan logo""
src=""media/ecom/onpagegraphics/ASLAN_Logo_New.png""><br><br>

<p>ASLAN CA23 13104 Brushed Aluminium from the CA23 range has a subtle brushed surface and is double sided so has the same colour and finish on the adhesive side making it perfect for use onto glass and acrylic.</p>

<a><img style=""border: 0px solid ; width: 75px; height: 75px; float: right;"" alt=""pvc free""
src=""media/ecom/onpagegraphics/PVC_free_logo.png""></a>

<span style=""font-weight: bold; color: #d7328a;"">Structure:</span>
<ul><li>50<span>&#181;</span>m Polyester</li>
<li>Special water-based adhesive - Semi-permanent</li>
<li>Premium quality siliconised backing liner - 140g/m<sup>2</sup>
</li></ul>

<span style=""font-weight: bold; color: #d7328a;"">Suitability:</span>
<ul><li>Highly polished surface for premium looking graphics and displays</li>
<li>Double sided metal effect so has the same colour and finish on the adhesive side making it perfect for use onto glass and acrylic</li>
<li>Designed for interior and exterior use on to smooth flat surfaces with a durability of up to 2 years</li>
<li>Ideal for producing high quality window graphics, displays and signage</li>
<li>Recommended for Dry Apply only</li>
<li>Edge sealing recommended to optimise durability
</li></ul>

<span style=""font-weight: bold; color: #d7328a;"">Advantages:</span>
<ul><li>The ASLAN CA23 range is free of PVC and phtalates</li>
<li>Up to 2 years outdoor durability</li>
<li>Double sided so has the same colour and finish on the adhesive side</li>
<li>High dimensional stability and no shrinkage</li>
<li>Water based (solvent free) adhesive</li>
<li>Metallisation made from recycled aluminium</li>
<li>Fire Rated to Euroclass DIN EN 13501-1:2018 with classification B-s1-d0
</li></ul>

<span style=""font-weight: bold; color: #d7328a;"">Technical Information:</span><br>
<ul><a href=""media/ecom/pdfs/datasheets/MetalEffect_ASLAN_CA23_e.pdf"" target=""_blank""><img
style=""border: 0px solid ; width: 200px; height: 60px;"" alt=""Aslan CA23 Datasheet""
src=""media/ecom/onpagegraphics/Datasheet.png""></a>
<a href=""media/ecom/pdfs/firecertificates/Classification Report MetalEffect ASLAN CA 23_EN 13501-1.pdf"" target=""_blank""><img
style=""border: 0px solid ; width: 200px; height: 60px;"" alt=""Aslan CA23 Euroclass Fire Resistance Certificate""
src=""media/ecom/onpagegraphics/Fire.png""></a>
<a href=""media/ecom/colselxl/Colourcard_ASLAN_Metaleffect.pdf"" target=""_blank""><img
style=""border: 0px solid ; width: 200px; height: 60px;"" alt=""Aslan Meteleffect Colour Selector""
src=""media/ecom/onpagegraphics/Colour.png""></a></ul>

</body>
</html>","13104-Brushed-Aluminium.png","13104-Brushed-Aluminium.png","INVITEMS","DEFAULT-13104-DEFAULT-13104","","","0","0","0","","1","REGONLY","0","0","0","0","","","","SELECT","SELECT","0","","","","","0","0","","income-service","","","0","0","","","","","Aslan_CA23","Aslan_CA23","","","0","Aslan_Red_Devil_Squeegee, Aslan-Gold-Soft-Squeegee, Aslan_Squeegee, Olfa_X_Design_Heavy_Duty_Knife, Olfa_Graphic_Cutter, Application_Gloves, Lint-Free-Gloves, Masking_Tape_25mm, Lint-Free-Cloths, ","Aslan_Red_Devil_Squeegee, Aslan-Gold-Soft-Squeegee, Aslan_Squeegee, Olfa_X_Design_Heavy_Duty_Knife, Olfa_Graphic_Cutter, Application_Gloves, Lint-Free-Gloves, Masking_Tape_25mm, Lint-Free-Cloths, ","A","","","","","","Brushed","","","","","","","","","ASLAN-13104-Brushed-Aluminium","0","aslan, ca23, metallised, metal, foil, brushed, 13104, 13104k, aluminium, silver, steel, ","","","1711363369","0","","0","","CHECKBOX"
"13105","ASLAN 13105 Brushed Copper","13105","Aslan","7","7","DEFAULT","","","","","0","ASLAN 13105 Brushed Copper has a subtle brushed surface with the same colour and finish on the adhesive side making it perfect for use onto glass and acrylic. The ASLAN CA23 range is fire Rated to Euroclass DIN EN 13501-1:2018 with classification B-s1-d0. Buy it by the metre.
","<html>
<head><title>ASLAN CA23 13105 Brushed Copper</title>
</head>
<body>
<img style=""height: 50px; width: 236px;"" alt=""Aslan logo""
src=""media/ecom/onpagegraphics/ASLAN_Logo_New.png""><br><br>

<p>ASLAN CA23 13105 Brushed Copper from the CA23 range has a subtle brushed surface and is double sided so has the same colour and finish on the adhesive side making it perfect for use onto glass and acrylic.</p>

<a><img style=""border: 0px solid ; width: 75px; height: 75px; float: right;"" alt=""pvc free""
src=""media/ecom/onpagegraphics/PVC_free_logo.png""></a>

<span style=""font-weight: bold; color: #d7328a;"">Structure:</span>
<ul><li>50<span>&#181;</span>m Polyester</li>
<li>Special water-based adhesive - Semi-permanent</li>
<li>Premium quality siliconised backing liner - 140g/m<sup>2</sup>
</li></ul>

<span style=""font-weight: bold; color: #d7328a;"">Suitability:</span>
<ul><li>Highly polished surface for premium looking graphics and displays</li>
<li>Double sided metal effect so has the same colour and finish on the adhesive side making it perfect for use onto glass and acrylic</li>
<li>Designed for interior and exterior use on to smooth flat surfaces with a durability of up to 2 years</li>
<li>Ideal for producing high quality window graphics, displays and signage</li>
<li>Recommended for Dry Apply only</li>
<li>Edge sealing recommended to optimise durability
</li></ul>

<span style=""font-weight: bold; color: #d7328a;"">Advantages:</span>
<ul><li>The ASLAN CA23 range is free of PVC and phtalates</li>
<li>Up to 2 years outdoor durability</li>
<li>Double sided so has the same colour and finish on the adhesive side</li>
<li>High dimensional stability and no shrinkage</li>
<li>Water based (solvent free) adhesive</li>
<li>Metallisation made from recycled aluminium</li>
<li>Fire Rated to Euroclass DIN EN 13501-1:2018 with classification B-s1-d0
</li></ul>

<span style=""font-weight: bold; color: #d7328a;"">Technical Information:</span><br>
<ul><a href=""media/ecom/pdfs/datasheets/MetalEffect_ASLAN_CA23_e.pdf"" target=""_blank""><img
style=""border: 0px solid ; width: 200px; height: 60px;"" alt=""Aslan CA23 Datasheet""
src=""media/ecom/onpagegraphics/Datasheet.png""></a>
<a href=""media/ecom/pdfs/firecertificates/Classification Report MetalEffect ASLAN CA 23_EN 13501-1.pdf"" target=""_blank""><img
style=""border: 0px solid ; width: 200px; height: 60px;"" alt=""Aslan CA23 Euroclass Fire Resistance Certificate""
src=""media/ecom/onpagegraphics/Fire.png""></a>
<a href=""media/ecom/colselxl/Colourcard_ASLAN_Metaleffect.pdf"" target=""_blank""><img
style=""border: 0px solid ; width: 200px; height: 60px;"" alt=""Aslan Meteleffect Colour Selector""
src=""media/ecom/onpagegraphics/Colour.png""></a></ul>

</body>
</html>","13105-Brushed-Copper.png","13105-Brushed-Copper.png","INVITEMS","DEFAULT-13105-DEFAULT-13105","","","0","0","0","","1","REGONLY","0","0","0","0","","","","SELECT","SELECT","0","","","","","0","0","","income-service","","","0","0","","","","","Aslan_CA23","Aslan_CA23","","","0","Aslan_Red_Devil_Squeegee, Aslan-Gold-Soft-Squeegee, Aslan_Squeegee, Olfa_X_Design_Heavy_Duty_Knife, Olfa_Graphic_Cutter, Application_Gloves, Lint-Free-Gloves, Masking_Tape_25mm, Lint-Free-Cloths, ","Aslan_Red_Devil_Squeegee, Aslan-Gold-Soft-Squeegee, Aslan_Squeegee, Olfa_X_Design_Heavy_Duty_Knife, Olfa_Graphic_Cutter, Application_Gloves, Lint-Free-Gloves, Masking_Tape_25mm, Lint-Free-Cloths, ","A","","","","","","Brushed","","","","","","","","","ASLAN-13105-Brushed-Copper","0","aslan, ca23, metallised, metal, foil, brushed, 13105, 13105k, copper, ","","","1711363409","0","","0","","CHECKBOX"
"13106","ASLAN 13106 Brushed Gold","13106","Aslan","8","7","DEFAULT","","","","","0","ASLAN 13106 Brushed Gold has a subtle brushed surface with the same colour and finish on the adhesive side making it perfect for use onto glass and acrylic. The ASLAN CA23 range is fire Rated to Euroclass DIN EN 13501-1:2018 with classification B-s1-d0. Buy it by the metre.
","<html>
<head><title>ASLAN CA23 13106 Brushed Gold</title>
</head>
<body>
<img style=""height: 50px; width: 236px;"" alt=""Aslan logo""
src=""media/ecom/onpagegraphics/ASLAN_Logo_New.png""><br><br>

<p>ASLAN CA23 13106 Brushed Gold from the CA23 range has a subtle brushed surface and is double sided so has the same colour and finish on the adhesive side making it perfect for use onto glass and acrylic.</p>

<a><img style=""border: 0px solid ; width: 75px; height: 75px; float: right;"" alt=""pvc free""
src=""media/ecom/onpagegraphics/PVC_free_logo.png""></a>

<span style=""font-weight: bold; color: #d7328a;"">Structure:</span>
<ul><li>50<span>&#181;</span>m Polyester</li>
<li>Special water-based adhesive - Semi-permanent</li>
<li>Premium quality siliconised backing liner - 140g/m<sup>2</sup>
</li></ul>

<span style=""font-weight: bold; color: #d7328a;"">Suitability:</span>
<ul><li>Highly polished surface for premium looking graphics and displays</li>
<li>Double sided metal effect so has the same colour and finish on the adhesive side making it perfect for use onto glass and acrylic</li>
<li>Designed for interior and exterior use on to smooth flat surfaces with a durability of up to 2 years</li>
<li>Ideal for producing high quality window graphics, displays and signage</li>
<li>Recommended for Dry Apply only</li>
<li>Edge sealing recommended to optimise durability
</li></ul>

<span style=""font-weight: bold; color: #d7328a;"">Advantages:</span>
<ul><li>The ASLAN CA23 range is free of PVC and phtalates</li>
<li>Up to 2 years outdoor durability</li>
<li>Double sided so has the same colour and finish on the adhesive side</li>
<li>High dimensional stability and no shrinkage</li>
<li>Water based (solvent free) adhesive</li>
<li>Metallisation made from recycled aluminium</li>
<li>Fire Rated to Euroclass DIN EN 13501-1:2018 with classification B-s1-d0
</li></ul>

<span style=""font-weight: bold; color: #d7328a;"">Technical Information:</span><br>
<ul><a href=""media/ecom/pdfs/datasheets/MetalEffect_ASLAN_CA23_e.pdf"" target=""_blank""><img
style=""border: 0px solid ; width: 200px; height: 60px;"" alt=""Aslan CA23 Datasheet""
src=""media/ecom/onpagegraphics/Datasheet.png""></a>
<a href=""media/ecom/pdfs/firecertificates/Classification Report MetalEffect ASLAN CA 23_EN 13501-1.pdf"" target=""_blank""><img
style=""border: 0px solid ; width: 200px; height: 60px;"" alt=""Aslan CA23 Euroclass Fire Resistance Certificate""
src=""media/ecom/onpagegraphics/Fire.png""></a>
<a href=""media/ecom/colselxl/Colourcard_ASLAN_Metaleffect.pdf"" target=""_blank""><img
style=""border: 0px solid ; width: 200px; height: 60px;"" alt=""Aslan Meteleffect Colour Selector""
src=""media/ecom/onpagegraphics/Colour.png""></a></ul>

</body>
</html>","13106-Brushed-Gold.png","13106-Brushed-Gold.png","INVITEMS","DEFAULT-13106-DEFAULT-13106","","","0","0","0","","1","REGONLY","0","0","0","0","","","","SELECT","SELECT","0","","","","","0","0","","income-service","","","0","0","","","","","Aslan_CA23","Aslan_CA23","","","0","Aslan_Red_Devil_Squeegee, Aslan-Gold-Soft-Squeegee, Aslan_Squeegee, Olfa_X_Design_Heavy_Duty_Knife, Olfa_Graphic_Cutter, Application_Gloves, Lint-Free-Gloves, Masking_Tape_25mm, Lint-Free-Cloths, ","Aslan_Red_Devil_Squeegee, Aslan-Gold-Soft-Squeegee, Aslan_Squeegee, Olfa_X_Design_Heavy_Duty_Knife, Olfa_Graphic_Cutter, Application_Gloves, Lint-Free-Gloves, Masking_Tape_25mm, Lint-Free-Cloths, ","A","","","","","","Brushed","","","","","","","","","ASLAN-13106-Brushed-Gold","0","aslan, ca23, metallised, metal, foil, brushed, 13106, 13106k, gold, brushedgold, ","","","1609870473","0","","0","","CHECKBOX"
"13107","ASLAN 13107 Polished Copper","13107","Aslan","3","7","DEFAULT","","","","","0","ASLAN 13107 Polished Copper has a highly polished surface with the same colour and finish on the adhesive side making it perfect for use onto glass and acrylic. The ASLAN CA23 range is fire Rated to Euroclass DIN EN 13501-1:2018 with classification B-s1-d0. Buy it by the metre.
","<html>
<head><title>ASLAN CA23 13107 Polished Copper</title>
</head>
<body>
<img style=""height: 50px; width: 236px;"" alt=""Aslan logo""
src=""media/ecom/onpagegraphics/ASLAN_Logo_New.png""><br><br>

<p>ASLAN CA23 13107 Polished Copper from the CA23 range has a highly polished surface and is double sided so has the same colour and finish on the adhesive side making it perfect for use onto glass and acrylic.</p>

<a><img style=""border: 0px solid ; width: 75px; height: 75px; float: right;"" alt=""pvc free""
src=""media/ecom/onpagegraphics/PVC_free_logo.png""></a>

<span style=""font-weight: bold; color: #d7328a;"">Structure:</span>
<ul><li>50<span>&#181;</span>m Polyester</li>
<li>Special water-based adhesive - Semi-permanent</li>
<li>Premium quality siliconised backing liner - 140g/m<sup>2</sup>
</li></ul>

<span style=""font-weight: bold; color: #d7328a;"">Suitability:</span>
<ul><li>Highly polished surface for premium looking graphics and displays</li>
<li>Double sided metal effect so has the same colour and finish on the adhesive side making it perfect for use onto glass and acrylic</li>
<li>Designed for interior and exterior use on to smooth flat surfaces with a durability of up to 2 years</li>
<li>Ideal for producing high quality window graphics, displays and signage</li>
<li>Recommended for Dry Apply only</li>
<li>Edge sealing recommended to optimise durability
</li></ul>

<span style=""font-weight: bold; color: #d7328a;"">Advantages:</span>
<ul><li>The ASLAN CA23 range is free of PVC and phtalates</li>
<li>Up to 2 years outdoor durability</li>
<li>Double sided so has the same colour and finish on the adhesive side</li>
<li>High dimensional stability and no shrinkage</li>
<li>Water based (solvent free) adhesive</li>
<li>Metallisation made from recycled aluminium</li>
<li>Fire Rated to Euroclass DIN EN 13501-1:2018 with classification B-s1-d0
</li></ul>

<span style=""font-weight: bold; color: #d7328a;"">Technical Information:</span><br>
<ul><a href=""media/ecom/pdfs/datasheets/MetalEffect_ASLAN_CA23_e.pdf"" target=""_blank""><img
style=""border: 0px solid ; width: 200px; height: 60px;"" alt=""Aslan CA23 Datasheet""
src=""media/ecom/onpagegraphics/Datasheet.png""></a>
<a href=""media/ecom/pdfs/firecertificates/Classification Report MetalEffect ASLAN CA 23_EN 13501-1.pdf"" target=""_blank""><img
style=""border: 0px solid ; width: 200px; height: 60px;"" alt=""Aslan CA23 Euroclass Fire Resistance Certificate""
src=""media/ecom/onpagegraphics/Fire.png""></a>
<a href=""media/ecom/colselxl/Colourcard_ASLAN_Metaleffect.pdf"" target=""_blank""><img
style=""border: 0px solid ; width: 200px; height: 60px;"" alt=""Aslan Meteleffect Colour Selector""
src=""media/ecom/onpagegraphics/Colour.png""></a></ul>

</body>
</html>","13107-Polished-Copper.png","13107-Polished-Copper.png","INVITEMS","DEFAULT-13107-DEFAULT-13107","","","0","0","0","","1","REGONLY","0","0","0","0","","","","SELECT","SELECT","0","","","","","0","0","","income-service","","","0","0","","","","","Aslan_CA23","Aslan_CA23","","","0","Aslan_Red_Devil_Squeegee, Aslan-Gold-Soft-Squeegee, Aslan_Squeegee, Olfa_X_Design_Heavy_Duty_Knife, Olfa_Graphic_Cutter, Application_Gloves, Lint-Free-Gloves, Masking_Tape_25mm, Lint-Free-Cloths, ","Aslan_Red_Devil_Squeegee, Aslan-Gold-Soft-Squeegee, Aslan_Squeegee, Olfa_X_Design_Heavy_Duty_Knife, Olfa_Graphic_Cutter, Application_Gloves, Lint-Free-Gloves, Masking_Tape_25mm, Lint-Free-Cloths, ","A","","","","","","Polished","","","","","","","","","ASLAN-13107-Polished-Copper","0","aslan, ca23, metallised, metal, foil, polished, mirror, 13107, 13107k, mirri, chrome","","","1711363480","0","","0","","CHECKBOX"
"13109","ASLAN 13109 Brushed Steel","13109","Aslan","6","7","DEFAULT","","","","","0","ASLAN 13109 Brushed Steel has a subtle brushed surface with the same colour and finish on the adhesive side making it perfect for use onto glass and acrylic. The ASLAN CA23 range is fire Rated to Euroclass DIN EN 13501-1:2018 with classification B-s1-d0. Buy it by the metre.
","<html>
<head><title>ASLAN CA23 13109 Brushed Steel</title>
</head>
<body>
<img style=""height: 50px; width: 236px;"" alt=""Aslan logo""
src=""media/ecom/onpagegraphics/ASLAN_Logo_New.png""><br><br>

<p>ASLAN CA23 13109 Brushed Steel from the CA23 range has a subtle brushed surface and is double sided so has the same colour and finish on the adhesive side making it perfect for use onto glass and acrylic.</p>

<a><img style=""border: 0px solid ; width: 75px; height: 75px; float: right;"" alt=""pvc free""
src=""media/ecom/onpagegraphics/PVC_free_logo.png""></a>

<span style=""font-weight: bold; color: #d7328a;"">Structure:</span>
<ul><li>50<span>&#181;</span>m Polyester</li>
<li>Special water-based adhesive - Semi-permanent</li>
<li>Premium quality siliconised backing liner - 140g/m<sup>2</sup>
</li></ul>

<span style=""font-weight: bold; color: #d7328a;"">Suitability:</span>
<ul><li>Highly polished surface for premium looking graphics and displays</li>
<li>Double sided metal effect so has the same colour and finish on the adhesive side making it perfect for use onto glass and acrylic</li>
<li>Designed for interior and exterior use on to smooth flat surfaces with a durability of up to 2 years</li>
<li>Ideal for producing high quality window graphics, displays and signage</li>
<li>Recommended for Dry Apply only</li>
<li>Edge sealing recommended to optimise durability
</li></ul>

<span style=""font-weight: bold; color: #d7328a;"">Advantages:</span>
<ul><li>The ASLAN CA23 range is free of PVC and phtalates</li>
<li>Up to 2 years outdoor durability</li>
<li>Double sided so has the same colour and finish on the adhesive side</li>
<li>High dimensional stability and no shrinkage</li>
<li>Water based (solvent free) adhesive</li>
<li>Metallisation made from recycled aluminium</li>
<li>Fire Rated to Euroclass DIN EN 13501-1:2018 with classification B-s1-d0
</li></ul>

<span style=""font-weight: bold; color: #d7328a;"">Technical Information:</span><br>
<ul><a href=""media/ecom/pdfs/datasheets/MetalEffect_ASLAN_CA23_e.pdf"" target=""_blank""><img
style=""border: 0px solid ; width: 200px; height: 60px;"" alt=""Aslan CA23 Datasheet""
src=""media/ecom/onpagegraphics/Datasheet.png""></a>
<a href=""media/ecom/pdfs/firecertificates/Classification Report MetalEffect ASLAN CA 23_EN 13501-1.pdf"" target=""_blank""><img
style=""border: 0px solid ; width: 200px; height: 60px;"" alt=""Aslan CA23 Euroclass Fire Resistance Certificate""
src=""media/ecom/onpagegraphics/Fire.png""></a>
<a href=""media/ecom/colselxl/Colourcard_ASLAN_Metaleffect.pdf"" target=""_blank""><img
style=""border: 0px solid ; width: 200px; height: 60px;"" alt=""Aslan Meteleffect Colour Selector""
src=""media/ecom/onpagegraphics/Colour.png""></a></ul>

</body>
</html>","13109-Brushed-Steel.png","13109-Brushed-Steel.png","INVITEMS","DEFAULT-13109-DEFAULT-13109","","","0","0","0","","1","REGONLY","0","0","0","0","","","","SELECT","SELECT","0","","","","","0","0","","income-service","","","0","0","","","","","Aslan_CA23","Aslan_CA23","","","0","Aslan_Red_Devil_Squeegee, Aslan-Gold-Soft-Squeegee, Aslan_Squeegee, Olfa_X_Design_Heavy_Duty_Knife, Olfa_Graphic_Cutter, Application_Gloves, Lint-Free-Gloves, Masking_Tape_25mm, Lint-Free-Cloths, ","Aslan_Red_Devil_Squeegee, Aslan-Gold-Soft-Squeegee, Aslan_Squeegee, Olfa_X_Design_Heavy_Duty_Knife, Olfa_Graphic_Cutter, Application_Gloves, Lint-Free-Gloves, Masking_Tape_25mm, Lint-Free-Cloths, ","A","","","","","","Brushed","","","","","","","","","ASLAN-13109-Brushed-Steel","0","aslan, ca23, metallised, metal, foil, brushed, 13109, 13109k, steel, silver, champagne, ","","","1711363513","0","","0","","CHECKBOX"
"13111","ASLAN 13111 Polished Cherry Red","13111","Aslan","1","8","DEFAULT","","","","","0","ASLAN 13111 Polished Cherry Red from the CA24 range has a highly polished coloured surface making it perfect for eye-catching branding and POS.
","<html>
<head><title>ASLAN 13111 Cherry Red</title>
</head>
<body>
<img style=""height: 50px; width: 236px;"" alt=""Aslan logo""
src=""media/ecom/onpagegraphics/ASLAN_Logo_New.png""><br><br>
<p>ASLAN 13111 Polished Cherry Red from the CA24 range has a highly polished coloured surface making it perfect for eye-catching branding and POS.</p>

<span style=""font-weight: bold; color: #d7328a;"">Structure:</span>
<ul><li>140<span>&#181;</span>m Polyester / PVC compound</li>
<li>Special water-based adhesive ensures eco-friendly combination of film and adhesive</li>
<li>Premium quality siliconised backing liner - 140g/m<sup>2</sup>
</li></ul>

<span style=""font-weight: bold; color: #d7328a;"">Suitability:</span>
<ul><li>Highly polished surface for premium looking graphics and displays and signage onto glass and other smooth flat surfaces</li>
<li>Designed for interior and exterior use with a durability of up to 2 years</li>
<li>The ASLAN CA24 range is silver on the adhesive side</li>
<li>Recommended for Dry Apply only</li>
<li>Edge sealing recommended to optimise durability
</li></ul>

<span style=""font-weight: bold; color: #d7328a;"">Advantages:</span>
<ul><li>The ASLAN CA24 range has a water based (solvent free) adhesive</li>
<li>Bright bold seasonal colours</li>
<li>Metallisation made from recycled aluminium</li>
<li>Up to 2 years outdoor durability
</li></ul>

<span style=""font-weight: bold; color: #d7328a;"">Ink Compatibility:</span><br>
<ul><img style=""margin: 0px 5px 0px 0px; width: 15px; height: 25px;"" alt=""Eco-Sol Ink""
src=""media/ecom/onpagegraphics/Ink-EcoSol.png"">Eco-solvent &nbsp;&nbsp;
<img style=""margin: 0px 5px 0px 0px; width: 15px; height: 25px;"" alt=""Sol Ink""
src=""media/ecom/onpagegraphics/Ink-Sol.png"">Solvent &nbsp;&nbsp;
<img style=""margin: 0px 5px 0px 0px; width: 15px; height: 25px;"" alt=""Latex""
src=""media/ecom/onpagegraphics/Ink-Latex.png"">Latex &nbsp;&nbsp;
<img style=""margin: 0px 5px 0px 0px; width: 15px; height: 25px;"" alt=""UV Ink""
src=""media/ecom/onpagegraphics/Ink-UV.png"">UV</ul>

<span style=""font-weight: bold; color: #d7328a;"">Technical Information:</span><br>
<ul><a href=""media/ecom/pdfs/datasheets/MetalColour_ASLAN_CA24_e.pdf"" target=""_blank""><img
style=""border: 0px solid ; width: 200px; height: 60px;"" alt=""Aslan CA24 Datasheet""
src=""media/ecom/onpagegraphics/Datasheet.png""></a>
<a href=""media/ecom/colselxl/Colourcard_ASLAN_Metaleffect.pdf"" target=""_blank""><img
style=""border: 0px solid ; width: 200px; height: 60px;"" alt=""Aslan Meteleffect Colour Selector""
src=""media/ecom/onpagegraphics/Colour.png""></a></ul>

</body>

</html>","13111-Cherry.png","13111-Cherry.png","INVITEMS","DEFAULT-13111-DEFAULT-13111","","","0","0","0","","1","REGONLY","0","0","0","0","","","","SELECT","SELECT","0","","","","","0","0","","income-service","","","0","0","","","","","Aslan_CA24","Aslan_CA24","","","0","Aslan_Red_Devil_Squeegee, Aslan-Gold-Soft-Squeegee, Aslan_Squeegee, Olfa_X_Design_Heavy_Duty_Knife, Olfa_Graphic_Cutter, Application_Gloves, Lint-Free-Gloves, Masking_Tape_25mm, Lint-Free-Cloths, ","Aslan_Red_Devil_Squeegee, Aslan-Gold-Soft-Squeegee, Aslan_Squeegee, Olfa_X_Design_Heavy_Duty_Knife, Olfa_Graphic_Cutter, Application_Gloves, Lint-Free-Gloves, Masking_Tape_25mm, Lint-Free-Cloths, ","A","","","","","","Polished","","","","","","","","","ASLAN-13111-Polished-Cherry-Red","0","aslan, ca24, metallised, metal, foil, polished, mirror, 13111, 13111k, mirri, chrome, cherry, red, cherry red,","","","1729003533","0","","0","","CHECKBOX"
"13112","ASLAN 13112 Polished Emerald Green","13112","Aslan","2","8","DEFAULT","","","","","0","ASLAN 13112 Emerald Green from the CA24 range has a highly polished coloured surface making it perfect for eye-catching branding and POS.","<html>
<head><title>ASLAN 13112 Emerald Green</title>
</head>
<body>
<img style=""height: 50px; width: 236px;"" alt=""Aslan logo""
src=""media/ecom/onpagegraphics/ASLAN_Logo_New.png""><br><br>
<p>ASLAN 13112 Emerald Green from the CA24 range has a highly polished coloured surface making it perfect for eye-catching branding and POS.</p>

<span style=""font-weight: bold; color: #d7328a;"">Structure:</span>
<ul><li>140<span>&#181;</span>m Polyester / PVC compound</li>
<li>Special water-based adhesive ensures eco-friendly combination of film and adhesive</li>
<li>Premium quality siliconised backing liner - 140g/m<sup>2</sup>
</li></ul>

<span style=""font-weight: bold; color: #d7328a;"">Suitability:</span>
<ul><li>Highly polished surface for premium looking graphics and displays and signage onto glass and other smooth flat surfaces</li>
<li>Designed for interior and exterior use with a durability of up to 2 years</li>
<li>The ASLAN CA24 range is silver on the adhesive side</li>
<li>Recommended for Dry Apply only</li>
<li>Edge sealing recommended to optimise durability
</li></ul>

<span style=""font-weight: bold; color: #d7328a;"">Advantages:</span>
<ul><li>The ASLAN CA24 range has a water based (solvent free) adhesive</li>
<li>Bright bold seasonal colours</li>
<li>Metallisation made from recycled aluminium</li>
<li>Up to 2 years outdoor durability
</li></ul>

<span style=""font-weight: bold; color: #d7328a;"">Ink Compatibility:</span><br>
<ul><img style=""margin: 0px 5px 0px 0px; width: 15px; height: 25px;"" alt=""Eco-Sol Ink""
src=""media/ecom/onpagegraphics/Ink-EcoSol.png"">Eco-solvent &nbsp;&nbsp;
<img style=""margin: 0px 5px 0px 0px; width: 15px; height: 25px;"" alt=""Sol Ink""
src=""media/ecom/onpagegraphics/Ink-Sol.png"">Solvent &nbsp;&nbsp;
<img style=""margin: 0px 5px 0px 0px; width: 15px; height: 25px;"" alt=""Latex""
src=""media/ecom/onpagegraphics/Ink-Latex.png"">Latex &nbsp;&nbsp;
<img style=""margin: 0px 5px 0px 0px; width: 15px; height: 25px;"" alt=""UV Ink""
src=""media/ecom/onpagegraphics/Ink-UV.png"">UV</ul>

<span style=""font-weight: bold; color: #d7328a;"">Technical Information:</span><br>
<ul><a href=""media/ecom/pdfs/datasheets/MetalColour_ASLAN_CA24_e.pdf"" target=""_blank""><img
style=""border: 0px solid ; width: 200px; height: 60px;"" alt=""Aslan CA24 Datasheet""
src=""media/ecom/onpagegraphics/Datasheet.png""></a>
<a href=""media/ecom/colselxl/Colourcard_ASLAN_Metaleffect.pdf"" target=""_blank""><img
style=""border: 0px solid ; width: 200px; height: 60px;"" alt=""Aslan Meteleffect Colour Selector""
src=""media/ecom/onpagegraphics/Colour.png""></a></ul>

</body>

</html>","13112-Emerald.png","13112-Emerald.png","INVITEMS","DEFAULT-13112-DEFAULT-13112","","","0","0","0","","1","REGONLY","0","0","0","0","","","","SELECT","SELECT","0","","","","","0","0","","income-service","","","0","0","","","","","Aslan_CA24","Aslan_CA24","","","0","Aslan_Red_Devil_Squeegee, Aslan-Gold-Soft-Squeegee, Aslan_Squeegee, Olfa_X_Design_Heavy_Duty_Knife, Olfa_Graphic_Cutter, Application_Gloves, Lint-Free-Gloves, Masking_Tape_25mm, Lint-Free-Cloths, ","Aslan_Red_Devil_Squeegee, Aslan-Gold-Soft-Squeegee, Aslan_Squeegee, Olfa_X_Design_Heavy_Duty_Knife, Olfa_Graphic_Cutter, Application_Gloves, Lint-Free-Gloves, Masking_Tape_25mm, Lint-Free-Cloths, ","A","","","","","","Polished","","","","","","","","","ASLAN-13112-Polished-Emerald-Green","0","aslan, ca24, metallised, metal, foil, polished, mirror, 13112, 13112k, mirri, chrome, emerald, polished emerald","","","1729009460","0","","0","","CHECKBOX"
"13113","ASLAN 13113 Polished Violet","13113","Aslan","3","8","DEFAULT","","","","","0","ASLAN 13113 Violet from the CA24 range has a highly polished coloured surface making it perfect for eye-catching branding and POS.","<html>
<head><title>ASLAN 13113 Violet</title>
</head>
<body>
<img style=""height: 50px; width: 236px;"" alt=""Aslan logo""
src=""media/ecom/onpagegraphics/ASLAN_Logo_New.png""><br><br>
<p>ASLAN 13113 Violet from the CA24 range has a highly polished coloured surface making it perfect for eye-catching branding and POS.</p>

<span style=""font-weight: bold; color: #d7328a;"">Structure:</span>
<ul><li>140<span>&#181;</span>m Polyester / PVC compound</li>
<li>Special water-based adhesive ensures eco-friendly combination of film and adhesive</li>
<li>Premium quality siliconised backing liner - 140g/m<sup>2</sup>
</li></ul>

<span style=""font-weight: bold; color: #d7328a;"">Suitability:</span>
<ul><li>Highly polished surface for premium looking graphics and displays and signage onto glass and other smooth flat surfaces</li>
<li>Designed for interior and exterior use with a durability of up to 2 years</li>
<li>The ASLAN CA24 range is silver on the adhesive side</li>
<li>Recommended for Dry Apply only</li>
<li>Edge sealing recommended to optimise durability
</li></ul>

<span style=""font-weight: bold; color: #d7328a;"">Advantages:</span>
<ul><li>The ASLAN CA24 range has a water based (solvent free) adhesive</li>
<li>Bright bold seasonal colours</li>
<li>Metallisation made from recycled aluminium</li>
<li>Up to 2 years outdoor durability
</li></ul>

<span style=""font-weight: bold; color: #d7328a;"">Ink Compatibility:</span><br>
<ul><img style=""margin: 0px 5px 0px 0px; width: 15px; height: 25px;"" alt=""Eco-Sol Ink""
src=""media/ecom/onpagegraphics/Ink-EcoSol.png"">Eco-solvent &nbsp;&nbsp;
<img style=""margin: 0px 5px 0px 0px; width: 15px; height: 25px;"" alt=""Sol Ink""
src=""media/ecom/onpagegraphics/Ink-Sol.png"">Solvent &nbsp;&nbsp;
<img style=""margin: 0px 5px 0px 0px; width: 15px; height: 25px;"" alt=""Latex""
src=""media/ecom/onpagegraphics/Ink-Latex.png"">Latex &nbsp;&nbsp;
<img style=""margin: 0px 5px 0px 0px; width: 15px; height: 25px;"" alt=""UV Ink""
src=""media/ecom/onpagegraphics/Ink-UV.png"">UV</ul>

<span style=""font-weight: bold; color: #d7328a;"">Technical Information:</span><br>
<ul><a href=""media/ecom/pdfs/datasheets/MetalColour_ASLAN_CA24_e.pdf"" target=""_blank""><img
style=""border: 0px solid ; width: 200px; height: 60px;"" alt=""Aslan CA24 Datasheet""
src=""media/ecom/onpagegraphics/Datasheet.png""></a>
<a href=""media/ecom/colselxl/Colourcard_ASLAN_Metaleffect.pdf"" target=""_blank""><img
style=""border: 0px solid ; width: 200px; height: 60px;"" alt=""Aslan Meteleffect Colour Selector""
src=""media/ecom/onpagegraphics/Colour.png""></a></ul>

</body>

</html>","13113-Violet.png","13113-Violet.png","INVITEMS","DEFAULT-13113-DEFAULT-13113","","","0","0","0","","1","REGONLY","0","0","0","0","","","","SELECT","SELECT","0","","","","","0","0","","income-service","","","0","0","","","","","Aslan_CA24","Aslan_CA24","","","0","Aslan_Red_Devil_Squeegee, Aslan-Gold-Soft-Squeegee, Aslan_Squeegee, Olfa_X_Design_Heavy_Duty_Knife, Olfa_Graphic_Cutter, Application_Gloves, Lint-Free-Gloves, Masking_Tape_25mm, Lint-Free-Cloths, ","Aslan_Red_Devil_Squeegee, Aslan-Gold-Soft-Squeegee, Aslan_Squeegee, Olfa_X_Design_Heavy_Duty_Knife, Olfa_Graphic_Cutter, Application_Gloves, Lint-Free-Gloves, Masking_Tape_25mm, Lint-Free-Cloths, ","A","","","","","","Polished","","","","","","","","","ASLAN-13113-Polished-Violet","0","aslan, ca24, metallised, metal, foil, polished, mirror, 13113, 13113k, mirri, chrome","","","1729009739","0","","0","","CHECKBOX"
"13114","ASLAN 13114 Polished Azure Blue","13114","Aslan","4","8","DEFAULT","","","","","0","ASLAN 13114 Azure Blue from the CA24 range has a highly polished coloured surface making it perfect for eye-catching branding and POS.","<head><title>ASLAN 13114 Azure Blue</title>
</head>
<body>
<img style=""height: 50px; width: 236px;"" alt=""Aslan logo""
src=""media/ecom/onpagegraphics/ASLAN_Logo_New.png""><br><br>
<p>ASLAN 13114 Azure Blue from the CA24 range has a highly polished coloured surface making it perfect for eye-catching branding and POS.</p>

<span style=""font-weight: bold; color: #d7328a;"">Structure:</span>
<ul><li>140<span>&#181;</span>m Polyester / PVC compound
<li>Special water-based adhesive ensures eco-friendly combination of film and adhesive
<li>Premium quality siliconised backing liner - 140g/m<sup>2</sup>
</li></ul>

<span style=""font-weight: bold; color: #d7328a;"">Suitability:</span>
<ul><li>Highly polished surface for premium looking graphics and displays and signage onto glass and other smooth flat surfaces
<li>Designed for interior and exterior use with a durability of up to 2 years
<li>The ASLAN CA24 range is silver on the adhesive side
<li>Recommended for Dry Apply only
<li>Edge sealing recommended to optimise durability
</li></ul>

<span style=""font-weight: bold; color: #d7328a;"">Advantages:</span>
<ul><li>The ASLAN CA24 range has a water based (solvent free) adhesive
<li>Bright bold seasonal colours
<li>Metallisation made from recycled aluminium
<li>Up to 2 years outdoor durability
</li></ul>

<span style=""font-weight: bold; color: #d7328a;"">Ink Compatibility:</span><br>
<ul><img style=""margin: 0px 5px 0px 0px; width: 15px; height: 25px;"" alt=""Eco-Sol Ink""
src=""media/ecom/onpagegraphics/Ink-EcoSol.png"">Eco-solvent &nbsp;&nbsp;
<img style=""margin: 0px 5px 0px 0px; width: 15px; height: 25px;"" alt=""Sol Ink""
src=""media/ecom/onpagegraphics/Ink-Sol.png"">Solvent &nbsp;&nbsp;
<img style=""margin: 0px 5px 0px 0px; width: 15px; height: 25px;"" alt=""Latex""
src=""media/ecom/onpagegraphics/Ink-Latex.png"">Latex &nbsp;&nbsp;
<img style=""margin: 0px 5px 0px 0px; width: 15px; height: 25px;"" alt=""UV Ink""
src=""media/ecom/onpagegraphics/Ink-UV.png"">UV</ul>

<span style=""font-weight: bold; color: #d7328a;"">Technical Information:</span><br>
<ul><a href=""media/ecom/pdfs/datasheets/MetalColour_ASLAN_CA24_e.pdf"" target=""_blank""><img
style=""border: 0px solid ; width: 200px; height: 60px;"" alt=""Aslan CA24 Datasheet""
src=""media/ecom/onpagegraphics/Datasheet.png""></a>
<a href=""media/ecom/colselxl/Colourcard_ASLAN_Metaleffect.pdf"" target=""_blank""><img
style=""border: 0px solid ; width: 200px; height: 60px;"" alt=""Aslan Meteleffect Colour Selector""
src=""media/ecom/onpagegraphics/Colour.png""></a></ul>

</body>

","13114-Azure.png","13114-Azure.png","INVITEMS","DEFAULT-13114-DEFAULT-13114","","","0","0","0","","1","REGONLY","0","0","0","0","","","","SELECT","SELECT","0","","","","","0","0","","income-service","","","0","0","","","","","Aslan_CA24","Aslan_CA24","","","0","Aslan_Red_Devil_Squeegee, Aslan-Gold-Soft-Squeegee, Aslan_Squeegee, Olfa_X_Design_Heavy_Duty_Knife, Olfa_Graphic_Cutter, Application_Gloves, Lint-Free-Gloves, Masking_Tape_25mm, Lint-Free-Cloths, ","Aslan_Red_Devil_Squeegee, Aslan-Gold-Soft-Squeegee, Aslan_Squeegee, Olfa_X_Design_Heavy_Duty_Knife, Olfa_Graphic_Cutter, Application_Gloves, Lint-Free-Gloves, Masking_Tape_25mm, Lint-Free-Cloths, ","A","","","","","","Polished","","","","","","","","","ASLAN-13114-Polished-Azure-Blue","0","aslan, ca24, metallised, metal, foil, polished, mirror, 13114, 13114k, mirri, chrome, azure, blue, azure blue,","","","1729009878","0","","0","","CHECKBOX"
"13115","ASLAN 13115 Polished Magenta","13115","Aslan","5","8","DEFAULT","","","","","0","ASLAN 13115 Magenta from the CA24 range has a highly polished coloured surface making it perfect for eye-catching branding and POS.","<html>
<head><title>ASLAN 13115 Magenta</title>
</head>
<body>
<img style=""height: 50px; width: 236px;"" alt=""Aslan logo""
src=""media/ecom/onpagegraphics/ASLAN_Logo_New.png""><br><br>
<p>ASLAN 13115 Magenta from the CA24 range has a highly polished coloured surface making it perfect for eye-catching branding and POS.</p>

<span style=""font-weight: bold; color: #d7328a;"">Structure:</span>
<ul><li>140<span>&#181;</span>m Polyester / PVC compound</li>
<li>Special water-based adhesive ensures eco-friendly combination of film and adhesive</li>
<li>Premium quality siliconised backing liner - 140g/m<sup>2</sup>
</li></ul>

<span style=""font-weight: bold; color: #d7328a;"">Suitability:</span>
<ul><li>Highly polished surface for premium looking graphics and displays and signage onto glass and other smooth flat surfaces</li>
<li>Designed for interior and exterior use with a durability of up to 2 years</li>
<li>The ASLAN CA24 range is silver on the adhesive side</li>
<li>Recommended for Dry Apply only</li>
<li>Edge sealing recommended to optimise durability
</li></ul>

<span style=""font-weight: bold; color: #d7328a;"">Advantages:</span>
<ul><li>The ASLAN CA24 range has a water based (solvent free) adhesive</li>
<li>Bright bold seasonal colours</li>
<li>Metallisation made from recycled aluminium</li>
<li>Up to 2 years outdoor durability
</li></ul>

<span style=""font-weight: bold; color: #d7328a;"">Ink Compatibility:</span><br>
<ul><img style=""margin: 0px 5px 0px 0px; width: 15px; height: 25px;"" alt=""Eco-Sol Ink""
src=""media/ecom/onpagegraphics/Ink-EcoSol.png"">Eco-solvent &nbsp;&nbsp;
<img style=""margin: 0px 5px 0px 0px; width: 15px; height: 25px;"" alt=""Sol Ink""
src=""media/ecom/onpagegraphics/Ink-Sol.png"">Solvent &nbsp;&nbsp;
<img style=""margin: 0px 5px 0px 0px; width: 15px; height: 25px;"" alt=""Latex""
src=""media/ecom/onpagegraphics/Ink-Latex.png"">Latex &nbsp;&nbsp;
<img style=""margin: 0px 5px 0px 0px; width: 15px; height: 25px;"" alt=""UV Ink""
src=""media/ecom/onpagegraphics/Ink-UV.png"">UV</ul>

<span style=""font-weight: bold; color: #d7328a;"">Technical Information:</span><br>
<ul><a href=""media/ecom/pdfs/datasheets/MetalColour_ASLAN_CA24_e.pdf"" target=""_blank""><img
style=""border: 0px solid ; width: 200px; height: 60px;"" alt=""Aslan CA24 Datasheet""
src=""media/ecom/onpagegraphics/Datasheet.png""></a>
<a href=""media/ecom/colselxl/Colourcard_ASLAN_Metaleffect.pdf"" target=""_blank""><img
style=""border: 0px solid ; width: 200px; height: 60px;"" alt=""Aslan Meteleffect Colour Selector""
src=""media/ecom/onpagegraphics/Colour.png""></a></ul>

</body>

</html>","13115-Magenta.png","13115-Magenta.png","INVITEMS","DEFAULT-13115-DEFAULT-13115","","","0","0","0","","1","REGONLY","0","0","0","0","","","","SELECT","SELECT","0","","","","","0","0","","income-service","","","0","0","","","","","Aslan_CA24","Aslan_CA24","","","0","Aslan_Red_Devil_Squeegee, Aslan-Gold-Soft-Squeegee, Aslan_Squeegee, Olfa_X_Design_Heavy_Duty_Knife, Olfa_Graphic_Cutter, Application_Gloves, Lint-Free-Gloves, Masking_Tape_25mm, Lint-Free-Cloths, ","Aslan_Red_Devil_Squeegee, Aslan-Gold-Soft-Squeegee, Aslan_Squeegee, Olfa_X_Design_Heavy_Duty_Knife, Olfa_Graphic_Cutter, Application_Gloves, Lint-Free-Gloves, Masking_Tape_25mm, Lint-Free-Cloths, ","A","","","","","","Polished","","","","","","","","","ASLAN-13115-Polished-Magenta","0","aslan, ca24, metallised, metal, foil, polished, mirror, 13115, 13115k, mirri, chrome, magenta, polished magenta,","","","1564570865","0","","0","","CHECKBOX"
"13117","ASLAN 13117 PrintMetal Polished Gold","13117","Aslan","20","19","DEFAULT","","","","","0","ASLAN CA30 13117 Polished Gold from the CA30 range has a highly polished surface and is double sided so has the same colour and finish on the adhesive side making it perfect for use onto glass and acrylic.","<html>
<head><title>ASLAN CA30 13117 Polished Gold</title>
</head>
<body>
<img style=""height: 50px; width: 236px;"" alt=""Aslan logo""
src=""media/ecom/onpagegraphics/ASLAN_Logo_New.png""><br><br>

<p>ASLAN CA30 13117 Polished Gold from the CA30 range has a highly polished surface and is double sided so has the same colour and finish on the adhesive side making it perfect for use onto glass and acrylic.</p>

<span style=""font-weight: bold; color: #d7328a;"">Structure:</span>
<ul><li>140<span>&#181;</span>m Compound of polymeric soft-PVC and polyester</li>
<li>Special water-based adhesive - Semi-permanent</li>
<li>Premium quality siliconised backing liner - 140g/m<sup>2</sup>
</li></ul>

<span style=""font-weight: bold; color: #d7328a;"">Suitability:</span>
<ul><li>Highly polished surface for premium looking graphics and displays</li>
<li>Double sided metal effect so has the same colour and finish on the adhesive side making it perfect for use onto glass and acrylic</li>
<li>Designed for interior and exterior use on to smooth flat surfaces with a durability of up to 5 years</li>
<li>Ideal for producing high quality window graphics, displays and signage</li>
<li>Recommended for Dry Apply only</li>
<li>Edge sealing recommended to optimise durability
</li></ul>

<span style=""font-weight: bold; color: #d7328a;"">Advantages:</span>
<ul><li>Up to 5 years outdoor durability</li>
<li>These films are compatible with Eco-Solvent, Solvent, Latex and UV inks, and are also HP Latex certified</li>
<li>Double sided so has the same colour and finish on the adhesive side</li>
<li>Water based (solvent free) adhesive</li>
<li>Metallisation made from recycled aluminium
</li></ul>

<span style=""font-weight: bold; color: #d7328a;"">Ink Compatibility:</span>
<ul>
        <img style=""margin: 0 5px 0 0; width: 15px; height: 25px;"" alt=""Eco-Sol Ink"" src=""media/ecom/onpagegraphics/Ink-EcoSol.png""> Eco-solvent&nbsp;&nbsp;
        <img style=""margin: 0 5px 0 0; width: 15px; height: 25px;"" alt=""Sol Ink"" src=""media/ecom/onpagegraphics/Ink-Sol.png""> Solvent&nbsp;&nbsp;
	<img style=""margin: 0px 5px 0px 0px; width: 15px; height: 25px;"" alt=""Latex"" src=""media/ecom/onpagegraphics/Ink-Latex.png"">Latex &nbsp;&nbsp;
        <img style=""margin: 0 5px 0 0; width: 15px; height: 25px;"" alt=""UV Ink"" src=""media/ecom/onpagegraphics/Ink-UV.png""> UV&nbsp;&nbsp; <br>
        <img style=""width: 100px; height: 48px;"" alt=""HP Latex Certified"" src=""https://www.dorotape.co.uk/media/ecom/onpagegraphics/HP-Latex-Certified.jpg"">
</ul>
<span style=""font-weight: bold; color: #d7328a;"">Technical Information:</span>
<ul>
<a href=""media/ecom/pdfs/datasheets/PrintMetal_ASLAN_CA30_e.pdf"" target=""_blank""><img
style=""border: 0px solid ; width: 200px; height: 60px;"" alt=""pdf""
src=""media/ecom/onpagegraphics/Datasheet.png""></a>
<a href=""media/ecom/colselxl/Colourcard_ASLAN_Metaleffect.pdf"" target=""_blank""><img
style=""border: 0px solid ; width: 200px; height: 60px;"" alt=""Aslan Meteleffect Colour Selector""
src=""media/ecom/onpagegraphics/Colour.png""></a></ul>


</body>
</html>
","13117-Polished-Gold.png","13117-Polished-Gold.png","INVITEMS","DEFAULT-13117-DEFAULT-13117","","","0","0","0","","1","REGONLY","0","0","0","0","","","","SELECT","SELECT","0","","","","","0","0","","income-service","","","0","0","","","","","Aslan-CA30","Aslan-CA30","","","0","Aslan_Red_Devil_Squeegee, Aslan-Gold-Soft-Squeegee, Aslan_Squeegee, Olfa_X_Design_Heavy_Duty_Knife, Olfa_Graphic_Cutter, Application_Gloves, Lint-Free-Gloves, Masking_Tape_25mm, Lint-Free-Cloths, ","Aslan_Red_Devil_Squeegee, Aslan-Gold-Soft-Squeegee, Aslan_Squeegee, Olfa_X_Design_Heavy_Duty_Knife, Olfa_Graphic_Cutter, Application_Gloves, Lint-Free-Gloves, Masking_Tape_25mm, Lint-Free-Cloths, ","A","","","","","","Polished","","","","","","","","","ASLAN-CA30-PrintMetal-13117-Polished-Gold","0","aslan, ca30, metallised, metal, foil, polished, mirror, 13117, 13117k, chrome, printmetal, ca23","","","1594116018","0","","0","","CHECKBOX"
"13119","ASLAN 13119 PrintMetal Polished Silver","13119","Aslan","10","19","DEFAULT","","","","","0","ASLAN CA30 13119 Polished Silver from the CA30 range has a highly polished surface and is double sided so has the same colour and finish on the adhesive side making it perfect for use onto glass and acrylic.","<html>
<head><title>ASLAN CA30 13119 Polished Silver</title>
</head>
<body>
<img style=""height: 50px; width: 236px;"" alt=""Aslan logo""
src=""media/ecom/onpagegraphics/ASLAN_Logo_New.png""><br><br>

<p>ASLAN CA30 13119 Polished Silver from the CA30 range has a highly polished surface and is double sided so has the same colour and finish on the adhesive side making it perfect for use onto glass and acrylic.</p>

<span style=""font-weight: bold; color: #d7328a;"">Structure:</span>
<ul><li>140<span>&#181;</span>m Compound of polymeric soft-PVC and polyester</li>
<li>Special water-based adhesive - Semi-permanent</li>
<li>Premium quality siliconised backing liner - 140g/m<sup>2</sup>
</li></ul>

<span style=""font-weight: bold; color: #d7328a;"">Suitability:</span>
<ul><li>Highly polished surface for premium looking graphics and displays</li>
<li>Double sided metal effect so has the same colour and finish on the adhesive side making it perfect for use onto glass and acrylic</li>
<li>Designed for interior and exterior use on to smooth flat surfaces with a durability of up to 5 years</li>
<li>Ideal for producing high quality window graphics, displays and signage</li>
<li>Recommended for Dry Apply only</li>
<li>Edge sealing recommended to optimise durability
</li></ul>

<span style=""font-weight: bold; color: #d7328a;"">Advantages:</span>
<ul><li>Up to 5 years outdoor durability</li>
<li>These films are compatible with Eco-Solvent, Solvent, Latex and UV inks, and are also HP Latex certified</li>
<li>Double sided so has the same colour and finish on the adhesive side</li>
<li>Water based (solvent free) adhesive</li>
<li>Metallisation made from recycled aluminium
</li></ul>

<span style=""font-weight: bold; color: #d7328a;"">Ink Compatibility:</span>
<ul>
        <img style=""margin: 0 5px 0 0; width: 15px; height: 25px;"" alt=""Eco-Sol Ink"" src=""media/ecom/onpagegraphics/Ink-EcoSol.png""> Eco-solvent&nbsp;&nbsp;
        <img style=""margin: 0 5px 0 0; width: 15px; height: 25px;"" alt=""Sol Ink"" src=""media/ecom/onpagegraphics/Ink-Sol.png""> Solvent&nbsp;&nbsp;
	<img style=""margin: 0px 5px 0px 0px; width: 15px; height: 25px;"" alt=""Latex"" src=""media/ecom/onpagegraphics/Ink-Latex.png"">Latex &nbsp;&nbsp;
        <img style=""margin: 0 5px 0 0; width: 15px; height: 25px;"" alt=""UV Ink"" src=""media/ecom/onpagegraphics/Ink-UV.png""> UV&nbsp;&nbsp; <br>
        <img style=""width: 100px; height: 48px;"" alt=""HP Latex Certified"" src=""https://www.dorotape.co.uk/media/ecom/onpagegraphics/HP-Latex-Certified.jpg"">
</ul>
<span style=""font-weight: bold; color: #d7328a;"">Technical Information:</span>
<ul>
<a href=""media/ecom/pdfs/datasheets/PrintMetal_ASLAN_CA30_e.pdf"" target=""_blank""><img
style=""border: 0px solid ; width: 200px; height: 60px;"" alt=""pdf""
src=""media/ecom/onpagegraphics/Datasheet.png""></a>
<a href=""media/ecom/colselxl/Colourcard_ASLAN_Metaleffect.pdf"" target=""_blank""><img
style=""border: 0px solid ; width: 200px; height: 60px;"" alt=""Aslan Meteleffect Colour Selector""
src=""media/ecom/onpagegraphics/Colour.png""></a></ul>


</body>
</html>","13119-Polished-Silver.png","13119-Polished-Silver.png","INVITEMS","DEFAULT-13119-DEFAULT-13119","","","0","0","0","","1","REGONLY","0","0","0","0","","","","SELECT","SELECT","0","","","","","0","0","","income-service","","","0","0","","","","","Aslan-CA30","Aslan-CA30, Silver-Films","","","0","Aslan_Red_Devil_Squeegee, Aslan-Gold-Soft-Squeegee, Aslan_Squeegee, Olfa_X_Design_Heavy_Duty_Knife, Olfa_Graphic_Cutter, Application_Gloves, Lint-Free-Gloves, Masking_Tape_25mm, Lint-Free-Cloths, ","Aslan_Red_Devil_Squeegee, Aslan-Gold-Soft-Squeegee, Aslan_Squeegee, Olfa_X_Design_Heavy_Duty_Knife, Olfa_Graphic_Cutter, Application_Gloves, Lint-Free-Gloves, Masking_Tape_25mm, Lint-Free-Cloths, ","A","","","","","","Polished","","","","","","","","","ASLAN-CA30-PrintMetal-13119-Polished-Silver","0","aslan, ca23, metallised, metal, foil, polished, mirror, 13119, 13119k, chrome, printmetal, ca30","","","1594115372","0","","0","","CHECKBOX"
"13122","ASLAN 13122 Polished Steel","13122","Aslan","3","18","DEFAULT","","","","","0","ASLAN 13122 Polished Steel from the CA25 range has a highly polished metal coloured surface making it perfect for eye-catching branding and POS.","<html>
<head><title>ASLAN 13122 Polished Steel</title>
</head>
<body>
<img style=""height: 50px; width: 236px;"" alt=""Aslan logo""
src=""media/ecom/onpagegraphics/ASLAN_Logo_New.png""><br><br>
<p>ASLAN 13122 Polished Steel from the CA25 range has a highly polished metal coloured surface making it perfect for eye-catching branding and POS.</p>

<span style=""font-weight: bold; color: #d7328a;"">Structure:</span>
<ul><li>140<span>&#181;</span>m Polyester / PVC compound</li>
<li>Special water-based adhesive ensures eco-friendly combination of film and adhesive</li>
<li>Premium quality siliconised backing liner - 140g/m<sup>2</sup>
</li></ul>

<span style=""font-weight: bold; color: #d7328a;"">Suitability:</span>
<ul><li>Highly polished surface for premium looking graphics and displays and signage onto glass and other smooth flat surfaces</li>
<li>Designed for interior and exterior use with a durability of up to 2 years</li>
<li>The ASLAN CA25 range is silver on the adhesive side</li>
<li>Recommended for Dry Apply only</li>
<li>Edge sealing recommended to optimise durability</li></ul>

<span style=""font-weight: bold; color: #d7328a;"">Advantages:</span>
<ul><li>The ASLAN CA25 range has a water based (solvent free) adhesive</li>
<li>Attractive metal colours</li>
<li>Metallisation made from recycled aluminium</li>
<li>Up to 2 years outdoor durability
</li></ul>

<span style=""font-weight: bold; color: #d7328a;"">Ink Compatibility:</span><br>
<ul><img style=""margin: 0px 5px 0px 0px; width: 15px; height: 25px;"" alt=""Eco-Sol Ink""
src=""media/ecom/onpagegraphics/Ink-EcoSol.png"">Eco-solvent &nbsp;&nbsp;
<img style=""margin: 0px 5px 0px 0px; width: 15px; height: 25px;"" alt=""Sol Ink""
src=""media/ecom/onpagegraphics/Ink-Sol.png"">Solvent &nbsp;&nbsp;
<img style=""margin: 0px 5px 0px 0px; width: 15px; height: 25px;"" alt=""Latex""
src=""media/ecom/onpagegraphics/Ink-Latex.png"">Latex &nbsp;&nbsp;
<img style=""margin: 0px 5px 0px 0px; width: 15px; height: 25px;"" alt=""UV Ink""
src=""media/ecom/onpagegraphics/Ink-UV.png"">UV</ul>

<span style=""font-weight: bold; color: #d7328a;"">Technical Information:</span><br>
<ul>
<a href=""media/ecom/pdfs/datasheets/MetalShadow_ASLAN_CA25_e.pdf"" target=""_blank""><img
style=""border: 0px solid ; width: 200px; height: 60px;"" alt=""Aslan CA25 Datasheet""
src=""media/ecom/onpagegraphics/Datasheet.png""></a>
<a href=""media/ecom/colselxl/Colourcard_MetalEffect_ASLAN_CA_23_PrintMetal_ASLAN_CA_30.pdf"" target=""_blank""><img
style=""border: 0px solid ; width: 200px; height: 60px;"" alt=""Aslan CA25 Colour Selector""
src=""media/ecom/onpagegraphics/Colour.png""></a>
</ul>
</body>
</html>","13122-Steel.png","13122-Steel.png","INVITEMS","DEFAULT-13122-DEFAULT-13122","","","0","0","0","","1","REGONLY","0","0","0","0","","","","SELECT","SELECT","0","","","","","0","0","","income-service","","","0","0","","","","","Aslan_CA25","Aslan_CA25","","","0","Aslan_Red_Devil_Squeegee, Aslan-Gold-Soft-Squeegee, Aslan_Squeegee, Olfa_X_Design_Heavy_Duty_Knife, Olfa_Graphic_Cutter, Application_Gloves, Lint-Free-Gloves, Masking_Tape_25mm, Lint-Free-Cloths, ","Aslan_Red_Devil_Squeegee, Aslan-Gold-Soft-Squeegee, Aslan_Squeegee, Olfa_X_Design_Heavy_Duty_Knife, Olfa_Graphic_Cutter, Application_Gloves, Lint-Free-Gloves, Masking_Tape_25mm, Lint-Free-Cloths, ","A","","","","","","Polished","","","","","","","","","ASLAN-13122-Polished-Steel","0","aslan, ca25, metallised, metal, foil, polished, mirror, 13122, 13122k, steel, ","","","1564570830","0","","0","","CHECKBOX"
"13123","ASLAN 13123 Polished Gun Metal","13123","Aslan","4","18","DEFAULT","","","","","0","ASLAN 13123 Polished Gun Metal from the CA25 range has a highly polished metal coloured surface making it perfect for eye-catching branding and POS.","<html>
<head><title>ASLAN 13123 Polished Gun Metal</title>
</head>
<body>
<img style=""height: 50px; width: 236px;"" alt=""Aslan logo""
src=""media/ecom/onpagegraphics/ASLAN_Logo_New.png""><br><br>
<p>ASLAN 13123 Polished Gun Metal from the CA25 range has a highly polished metal coloured surface making it perfect for eye-catching branding and POS.</p>

<span style=""font-weight: bold; color: #d7328a;"">Structure:</span>
<ul><li>140<span>&#181;</span>m Polyester / PVC compound</li>
<li>Special water-based adhesive ensures eco-friendly combination of film and adhesive</li>
<li>Premium quality siliconised backing liner - 140g/m<sup>2</sup>
</li></ul>

<span style=""font-weight: bold; color: #d7328a;"">Suitability:</span>
<ul><li>Highly polished surface for premium looking graphics and displays and signage onto glass and other smooth flat surfaces</li>
<li>Designed for interior and exterior use with a durability of up to 2 years</li>
<li>The ASLAN CA25 range is silver on the adhesive side</li>
<li>Recommended for Dry Apply only</li>
<li>Edge sealing recommended to optimise durability</li></ul>

<span style=""font-weight: bold; color: #d7328a;"">Advantages:</span>
<ul><li>The ASLAN CA25 range has a water based (solvent free) adhesive</li>
<li>Attractive metal colours</li>
<li>Metallisation made from recycled aluminium</li>
<li>Up to 2 years outdoor durability
</li></ul>

<span style=""font-weight: bold; color: #d7328a;"">Ink Compatibility:</span><br>
<ul><img style=""margin: 0px 5px 0px 0px; width: 15px; height: 25px;"" alt=""Eco-Sol Ink""
src=""media/ecom/onpagegraphics/Ink-EcoSol.png"">Eco-solvent &nbsp;&nbsp;
<img style=""margin: 0px 5px 0px 0px; width: 15px; height: 25px;"" alt=""Sol Ink""
src=""media/ecom/onpagegraphics/Ink-Sol.png"">Solvent &nbsp;&nbsp;
<img style=""margin: 0px 5px 0px 0px; width: 15px; height: 25px;"" alt=""Latex""
src=""media/ecom/onpagegraphics/Ink-Latex.png"">Latex &nbsp;&nbsp;
<img style=""margin: 0px 5px 0px 0px; width: 15px; height: 25px;"" alt=""UV Ink""
src=""media/ecom/onpagegraphics/Ink-UV.png"">UV</ul>

<span style=""font-weight: bold; color: #d7328a;"">Technical Information:</span><br>
<ul>
<a href=""media/ecom/pdfs/datasheets/MetalShadow_ASLAN_CA25_e.pdf"" target=""_blank""><img
style=""border: 0px solid ; width: 200px; height: 60px;"" alt=""Aslan CA25 Datasheet""
src=""media/ecom/onpagegraphics/Datasheet.png""></a>
<a href=""media/ecom/colselxl/Colourcard_MetalEffect_ASLAN_CA_23_PrintMetal_ASLAN_CA_30.pdf"" target=""_blank""><img
style=""border: 0px solid ; width: 200px; height: 60px;"" alt=""Aslan CA25 Colour Selector""
src=""media/ecom/onpagegraphics/Colour.png""></a>
</ul>
</body>
</html>","13123-Gun-Metal.png","13123-Gun-Metal.png","INVITEMS","DEFAULT-13123-DEFAULT-13123","","","0","0","0","","1","REGONLY","0","0","0","0","","","","SELECT","SELECT","0","","","","","0","0","","income-service","","","0","0","","","","","Aslan_CA25","Aslan_CA25","","","0","Aslan_Red_Devil_Squeegee, Aslan-Gold-Soft-Squeegee, Aslan_Squeegee, Olfa_X_Design_Heavy_Duty_Knife, Olfa_Graphic_Cutter, Application_Gloves, Lint-Free-Gloves, Masking_Tape_25mm, Lint-Free-Cloths, ","Aslan_Red_Devil_Squeegee, Aslan-Gold-Soft-Squeegee, Aslan_Squeegee, Olfa_X_Design_Heavy_Duty_Knife, Olfa_Graphic_Cutter, Application_Gloves, Lint-Free-Gloves, Masking_Tape_25mm, Lint-Free-Cloths, ","A","","","","","","Polished","","","","","","","","","ASLAN-13123-Polished-Gun-Metal","0","aslan, ca25, metallised, metal, foil, polished, mirror, 13123, 13123k","","","1564570846","0","","0","","CHECKBOX"
"13124","ASLAN 13124 PrintMetal Brushed Aluminium","13124","Aslan","30","19","DEFAULT","","","","","0","ASLAN CA30 13124 Brushed Aluminium from the CA30 range has a brushed metallic surface and is double sided so has the same colour and finish on the adhesive side making it perfect for use onto glass and acrylic.","<html>
<head><title>ASLAN CA30 13124 Brushed Aluminium</title>
</head>
<body>
<img style=""height: 50px; width: 236px;"" alt=""Aslan logo""
src=""media/ecom/onpagegraphics/ASLAN_Logo_New.png""><br><br>

<p>ASLAN CA30 13124 Brushed Aluminium from the CA30 range has a brushed metallic surface and is double sided so has the same colour and finish on the adhesive side making it perfect for use onto glass and acrylic.</p>

<span style=""font-weight: bold; color: #d7328a;"">Structure:</span>
<ul><li>140<span>&#181;</span>m Compound of polymeric soft-PVC and polyester</li>
<li>Special water-based adhesive - Semi-permanent</li>
<li>Premium quality siliconised backing liner - 140g/m<sup>2</sup>
</li></ul>

<span style=""font-weight: bold; color: #d7328a;"">Suitability:</span>
<ul><li>Highly polished surface for premium looking graphics and displays</li>
<li>Double sided metal effect so has the same colour and finish on the adhesive side making it perfect for use onto glass and acrylic</li>
<li>Designed for interior and exterior use on to smooth flat surfaces with a durability of up to 5 years</li>
<li>Ideal for producing high quality window graphics, displays and signage</li>
<li>Recommended for Dry Apply only</li>
<li>Edge sealing recommended to optimise durability
</li></ul>

<span style=""font-weight: bold; color: #d7328a;"">Advantages:</span>
<ul><li>Up to 5 years outdoor durability</li>
<li>These films are compatible with Eco-Solvent, Solvent, Latex and UV inks, and are also HP Latex certified</li>
<li>Double sided so has the same colour and finish on the adhesive side</li>
<li>Water based (solvent free) adhesive</li>
<li>Metallisation made from recycled aluminium
</li></ul>

<span style=""font-weight: bold; color: #d7328a;"">Ink Compatibility:</span>
<ul>
        <img style=""margin: 0 5px 0 0; width: 15px; height: 25px;"" alt=""Eco-Sol Ink"" src=""media/ecom/onpagegraphics/Ink-EcoSol.png""> Eco-solvent&nbsp;&nbsp;
        <img style=""margin: 0 5px 0 0; width: 15px; height: 25px;"" alt=""Sol Ink"" src=""media/ecom/onpagegraphics/Ink-Sol.png""> Solvent&nbsp;&nbsp;
	<img style=""margin: 0px 5px 0px 0px; width: 15px; height: 25px;"" alt=""Latex"" src=""media/ecom/onpagegraphics/Ink-Latex.png"">Latex &nbsp;&nbsp;
        <img style=""margin: 0 5px 0 0; width: 15px; height: 25px;"" alt=""UV Ink"" src=""media/ecom/onpagegraphics/Ink-UV.png""> UV&nbsp;&nbsp; <br>
        <img style=""width: 100px; height: 48px;"" alt=""HP Latex Certified"" src=""https://www.dorotape.co.uk/media/ecom/onpagegraphics/HP-Latex-Certified.jpg"">
</ul>
<span style=""font-weight: bold; color: #d7328a;"">Technical Information:</span>
<ul>
<a href=""media/ecom/pdfs/datasheets/PrintMetal_ASLAN_CA30_e.pdf"" target=""_blank""><img
style=""border: 0px solid ; width: 200px; height: 60px;"" alt=""pdf""
src=""media/ecom/onpagegraphics/Datasheet.png""></a>
<a href=""media/ecom/colselxl/Colourcard_ASLAN_Metaleffect.pdf"" target=""_blank""><img
style=""border: 0px solid ; width: 200px; height: 60px;"" alt=""Aslan Meteleffect Colour Selector""
src=""media/ecom/onpagegraphics/Colour.png""></a></ul>


</body>
</html>

","13124-Brushed-Aluminium.png","13124-Brushed-Aluminium.png","INVITEMS","DEFAULT-13124-DEFAULT-13124","","","0","0","0","","1","REGONLY","0","0","0","0","","","","SELECT","SELECT","0","","","","","0","0","","income-service","","","0","0","","","","","Aslan-CA30","Aslan-CA30","","","0","Aslan_Red_Devil_Squeegee, Aslan-Gold-Soft-Squeegee, Aslan_Squeegee, Olfa_X_Design_Heavy_Duty_Knife, Olfa_Graphic_Cutter, Application_Gloves, Lint-Free-Gloves, Masking_Tape_25mm, Lint-Free-Cloths, ","Aslan_Red_Devil_Squeegee, Aslan-Gold-Soft-Squeegee, Aslan_Squeegee, Olfa_X_Design_Heavy_Duty_Knife, Olfa_Graphic_Cutter, Application_Gloves, Lint-Free-Gloves, Masking_Tape_25mm, Lint-Free-Cloths, ","A","","","","","","Polished","","","","","","","","","ASLAN-CA30-PrintMetal-13124-Brushed-Aluminium","0","aslan, ca30, metallised, metal, foil, brushed, 13124, 13124k, printmetal, ca23, print","","","1594116852","0","","0","","CHECKBOX"
"13125","ASLAN 13125 PrintMetal Brushed Copper","13125","Aslan","40","19","DEFAULT","","","","","0","ASLAN CA30 13125 Brushed Copper from the CA30 range has a brushed metallic surface and is double sided so has the same colour and finish on the adhesive side making it perfect for use onto glass and acrylic.","<html>
<head><title>ASLAN CA30 13125 Brushed Copper</title>
</head>
<body>
<img style=""height: 50px; width: 236px;"" alt=""Aslan logo""
src=""media/ecom/onpagegraphics/ASLAN_Logo_New.png""><br><br>

<p>ASLAN CA30 13125 Brushed Copper from the CA30 range has a brushed metallic surface and is double sided so has the same colour and finish on the adhesive side making it perfect for use onto glass and acrylic.</p>

<span style=""font-weight: bold; color: #d7328a;"">Structure:</span>
<ul><li>140<span>&#181;</span>m Compound of polymeric soft-PVC and polyester</li>
<li>Special water-based adhesive - Semi-permanent</li>
<li>Premium quality siliconised backing liner - 140g/m<sup>2</sup>
</li></ul>

<span style=""font-weight: bold; color: #d7328a;"">Suitability:</span>
<ul><li>Highly polished surface for premium looking graphics and displays</li>
<li>Double sided metal effect so has the same colour and finish on the adhesive side making it perfect for use onto glass and acrylic</li>
<li>Designed for interior and exterior use on to smooth flat surfaces with a durability of up to 5 years</li>
<li>Ideal for producing high quality window graphics, displays and signage</li>
<li>Recommended for Dry Apply only</li>
<li>Edge sealing recommended to optimise durability
</li></ul>

<span style=""font-weight: bold; color: #d7328a;"">Advantages:</span>
<ul><li>Up to 5 years outdoor durability</li>
<li>These films are compatible with Eco-Solvent, Solvent, Latex and UV inks, and are also HP Latex certified</li>
<li>Double sided so has the same colour and finish on the adhesive side</li>
<li>Water based (solvent free) adhesive</li>
<li>Metallisation made from recycled aluminium
</li></ul>

<span style=""font-weight: bold; color: #d7328a;"">Ink Compatibility:</span>
<ul>
        <img style=""margin: 0 5px 0 0; width: 15px; height: 25px;"" alt=""Eco-Sol Ink"" src=""media/ecom/onpagegraphics/Ink-EcoSol.png""> Eco-solvent&nbsp;&nbsp;
        <img style=""margin: 0 5px 0 0; width: 15px; height: 25px;"" alt=""Sol Ink"" src=""media/ecom/onpagegraphics/Ink-Sol.png""> Solvent&nbsp;&nbsp;
	<img style=""margin: 0px 5px 0px 0px; width: 15px; height: 25px;"" alt=""Latex"" src=""media/ecom/onpagegraphics/Ink-Latex.png"">Latex &nbsp;&nbsp;
        <img style=""margin: 0 5px 0 0; width: 15px; height: 25px;"" alt=""UV Ink"" src=""media/ecom/onpagegraphics/Ink-UV.png""> UV&nbsp;&nbsp; <br>
        <img style=""width: 100px; height: 48px;"" alt=""HP Latex Certified"" src=""https://www.dorotape.co.uk/media/ecom/onpagegraphics/HP-Latex-Certified.jpg"">
</ul>
<span style=""font-weight: bold; color: #d7328a;"">Technical Information:</span>
<ul>
<a href=""media/ecom/pdfs/datasheets/PrintMetal_ASLAN_CA30_e.pdf"" target=""_blank""><img
style=""border: 0px solid ; width: 200px; height: 60px;"" alt=""pdf""
src=""media/ecom/onpagegraphics/Datasheet.png""></a>
<a href=""media/ecom/colselxl/Colourcard_ASLAN_Metaleffect.pdf"" target=""_blank""><img
style=""border: 0px solid ; width: 200px; height: 60px;"" alt=""Aslan Meteleffect Colour Selector""
src=""media/ecom/onpagegraphics/Colour.png""></a></ul>

</body>
</html>
","13125-Brushed-Copper.png","13125-Brushed-Copper.png","INVITEMS","DEFAULT-13125-DEFAULT-13125","","","0","0","0","","1","REGONLY","0","0","0","0","","","","SELECT","SELECT","0","","","","","0","0","","income-service","","","0","0","","","","","Aslan-CA30","Aslan-CA30","","","0","Aslan_Red_Devil_Squeegee, Aslan-Gold-Soft-Squeegee, Aslan_Squeegee, Olfa_X_Design_Heavy_Duty_Knife, Olfa_Graphic_Cutter, Application_Gloves, Lint-Free-Gloves, Masking_Tape_25mm, Lint-Free-Cloths, ","Aslan_Red_Devil_Squeegee, Aslan-Gold-Soft-Squeegee, Aslan_Squeegee, Olfa_X_Design_Heavy_Duty_Knife, Olfa_Graphic_Cutter, Application_Gloves, Lint-Free-Gloves, Masking_Tape_25mm, Lint-Free-Cloths, ","A","","","","","","Polished","","","","","","","","","ASLAN-CA30-PrintMetal-13125-Brushed-Copper","0","aslan, ca30, metallised, metal, foil, brushed, 13125, 13125k, printmetal, ca23, print","","","1594117030","0","","0","","CHECKBOX"
"13126","ASLAN 13126 PrintMetal Brushed Gold","13126","Aslan","50","19","DEFAULT","","","","","0","ASLAN CA30 13126 Brushed Gold from the CA30 range has a brushed metallic surface and is double sided so has the same colour and finish on the adhesive side making it perfect for use onto glass and acrylic.","<html>
<head><title>ASLAN CA30 13126 Brushed Gold</title>
</head>
<body>
<img style=""height: 50px; width: 236px;"" alt=""Aslan logo""
src=""media/ecom/onpagegraphics/ASLAN_Logo_New.png""><br><br>

<p>ASLAN CA30 13126 Brushed Gold from the CA30 range has a brushed metallic surface and is double sided so has the same colour and finish on the adhesive side making it perfect for use onto glass and acrylic.</p>

<span style=""font-weight: bold; color: #d7328a;"">Structure:</span>
<ul><li>140<span>&#181;</span>m Compound of polymeric soft-PVC and polyester</li>
<li>Special water-based adhesive - Semi-permanent</li>
<li>Premium quality siliconised backing liner - 140g/m<sup>2</sup>
</li></ul>

<span style=""font-weight: bold; color: #d7328a;"">Suitability:</span>
<ul><li>Highly polished surface for premium looking graphics and displays</li>
<li>Double sided metal effect so has the same colour and finish on the adhesive side making it perfect for use onto glass and acrylic</li>
<li>Designed for interior and exterior use on to smooth flat surfaces with a durability of up to 5 years</li>
<li>Ideal for producing high quality window graphics, displays and signage</li>
<li>Recommended for Dry Apply only</li>
<li>Edge sealing recommended to optimise durability
</li></ul>

<span style=""font-weight: bold; color: #d7328a;"">Advantages:</span>
<ul><li>Up to 5 years outdoor durability</li>
<li>These films are compatible with Eco-Solvent, Solvent, Latex and UV inks, and are also HP Latex certified</li>
<li>Double sided so has the same colour and finish on the adhesive side</li>
<li>Water based (solvent free) adhesive</li>
<li>Metallisation made from recycled aluminium
</li></ul>

<span style=""font-weight: bold; color: #d7328a;"">Ink Compatibility:</span>
<ul>
        <img style=""margin: 0 5px 0 0; width: 15px; height: 25px;"" alt=""Eco-Sol Ink"" src=""media/ecom/onpagegraphics/Ink-EcoSol.png""> Eco-solvent&nbsp;&nbsp;
        <img style=""margin: 0 5px 0 0; width: 15px; height: 25px;"" alt=""Sol Ink"" src=""media/ecom/onpagegraphics/Ink-Sol.png""> Solvent&nbsp;&nbsp;
	<img style=""margin: 0px 5px 0px 0px; width: 15px; height: 25px;"" alt=""Latex"" src=""media/ecom/onpagegraphics/Ink-Latex.png"">Latex &nbsp;&nbsp;
        <img style=""margin: 0 5px 0 0; width: 15px; height: 25px;"" alt=""UV Ink"" src=""media/ecom/onpagegraphics/Ink-UV.png""> UV&nbsp;&nbsp; <br>
        <img style=""width: 100px; height: 48px;"" alt=""HP Latex Certified"" src=""https://www.dorotape.co.uk/media/ecom/onpagegraphics/HP-Latex-Certified.jpg"">
</ul>
<span style=""font-weight: bold; color: #d7328a;"">Technical Information:</span>
<ul>
<a href=""media/ecom/pdfs/datasheets/PrintMetal_ASLAN_CA30_e.pdf"" target=""_blank""><img
style=""border: 0px solid ; width: 200px; height: 60px;"" alt=""pdf""
src=""media/ecom/onpagegraphics/Datasheet.png""></a>
<a href=""media/ecom/colselxl/Colourcard_ASLAN_Metaleffect.pdf"" target=""_blank""><img
style=""border: 0px solid ; width: 200px; height: 60px;"" alt=""Aslan Meteleffect Colour Selector""
src=""media/ecom/onpagegraphics/Colour.png""></a></ul>

</body>
</html>","13126-Brushed-Gold.png","13126-Brushed-Gold.png","INVITEMS","DEFAULT-13126-DEFAULT-13126","","","0","0","0","","1","REGONLY","0","0","0","0","","","","SELECT","SELECT","0","","","","","0","0","","income-service","","","0","0","","","","","Aslan-CA30","Aslan-CA30","","","0","Aslan_Red_Devil_Squeegee, Aslan-Gold-Soft-Squeegee, Aslan_Squeegee, Olfa_X_Design_Heavy_Duty_Knife, Olfa_Graphic_Cutter, Application_Gloves, Lint-Free-Gloves, Masking_Tape_25mm, Lint-Free-Cloths, ","Aslan_Red_Devil_Squeegee, Aslan-Gold-Soft-Squeegee, Aslan_Squeegee, Olfa_X_Design_Heavy_Duty_Knife, Olfa_Graphic_Cutter, Application_Gloves, Lint-Free-Gloves, Masking_Tape_25mm, Lint-Free-Cloths, ","A","","","","","","Polished","","","","","","","","","ASLAN-CA30-PrintMetal-13126-Brushed-Gold","0","aslan, ca30, metallised, metal, foil, brushed, 13126, 13126k, printmetal","","","1594117125","0","","0","","CHECKBOX"
"13127","ASLAN CRA31 Polished Silver printable film made with 70% post-consumer recycled PET","13127","Aslan","50","21","DEFAULT","","","","","0","ASLAN CRA31 Polished Silver contains 70% Post Consumer Recycled Plastic and is part of the ASLAN LoopPET series of materials. This film has a highly polished surface and is double sided so has the same colour and finish on the adhesive side making it perfect for use onto glass and acrylic. Fire Rated to Euroclass DIN EN 13501-1:2018 with classification B-s1-d0. Prices shown are per roll","<head><title>ASLAN CRA31 13127 Silver</title>
</head>
<body>
<img style=""height: 50px; width: 236px;"" alt=""Aslan logo""
src=""media/ecom/onpagegraphics/ASLAN_Logo_New.png""><br><br>

<p>ASLAN CRA31 Polished Silver contains 70% Post Consumer Recycled Plastic and is part of the ASLAN LoopPET series of materials.</p>

<img style=""border: 0px solid ; width: 50px; height: 50px;"" alt=""fyi""
src=""media/ecom/onpagegraphics/FYI.png"">
<p style=""color: #d7328a""><i>ASLAN CRA31 is part of the ASLAN LoopPET series of materials made from post-consumer recycled polyester.<br>
This range offers a more sustainable choice with less reliance on fossil resource consumption, reduced CO<sub>2</sub> emissions,  less water requirement and an overall lower volume of waste.</i></p>

<a><img style=""margin: 5px; width: 85px; height: 85px; float: right;"" alt=""rPET material""
src=""media/ecom/onpagegraphics/rPET_Logo.png""></a>
<a><img style=""margin: 5px; width: 75px; height: 75px; float: right;"" alt=""pvc free""
src=""media/ecom/onpagegraphics/PVC_free_logo.png""></a>

<span style=""font-weight: bold; color: #d7328a;"">Structure:</span><br>
<ul><li>50<span>&#181;</span>m Polished silver polyester
<li>Contains 70% shredded and cleaned post-consumer recycled PET - equivalent to 120 1.5L water bottles per 50m roll</li>
<li>Special water-based adhesive ensures eco-friendly combination of film and adhesive. Permanent</li>
<li>Two sided PE coated kraft paper liner - 140g/m<sup>2</sup>
</li></ul>

<span style=""font-weight: bold; color: #d7328a;"">Suitability:</span>
<ul><li>Suitable as a plotter film as well as being digitally printable
<li>Features a highly polished surface
<li>Designed for interior and exterior use
<li>Up to 2 years outdoor durability (unprinted)
<li>Double sided metal effect so has the same colour and finish on the adhesive side making it perfect for use onto glass and acrylic</li></ul>

<span style=""font-weight: bold; color: #d7328a;"">Advantages:</span>
<ul><li>PVC Free and made from post consumer recycled plastics
<li>Double sided so has the same colour and finish on the adhesive side
<li>High dimensional stability and no shrinkage
<li>Printable with Latex & UV Curable Inks
<li>Water based (solvent free) adhesive
<li>Fire Rated to Euroclass DIN EN 13501-1:2018 with classification B-s1-d0.
<li>Suitable for laser cutting</li><br>
<img style=""border: 0px solid ; width: 50px; height: 50px; alt=""reward points logo""
src=""media/ecom/onpagegraphics/Reward_Logo.png""><span style=""font-weight: bold; color: #ef7d00;"">Earn Reward Points every time you buy this product</span></ul>

<span style=""font-weight: bold; color: #d7328a;"">Ink Compatibility:</span>
<ul><img style=""margin: 0px 5px 0px 0px; width: 15px; height: 25px;"" alt=""Latex""
src=""media/ecom/onpagegraphics/Ink-Latex.png"">Latex &nbsp;&nbsp;
<img style=""margin: 0px 5px 0px 0px; width: 15px; height: 25px;"" alt=""UV Ink""
src=""media/ecom/onpagegraphics/Ink-UV.png"">UV</ul>

<span style=""font-weight: bold; color: #d7328a;"">Technical Information:</span>
<ul><a href=""media/ecom/pdfs/datasheets/LoopPet_Metal_ASLAN_CRA_31_e.pdf"" target=""_blank""><img
style=""border: 0px solid ; width: 200px; height: 60px;"" alt=""ASLAN CRA31 Datasheet""
src=""media/ecom/onpagegraphics/Datasheet.png""></a>
<a href=""media/ecom/colselxl/Colourcard_ASLAN_Metaleffect.pdf"" target=""_blank""><img
style=""border: 0px solid ; width: 200px; height: 60px;"" alt=""Aslan Meteleffect Colour Selector""
src=""media/ecom/onpagegraphics/Colour.png""></a>
<a href=""media/ecom/pdfs/firecertificates/Classification Report LoopPET Metal ASLAN CRA 31_EN 13501-1.pdf""
target=""_blank""><img style=""border: 0px solid ; width: 200px; height: 60px;"" alt=""ASLAN CRA31 Fire Resistance Certificate""
src=""media/ecom/onpagegraphics/Fire.png""></a></ul>

<p style=""font-weight: bold; font-size: 1.0em;"">Prices shown are per roll at 1370mm wide</p>
</body>

","13127-Silver.jpg","13127-Silver.jpg","INVITEMS","DEFAULT-13127-DEFAULT-13127","","","0","0","0","","1","REGONLY","0","0","0","0","","","","SELECT","SELECT","0","","","","","0","0","","income-service","","","0","0","","","","","Recycled-Printable-Materials","PVC_Free_Materials, PVC_Free_Media, Recycled-Printable-Materials, Recycled-Materials, ASLAN-CRA31, Silver-Films","","","0","Aslan_Red_Devil_Squeegee, Aslan-Gold-Soft-Squeegee, Aslan_Squeegee, Olfa_X_Design_Heavy_Duty_Knife, Olfa_Graphic_Cutter, Application_Gloves, Lint-Free-Gloves, Masking_Tape_25mm, Lint-Free-Cloths, ","Aslan_Red_Devil_Squeegee, Aslan-Gold-Soft-Squeegee, Aslan_Squeegee, Olfa_X_Design_Heavy_Duty_Knife, Olfa_Graphic_Cutter, Application_Gloves, Lint-Free-Gloves, Masking_Tape_25mm, Lint-Free-Cloths, ","A","","","","","","Polished","","","","","","","","","ASLAN-CRA31-13127-SILVER","0","aslan, cra31, metallised, metal, foil, polished, mirror, 13127, 13127k, chrome, sustainable, environmentally friendly, recycled, recycle, looppet","","","1652188845","0","","0","","CHECKBOX"
"13128","ASLAN CRA31 Polished Gold printable film made with 70% post-consumer recycled PET","13128","Aslan","55","21","DEFAULT","","","","","0","ASLAN CRA31 Polished Gold contains 70% Post Consumer Recycled Plastic and is part of the ASLAN LoopPET series of materials. This film has a highly polished surface and is double sided so has the same colour and finish on the adhesive side making it perfect for use onto glass and acrylic. Fire Rated to Euroclass DIN EN 13501-1:2018 with classification B-s1-d0. Prices shown are per roll","<html>
<head><title>ASLAN CRA31 13128 Gold</title>
</head>
<body>
<img style=""height: 50px; width: 236px;"" alt=""Aslan logo""
src=""media/ecom/onpagegraphics/ASLAN_Logo_New.png""><br><br>

<p>ASLAN CRA31 Polished Gold contains 70% Post Consumer Recycled Plastic and is part of the ASLAN LoopPET series of materials.</p>

<img style=""border: 0px solid ; width: 50px; height: 50px;"" alt=""fyi""
src=""media/ecom/onpagegraphics/FYI.png"">
<p style=""color: #d7328a""><i>ASLAN CRA31 is part of the ASLAN LoopPET series of materials made from post-consumer recycled polyester.<br>
This range offers a more sustainable choice with less reliance on fossil resource consumption, reduced CO<sub>2</sub> emissions,  less water requirement and an overall lower volume of waste.</i></p>

<a><img style=""margin: 5px; width: 85px; height: 85px; float: right;"" alt=""rPET material""
src=""media/ecom/onpagegraphics/rPET_Logo.png""></a>
<a><img style=""margin: 5px; width: 75px; height: 75px; float: right;"" alt=""pvc free""
src=""media/ecom/onpagegraphics/PVC_free_logo.png""></a>


<span style=""font-weight: bold; color: #d7328a;"">Structure:</span><br>
<ul><li>50<span>&#181;</span>m Polished gold polyester</li>
<li>Contains 70% shredded and cleaned post-consumer recycled PET - equivalent to 120 1.5L water bottles per 50m roll</li>
<li>Special water-based adhesive ensures eco-friendly combination of film and adhesive. Permanent</li>
<li>Two sided PE coated kraft paper liner - 140g/m<sup>2</sup>
</li></ul>

<span style=""font-weight: bold; color: #d7328a;"">Suitability:</span>
<ul><li>Suitable as a plotter film as well as being digitally printable</li>
<li>Features a highly polished surface</li>
<li>Designed for interior and exterior use</li>
<li>Up to 2 years outdoor durability (unprinted)</li>
<li>Double sided metal effect so has the same colour and finish on the adhesive side making it perfect for use onto glass and acrylic</li></ul>

<span style=""font-weight: bold; color: #d7328a;"">Advantages:</span>
<ul><li>PVC Free and made from post consumer recycled plastics</li>
<li>Double sided so has the same colour and finish on the adhesive side</li>
<li>High dimensional stability and no shrinkage</li>
<li>Printable with Latex & UV Curable Inks</li>
<li>Water based (solvent free) adhesive</li>
<li>Fire Rated to Euroclass DIN EN 13501-1:2018 with classification B-s1-d0.</li>
<li>Suitable for laser cutting</li><br>
<img style=""border: 0px solid ; width: 50px; height: 50px; alt=""reward points logo""
src=""media/ecom/onpagegraphics/Reward_Logo.png""><span style=""font-weight: bold; color: #ef7d00;"">Earn Reward Points every time you buy this product</span></ul>

<span style=""font-weight: bold; color: #d7328a;"">Ink Compatibility:</span>
<ul><img style=""margin: 0px 5px 0px 0px; width: 15px; height: 25px;"" alt=""Latex""
src=""media/ecom/onpagegraphics/Ink-Latex.png"">Latex &nbsp;&nbsp;
<img style=""margin: 0px 5px 0px 0px; width: 15px; height: 25px;"" alt=""UV Ink""
src=""media/ecom/onpagegraphics/Ink-UV.png"">UV</ul>

<span style=""font-weight: bold; color: #d7328a;"">Technical Information:</span>
<ul><a href=""media/ecom/pdfs/datasheets/LoopPet_Metal_ASLAN_CRA_31_e.pdf"" target=""_blank""><img
style=""border: 0px solid ; width: 200px; height: 60px;"" alt=""ASLAN CRA31 Datasheet""
src=""media/ecom/onpagegraphics/Datasheet.png""></a>
<a href=""media/ecom/colselxl/Colourcard_ASLAN_Metaleffect.pdf"" target=""_blank""><img
style=""border: 0px solid ; width: 200px; height: 60px;"" alt=""Aslan Meteleffect Colour Selector""
src=""media/ecom/onpagegraphics/Colour.png""></a>
<a href=""media/ecom/pdfs/firecertificates/Classification Report LoopPET Metal ASLAN CRA 31_EN 13501-1.pdf""
target=""_blank""><img style=""border: 0px solid ; width: 200px; height: 60px;"" alt=""ASLAN CRA31 Fire Resistance Certificate""
src=""media/ecom/onpagegraphics/Fire.png""></a></ul>

<p style=""font-weight: bold; font-size: 1.0em;"">Prices shown are per roll at 1370mm wide</p>
</body>
</html>","13128-Gold.jpg","13128-Gold.jpg","INVITEMS","DEFAULT-13128-DEFAULT-13128","","","0","0","0","","1","REGONLY","0","0","0","0","","","","SELECT","SELECT","0","","","","","0","0","","income-service","","","0","0","","","","","Recycled-Printable-Materials","PVC_Free_Materials, PVC_Free_Media, Recycled-Printable-Materials, Recycled-Materials, ASLAN-CRA31","","","0","Aslan_Red_Devil_Squeegee, Aslan-Gold-Soft-Squeegee, Aslan_Squeegee, Olfa_X_Design_Heavy_Duty_Knife, Olfa_Graphic_Cutter, Application_Gloves, Lint-Free-Gloves, Masking_Tape_25mm, Lint-Free-Cloths, ","Aslan_Red_Devil_Squeegee, Aslan-Gold-Soft-Squeegee, Aslan_Squeegee, Olfa_X_Design_Heavy_Duty_Knife, Olfa_Graphic_Cutter, Application_Gloves, Lint-Free-Gloves, Masking_Tape_25mm, Lint-Free-Cloths, ","A","","","","","","Polished","","","","","","","","","ASLAN-CRA31-13128-GOLD","0","aslan, cra31, metallised, metal, foil, polished, mirror, 13128, 13128k, chrome, sustainable, environmentally friendly, recycled, recycle, looppet","","","1652192553","0","","0","","CHECKBOX"
"13129","ASLAN 13129 PrintMetal Brushed Steel","13129","Aslan","60","19","DEFAULT","","","","","0","ASLAN CA30 13129 Brushed Steel from the CA30 range has a brushed metallic surface and is double sided so has the same colour and finish on the adhesive side making it perfect for use onto glass and acrylic.","<head><title>ASLAN CA30 13129 Brushed Steel</title>
</head>
<body>
<img style=""height: 50px; width: 236px;"" alt=""Aslan logo""
src=""media/ecom/onpagegraphics/ASLAN_Logo_New.png""><br><br>

<p>ASLAN CA30 13129 Brushed Steel from the CA30 range has a brushed metallic surface and is double sided so has the same colour and finish on the adhesive side making it perfect for use onto glass and acrylic.</p>

<span style=""font-weight: bold; color: #d7328a;"">Structure:</span>
<ul><li>140<span>&#181;</span>m Compound of polymeric soft-PVC and polyester
<li>Special water-based adhesive - Semi-permanent
<li>Premium quality siliconised backing liner - 140g/m<sup>2</sup>
</li></ul>

<span style=""font-weight: bold; color: #d7328a;"">Suitability:</span>
<ul><li>Highly polished surface for premium looking graphics and displays
<li>Double sided metal effect so has the same colour and finish on the adhesive side making it perfect for use onto glass and acrylic
<li>Designed for interior and exterior use on to smooth flat surfaces with a durability of up to 5 years
<li>Ideal for producing high quality window graphics, displays and signage
<li>Recommended for Dry Apply only
<li>Edge sealing recommended to optimise durability
</li></ul>

<span style=""font-weight: bold; color: #d7328a;"">Advantages:</span>
<ul><li>Up to 5 years outdoor durability
<li>These films are compatible with Eco-Solvent, Solvent, Latex and UV inks, and are also HP Latex certified
<li>Double sided so has the same colour and finish on the adhesive side
<li>Water based (solvent free) adhesive
<li>Metallisation made from recycled aluminium
</li></ul>

<span style=""font-weight: bold; color: #d7328a;"">Ink Compatibility:</span>
<ul>
        <img style=""margin: 0 5px 0 0; width: 15px; height: 25px;"" alt=""Eco-Sol Ink"" src=""media/ecom/onpagegraphics/Ink-EcoSol.png""> Eco-solvent&nbsp;&nbsp;
        <img style=""margin: 0 5px 0 0; width: 15px; height: 25px;"" alt=""Sol Ink"" src=""media/ecom/onpagegraphics/Ink-Sol.png""> Solvent&nbsp;&nbsp;
	<img style=""margin: 0px 5px 0px 0px; width: 15px; height: 25px;"" alt=""Latex"" src=""media/ecom/onpagegraphics/Ink-Latex.png"">Latex &nbsp;&nbsp;
        <img style=""margin: 0 5px 0 0; width: 15px; height: 25px;"" alt=""UV Ink"" src=""media/ecom/onpagegraphics/Ink-UV.png""> UV&nbsp;&nbsp; <br>
        <img style=""width: 100px; height: 48px;"" alt=""HP Latex Certified"" src=""https://www.dorotape.co.uk/media/ecom/onpagegraphics/HP-Latex-Certified.jpg"">
</ul>
<span style=""font-weight: bold; color: #d7328a;"">Technical Information:</span>
<ul>
<a href=""media/ecom/pdfs/datasheets/PrintMetal_ASLAN_CA30_e.pdf"" target=""_blank""><img
style=""border: 0px solid ; width: 200px; height: 60px;"" alt=""pdf""
src=""media/ecom/onpagegraphics/Datasheet.png""></a>
<a href=""media/ecom/colselxl/Colourcard_ASLAN_Metaleffect.pdf"" target=""_blank""><img
style=""border: 0px solid ; width: 200px; height: 60px;"" alt=""Aslan Meteleffect Colour Selector""
src=""media/ecom/onpagegraphics/Colour.png""></a></ul>


</ul>
</body>
</html>","13129-Brushed-Steel.png","13129-Brushed-Steel.png","INVITEMS","DEFAULT-13129-DEFAULT-13129","","","0","0","0","","1","REGONLY","0","0","0","0","","","","SELECT","SELECT","0","","","","","0","0","","income-service","","","0","0","","","","","Aslan-CA30","Aslan-CA30","","","0","Aslan_Red_Devil_Squeegee, Aslan-Gold-Soft-Squeegee, Aslan_Squeegee, Olfa_X_Design_Heavy_Duty_Knife, Olfa_Graphic_Cutter, Application_Gloves, Lint-Free-Gloves, Masking_Tape_25mm, Lint-Free-Cloths, ","Aslan_Red_Devil_Squeegee, Aslan-Gold-Soft-Squeegee, Aslan_Squeegee, Olfa_X_Design_Heavy_Duty_Knife, Olfa_Graphic_Cutter, Application_Gloves, Lint-Free-Gloves, Masking_Tape_25mm, Lint-Free-Cloths, ","A","","","","","","Polished","","","","","","","","","ASLAN-CA30-PrintMetal-13129-Brushed-Steel","0","aslan, ca30, metallised, metal, foil, brushed, 13129, 13129k, printmetal, ca23, print","","","1594117204","0","","0","","CHECKBOX"
"13136S-Platinum","ASLAN 13136S Platinum MetalLux Film","13136","Aslan","10","19","DEFAULT","","","","","0","ASLAN SE50  MetalLux Platinum 13136S is a self-adhesive matt film offering a touch of luxury to cut graphics.  The 50 micron film has a special surface that allows for slight traces of wear to be easily removed using a microfibre cloth.  Buy it by the metre.","<html>
<head><title>ASLAN SE50 Champagne</title>
</head>
<body>
<p>ASLAN SE50 13136S MetalLux Platinum is a self-adhesive matt film offering a touch of luxury to cut graphics.</p>
<p>The 50 micron film has a special surface that allows for slight traces of wear to be easily removed using a microfibre cloth.</p> 
<p>With an outdoor durability of 2 years the ASLAN SE50 is perfect for producing luxurious looking graphics both inside and out.</p>
<a href=""media/ecom/pdfs/datasheets/MetalLux_ASLAN_SE_50.pdf"" target=""_blank""><img
style=""border: 0px solid ; width: 200px; height: 60px;"" alt=""Aslan SE50 Datasheet""
src=""media/ecom/onpagegraphics/Datasheet.png""></a>
<a href=""media/ecom/colselxl/Colourcard_ASLAN_Metaleffect.pdf"" target=""_blank""><img
style=""border: 0px solid ; width: 200px; height: 60px;"" alt=""Aslan Meteleffect Colour Selector""
src=""media/ecom/onpagegraphics/Colour.png""></a>

<p style=""font-weight: bold; font-size: 0.9em;"">Prices shown are per linear metre at 1250mm wide</p>
</body>
</html>","13136-Platinum.png","13136-Platinum.png","INVITEMS","DEFAULT-13136S-Platinum-DEFAULT-13136S-Platinum","","","0","0","0","","1","REGONLY","0","0","0","0","","","","SELECT","SELECT","0","","","","","0","0","","income-service","","","0","0","SPLASH, FEAT1","","","","Metallized_Outdoor","Aslan_SE50","","","0","Lint-Free-Cloths, Aslan_SE75_Mirror_Effect_Film_Test_Roll, Aslan_Red_Devil_Squeegee, Aslan-Gold-Soft-Squeegee, Aslan_Squeegee, Olfa_X_Design_Heavy_Duty_Knife, Olfa_Graphic_Cutter, Application_Gloves, Lint-Free-Gloves, Masking_Tape_25mm, Lint-Free-Cloths, ","Aslan_Red_Devil_Squeegee, Aslan-Gold-Soft-Squeegee, Aslan_Squeegee, Olfa_X_Design_Heavy_Duty_Knife, Olfa_Graphic_Cutter, Application_Gloves, Lint-Free-Gloves, Masking_Tape_25mm, Lint-Free-Cloths, ","A","","ADHESIVE_SEMI_PERMANENT","GRADE_POLYESTER","","","Matt","","","","","","","","","","0","mirror, mirri,

","ASLAN SE50 13136S Platinum MetalLux Film","","1601298442","0","","0","","CHECKBOX"
"13140S_Nebula","ASLAN SE70 Nebula Transparent Dichroic Film","13140S","Aslan","10","29","DEFAULT","","","","","0","ASLAN SE70 13140S Nebula is a striking self-adhesive transparent dichroic film that displays one colour while reflecting a blend of others, creating an iridescent effect that fuses hot deep pink with alluring azure blues, shifting with viewing angle and light conditions. Designed for application on to glass and acrylic surfaces, our transparent dichroic films are ideal for producing spectacular window graphics and infusing vibrant colour for stunning, transformative displays. Perfect for giving a powerful visual statement in hotels, retail windows, offices and other commercial spaces. Buy it by the metre at 1370mm wide.","<html>
<head><title>ASLAN 13140S Nebula Dichroic Film</title>
</head>
<body>
<img style=""height: 50px; width: 236px;"" alt=""Aslan logo""
src=""media/ecom/onpagegraphics/ASLAN_Logo_New.png""><br><br>

<p>ASLAN SE70 13140S Nebula is a striking self-adhesive transparent dichroic film that displays one colour while reflecting a blend of others, creating an iridescent effect that fuses hot deep pink with alluring azure blues, shifting with viewing angle and light conditions. Designed for application on to glass and acrylic surfaces, our transparent dichroic films are ideal for producing spectacular window graphics and infusing vibrant colour for stunning, transformative displays. Perfect for giving a powerful visual statement in hotels, retail windows, offices and other commercial spaces.</p>

<a><img style=""border: 0px solid ; width: 75px; height: 75px; float: right;"" alt=""pvc free""
src=""media/ecom/onpagegraphics/PVC_free_logo.png""></a>

<span style=""font-weight: bold; color: #d7328a;"">Structure:</span><br>
<ul><li>110<span>&#181;</span>m Glossy transparent dyed polyester film with scratch resistant coating</li>
<li>Solvent acrylic adhesive - Semi-permanent</li>
<li>Siliconised PET liner - 70g/m<sup>2</sup>
</li></ul>

<span style=""font-weight: bold; color: #d7328a;"">Suitability:</span><br>
<ul><li>Designed for wet application to clean, flat smooth surfaces (some de-lamination may occur if applied on to uneven, curved or flexible substrates)</li>
<li>Perfect for application to windows, glass partitions and other rigid transparent substrates such as acrylic</li>
<li>Ideal for full surface application as well as plotter cutting</li>
<li>Suitable for interior and exterior use with an outdoor durability of up to 2 years (unprinted)</li>
<li>This film has the same colourshift as 3M&reg Blaze
</li></ul>

<span style=""font-weight: bold; color: #d7328a;"">Advantages:</span><br>
<ul><li>Consistent deep vivid colours without hot spot blemishes</li>
<li>Solvent based semi-permanent adhesive for optimum wet application</li>
<li>Transparent siliconised polyester liner for increased clarity and evenness of colouring</li>
<li>PVC Free</li>
<li>The new thicker liner makes it easier to use this film for contour cutting</li></ul>

<span style=""font-weight: bold; color: #d7328a;"">Ink Compatibility:</span><br>
<ul><img style=""margin: 0px 5px 0px 0px; width: 15px; height: 25px;"" alt=""UV Ink""
src=""media/ecom/onpagegraphics/Ink-UV.png"">UV</ul>

<span style=""font-weight: bold; color: #d7328a;"">Technical Information:</span><br>
<ul><a href=""media/ecom/pdfs/datasheets/ColourShift_Dichroic_ASLAN_SE_70.pdf"" target=""_blank""><img
style=""border: 0px solid ; width: 200px; height: 60px;"" alt=""Aslan 13140S Nebula Dichroic Datasheet""
src=""media/ecom/onpagegraphics/Datasheet.png""></a>
<a href=""media/ecom/colselxl/Colourcard_ASLAN_Metaleffect.pdf"" target=""_blank""><img
style=""border: 0px solid ; width: 200px; height: 60px;"" alt=""Aslan Meteleffect Colour Selector""
src=""media/ecom/onpagegraphics/Colour.png""></a>
<a href=""media/ecom/pdfs/applicationguidelines/GlassWindow-Installation-Instructions.pdf""
target=""_blank""><img style=""border: 0px solid ; width: 200px; height: 60px;"" alt=""Window Film Application Advice Care Instructions""
src=""media/ecom/onpagegraphics/App.png""></a></ul>

<p style=""font-weight: bold; font-size: 0.9em;"">Prices shown are per linear metre at 1370mm wide</p>
</body>
</html>","Dichroic_Nebula_Pro_Mobile.png","Dichroic_Nebula_Store.png, Dichroic_Nebula.png, Dichroic_Nebula_Pro_Mobile.png, Nebula_Applying.jpg","INVITEMS","DEFAULT-13140S_Nebula-DEFAULT-13140S_Nebula","","","0","0","0","","1","REGONLY","0","0","0","0","","","","SELECT","SELECT","0","","","","","0","0","","income-service","","","0","0","FEAT1","","https://www.youtube.com/embed/bB3-nIfo2R0","","Colour_Change_Films","Colour_Change_Films, Christmas_Films, Decorative-Window-Films","","","0","Blue_Max, Fusion_5, Olfa_Graphic_Cutter, Olfa_X_Design_Heavy_Duty_Knife, Lint-Free-Gloves, Masking_Tape_25mm, Aslan_Squeegee, Swann_Morton_3_Handle, Swann_Morton_10A_Blades, Float_On, IPA_100, Anti_Static_Cleaner,","Blue_Max, Fusion_5, Olfa_Graphic_Cutter, Olfa_X_Design_Heavy_Duty_Knife, Lint-Free-Gloves, Masking_Tape_25mm, Aslan_Squeegee, Swann_Morton_3_Handle, Swann_Morton_10A_Blades, Float_On, IPA_100, Anti_Static_Cleaner,","A","superuser","","","","","Transparent","","","","","","","","","ASLAN-13140S-Nebula-Dichroic","0","iridescent, pearlescent, nebula, colour change, dichroic, dichromatic, colour shift, colourshift, holographic, solar, corona, aslan, se70, 3m, dinoc, chill, colourshift, ambience, glow, iridescent, pearlescent, nebula, colour change, dichroic, dichro","","ASLAN SE70 13140S Nebula is a striking self-adhesive transparent dichroic film that displays a subtle colour blend and is designed to be used on to glass and acrylic surfaces. Buy it by the metre.","1601399176","0","","0","","CHECKBOX"
"13141S_Solar","ASLAN SE70 Solar Transparent Dichroic Film","13141S","Aslan","15","29","DEFAULT","","","","","0","ASLAN SE70 13141S Solar is a striking self-adhesive transparent dichroic film that displays one colour while reflecting a blend of others, creating an iridescent effect reminiscent of a morning sunrise with bright and subtle yellows and hints of magenta that shift with viewing angle and light conditions. Designed for application on to glass and acrylic surfaces, our transparent dichroic films are ideal for producing spectacular window graphics and infusing vibrant colour for stunning, transformative displays. Perfect for giving a powerful visual statement in hotels, retail windows, offices and other commercial spaces. Buy it by the metre at 1370mm wide.","<html>
<head><title>ASLAN 13141S Solar Dichroic Film</title>
</head>
<body>
<img style=""height: 50px; width: 236px;"" alt=""Aslan logo""
src=""media/ecom/onpagegraphics/ASLAN_Logo_New.png""><br><br>

<p>ASLAN SE70 13141S Solar is a striking self-adhesive transparent dichroic film that displays one colour while reflecting a blend of others, creating an iridescent effect reminiscent of a morning sunrise with bright and subtle yellows and hints of magenta that shift with viewing angle and light conditions. Designed for application on to glass and acrylic surfaces, our transparent dichroic films are ideal for producing spectacular window graphics and infusing vibrant colour for stunning, transformative displays. Perfect for giving a powerful visual statement in hotels, retail windows, offices and other commercial spaces.</p>

<a><img style=""border: 0px solid ; width: 75px; height: 75px; float: right;"" alt=""pvc free""
src=""media/ecom/onpagegraphics/PVC_free_logo.png""></a>

<span style=""font-weight: bold; color: #d7328a;"">Structure:</span><br>
<ul><li>110<span>&#181;</span>m Glossy transparent dyed polyester film with scratch resistant coating</li>
<li>Solvent acrylic adhesive - Semi-permanent</li>
<li>Siliconised PET liner - 70g/m<sup>2</sup>
</li></ul>

<span style=""font-weight: bold; color: #d7328a;"">Suitability:</span><br>
<ul><li>Designed for wet application to clean, flat smooth surfaces (some de-lamination may occur if applied on to uneven, curved or flexible substrates)</li>
<li>Perfect for application to windows, glass partitions and other rigid transparent substrates such as acrylic</li>
<li>Ideal for full surface application as well as plotter cutting</li>
<li>Suitable for interior and exterior use with an outdoor durability of up to 2 years (unprinted)</li>
<li>This film has the same colourshift as 3M&reg Chill
</li></ul>

<span style=""font-weight: bold; color: #d7328a;"">Advantages:</span><br>
<ul><li>Consistent deep vivid colours without hot spot blemishes</li>
<li>Solvent based semi-permanent adhesive for optimum wet application</li>
<li>Transparent siliconised polyester liner for increased clarity and evenness of colouring</li>
<li>PVC Free</li>
<li>The new thicker liner makes it easier to use this film for contour cutting</li></ul>

<span style=""font-weight: bold; color: #d7328a;"">Ink Compatibility:</span><br>
<ul><img style=""margin: 0px 5px 0px 0px; width: 15px; height: 25px;"" alt=""UV Ink""
src=""media/ecom/onpagegraphics/Ink-UV.png"">UV</ul>

<span style=""font-weight: bold; color: #d7328a;"">Technical Information:</span><br>
<ul><a href=""media/ecom/pdfs/datasheets/ColourShift_Dichroic_ASLAN_SE_70.pdf"" target=""_blank""><img
style=""border: 0px solid ; width: 200px; height: 60px;"" alt=""Aslan 13141S Solar Dichroic Datasheet""
src=""media/ecom/onpagegraphics/Datasheet.png""></a>
<a href=""media/ecom/colselxl/Colourcard_ASLAN_Metaleffect.pdf"" target=""_blank""><img
style=""border: 0px solid ; width: 200px; height: 60px;"" alt=""Aslan Meteleffect Colour Selector""
src=""media/ecom/onpagegraphics/Colour.png""></a>
<a href=""media/ecom/pdfs/applicationguidelines/GlassWindow-Installation-Instructions.pdf""
target=""_blank""><img style=""border: 0px solid ; width: 200px; height: 60px;"" alt=""Window Film Application Advice Care Instructions""
src=""media/ecom/onpagegraphics/App.png""></a></ul>

<p style=""font-weight: bold; font-size: 0.9em;"">Prices shown are per linear metre at 1370mm wide</p>
</body>

</html>","ASLAN-13141-SOLAR.png","ASLAN-13141-SOLAR.webp, Dichroic_Solar.png, Solar_Applying.jpg, Solar_Window.jpg","INVITEMS","DEFAULT-13141S_Solar-DEFAULT-13141S_Solar","","","0","0","0","","1","REGONLY","0","0","0","0","","","","SELECT","SELECT","0","","","","","0","0","","income-service","","","0","0","FEAT1","","https://www.youtube.com/embed/bB3-nIfo2R0","","Colour_Change_Films","Colour_Change_Films, Christmas_Films, Decorative-Window-Films","","","0","Blue_Max, Fusion_5, Olfa_Graphic_Cutter, Olfa_X_Design_Heavy_Duty_Knife, Lint-Free-Gloves, Masking_Tape_25mm, Aslan_Squeegee, Swann_Morton_3_Handle, Swann_Morton_10A_Blades, Float_On, IPA_100, Anti_Static_Cleaner,","Blue_Max, Fusion_5, Olfa_Graphic_Cutter, Olfa_X_Design_Heavy_Duty_Knife, Lint-Free-Gloves, Masking_Tape_25mm, Aslan_Squeegee, Swann_Morton_3_Handle, Swann_Morton_10A_Blades, Float_On, IPA_100, Anti_Static_Cleaner,","A","superuser","","","","","Transparent","","","","","","","","","ASLAN-13141S-Solar-Dichroic","0","iridescent, pearlescent, nebula, colour change, dichroic, dichromatic, colour shift, colourshift, holographic, solar, corona, aslan, se70, 3m, dinoc, chill, colourshift, ambience, glow, iridescent, pearlescent, nebula, colour change, dichroic, dichro","","ASLAN SE70 13141S Solar is a striking self-adhesive transparent dichroic film that displays one colour while reflecting back a blend of different colours.  Designed to be used on to glass and acrylic surfaces, the iridescent colour change effect of Solar resembles a morning sunrise mixing bright and subtle yellows with hints of magenta which changes depending on the viewing angle and light conditions.","1601461654","0","","0","","CHECKBOX"
"13142SPET_Aurora","ASLAN SE71 Aurora Opaque Dichroic Film","13142S","Doro_Tape","40","33","DEFAULT","","","","","0","ASLAN SE71 13142SPET Aurora is an eye-catching, PVC-free self-adhesive opaque dichroic film that displays a dynamic blend of colours. Designed for application on rigid, smooth, flat, and 2D convex surfaces, its iridescent effect fuses hot deep pink with alluring azure blue, shifting with the viewing angle and light conditions. Our opaque dichroic films bring vibrant, eye-catching colour that creates a striking visual impact, perfect for crafting standout graphics in exhibitions, hotels, restaurants, retail environments, offices, and other commercial or corporate spaces. Buy it by the metre at 1350mm wide.","<html>
<head><title>ASLAN 13142SPET Aurora Dichroic Film</title>
</head>
<body>
<img style=""height: 50px; width: 236px;"" alt=""Aslan logo""
src=""media/ecom/onpagegraphics/ASLAN_Logo_New.png""><br><br>

<p>ASLAN SE71 13142SPET Aurora is an eye-catching, PVC-free self-adhesive opaque dichroic film that displays a dynamic blend of colours. Designed for application on rigid, smooth, flat, and 2D convex surfaces, its iridescent effect fuses hot deep pink with alluring azure blue, shifting with the viewing angle and light conditions. Our opaque dichroic films bring vibrant, eye-catching colour that creates a striking visual impact, perfect for crafting standout graphics in exhibitions, hotels, restaurants, retail environments, offices, and other commercial or corporate spaces.</p>

<a><img style=""border: 0px solid ; width: 75px; height: 75px; float: right;"" alt=""pvc free""
src=""media/ecom/onpagegraphics/PVC_free_logo.png""></a>

<span style=""font-weight: bold; color: #d7328a;"">Structure:</span><br>
<ul><li>160<span>&#181;</span>m Polyester face film</li>
<li>Water based acrylic adhesive - Permanent</li>
<li>Siliconised kraft paper liner 120g/sqm</li></ul>

<span style=""font-weight: bold; color: #d7328a;"">Suitability:</span><br>
<ul><li>Designed for application to clean, smooth flat and 2D convex surfaces (some de-lamination may occur if applied on to uneven or flexible substrates and we don't recommend application to concave surfaces)</li>
<li>Suitable mainly for interior use and with limited exterior durability</li></ul>

<span style=""font-weight: bold; color: #d7328a;"">Advantages:</span><br>
<ul><li>Consistent deep vivid colours without hot spot blemishes</li>
<li>Perfect for contour cutting even small intricate detail</li>
<li>Now even easier to apply</li></ul>

<span style=""font-weight: bold; color: #d7328a;"">Ink Compatibility:</span><br>
<ul><img style=""margin: 0px 5px 0px 0px; width: 15px; height: 25px;"" alt=""UV Ink""
src=""media/ecom/onpagegraphics/Ink-UV.png"">UV</ul>

<span style=""font-weight: bold; color: #d7328a;"">Technical Information:</span><br>
<ul><a href=""media/ecom/pdfs/datasheets/ColourShift_ASLAN_SE_71_PET.pdf"" target=""_blank""><img
style=""border: 0px solid ; width: 200px; height: 60px;"" alt=""ASLAN 13142SPET Aurora Dichroic Datasheet""
src=""media/ecom/onpagegraphics/Datasheet.png""></a>
<a href=""media/ecom/colselxl/Colourcard_ASLAN_Metaleffect.pdf"" target=""_blank""><img
style=""border: 0px solid ; width: 200px; height: 60px;"" alt=""Aslan Meteleffect Colour Selector""
src=""media/ecom/onpagegraphics/Colour.png""></a></ul>

<p style=""font-weight: bold; font-size: 0.9em;"">Prices shown are per linear metre at 1350mm wide</p>
</body>
</html>","Aurora_Window_PET.jpg","Aurora_Window.jpg, Dichroic_Aurora.png","INVITEMS","DEFAULT-13142SPET_Aurora-DEFAULT-13142SPET_Aurora","","","0","0","0","","1","REGONLY","0","0","0","0","","","","SELECT","SELECT","0","","","","","0","0","","income-service","","","0","0","","","","","Colour_Change_Films","Colour_Change_Films, Christmas_Films","","","0","Olfa_Graphic_Cutter, Olfa_X_Design_Heavy_Duty_Knife, Lint-Free-Gloves, Masking_Tape_25mm, Aslan_Squeegee, Swann_Morton_3_Handle, Swann_Morton_10A_Blades, Float_On, Anti_Static_Cleaner,Lint-Free-Cloths, Heavy-Duty-Application-Roller, Rollepro, ","Olfa_Graphic_Cutter, Olfa_X_Design_Heavy_Duty_Knife, Lint-Free-Gloves, Masking_Tape_25mm, Aslan_Squeegee, Swann_Morton_3_Handle, Swann_Morton_10A_Blades, Float_On, Anti_Static_Cleaner,Lint-Free-Cloths, Heavy-Duty-Application-Roller, Rollepro, ","A","superuser","","","","","Opaque","","","","","","","","","","0","iridescent, pearlescent, nebula, colour change, dichroic, dichromatic, colour shift, colourshift, holographic, aurora, aslan, se71, 3m, dinoc, blaze, chill, colourchange, colour, change, shift, holo, festival, exhibiton, vibrant, 
","","ASLAN SE71 13142S Aurora is an eye-catching self-adhesive opaque film that displays a blend of different colours. Designed to be used on to rigid smooth flat and 2D convex surfaces, the iridescent colour change effect changes depending on the viewing angle and light conditions.","1730393709","0","","0","","CHECKBOX"
"13142S_Aurora","ASLAN SE71 Aurora Opaque Dichroic Film","13142S","Doro_Tape","40","30","DEFAULT","","","","","0","ASLAN SE71 13142S Aurora is an eye-catching, self-adhesive opaque dichroic film that displays a dynamic blend of colours. Designed for application on rigid, smooth, flat, and 2D convex surfaces, its iridescent effect fuses hot deep pink with alluring azure blue, shifting with the viewing angle and light conditions. Our opaque dichroic films bring vibrant, eye-catching colour that creates a striking visual impact, perfect for crafting standout graphics in exhibitions, hotels, restaurants, retail environments, offices, and other commercial or corporate spaces. Buy it by the metre at 1200mm wide.","<html>
<head><title>ASLAN 13142S Aurora Dichroic Film</title>
</head>
<body>
<img style=""height: 50px; width: 236px;"" alt=""Aslan logo""
src=""media/ecom/onpagegraphics/ASLAN_Logo_New.png""><br><br>

<p>ASLAN SE71 13142S Aurora is an eye-catching, self-adhesive opaque dichroic film that displays a dynamic blend of colours. Designed for application on rigid, smooth, flat, and 2D convex surfaces, its iridescent effect fuses hot deep pink with alluring azure blue, shifting with the viewing angle and light conditions. Our opaque dichroic films bring vibrant, eye-catching colour that creates a striking visual impact, perfect for crafting standout graphics in exhibitions, hotels, restaurants, retail environments, offices, and other commercial or corporate spaces.</p>

<span style=""font-weight: bold; color: #d7328a;"">Structure:</span><br>
<ul><li>190<span>&#181;</span>m pvc / polyester face film</li>
<li>Water based acrylic adhesive - Permanent</li>
<li>Siliconised kraft paper liner 120g/sqm</li></ul>

<span style=""font-weight: bold; color: #d7328a;"">Suitability:</span><br>
<ul><li>Designed for application to clean, smooth flat and 2D convex surfaces (some de-lamination may occur if applied on to uneven or flexible substrates and we don't recommend application to concave surfaces)</li>
<li>Suitable mainly for interior use and with limited exterior durability</li></ul>

<span style=""font-weight: bold; color: #d7328a;"">Advantages:</span><br>
<ul><li>Consistent deep vivid colours without hot spot blemishes</li>
<li>Perfect for contour cutting even small intricate detail</li>
<li>Now even easier to apply</li></ul>

<span style=""font-weight: bold; color: #d7328a;"">Ink Compatibility:</span><br>
<ul><img style=""margin: 0px 5px 0px 0px; width: 15px; height: 25px;"" alt=""UV Ink""
src=""media/ecom/onpagegraphics/Ink-UV.png"">UV</ul>

<span style=""font-weight: bold; color: #d7328a;"">Technical Information:</span><br>
<ul><a href=""media/ecom/pdfs/datasheets/ColourShift_Dichroic_ASLAN_SE_71.pdf"" target=""_blank""><img
style=""border: 0px solid ; width: 200px; height: 60px;"" alt=""ASLAN 13142S Aurora Dichroic Datasheet""
src=""media/ecom/onpagegraphics/Datasheet.png""></a>
<a href=""media/ecom/colselxl/Colourcard_ASLAN_Metaleffect.pdf"" target=""_blank""><img
style=""border: 0px solid ; width: 200px; height: 60px;"" alt=""Aslan Meteleffect Colour Selector""
src=""media/ecom/onpagegraphics/Colour.png""></a></ul>

<p style=""font-weight: bold; font-size: 0.9em;"">Prices shown are per linear metre at 1200mm wide</p>
</body>

</html>
","Aurora_Window.jpg","Aurora_Window.jpg, Dichroic_Aurora.png","INVITEMS","DEFAULT-13142S_Aurora-DEFAULT-13142S_Aurora","","","0","0","0","","1","REGONLY","0","0","0","0","","","","SELECT","SELECT","0","","","","","0","0","","income-service","","","0","0","","","","","Colour_Change_Films","Colour_Change_Films, Christmas_Films","","","0","Olfa_Graphic_Cutter, Olfa_X_Design_Heavy_Duty_Knife, Lint-Free-Gloves, Masking_Tape_25mm, Aslan_Squeegee, Swann_Morton_3_Handle, Swann_Morton_10A_Blades, Float_On, Anti_Static_Cleaner,Lint-Free-Cloths, Heavy-Duty-Application-Roller, Rollepro, ","Olfa_Graphic_Cutter, Olfa_X_Design_Heavy_Duty_Knife, Lint-Free-Gloves, Masking_Tape_25mm, Aslan_Squeegee, Swann_Morton_3_Handle, Swann_Morton_10A_Blades, Float_On, Anti_Static_Cleaner,Lint-Free-Cloths, Heavy-Duty-Application-Roller, Rollepro, ","N","superuser","","","","","Opaque","","","","","","","","","ASLAN-13142S-Aurora-Dichroic","0","iridescent, pearlescent, nebula, colour change, dichroic, dichromatic, colour shift, colourshift, holographic, aurora, aslan, se71, 3m, dinoc, blaze, chill, colourchange, colour, change, shift, holo, festival, exhibiton, vibrant, 
","","ASLAN SE71 13142S Aurora is an eye-catching self-adhesive opaque film that displays a blend of different colours.  Designed to be used on to rigid smooth flat and 2D convex surfaces, the iridescent colour change effect changes depending on the viewing angle and light conditions.","1614255792","0","","0","","CHECKBOX"
"13143SPET_Alpha","ASLAN SE71 Alpha Opaque Dichroic Film","13143S","Doro_Tape","45","33","DEFAULT","","","","","0","ASLAN SE71 13143S Alpha is an eye-catching, PVC-free self-adhesive opaque dichroic film that displays a captivating blend of colours. Designed for use on rigid, smooth, flat, and 2D convex surfaces, its iridescent effect resembles a morning sunrise, mixing bright yet subtle yellows with tinges of magenta that shift with the viewing angle and light conditions. Our opaque dichroic films bring vibrant, eye-catching colour that creates a striking visual impact, perfect for crafting standout graphics in exhibitions, hotels, restaurants, retail environments, offices, and other commercial or corporate spaces. Buy it by the metre at 1350mm wide.","<html>
<head><title>ASLAN 13143S Alpha Dichroic Film</title>
</head>
<body>
<img style=""height: 50px; width: 236px;"" alt=""Aslan logo""
src=""media/ecom/onpagegraphics/ASLAN_Logo_New.png""><br><br>

<p>ASLAN SE71 13143S Alpha is an eye-catching, PVC-free self-adhesive opaque dichroic film that displays a captivating blend of colours. Designed for use on rigid, smooth, flat, and 2D convex surfaces, its iridescent effect resembles a morning sunrise, mixing bright yet subtle yellows with tinges of magenta that shift with the viewing angle and light conditions. Our opaque dichroic films bring vibrant, eye-catching colour that creates a striking visual impact, perfect for crafting standout graphics in exhibitions, hotels, restaurants, retail environments, offices, and other commercial or corporate spaces.</p>

<a><img style=""border: 0px solid ; width: 75px; height: 75px; float: right;"" alt=""pvc free""
src=""media/ecom/onpagegraphics/PVC_free_logo.png""></a>

<span style=""font-weight: bold; color: #d7328a;"">Structure:</span><br>
<ul><li>160<span>&#181;</span>m Polyester face film</li>
<li>Water based acrylic adhesive - Permanent</li>
<li>Siliconised kraft paper liner 120g/sqm</li></ul>

<span style=""font-weight: bold; color: #d7328a;"">Suitability:</span><br>
<ul><li>Designed for application to clean, smooth flat and 2D convex surfaces (some de-lamination may occur if applied on to uneven or flexible substrates and we don't recommend application to concave surfaces)</li>
<li>Suitable mainly for interior use and with limited exterior durability</li></ul>

<span style=""font-weight: bold; color: #d7328a;"">Advantages:</span><br>
<ul><li>Consistent deep vivid colours without hot spot blemishes</li>
<li>Perfect for contour cutting even small intricate detail</li>
<li>Now even easier to apply</li></ul>

<span style=""font-weight: bold; color: #d7328a;"">Ink Compatibility:</span><br>
<ul><img style=""margin: 0px 5px 0px 0px; width: 15px; height: 25px;"" alt=""UV Ink""
src=""media/ecom/onpagegraphics/Ink-UV.png"">UV</ul>

<span style=""font-weight: bold; color: #d7328a;"">Technical Information:</span><br>
<ul><a href=""media/ecom/pdfs/datasheets/ColourShift_Dichroic_ASLAN_SE_71_PET.pdf"" target=""_blank""><img
style=""border: 0px solid ; width: 200px; height: 60px;"" alt=""ASLAN 13143SPET Alpha Dichroic Datasheet""
src=""media/ecom/onpagegraphics/Datasheet.png""></a>
<a href=""media/ecom/colselxl/Colourcard_ASLAN_Metaleffect.pdf"" target=""_blank""><img
style=""border: 0px solid ; width: 200px; height: 60px;"" alt=""Aslan Meteleffect Colour Selector""
src=""media/ecom/onpagegraphics/Colour.png""></a></ul>

<p style=""font-weight: bold; font-size: 0.9em;"">Prices shown are per linear metre at 1350mm wide</p>
</body>
</html>","Alpha_Retail_PET.jpg","Alpha_Retail.jpg, Dichroic_Alpha.jpg","INVITEMS","DEFAULT-13143SPET_Alpha-DEFAULT-13143S_Alpha","","","0","0","0","","1","REGONLY","0","0","0","0","","","","SELECT","SELECT","0","","","","","0","0","","income-service","","","0","0","","","","","Colour_Change_Films","Colour_Change_Films, Christmas_Films","","","0","Olfa_Graphic_Cutter, Olfa_X_Design_Heavy_Duty_Knife, Lint-Free-Gloves, Masking_Tape_25mm, Aslan_Squeegee, Swann_Morton_3_Handle, Swann_Morton_10A_Blades, Float_On, Anti_Static_Cleaner,Lint-Free-Cloths, Heavy-Duty-Application-Roller, Rollepro, ","Olfa_Graphic_Cutter, Olfa_X_Design_Heavy_Duty_Knife, Lint-Free-Gloves, Masking_Tape_25mm, Aslan_Squeegee, Swann_Morton_3_Handle, Swann_Morton_10A_Blades, Float_On, Anti_Static_Cleaner,Lint-Free-Cloths, Heavy-Duty-Application-Roller, Rollepro, ","A","superuser","","","","","Opaque","","","","","","","","","","0","iridescent, pearlescent, nebula, colour change, dichroic, dichromatic, colour shift, colourshift, holographic, aurora, aslan, se71, 3m, dinoc, blaze, chill, colourchange, colour, change, shift, holo, festival, exhibiton, vibrant, 
","","ASLAN SE71 13143S Alpha is an eye-catching self-adhesive opaque dichroic film that displays a blend of different colours.  Designed to be used on to rigid smooth flat and 2D convex surfaces, the iridescent colour change effect changes depending on the viewing angle and light conditions.","1740665734","0","","0","","CHECKBOX"
"13143S_Alpha","ASLAN SE71 Alpha Opaque Dichroic Film","13143S","Doro_Tape","45","30","DEFAULT","","","","","0","ASLAN SE71 13143S Alpha is an eye-catching self-adhesive opaque dichroic film that displays a captivating blend of colours. Designed for use on rigid, smooth, flat, and 2D convex surfaces, its iridescent effect resembles a morning sunrise, mixing bright yet subtle yellows with tinges of magenta that shift with the viewing angle and light conditions. Our opaque dichroic films bring vibrant, eye-catching colour that creates a striking visual impact, perfect for crafting standout graphics in exhibitions, hotels, restaurants, retail environments, offices, and other commercial or corporate spaces. Buy it by the metre at 1200mm wide.","<html>
<head><title>ASLAN 13143S Alpha Dichroic Film</title>
</head>
<body>
<img style=""height: 50px; width: 236px;"" alt=""Aslan logo""
src=""media/ecom/onpagegraphics/ASLAN_Logo_New.png""><br><br>

<p>ASLAN SE71 13143S Alpha is an eye-catching self-adhesive opaque dichroic film that displays a captivating blend of colours. Designed for use on rigid, smooth, flat, and 2D convex surfaces, its iridescent effect resembles a morning sunrise, mixing bright yet subtle yellows with tinges of magenta that shift with the viewing angle and light conditions. Our opaque dichroic films bring vibrant, eye-catching colour that creates a striking visual impact, perfect for crafting standout graphics in exhibitions, hotels, restaurants, retail environments, offices, and other commercial or corporate spaces.</p>

<span style=""font-weight: bold; color: #d7328a;"">Structure:</span><br>
<ul><li>190<span>&#181;</span>m pvc / polyester face film</li>
<li>Water based acrylic adhesive - Permanent</li>
<li>Siliconised kraft paper liner 120g/sqm</li></ul>

<span style=""font-weight: bold; color: #d7328a;"">Suitability:</span><br>
<ul><li>Designed for application to clean, smooth flat and 2D convex surfaces (some de-lamination may occur if applied on to uneven or flexible substrates and we don't recommend application to concave surfaces)</li>
<li>Suitable mainly for interior use and with limited exterior durability</li></ul>

<span style=""font-weight: bold; color: #d7328a;"">Advantages:</span><br>
<ul><li>Consistent deep vivid colours without hot spot blemishes</li>
<li>Perfect for contour cutting even small intricate detail</li>
<li>Now even easier to apply</li></ul>

<span style=""font-weight: bold; color: #d7328a;"">Ink Compatibility:</span><br>
<ul><img style=""margin: 0px 5px 0px 0px; width: 15px; height: 25px;"" alt=""UV Ink""
src=""media/ecom/onpagegraphics/Ink-UV.png"">UV</ul>

<span style=""font-weight: bold; color: #d7328a;"">Technical Information:</span><br>
<ul><a href=""media/ecom/pdfs/datasheets/ColourShift_Dichroic_ASLAN_SE_71.pdf"" target=""_blank""><img
style=""border: 0px solid ; width: 200px; height: 60px;"" alt=""ASLAN 13143S Alpha Dichroic Datasheet""
src=""media/ecom/onpagegraphics/Datasheet.png""></a>
<a href=""media/ecom/colselxl/Colourcard_ASLAN_Metaleffect.pdf"" target=""_blank""><img
style=""border: 0px solid ; width: 200px; height: 60px;"" alt=""Aslan Meteleffect Colour Selector""
src=""media/ecom/onpagegraphics/Colour.png""></a></ul>

<p style=""font-weight: bold; font-size: 0.9em;"">Prices shown are per linear metre at 1200mm wide</p>
</body>
</html>","Alpha_Retail.jpg","Alpha_Retail.jpg, Dichroic_Alpha.jpg","INVITEMS","DEFAULT-13143S_Alpha-DEFAULT-13143S_Alpha","","","0","0","0","","1","REGONLY","0","0","0","0","","","","SELECT","SELECT","0","","","","","0","0","","income-service","","","0","0","","","","","Colour_Change_Films","Colour_Change_Films, Christmas_Films","","","0","Olfa_Graphic_Cutter, Olfa_X_Design_Heavy_Duty_Knife, Lint-Free-Gloves, Masking_Tape_25mm, Aslan_Squeegee, Swann_Morton_3_Handle, Swann_Morton_10A_Blades, Float_On, Anti_Static_Cleaner,Lint-Free-Cloths, Heavy-Duty-Application-Roller, Rollepro, ","Olfa_Graphic_Cutter, Olfa_X_Design_Heavy_Duty_Knife, Lint-Free-Gloves, Masking_Tape_25mm, Aslan_Squeegee, Swann_Morton_3_Handle, Swann_Morton_10A_Blades, Float_On, Anti_Static_Cleaner,Lint-Free-Cloths, Heavy-Duty-Application-Roller, Rollepro, ","N","superuser","","","","","Opaque","","","","","","","","","ASLAN-13143S-Alpha-Dichroic","0","iridescent, pearlescent, nebula, colour change, dichroic, dichromatic, colour shift, colourshift, holographic, aurora, aslan, se71, 3m, dinoc, blaze, chill, colourchange, colour, change, shift, holo, festival, exhibiton, vibrant, 
","","ASLAN SE71 13143S Alpha is an eye-catching self-adhesive opaque dichroic film that displays a blend of different colours.  Designed to be used on to rigid smooth flat and 2D convex surfaces, the iridescent colour change effect changes depending on the viewing angle and light conditions.","1685017407","0","","0","","CHECKBOX"
"13144S_Andromeda","ASLAN SE71 Andromeda Opaque Dichroic Film","13144S","Doro_Tape","50","30","DEFAULT","","","","","0","ASLAN 13144S Andromeda is an eye-catching self-adhesive opaque dichroic film that displays a blend of different colours.  Designed to be used on to rigid smooth flat and 2D convex surfaces, the iridescent colour change effect of Andromeda blends gold and copper with deep green overtones that change depending on the viewing angle and light conditions. Our opaque dichroic films bring vibrant, eye-catching colour that creates a striking visual impact, perfect for crafting standout graphics in exhibitions, hotels, restaurants, retail environments, offices, and other commercial or corporate spaces. Buy it by the metre at 1200mm wide.","<html>
<head><title>ASLAN 13144S Andromeda Dichroic Film</title>
</head>
<body>
<img style=""height: 50px; width: 236px;"" alt=""Aslan logo""
src=""media/ecom/onpagegraphics/ASLAN_Logo_New.png""><br><br>

<p>ASLAN SE71 13144S Andromeda is an eye-catching self-adhesive opaque dichroic film that displays a blend of different colours.  Designed to be used on to rigid smooth flat and 2D convex surfaces, the iridescent colour change effect of Andromeda blends gold and copper with deep green overtones that change depending on the viewing angle and light conditions. Our opaque dichroic films bring vibrant, eye-catching colour that creates a striking visual impact, perfect for crafting standout graphics in exhibitions, hotels, restaurants, retail environments, offices, and other commercial or corporate spaces.</p>

<span style=""font-weight: bold; color: #d7328a;"">Structure:</span><br>
<ul><li>190<span>&#181;</span>m pvc / polyester face film</li>
<li>Water based acrylic adhesive - Permanent</li>
<li>Siliconised kraft paper liner 120g/sqm</li></ul>

<span style=""font-weight: bold; color: #d7328a;"">Suitability:</span><br>
<ul><li>Designed for application to clean, smooth flat and 2D convex surfaces (some de-lamination may occur if applied on to uneven or flexible substrates and we don't recommend application to concave surfaces)</li>
<li>Suitable mainly for interior use and with limited exterior durability</li></ul>

<span style=""font-weight: bold; color: #d7328a;"">Advantages:</span><br>
<ul><li>Consistent deep vivid colours without hot spot blemishes</li>
<li>Perfect for contour cutting even small intricate detail</li>
<li>Now even easier to apply</li></ul>

<span style=""font-weight: bold; color: #d7328a;"">Ink Compatibility:</span><br>
<ul><img style=""margin: 0px 5px 0px 0px; width: 15px; height: 25px;"" alt=""UV Ink""
src=""media/ecom/onpagegraphics/Ink-UV.png"">UV</ul>

<span style=""font-weight: bold; color: #d7328a;"">Technical Information:</span><br>
<ul><a href=""media/ecom/pdfs/datasheets/ColourShift_Dichroic_ASLAN_SE_71.pdf"" target=""_blank""><img
style=""border: 0px solid ; width: 200px; height: 60px;"" alt=""Aslan 13144S Andromeda Dichroic Datasheet""
src=""media/ecom/onpagegraphics/Datasheet.png""></a>
<a href=""media/ecom/colselxl/Colourcard_ASLAN_Metaleffect.pdf"" target=""_blank""><img
style=""border: 0px solid ; width: 200px; height: 60px;"" alt=""Aslan Meteleffect Colour Selector""
src=""media/ecom/onpagegraphics/Colour.png""></a></ul>

<p style=""font-weight: bold; font-size: 0.9em;"">Prices shown are per linear metre at 1200mm wide</p>
</body>
</html>","Andromeda_Exhibition.jpg","Andromeda_Exhibition.jpg, Dichroic_Andromeda.png","INVITEMS","DEFAULT-13144S_Andromeda-DEFAULT-13144S_Andromeda","","","0","0","0","","1","REGONLY","0","0","0","0","","","","SELECT","SELECT","0","","","","","0","0","","income-service","","","0","0","","","","","Colour_Change_Films","Colour_Change_Films, Christmas_Films","","","0","Olfa_Graphic_Cutter, Olfa_X_Design_Heavy_Duty_Knife, Lint-Free-Gloves, Masking_Tape_25mm, Aslan_Squeegee, Swann_Morton_3_Handle, Swann_Morton_10A_Blades, Float_On, Anti_Static_Cleaner,Lint-Free-Cloths, Heavy-Duty-Application-Roller, Rollepro, ","Olfa_Graphic_Cutter, Olfa_X_Design_Heavy_Duty_Knife, Lint-Free-Gloves, Masking_Tape_25mm, Aslan_Squeegee, Swann_Morton_3_Handle, Swann_Morton_10A_Blades, Float_On, Anti_Static_Cleaner,Lint-Free-Cloths, Heavy-Duty-Application-Roller, Rollepro, ","A","superuser","","","","","Opaque","","","","","","","","","ASLAN-13144S-Andromeda-Dichroic","0","iridescent, pearlescent, nebula, colour change, dichroic, dichromatic, colour shift, colourshift, holographic, aurora, aslan, se71, 3m, dinoc, blaze, chill, colourchange, colour, change, shift, holo, festival, exhibiton, vibrant, ","","ASLAN SE71 13144S Andromeda is an eye-catching self-adhesive opaque dichroic film that displays a blend of different colours. Designed to be used on to rigid smooth flat and 2D convex surfaces, the iridescent colour change effect changes depending on the viewing angle and light conditions.","1685023337","0","","0","","CHECKBOX"
"13145S_Plasma","ASLAN SE71 Plasma Opaque Dichroic Film","13145S","Doro_Tape","60","30","DEFAULT","","","","","0","ASLAN SE71 13145S Plasma is an eye-catching self-adhesive opaque dichroic film that displays a dynamic blend of colours. Designed for application on rigid, smooth, flat, and 2D convex surfaces, its iridescent effect mixes deep violet and blue tones with contrasting emerald greens, shifting with the viewing angle and light conditions. Our opaque dichroic films bring vibrant, eye-catching colour that creates a striking visual impact, perfect for crafting standout graphics in exhibitions, hotels, restaurants, retail environments, offices, and other commercial or corporate spaces. Buy it by the metre at 1200mm wide.","<html>
<head><title>ASLAN 13145S Plasma Dichroic Film</title>
</head>
<body>
<img style=""height: 50px; width: 236px;"" alt=""Aslan logo""
src=""media/ecom/onpagegraphics/ASLAN_Logo_New.png""><br><br>

<p>ASLAN SE71 13145S Plasma is an eye-catching self-adhesive opaque dichroic film that displays a dynamic blend of colours. Designed for application on rigid, smooth, flat, and 2D convex surfaces, its iridescent effect mixes deep violet and blue tones with contrasting emerald greens, shifting with the viewing angle and light conditions. Our opaque dichroic films bring vibrant, eye-catching colour that creates a striking visual impact, perfect for crafting standout graphics in exhibitions, hotels, restaurants, retail environments, offices, and other commercial or corporate spaces.</p>

<span style=""font-weight: bold; color: #d7328a;"">Structure:</span><br>
<ul><li>190<span>&#181;</span>m pvc / polyester face film</li>
<li>Water based acrylic adhesive - Permanent</li>
<li>Siliconised kraft paper liner 120g/sqm</li></ul>

<span style=""font-weight: bold; color: #d7328a;"">Suitability:</span><br>
<ul><li>Designed for application to clean, smooth flat and 2D convex surfaces (some de-lamination may occur if applied on to uneven or flexible substrates and we don't recommend application to concave surfaces)</li>
<li>Suitable mainly for interior use and with limited exterior durability</li></ul>

<span style=""font-weight: bold; color: #d7328a;"">Advantages:</span><br>
<ul><li>Consistent deep vivid colours without hot spot blemishes</li>
<li>Perfect for contour cutting even small intricate detail</li>
<li>Now even easier to apply</li></ul>

<span style=""font-weight: bold; color: #d7328a;"">Ink Compatibility:</span><br>
<ul><img style=""margin: 0px 5px 0px 0px; width: 15px; height: 25px;"" alt=""UV Ink""
src=""media/ecom/onpagegraphics/Ink-UV.png"">UV</ul>

<span style=""font-weight: bold; color: #d7328a;"">Technical Information:</span><br>
<ul><a href=""media/ecom/pdfs/datasheets/ColourShift_Dichroic_ASLAN_SE_71.pdf"" target=""_blank""><img
style=""border: 0px solid ; width: 200px; height: 60px;"" alt=""Aslan 13145S Plasma Dichroic Datasheet""
src=""media/ecom/onpagegraphics/Datasheet.png""></a>
<a href=""media/ecom/colselxl/Colourcard_ASLAN_Metaleffect.pdf"" target=""_blank""><img
style=""border: 0px solid ; width: 200px; height: 60px;"" alt=""Aslan Meteleffect Colour Selector""
src=""media/ecom/onpagegraphics/Colour.png""></a></ul>

<p style=""font-weight: bold; font-size: 0.9em;"">Prices shown are per linear metre at 1200mm wide</p>
</body>
</html>","Plasma_Retail.jpg","Plasma_Retail.jpg, Dichroic_Plasma.png","INVITEMS","DEFAULT-13145S_Plasma-DEFAULT-13145S_Plasma","","","0","0","0","","1","REGONLY","0","0","0","0","","","","SELECT","SELECT","0","","","","","0","0","","income-service","","","0","0","","","","","Colour_Change_Films","Colour_Change_Films, Christmas_Films","","","0","Olfa_Graphic_Cutter, Olfa_X_Design_Heavy_Duty_Knife, Lint-Free-Gloves, Masking_Tape_25mm, Aslan_Squeegee, Swann_Morton_3_Handle, Swann_Morton_10A_Blades, Float_On, Anti_Static_Cleaner,Lint-Free-Cloths, Heavy-Duty-Application-Roller, Rollepro, ","Olfa_Graphic_Cutter, Olfa_X_Design_Heavy_Duty_Knife, Lint-Free-Gloves, Masking_Tape_25mm, Aslan_Squeegee, Swann_Morton_3_Handle, Swann_Morton_10A_Blades, Float_On, Anti_Static_Cleaner,Lint-Free-Cloths, Heavy-Duty-Application-Roller, Rollepro, ","A","superuser","","","","","Opaque","","","","","","","","","ASLAN-13145S-Plasma-Dichroic","0","iridescent, pearlescent, nebula, colour change, dichroic, dichromatic, colour shift, colourshift, holographic, aurora, aslan, se71, 3m, dinoc, blaze, chill, colourchange, colour, change, shift, holo, festival, exhibiton, vibrant, ","","ASLAN SE71 13145S Plasma is an eye-catching self-adhesive opaque dichroic film that displays a blend of different colours.  Designed to be used on to rigid smooth flat and 2D convex surfaces, the iridescent colour change effect changes depending on the viewing angle and light conditions.","1685023657","0","","0","","CHECKBOX"
"13150S_Silver_Holographic","ASLAN SE72 Silver Holographic PET Film :: 1010mm wide","13150S","Aslan","20","14","DEFAULT","","","","","0","ASLAN SE72 13150S Silver Holographic Film is a 50 µm self-adhesive PET-film (PVC Free) with a striking silver based petrol on water rainbow iridescence. Perfect for exhibitions, festivals, hotels, retail centres and commercial spaces, this material produces an eye-catching visual effect for a wide range of applications. Buy it by the metre at 1010mm wide.","<html>
<head><title>ASLAN 13150S Silver Holographic Film</title>
</head>
<style>
.responsive {
  width: 50%;
  height: auto;
}
</style>


<body>
<img style=""width: 250px; height: 53px;"" alt=""Aslan Logo"" src=""media/ecom/onpagegraphics/ASLAN_Logo_New.jpg"" class=""responsive""><br><br>

<p>ASLAN SE72 13150S Silver Holographic Film is a 50 µm self-adhesive PET-film (PVC Free) with a striking silver based petrol on water rainbow iridescence.  Perfect for exhibitions, festivals, hotels, retail centres and commercial spaces, this material produces an eye-catching visual effect for a wide range of applications.</p>

<a><img style=""border: 0px solid ; width: 75px; height: 75px; float: right;"" alt=""pvc free""
src=""media/ecom/onpagegraphics/PVC_free_logo.png""></a>

<span style=""font-weight: bold; color: #d7328a;"">Structure:</span><br>
<ul><li>50<span>&#181;</span>m polyester face film</li>
<li>Special water-based adhesive - Permanent</li>
<li>Siliconised liner, PE coated on both sides - 144g/m<sup>2</sup></li></ul>

<span style=""font-weight: bold; color: #d7328a;"">Suitability:</span>
<ul><li>Designed for dry application to clean, smooth and flat or 2D curved surfaces</li>
<li>Suitable for interior and exterior use with a durability of up to 3 years</li>
<li>Ideal for use in retail POS and exhibitions as well as for visual merchandising and making stickers and labels</li>
<li>Printable with Latex & UV Curable Inks</li></ul>

<span style=""font-weight: bold; color: #d7328a;"">Advantages:</span>
<ul><li>PVC Free</li>
<li>Double sided Holographic</li>
<li>Up to 3 years outdoor durability</li>
<li>No pattern repeat lines reduce waste and time when cad cutting</li>
<li>Stay Flat PE coated liner for optimum flatness and moisture stability ensuring an even feed through the plotter or printer
</li></ul>

<span style=""font-weight: bold; color: #d7328a;"">Ink Compatability:</span><br>
<ul><img style=""margin: 0px 5px 0px 0px; width: 15px; height: 25px;"" alt=""Latex""
src=""media/ecom/onpagegraphics/Ink-Latex.png"">Latex &nbsp;&nbsp;
<img style=""margin: 0px 5px 0px 0px; width: 15px; height: 25px;"" alt=""UV Ink""
src=""media/ecom/onpagegraphics/Ink-UV.png"">UV</ul>

<span style=""font-weight: bold; color: #d7328a;"">Technical Information:</span><br><ul>
<a href=""media/ecom/pdfs/datasheets/ASLAN_SE72_Holographic.pdf"" target=""_blank""><img
style=""border: 0px solid ; width: 200px; height: 60px;"" alt=""Aslan 13150S Holographic Datasheet""
src=""media/ecom/onpagegraphics/Datasheet.png""></a>
<a href=""media/ecom/colselxl/Colourcard_ASLAN_Metaleffect.pdf"" target=""_blank""><img
style=""border: 0px solid ; width: 200px; height: 60px;"" alt=""Aslan Meteleffect Colour Selector""
src=""media/ecom/onpagegraphics/Colour.png""></a></ul>
<p style=""font-weight: bold; font-size: 0.9em;"">Prices shown are per linear metre at 1010mm wide</p>
</body></html>","SE72_Window.jpg","SE72_Window.jpg, 13150-Silver-Holographic.png","INVITEMS","DEFAULT-13150S_Silver_Holographic-DEFAULT-13150S_Silver_Holographic","","","0","0","0","","1","REGONLY","0","0","0","0","","","","SELECT","SELECT","0","","","","","0","0","","income-service","","","0","0","FEAT1","","","","Holographic_Vinyl","Holographic_Vinyl, ASLAN-SE72-Holographic, Silver-Films","","","0","Fusion_5, Blue_Max, Aslan_Red_Devil_Squeegee, Aslan-Gold-Soft-Squeegee, Aslan_Squeegee, Olfa_X_Design_Heavy_Duty_Knife, Olfa_Graphic_Cutter, Application_Gloves, Lint-Free-Gloves, Masking_Tape_25mm, Lint-Free-Cloths, ","Aslan_Red_Devil_Squeegee, Aslan-Gold-Soft-Squeegee, Aslan_Squeegee, Olfa_X_Design_Heavy_Duty_Knife, Olfa_Graphic_Cutter, Application_Gloves, Lint-Free-Gloves, Masking_Tape_25mm, Lint-Free-Cloths, ","A","superuser","","","","","Transparent","","","","","","","","","ASLAN-13150S-Silver-Holographic","0","iridescent, pearlescent, holographic, rainbow, shimmer, petrol, brite overall, hotels, festivals, retail, office, commercial, 

","","ASLAN SE72 13150S Silver Holographic Film is a 50 µm self-adhesive PET-film (PVC Free) with a striking silver based petrol on water rainbow iridescence. Buy it by the metre at 1010mm wide.","1639754840","0","","0","","CHECKBOX"
"13152S","ASLAN SE74 Silver HoloStripe PET Film :: 1010mm wide","13152S","Aslan","30","14","DEFAULT","","","","","0","ASLAN SE74 13152S Silver HoloStripe Film is a 50 µm self-adhesive PET-film (PVC Free) with a striking silver based striped petrol on water rainbow iridescence. Perfect for exhibitions, festivals, hotels, retail centres and commercial spaces, this material produces an eye-catching visual effect for a wide range of applications. Buy it by the metre at 1010mm wide.","<html>
<head><title>ASLAN 13152S Silver HoloStripe Film</title>
</head>
<style>
.responsive {
  width: 50%;
  height: auto;
}
</style>


<body>
<img style=""width: 250px; height: 53px;"" alt=""Aslan Logo"" src=""media/ecom/onpagegraphics/ASLAN_Logo_New.jpg"" class=""responsive""><br><br>

<p>ASLAN SE74 13152S Silver HoloStripe Film is a 50 µm self-adhesive PET-film (PVC Free) with a striking silver based striped petrol on water rainbow iridescence. Perfect for exhibitions, festivals, hotels, retail centres and commercial spaces, this material produces an eye-catching visual effect for a wide range of applications.</p>

<a><img style=""border: 0px solid ; width: 75px; height: 75px; float: right;"" alt=""pvc free""
src=""media/ecom/onpagegraphics/PVC_free_logo.png""></a>

<span style=""font-weight: bold; color: #d7328a;"">Structure:</span><br>
<ul><li>50<span>&#181;</span>m polyester face film</li>
<li>Special water-based adhesive - Permanent</li>
<li>Siliconised liner, PE coated on both sides - 144g/m<sup>2</sup></li></ul>

<span style=""font-weight: bold; color: #d7328a;"">Suitability:</span>
<ul><li>Designed for dry application to clean, smooth and flat or 2D curved surfaces</li>
<li>Suitable for interior and exterior use with a durability of up to 3 years</li>
<li>Ideal for use in retail POS and exhibitions as well as for visual merchandising and making stickers and labels</li>
<li>Printable with Latex & UV Curable Inks</li></ul>

<span style=""font-weight: bold; color: #d7328a;"">Advantages:</span>
<ul><li>PVC Free</li>
<li>Double sided striped holographic</li>
<li>Up to 3 years outdoor durability</li>
<li>Stay Flat PE coated liner for optimum flatness and moisture stability ensuring an even feed through the plotter or printer
</li></ul>

<span style=""font-weight: bold; color: #d7328a;"">Ink Compatability:</span><br>
<ul><img style=""margin: 0px 5px 0px 0px; width: 15px; height: 25px;"" alt=""Latex""
src=""media/ecom/onpagegraphics/Ink-Latex.png"">Latex &nbsp;&nbsp;
<img style=""margin: 0px 5px 0px 0px; width: 15px; height: 25px;"" alt=""UV Ink""
src=""media/ecom/onpagegraphics/Ink-UV.png"">UV</ul>

<span style=""font-weight: bold; color: #d7328a;"">Technical Information:</span><br><ul>
<a href=""media/ecom/pdfs/datasheets/HoloStripe_ASLAN_SE_74.pdf"" target=""_blank""><img
style=""border: 0px solid ; width: 200px; height: 60px;"" alt=""Aslan 13152S Holostripe Datasheet""
src=""media/ecom/onpagegraphics/Datasheet.png""></a>
<a href=""media/ecom/colselxl/Colourcard_ASLAN_Metaleffect.pdf"" target=""_blank""><img
style=""border: 0px solid ; width: 200px; height: 60px;"" alt=""Aslan Meteleffect Colour Selector""
src=""media/ecom/onpagegraphics/Colour.png""></a></ul>
<p style=""font-weight: bold; font-size: 0.9em;"">Prices shown are per linear metre at 1010mm wide</p>
</body></html>","SE74_Instore.jpg","SE74_Instore.jpg","INVITEMS","DEFAULT-13152S-DEFAULT-13152S","","","0","0","0","","1","REGONLY","0","0","0","0","","","","SELECT","SELECT","0","","","","","0","0","","income-service","","","0","0","FEAT1","","","","Holographic_Vinyl","Holographic_Vinyl, ASLAN-SE72-Holographic, Silver-Films","","","0","Fusion_5, Blue_Max, Aslan_Red_Devil_Squeegee, Aslan-Gold-Soft-Squeegee, Aslan_Squeegee, Olfa_X_Design_Heavy_Duty_Knife, Olfa_Graphic_Cutter, Application_Gloves, Lint-Free-Gloves, Masking_Tape_25mm, Lint-Free-Cloths, ","Aslan_Red_Devil_Squeegee, Aslan-Gold-Soft-Squeegee, Aslan_Squeegee, Olfa_X_Design_Heavy_Duty_Knife, Olfa_Graphic_Cutter, Application_Gloves, Lint-Free-Gloves, Masking_Tape_25mm, Lint-Free-Cloths, ","A","admin, superuser","","","","","Transparent","","","","","","","","","ASLAN-13152S-Silver-HoloStripe","0","iridescent, pearlescent, holographic, rainbow, shimmer, petrol, brite overall, holostripe, stripe, holo, holographic, rainbow silver, aslan, se74, hotels, retail centre, office, festivals, exhibitions, 

","","ASLAN SE74 13152S Silver HoloStripe Film is a 50 µm self-adhesive PET-film (PVC Free) with a striking silver based striped petrol on water rainbow iridescence. Buy it by the metre at 1010mm wide.","1751533901","0","","0","","CHECKBOX"
"13155S_Luna","ASLAN SE77 Luna Translucent Dichroic Film","13155S","Doro_Tape","70","37","DEFAULT","","","","","0","ASLAN SE77 13155S Luna is a stunning self-adhesive translucent dichroic film that displays a silvery shimmer of colours. Designed for use on glass and acrylic surfaces, its soft iridescent effect blends delicate pink and powder blue, shifting with the viewing angle and light conditions. Transform windows and other surfaces with vibrant eye catching colour using this versatile material, that delivers a striking and unforgettable visual impact. Ideal for printed designs, colour-shifting etched effects on acrylic as well as window displays in offices, commercial spaces, retail stores, hotels and hospitality environments. Buy it by the metre at 1370mm wide.","<html>
<head><title>ASLAN 13155S Luna Dichroic Film</title>
</head>
<body>
<img style=""height: 50px; width: 236px;"" alt=""Aslan logo""
src=""media/ecom/onpagegraphics/ASLAN_Logo_New.png""><br><br>

<p>ASLAN SE77 13155S Luna is a stunning self-adhesive translucent dichroic film that displays a silvery shimmer of colours. Designed for use on glass and acrylic surfaces, its soft iridescent effect blends delicate pink and powder blue, shifting with the viewing angle and light conditions. Transform windows and other surfaces with vibrant eye catching colour using this versatile material, that delivers a striking and unforgettable visual impact. Ideal for printed designs, colour-shifting etched effects on acrylic as well as window displays in offices, commercial spaces, retail stores, hotels and hospitality environments. </p>

<span style=""font-weight: bold; color: #d7328a;"">Structure:</span><br>
<ul><li>120<span>&#181;</span>m pvc / polyester face film</li>
<li>Water based acrylic adhesive - Removable</li>
<li>Siliconised transparent polyester liner - 75<span>&#181;</span></li></ul>

<span style=""font-weight: bold; color: #d7328a;"">Suitability:</span><br>
<ul><li>Designed for application to clean, smooth flat glass and acrylic surfaces (we don't recommend application to curved surfaces)</li>
<li>Create eye-catching designs of glass and custom privacy solutions for indoor and outdoor areas</li>
<li>Gives an etched dichroic effect of the face and a dichroic effect on the adhesive side</li>
<li>Can be used to cover entire glass or acrylic surfaces either printed or unprinted as well cad cut lettering and logos</li>
<li>Perfect for eye-catching retail windows, office partitions and other branding and in-store applications</li>
<li>Ideal for interior design, architects and the events and exhibitions sector</li>
<li>Can be applied dry and wet but care must be taken to remove all liquid</li>
<li>Outdoor durability of up to 3 years (unprinted)</li></ul>

<span style=""font-weight: bold; color: #d7328a;"">Advantages:</span><br>
<ul><li>Consistently soft colours without hot spot blemishes</li>
<li>Solvent free adhesive system</li>
<li>Effortless removal even after many years</li></ul>

<span style=""font-weight: bold; color: #d7328a;"">Ink Compatibility:</span><br>
<ul><img style=""margin: 0px 5px 0px 0px; width: 15px; height: 25px;"" alt=""Eco-Sol Ink""
src=""media/ecom/onpagegraphics/Ink-EcoSol.png"">Eco-solvent &nbsp;&nbsp;
<img style=""margin: 0px 5px 0px 0px; width: 15px; height: 25px;"" alt=""Latex""
src=""media/ecom/onpagegraphics/Ink-Latex.png"">Latex &nbsp;&nbsp;
<img style=""margin: 0px 5px 0px 0px; width: 15px; height: 25px;"" alt=""UV Ink""
src=""media/ecom/onpagegraphics/Ink-UV.png"">UV</ul>

<span style=""font-weight: bold; color: #d7328a;"">Technical Information:</span><br>
<ul><a href=""media/ecom/pdfs/datasheets/ColourShift_Etched_ASLAN_SE_77_EN.pdf"" target=""_blank""><img
style=""border: 0px solid ; width: 200px; height: 60px;"" alt=""ASLAN 13155S Luna Dichroic Datasheet""
src=""media/ecom/onpagegraphics/Datasheet.png""></a>
<a href=""media/ecom/colselxl/Colourcard_ASLAN_Metaleffect.pdf"" target=""_blank""><img
style=""border: 0px solid ; width: 200px; height: 60px;"" alt=""Aslan Meteleffect Colour Selector""
src=""media/ecom/onpagegraphics/Colour.png""></a></ul>

<p style=""font-weight: bold; font-size: 0.9em;"">Prices shown are per linear metre at 1370mm wide</p>
</body>
</html>","Luna_Retail.jpg","Luna_Retail.jpg, ASLAN_13155_LUNA.jpg","INVITEMS","DEFAULT-13155S_Luna-DEFAULT-13155S_Luna","","","0","0","0","","1","REGONLY","0","0","0","0","","","","SELECT","SELECT","0","","","","","0","0","","income-service","","","0","0","","","","","Colour_Change_Films","Colour_Change_Films, Christmas_Films, Decorative-Window-Films, Digital_Print_Window_Film","","","0","Nebula, Blue_Max, Fusion_5, Olfa_Graphic_Cutter, Olfa_X_Design_Heavy_Duty_Knife, Lint-Free-Gloves, Masking_Tape_25mm, Aslan_Squeegee, Swann_Morton_3_Handle, Swann_Morton_10A_Blades, Float_On, IPA_100, Anti_Static_Cleaner, 13141S_Solar, 13140S_Nebula","Blue_Max, Fusion_5, Olfa_Graphic_Cutter, Olfa_X_Design_Heavy_Duty_Knife, Lint-Free-Gloves, Masking_Tape_25mm, Aslan_Squeegee, Swann_Morton_3_Handle, Swann_Morton_10A_Blades, Float_On, IPA_100, Anti_Static_Cleaner,","A","superuser","","","","","Opaque","","","","","","","","","ASLAN-13155S-Luna-Dichroic","0","iridescent, pearlescent, nebula, colour change, dichroic, dichromatic, colour shift, colourshift, holographic, luna, aslan, se77, 3m, dinoc, blaze, chill, iridescent, pearlescent, nebula, colour change, dichroic, dichromatic, colour shift, colourshif","","ASLAN SE77 13155S Luna is a stunning self-adhesive translucent dichroic film that displays a silvery shimmer of different colours.  Designed to be used on to glass and acrylic surfaces, the soft iridescent colour change effect changes depending on the viewing angle and light conditions.","1728315676","0","Decorative-Window-Films","0","","CHECKBOX"
"13156S_Nova","ASLAN SE77 Nova Translucent Dichroic Film","13156S","Doro_Tape","75","37","DEFAULT","","","","","0","ASLAN SE77 13156S Nova is a stunning self-adhesive translucent dichroic film that displays a silvery shimmer of colours. Designed for use on glass and acrylic surfaces, its soft iridescent effect blends gentle yellows with baby pink tones, shifting with the viewing angle and light conditions. Transform windows and other surfaces with vibrant eye catching colour using this versatile material, that delivers a striking and unforgettable visual impact. Ideal for printed designs, colour-shifting etched effects on acrylic as well as window displays in offices, commercial spaces, retail stores, hotels and hospitality environments. Buy it by the metre at 1370mm wide.","<html>
<head><title>ASLAN 13156S Nova Dichroic Film</title>
</head>
<body>
<img style=""height: 50px; width: 236px;"" alt=""Aslan logo""
src=""media/ecom/onpagegraphics/ASLAN_Logo_New.png""><br><br>

<p>ASLAN SE77 13156S Nova is a stunning self-adhesive translucent dichroic film that displays a silvery shimmer of colours. Designed for use on glass and acrylic surfaces, its soft iridescent effect blends gentle yellows with baby pink tones, shifting with the viewing angle and light conditions. Transform windows and other surfaces with vibrant eye catching colour using this versatile material, that delivers a striking and unforgettable visual impact. Ideal for printed designs, colour-shifting etched effects on acrylic as well as window displays in offices, commercial spaces, retail stores, hotels and hospitality environments.</p>

<span style=""font-weight: bold; color: #d7328a;"">Structure:</span><br>
<ul><li>120<span>&#181;</span>m pvc / polyester face film</li>
<li>Water based acrylic adhesive - Removable</li>
<li>Siliconised transparent polyester liner - 75<span>&#181;</span></li></ul>

<span style=""font-weight: bold; color: #d7328a;"">Suitability:</span><br>
<ul><li>Designed for application to clean, smooth flat glass and acrylic surfaces (we don't recommend application to curved surfaces)</li>
<li>Create eye-catching designs of glass and custom privacy solutions for indoor and outdoor areas</li>
<li>Gives an etched dichroic effect of the face and a dichroic effect on the adhesive side</li>
<li>Can be used to cover entire glass or acrylic surfaces either printed or unprinted as well cad cut lettering and logos</li>
<li>Perfect for eye-catching retail windows, office partitions and other branding and in-store applications</li>
<li>Ideal for interior design, architects and the events and exhibitions sector</li>
<li>Can be applied dry and wet but care must be taken to remove all liquid</li>
<li>Outdoor durability of up to 3 years (unprinted)</li></ul>

<span style=""font-weight: bold; color: #d7328a;"">Advantages:</span><br>
<ul><li>Consistently soft colours without hot spot blemishes</li>
<li>Solvent free adhesive system</li>
<li>Effortless removal even after many years</li></ul>

<span style=""font-weight: bold; color: #d7328a;"">Ink Compatibility:</span><br>
<ul><img style=""margin: 0px 5px 0px 0px; width: 15px; height: 25px;"" alt=""Eco-Sol Ink""
src=""media/ecom/onpagegraphics/Ink-EcoSol.png"">Eco-solvent &nbsp;&nbsp;
<img style=""margin: 0px 5px 0px 0px; width: 15px; height: 25px;"" alt=""Latex""
src=""media/ecom/onpagegraphics/Ink-Latex.png"">Latex &nbsp;&nbsp;
<img style=""margin: 0px 5px 0px 0px; width: 15px; height: 25px;"" alt=""UV Ink""
src=""media/ecom/onpagegraphics/Ink-UV.png"">UV</ul>

<span style=""font-weight: bold; color: #d7328a;"">Technical Information:</span><br>
<ul><a href=""media/ecom/pdfs/datasheets/ColourShift_Etched_ASLAN_SE_77_EN.pdf"" target=""_blank""><img
style=""border: 0px solid ; width: 200px; height: 60px;"" alt=""ASLAN 13156S Nova Dichroic Datasheet""
src=""media/ecom/onpagegraphics/Datasheet.png""></a>
<a href=""media/ecom/colselxl/Colourcard_ASLAN_Metaleffect.pdf"" target=""_blank""><img
style=""border: 0px solid ; width: 200px; height: 60px;"" alt=""Aslan Meteleffect Colour Selector""
src=""media/ecom/onpagegraphics/Colour.png""></a></ul>

<p style=""font-weight: bold; font-size: 0.9em;"">Prices shown are per linear metre at 1370mm wide</p>
</body>
</html>","Nova_Office.jpg","Nova_Office.jpg, ASLAN_13156_NOVA.jpg","INVITEMS","DEFAULT-13156S_Nova-DEFAULT-13156S_Nova","","","0","0","0","","1","REGONLY","0","0","0","0","","","","SELECT","SELECT","0","","","","","0","0","","income-service","","","0","0","","","","","Colour_Change_Films","Colour_Change_Films, Christmas_Films, Decorative-Window-Films, Digital_Print_Window_Film","","","0","Nebula, 13141S_Solar, Blue_Max, Fusion_5, Olfa_Graphic_Cutter, Olfa_X_Design_Heavy_Duty_Knife, Lint-Free-Gloves, Masking_Tape_25mm, Aslan_Squeegee, Swann_Morton_3_Handle, Swann_Morton_10A_Blades, Float_On, IPA_100, Anti_Static_Cleaner, 13140S_Nebula","Blue_Max, Fusion_5, Olfa_Graphic_Cutter, Olfa_X_Design_Heavy_Duty_Knife, Lint-Free-Gloves, Masking_Tape_25mm, Aslan_Squeegee, Swann_Morton_3_Handle, Swann_Morton_10A_Blades, Float_On, IPA_100, Anti_Static_Cleaner,","A","superuser","","","","","Opaque","","","","","","","","","ASLAN-13156S-Nova-Dichroic","0","iridescent, pearlescent, nebula, colour change, dichroic, dichromatic, colour shift, colourshift, holographic, nova, aslan, se77, 3m, dinoc, blaze, chill, iridescent, pearlescent, nebula, colour change, dichroic, dichromatic, colour shift, colourshif","","ASLAN SE77 13156S Nova is a stunning self-adhesive translucent dichroic film that displays a silvery shimmer of different colours.  Designed to be used on to glass and acrylic surfaces, the soft iridescent colour change effect changes depending on the viewing angle and light conditions.","1728384944","0","","0","","CHECKBOX"
"13158","ASLAN 13158 PrintMetal Polished Rose Gold","13158","Aslan","25","19","DEFAULT","","","","","0","ASLAN CA30 13158 Polished Rose Gold from the CA30 range has a polished metallic surface and is double sided so has the same colour and finish on the adhesive side making it perfect for use onto glass and acrylic.","<head><title>ASLAN CA30 13158 Polished Rose Gold</title>
</head>
<body>
<img style=""height: 50px; width: 236px;"" alt=""Aslan logo""
src=""media/ecom/onpagegraphics/ASLAN_Logo_New.png""><br><br>

<p>ASLAN CA30 13158 Polished Rose Gold from the CA30 range has a polished metallic surface and is double sided so has the same colour and finish on the adhesive side making it perfect for use onto glass and acrylic.</p>

<span style=""font-weight: bold; color: #d7328a;"">Structure:</span>
<ul><li>140<span>&#181;</span>m Compound of polymeric soft-PVC and polyester
<li>Special water-based adhesive - Semi-permanent
<li>Premium quality siliconised backing liner - 140g/m<sup>2</sup>
</li></ul>

<span style=""font-weight: bold; color: #d7328a;"">Suitability:</span>
<ul><li>Highly polished surface for premium looking graphics and displays
<li>Double sided metal effect so has the same colour and finish on the adhesive side making it perfect for use onto glass and acrylic
<li>Designed for interior and exterior use on to smooth flat surfaces with a durability of up to 5 years
<li>Ideal for producing high quality window graphics, displays and signage
<li>Recommended for Dry Apply only
<li>Edge sealing recommended to optimise durability
</li></ul>

<span style=""font-weight: bold; color: #d7328a;"">Advantages:</span>
<ul><li>Up to 5 years outdoor durability
<li>These films are compatible with Eco-Solvent, Solvent, Latex and UV inks, and are also HP Latex certified
<li>Double sided so has the same colour and finish on the adhesive side
<li>Water based (solvent free) adhesive
<li>Metallisation made from recycled aluminium
</li></ul>

<span style=""font-weight: bold; color: #d7328a;"">Ink Compatibility:</span>
<ul>
        <img style=""margin: 0 5px 0 0; width: 15px; height: 25px;"" alt=""Eco-Sol Ink"" src=""media/ecom/onpagegraphics/Ink-EcoSol.png""> Eco-solvent&nbsp;&nbsp;
        <img style=""margin: 0 5px 0 0; width: 15px; height: 25px;"" alt=""Sol Ink"" src=""media/ecom/onpagegraphics/Ink-Sol.png""> Solvent&nbsp;&nbsp;
	<img style=""margin: 0px 5px 0px 0px; width: 15px; height: 25px;"" alt=""Latex"" src=""media/ecom/onpagegraphics/Ink-Latex.png"">Latex &nbsp;&nbsp;
        <img style=""margin: 0 5px 0 0; width: 15px; height: 25px;"" alt=""UV Ink"" src=""media/ecom/onpagegraphics/Ink-UV.png""> UV&nbsp;&nbsp; <br>
        <img style=""width: 100px; height: 48px;"" alt=""HP Latex Certified"" src=""https://www.dorotape.co.uk/media/ecom/onpagegraphics/HP-Latex-Certified.jpg"">
</ul>
<span style=""font-weight: bold; color: #d7328a;"">Technical Information:</span>
<ul>
<a href=""media/ecom/pdfs/datasheets/PrintMetal_ASLAN_CA30_e.pdf"" target=""_blank""><img
style=""border: 0px solid ; width: 200px; height: 60px;"" alt=""pdf""
src=""media/ecom/onpagegraphics/Datasheet.png""></a>
<a href=""media/ecom/colselxl/Colourcard_ASLAN_Metaleffect.pdf"" target=""_blank""><img
style=""border: 0px solid ; width: 200px; height: 60px;"" alt=""Aslan Meteleffect Colour Selector""
src=""media/ecom/onpagegraphics/Colour.png""></a>

</ul>
</body>
</html>

","13158 -Polished-Rose-Gold.png","13158 -Polished-Rose-Gold.png","INVITEMS","DEFAULT-13158-DEFAULT-13158","","","0","0","0","","1","REGONLY","0","0","0","0","","","","SELECT","SELECT","0","","","","","0","0","","income-service","","","0","0","","","","","Aslan-CA30","Aslan-CA30","","","0","Aslan_Red_Devil_Squeegee, Aslan-Gold-Soft-Squeegee, Aslan_Squeegee, Olfa_X_Design_Heavy_Duty_Knife, Olfa_Graphic_Cutter, Application_Gloves, Lint-Free-Gloves, Masking_Tape_25mm, Lint-Free-Cloths, ","Aslan_Red_Devil_Squeegee, Aslan-Gold-Soft-Squeegee, Aslan_Squeegee, Olfa_X_Design_Heavy_Duty_Knife, Olfa_Graphic_Cutter, Application_Gloves, Lint-Free-Gloves, Masking_Tape_25mm, Lint-Free-Cloths, ","A","","","","","","Polished","","","","","","","","","ASLAN-CA30-PrintMetal-13158-Polished-Rose-Gold","0","aslan, ca30, metallised, metal, foil, brushed, 13158, 13158k, printmetal, ca23, print, rose gold, rosegold, rose, gold, ","","","1746017009","0","","0","","CHECKBOX"
"13201S","ASLAN 13201 MetalMatt Matt Rose Gold","13201","Aslan","10","19","DEFAULT","","","","","0","ASLAN SE80 13201 Matt Rose Gold has a silky matt metallic appearance and a highly scratch resistant coating, making it perfect for elevating brand POS/POP displays and retail interiors. The glossy metallic adhesive side makes it also suitable for use onto windows, and other glass surfaces. Buy it by the metre.","<html>
<head><title>ASLAN SE80 MetalMatt 13201S Matt Rose Gold</title>
</head>
<body>
<img style=""height: 50px; width: 236px;"" alt=""Aslan logo""
src=""media/ecom/onpagegraphics/ASLAN_Logo_New.png""><br><br>

<p>ASLAN SE80 13201 Matt Rose Gold has a silky matt metallic appearance and a highly scratch resistant coating, making it perfect for POS/POP graphics, in-store retail displays, shopfitting and interior d&eacute;cor. The glossy metallic adhesive side makes it suitable for use onto windows, and other glass surfaces. </p>

<a><img style=""border: 0px solid ; width: 75px; height: 75px; float: right;"" alt=""pvc free""
src=""media/ecom/onpagegraphics/PVC_free_logo.png""></a>

<span style=""font-weight: bold; color: #d7328a;"">Structure:</span>
<ul><li>60<span>&#181;</span>m Polyester</li>
<li>Water-based adhesive (solvent free)- Semi-permanent</li>
<li>Premium quality siliconised backing liner - 140g/m<sup>2</sup>
</li></ul>

<span style=""font-weight: bold; color: #d7328a;"">Suitability:</span>
<ul><li>Ideal for producing high quality POS/POP displays, window graphics, displays and signage</li>
<li>Suitable for precision cut lettering and logos (min 20mm letter height) as well as large area surface decoration</li>
<li>Same metallic colour on the adhesive side making it perfect for applications onto glass and acrylic</li>
<li>Designed for interior and exterior use on to smooth flat surfaces</li>
<li>Highly scratch resistant for high-touch surfaces in retail stores, exhibition spaces and public areas</li>
<li>Recommended for dry apply only but wet application possible with extreme care</li>
</li></ul>

<span style=""font-weight: bold; color: #d7328a;"">Advantages:</span>
<ul><li>The ASLAN SE80 range is free of PVC and phtalates</li>
<li>Elegant matt, low reflection finish for a luxurious feel</li>
<li>Up to 2 years outdoor durability</li>
<li>No shrinkage</li>
<li>Highly scratch resistant coating for hard wearing and high contact applications</li>
<li>Double sided so has the same colour in gloss on the adhesive side</li>
<li>Water based (solvent free) adhesive</li>
<li>PVC free and plasticiser free for ecological solutions</li>
<li>REACH compliant</li>
<li>Removable without residue from glass and metal surfaces
</li></ul>

<span style=""font-weight: bold; color: #d7328a;"">Technical Information:</span>
<ul>
<a href=""media/ecom/pdfs/datasheets/MetalMatt-AntiScratch-ASLAN-SE80.pdf"" target=""_blank""><img
style=""border: 0px solid ; width: 200px; height: 60px;"" alt=""ASLAN SE80 Datasheet""
src=""media/ecom/onpagegraphics/Datasheet.png""></a>
<a href=""media/ecom/colselxl/Colourcard_ASLAN_Metaleffect.pdf"" target=""_blank""><img
style=""border: 0px solid ; width: 200px; height: 60px;"" alt=""Aslan Meteleffect Colour Selector""
src=""media/ecom/onpagegraphics/Colour.png""></a></ul>


</body>
</html>","13201-Matt-Rose-Gold.webp","13201-Matt-Rose-Gold.webp, 13201-Matt-Rose-Gold-Display.webp","INVITEMS","DEFAULT-13201S-DEFAULT-13201S","","","0","0","0","","1","REGONLY","0","0","0","0","","","","SELECT","SELECT","0","","","","","0","0","","income-service","","","0","0","","","","","ASLAN-SE80-MetalMatt","ASLAN-SE80-MetalMatt, PVC_Free_Materials","","","0","Aslan_Red_Devil_Squeegee, Aslan-Gold-Soft-Squeegee, Aslan_Squeegee, Olfa_X_Design_Heavy_Duty_Knife, Olfa_Graphic_Cutter, Application_Gloves, Lint-Free-Gloves, Masking_Tape_25mm, Lint-Free-Cloths, ","Aslan_Red_Devil_Squeegee, Aslan-Gold-Soft-Squeegee, Aslan_Squeegee, Olfa_X_Design_Heavy_Duty_Knife, Olfa_Graphic_Cutter, Application_Gloves, Lint-Free-Gloves, Masking_Tape_25mm, Lint-Free-Cloths, ","A","admin, superuser","","","","","Polished","","","","","","","","","ASLAN-SE80-MetalMatt-13201-Rose-Gold","0","aslan, SE80, SE, 80, metal, metallic, metallised, metalised, metalized, metallized, metalmatt, matt, metal, mattmetal, mattrose gold, mattrosegold, rose, gold, 13201, 13201S, ","","","1781619213","0","","0","","CHECKBOX"
"13202S","ASLAN 13202 MetalMatt Matt Silver","13202","Aslan","10","19","DEFAULT","","","","","0","ASLAN SE80 13202 Matt Silver has a silky matt metallic appearance and a highly scratch resistant coating, making it perfect for elevating brand POS/POP displays and retail interiors. The glossy metallic adhesive side makes it also suitable for use onto windows, and other glass surfaces. Buy it by the metre.
","<html>
<head><title>ASLAN SE80 MetalMatt 13202S Matt Silver</title>
</head>
<body>
<img style=""height: 50px; width: 236px;"" alt=""Aslan logo""
src=""media/ecom/onpagegraphics/ASLAN_Logo_New.png""><br><br>

<p>ASLAN SE80 13202 Matt Silver has a silky matt metallic appearance and a highly scratch resistant coating, making it perfect for POS/POP graphics, in-store retail displays, shopfitting and interior d&eacute;cor. The glossy metallic adhesive side makes it suitable for use onto windows, and other glass surfaces. </p>

<a><img style=""border: 0px solid ; width: 75px; height: 75px; float: right;"" alt=""pvc free""
src=""media/ecom/onpagegraphics/PVC_free_logo.png""></a>

<span style=""font-weight: bold; color: #d7328a;"">Structure:</span>
<ul><li>60<span>&#181;</span>m Polyester</li>
<li>Water-based adhesive (solvent free)- Semi-permanent</li>
<li>Premium quality siliconised backing liner - 140g/m<sup>2</sup>
</li></ul>

<span style=""font-weight: bold; color: #d7328a;"">Suitability:</span>
<ul><li>Ideal for producing high quality POS/POP displays, window graphics, displays and signage</li>
<li>Suitable for precision cut lettering and logos (min 20mm letter height) as well as large area surface decoration</li>
<li>Same metallic colour on the adhesive side making it perfect for applications onto glass and acrylic</li>
<li>Designed for interior and exterior use on to smooth flat surfaces</li>
<li>Highly scratch resistant for high-touch surfaces in retail stores, exhibition spaces and public areas</li>
<li>Recommended for dry apply only but wet application possible with extreme care</li>
</li></ul>

<span style=""font-weight: bold; color: #d7328a;"">Advantages:</span>
<ul><li>The ASLAN SE80 range is free of PVC and phtalates</li>
<li>Elegant matt, low reflection finish for a luxurious feel</li>
<li>Up to 2 years outdoor durability</li>
<li>No shrinkage</li>
<li>Highly scratch resistant coating for hard wearing and high contact applications</li>
<li>Double sided so has the same colour in gloss on the adhesive side</li>
<li>Water based (solvent free) adhesive</li>
<li>PVC free and plasticiser free for ecological solutions</li>
<li>REACH compliant</li>
<li>Removable without residue from glass and metal surfaces
</li></ul>

<span style=""font-weight: bold; color: #d7328a;"">Technical Information:</span>
<ul>
<a href=""media/ecom/pdfs/datasheets/MetalMatt-AntiScratch-ASLAN-SE80.pdf"" target=""_blank""><img
style=""border: 0px solid ; width: 200px; height: 60px;"" alt=""ASLAN SE80 Datasheet""
src=""media/ecom/onpagegraphics/Datasheet.png""></a>
<a href=""media/ecom/colselxl/Colourcard_ASLAN_Metaleffect.pdf"" target=""_blank""><img
style=""border: 0px solid ; width: 200px; height: 60px;"" alt=""Aslan Meteleffect Colour Selector""
src=""media/ecom/onpagegraphics/Colour.png""></a></ul>


</body>
</html>","13202-Matt-Silver.webp","13202-Matt-Silver.webp","INVITEMS","DEFAULT-13202S-DEFAULT-13202S","","","0","0","0","","1","REGONLY","0","0","0","0","","","","SELECT","SELECT","0","","","","","0","0","","income-service","","","0","0","","","","","ASLAN-SE80-MetalMatt","ASLAN-SE80-MetalMatt, PVC_Free_Materials","","","0","Aslan_Red_Devil_Squeegee, Aslan-Gold-Soft-Squeegee, Aslan_Squeegee, Olfa_X_Design_Heavy_Duty_Knife, Olfa_Graphic_Cutter, Application_Gloves, Lint-Free-Gloves, Masking_Tape_25mm, Lint-Free-Cloths, ","Aslan_Red_Devil_Squeegee, Aslan-Gold-Soft-Squeegee, Aslan_Squeegee, Olfa_X_Design_Heavy_Duty_Knife, Olfa_Graphic_Cutter, Application_Gloves, Lint-Free-Gloves, Masking_Tape_25mm, Lint-Free-Cloths, ","A","admin, superuser","","","","","Polished","","","","","","","","","ASLAN-SE80-MetalMatt-13202-Silver","0","aslan, SE80, SE, 80, metal, metallic, metallised, metalised, metalized, metallized, metalmatt, matt, metal, mattmetal, mattsilver, 13202, 13202S","","","1781616224","0","","0","","CHECKBOX"
"13203S","ASLAN 13203 MetalMatt Matt Gold","13203","Aslan","10","19","DEFAULT","","","","","0","ASLAN SE80 13203 Matt Gold has a silky matt metallic appearance and a highly scratch resistant coating, making it perfect for elevating brand POS/POP displays and retail interiors. The glossy metallic adhesive side makes it also suitable for use onto windows, and other glass surfaces. Buy it by the metre.
","<html>
<head><title>ASLAN SE80 MetalMatt 13203S Matt Gold</title>
</head>
<body>
<img style=""height: 50px; width: 236px;"" alt=""Aslan logo""
src=""media/ecom/onpagegraphics/ASLAN_Logo_New.png""><br><br>

<p>ASLAN SE80 13203 Matt Gold has a silky matt metallic appearance and a highly scratch resistant coating, making it perfect for POS/POP graphics, in-store retail displays, shopfitting and interior d&eacute;cor. The glossy metallic adhesive side makes it suitable for use onto windows, and other glass surfaces. </p>

<a><img style=""border: 0px solid ; width: 75px; height: 75px; float: right;"" alt=""pvc free""
src=""media/ecom/onpagegraphics/PVC_free_logo.png""></a>

<span style=""font-weight: bold; color: #d7328a;"">Structure:</span>
<ul><li>60<span>&#181;</span>m Polyester</li>
<li>Water-based adhesive (solvent free)- Semi-permanent</li>
<li>Premium quality siliconised backing liner - 140g/m<sup>2</sup>
</li></ul>

<span style=""font-weight: bold; color: #d7328a;"">Suitability:</span>
<ul><li>Ideal for producing high quality POS/POP displays, window graphics, displays and signage</li>
<li>Suitable for precision cut lettering and logos (min 20mm letter height) as well as large area surface decoration</li>
<li>Same metallic colour on the adhesive side making it perfect for applications onto glass and acrylic</li>
<li>Designed for interior and exterior use on to smooth flat surfaces</li>
<li>Highly scratch resistant for high-touch surfaces in retail stores, exhibition spaces and public areas</li>
<li>Recommended for dry apply only but wet application possible with extreme care</li>
</li></ul>

<span style=""font-weight: bold; color: #d7328a;"">Advantages:</span>
<ul><li>The ASLAN SE80 range is free of PVC and phtalates</li>
<li>Elegant matt, low reflection finish for a luxurious feel</li>
<li>Up to 2 years outdoor durability</li>
<li>No shrinkage</li>
<li>Highly scratch resistant coating for hard wearing and high contact applications</li>
<li>Double sided so has the same colour in gloss on the adhesive side</li>
<li>Water based (solvent free) adhesive</li>
<li>PVC free and plasticiser free for ecological solutions</li>
<li>REACH compliant</li>
<li>Removable without residue from glass and metal surfaces
</li></ul>

<span style=""font-weight: bold; color: #d7328a;"">Technical Information:</span>
<ul>
<a href=""media/ecom/pdfs/datasheets/MetalMatt-AntiScratch-ASLAN-SE80.pdf"" target=""_blank""><img
style=""border: 0px solid ; width: 200px; height: 60px;"" alt=""ASLAN SE80 Datasheet""
src=""media/ecom/onpagegraphics/Datasheet.png""></a>
<a href=""media/ecom/colselxl/Colourcard_ASLAN_Metaleffect.pdf"" target=""_blank""><img
style=""border: 0px solid ; width: 200px; height: 60px;"" alt=""Aslan Meteleffect Colour Selector""
src=""media/ecom/onpagegraphics/Colour.png""></a></ul>


</body>
</html>","13203-Matt-Gold.webp","13203-Matt-Gold.webp, 13203-Matt-Gold-Wall.webp","INVITEMS","DEFAULT-13203S-DEFAULT-13203S","","","0","0","0","","1","REGONLY","0","0","0","0","","","","SELECT","SELECT","0","","","","","0","0","","income-service","","","0","0","","","","","ASLAN-SE80-MetalMatt","ASLAN-SE80-MetalMatt, PVC_Free_Materials","","","0","Aslan_Red_Devil_Squeegee, Aslan-Gold-Soft-Squeegee, Aslan_Squeegee, Olfa_X_Design_Heavy_Duty_Knife, Olfa_Graphic_Cutter, Application_Gloves, Lint-Free-Gloves, Masking_Tape_25mm, Lint-Free-Cloths, ","Aslan_Red_Devil_Squeegee, Aslan-Gold-Soft-Squeegee, Aslan_Squeegee, Olfa_X_Design_Heavy_Duty_Knife, Olfa_Graphic_Cutter, Application_Gloves, Lint-Free-Gloves, Masking_Tape_25mm, Lint-Free-Cloths, ","A","admin, superuser","","","","","Polished","","","","","","","","","ASLAN-SE80-MetalMatt-13203-Gold","0","aslan, SE80, SE, 80, metal, metallic, metallised, metalised, metalized, metallized, metalmatt, matt, metal, mattmetal, mattgold, 13203, 13203s, ","","","1781619096","0","","0","","CHECKBOX"
"13207S","ASLAN 13207 MetalMatt Matt Copper","13207","Aslan","10","19","DEFAULT","","","","","0","ASLAN SE80 13207 Matt Copper has a silky matt metallic appearance and a highly scratch resistant coating, making it perfect for elevating brand POS/POP displays and retail interiors. The glossy metallic adhesive side makes it also suitable for use onto windows, and other glass surfaces. Buy it by the metre.
","<html>
<head><title>ASLAN SE80 MetalMatt 13207S Matt Copper</title>
</head>
<body>
<img style=""height: 50px; width: 236px;"" alt=""Aslan logo""
src=""media/ecom/onpagegraphics/ASLAN_Logo_New.png""><br><br>

<p>ASLAN SE80 13207 Matt Copper has a silky matt metallic appearance and a highly scratch resistant coating, making it perfect for POS/POP graphics, in-store retail displays, shopfitting and interior d&eacute;cor. The glossy metallic adhesive side makes it suitable for use onto windows, and other glass surfaces. </p>

<a><img style=""border: 0px solid ; width: 75px; height: 75px; float: right;"" alt=""pvc free""
src=""media/ecom/onpagegraphics/PVC_free_logo.png""></a>

<span style=""font-weight: bold; color: #d7328a;"">Structure:</span>
<ul><li>60<span>&#181;</span>m Polyester</li>
<li>Water-based adhesive (solvent free)- Semi-permanent</li>
<li>Premium quality siliconised backing liner - 140g/m<sup>2</sup>
</li></ul>

<span style=""font-weight: bold; color: #d7328a;"">Suitability:</span>
<ul><li>Ideal for producing high quality POS/POP displays, window graphics, displays and signage</li>
<li>Suitable for precision cut lettering and logos (min 20mm letter height) as well as large area surface decoration</li>
<li>Same metallic colour on the adhesive side making it perfect for applications onto glass and acrylic</li>
<li>Designed for interior and exterior use on to smooth flat surfaces</li>
<li>Highly scratch resistant for high-touch surfaces in retail stores, exhibition spaces and public areas</li>
<li>Recommended for dry apply only but wet application possible with extreme care</li>
</li></ul>

<span style=""font-weight: bold; color: #d7328a;"">Advantages:</span>
<ul><li>The ASLAN SE80 range is free of PVC and phtalates</li>
<li>Elegant matt, low reflection finish for a luxurious feel</li>
<li>Up to 2 years outdoor durability</li>
<li>No shrinkage</li>
<li>Highly scratch resistant coating for hard wearing and high contact applications</li>
<li>Double sided so has the same colour in gloss on the adhesive side</li>
<li>Water based (solvent free) adhesive</li>
<li>PVC free and plasticiser free for ecological solutions</li>
<li>REACH compliant</li>
<li>Removable without residue from glass and metal surfaces
</li></ul>

<span style=""font-weight: bold; color: #d7328a;"">Technical Information:</span>
<ul>
<a href=""media/ecom/pdfs/datasheets/MetalMatt-AntiScratch-ASLAN-SE80.pdf"" target=""_blank""><img
style=""border: 0px solid ; width: 200px; height: 60px;"" alt=""ASLAN SE80 Datasheet""
src=""media/ecom/onpagegraphics/Datasheet.png""></a>
<a href=""media/ecom/colselxl/Colourcard_ASLAN_Metaleffect.pdf"" target=""_blank""><img
style=""border: 0px solid ; width: 200px; height: 60px;"" alt=""Aslan Meteleffect Colour Selector""
src=""media/ecom/onpagegraphics/Colour.png""></a></ul>


</body>
</html>","13207-Matt-Copper.webp","13207-Matt-Copper.webp","INVITEMS","DEFAULT-13207S-DEFAULT-13207S","","","0","0","0","","1","REGONLY","0","0","0","0","","","","SELECT","SELECT","0","","","","","0","0","","income-service","","","0","0","","","","","ASLAN-SE80-MetalMatt","ASLAN-SE80-MetalMatt, PVC_Free_Materials","","","0","Aslan_Red_Devil_Squeegee, Aslan-Gold-Soft-Squeegee, Aslan_Squeegee, Olfa_X_Design_Heavy_Duty_Knife, Olfa_Graphic_Cutter, Application_Gloves, Lint-Free-Gloves, Masking_Tape_25mm, Lint-Free-Cloths, ","Aslan_Red_Devil_Squeegee, Aslan-Gold-Soft-Squeegee, Aslan_Squeegee, Olfa_X_Design_Heavy_Duty_Knife, Olfa_Graphic_Cutter, Application_Gloves, Lint-Free-Gloves, Masking_Tape_25mm, Lint-Free-Cloths, ","A","admin, superuser","","","","","Polished","","","","","","","","","ASLAN-SE80-MetalMatt-13207-Copper","0","aslan, SE80, SE, 80, metal, metallic, metallised, metalised, metalized, metallized, metalmatt, matt, metal, mattmetal, mattrose gold, mattcopper, copper, 13207, 13207s, ","","","1781619303","0","","0","","CHECKBOX"
"14215-Red","ASLAN 14215 Red Fluorescent","14215","Aslan","30","5","DEFAULT","","","","","0","ASLAN 14215 Red Fluorescent Promotional Grade Vinyl is designed for interior high impact promotional work.

","<html>

<head><title>ASLAN 14215 Red Fluorescent Promotional Grade Vinyl</title>

<style>
.responsive {
  width: 50%;
  height: auto;
}
</style>
</head>

<img style=""height: 50px; width: 236px;"" alt=""Aslan logo""
src=""media/ecom/onpagegraphics/ASLAN_Logo_New.png"" class=""responsive""><br><br>

<body>

<p>ASLAN 14215 Red Fluorescent Promotional Grade Vinyl is designed for interior high impact promotional work.</p>

<span style=""font-weight: bold; color: #d7328a;"">Structure:</span><br>
<ul><li>100<span>&#181;</span>m Soft PVC, white backed</li>
<li>Water based adhesive - Removable</li>
<li>PE coated siliconized backing liner - 144gm<sup>2</sup>
</li></ul>

<span style=""font-weight: bold; color: #d7328a;"">Suitability:</span><br>
<ul><li>Ideal for advertisement letterings and logos</li>
<li>Perfect for high attract point-of-sale displays</li>
<li>Suitable for wet or dry application
</li></ul>

<span style=""font-weight: bold; color: #d7328a;"">Advantages:</span><br>
<ul><li>High luminosity for attractive displays</li>
<li>Removable adhesive for residue free removing</li>
<li>Up to 6 month outdoor durability
</li></ul>

<span style=""font-weight: bold; color: #d7328a;"">Technical Information:</span>
<ul><a href=""media/ecom/pdfs/datasheets/FluoColour_ASLAN_CL70_e.pdf"" target=""_blank""><img
style=""border: 0px solid ; width: 200px; height: 60px;"" alt=""pdf""
src=""media/ecom/onpagegraphics/Datasheet.png""></a></ul>

</body>

</html>","14215-Red.png","14215-Red.png","INVITEMS","DEFAULT-14215-Red-DEFAULT-14215-Red","","","0","0","0","","1","REGONLY","0","0","0","0","","","","SELECT","SELECT","0","","","","","0","0","","income-service","","","0","0","","","","","Aslan_Fluorescent","Aslan_Fluorescent","","","0","Aslan_Red_Devil_Squeegee, Olfa_X_Design_Heavy_Duty_Knife, Lint-Free-Gloves, Masking_Tape_25mm, Aslan-Gold-Soft-Squeegee, Olfa_Graphic_Cutter, Swann_Morton_3_Handle, Swann_Morton_10A_Blades, Aslan_Squeegee, Float_On","Aslan_Red_Devil_Squeegee, Olfa_X_Design_Heavy_Duty_Knife, Lint-Free-Gloves, Masking_Tape_25mm, Aslan-Gold-Soft-Squeegee, Olfa_Graphic_Cutter, Swann_Morton_3_Handle, Swann_Morton_10A_Blades, Aslan_Squeegee, Float_On","A","superuser","ADHESIVE_SEMI_PERMANENT","GRADE_POLYPROPYLENE","","","","","","","","","","","","ASLAN-14215-Red-Fluorescent","0","fluorescent, flourescent, fluoro, dayglo, dayglow, daybright, red, aslan, vinyl,


","","ASLAN 14215 Red fluorescent promotional grade vinyl.","1594134049","0","","0","","CHECKBOX"
"14216-Yellow","ASLAN 14216 Yellow Fluorescent","14216","Aslan","10","5","DEFAULT","","","","","0","ASLAN 14216 Yellow Fluorescent Promotional Grade Vinyl is designed for interior high impact promotional work.

","<html>

<head><title>ASLAN 14216 Yellow Fluorescent Promotional Grade Vinyl</title>

<style>
.responsive {
  width: 50%;
  height: auto;
}
</style>
</head>

<img style=""height: 50px; width: 236px;"" alt=""Aslan logo""
src=""media/ecom/onpagegraphics/ASLAN_Logo_New.png"" class=""responsive""><br><br>

<body>

<p>ASLAN 14216 Yellow Fluorescent Promotional Grade Vinyl is designed for interior high impact promotional work.</p>

<span style=""font-weight: bold; color: #d7328a;"">Structure:</span><br>
<ul><li>100<span>&#181;</span>m Soft PVC, white backed</li>
<li>Water based adhesive - Removable</li>
<li>PE coated siliconized backing liner - 144gm<sup>2</sup>
</li></ul>

<span style=""font-weight: bold; color: #d7328a;"">Suitability:</span><br>
<ul><li>Ideal for advertisement letterings and logos</li>
<li>Perfect for high attract point-of-sale displays</li>
<li>Suitable for wet or dry application
</li></ul>

<span style=""font-weight: bold; color: #d7328a;"">Advantages:</span><br>
<ul><li>High luminosity for attractive displays</li>
<li>Removable adhesive for residue free removing</li>
<li>Up to 6 month outdoor durability
</li></ul>

<span style=""font-weight: bold; color: #d7328a;"">Technical Information:</span>
<ul><a href=""media/ecom/pdfs/datasheets/FluoColour_ASLAN_CL70_e.pdf"" target=""_blank""><img
style=""border: 0px solid ; width: 200px; height: 60px;"" alt=""pdf""
src=""media/ecom/onpagegraphics/Datasheet.png""></a></ul>

</body>

</html>","14216-Yellow.png","14216-Yellow.png","INVITEMS","DEFAULT-14216-Yellow-DEFAULT-14216-Yellow","","","0","0","0","","1","REGONLY","0","0","0","0","","","","SELECT","SELECT","0","","","","","0","0","","income-service","","","0","0","","","","","Aslan_Fluorescent","Aslan_Fluorescent","","","0","Aslan_Red_Devil_Squeegee, Olfa_X_Design_Heavy_Duty_Knife, Lint-Free-Gloves, Masking_Tape_25mm, Aslan-Gold-Soft-Squeegee, Olfa_Graphic_Cutter, Swann_Morton_3_Handle, Swann_Morton_10A_Blades, Aslan_Squeegee, Float_On","Aslan_Red_Devil_Squeegee, Olfa_X_Design_Heavy_Duty_Knife, Lint-Free-Gloves, Masking_Tape_25mm, Aslan-Gold-Soft-Squeegee, Olfa_Graphic_Cutter, Swann_Morton_3_Handle, Swann_Morton_10A_Blades, Aslan_Squeegee, Float_On","A","superuser","ADHESIVE_SEMI_PERMANENT","GRADE_POLYPROPYLENE","","","","","","","","","","","","ASLAN-14216-Yellow-Fluorescent","0","fluorescent, flourescent, fluoro, dayglo, dayglow, daybright, yellow, aslan, 


","","Aslan 14216 Yellow fluorescent promotional grade vinyl.","1594134783","0","","0","","CHECKBOX"
"180-Orange","Orange Flock Heat Transfer Vinyl","180","Poli-Tape","50","11","DEFAULT","","","","","0","Orange Flock Heat Transfer Vinyl 500mm wide. Price per metre:","","180_Orange.png","180_Orange.png","INVITEMS","DEFAULT-180-Orange-DEFAULT-180_Orange","","","0","0","0","","1","REGONLY","0","0","0","0","","","","SELECT","SELECT","0","","","","","0","0","","income-service","","","0","0","","","","","3602_Flock","3602_Flock","","","0","Hotronix-Auto-Open-Clam-Heatpress, Weeding_Hook, EZ_LED_Weeder, FLEXOFF, Weeding_Tweezers, Heat_Tape, Tygaflor_Sheet, Olfa_Cutting_Matt_A3, Yellow_Ruler, ","Weeding_Hook, EZ_LED_Weeder, FLEXOFF, Weeding_Tweezers, Heat_Tape, Tygaflor_Sheet, Olfa_Cutting_Matt_A3, Yellow_Ruler, ","A","","","","","","","Application & Aftercare Instructions","<style>

table {

margin: 0 auto 0 auto;
}

table, th, td {
  
  border-collapse: collapse;
padding: 5px;
}
th, td {
  padding: 5px;
  text-align: center; 
  width: 100px;
  height: 50px;
  background-color:#009ee3;
  color: white;
  border-left: 5px solid white;
  border-right: 5px solid white;
}

th {
  border-top-color: white;
  font-size: 15px;
}

td {

padding-bottom: 1em;
border-bottom: 5px solid white;
font-size: 20px;
  
</style>



<table id=""data"">
  <tbody><tr>
    <th>PRESS TEMP</th>
<th>PRESS TIME</th>
<th>PRESSURE</th>
<th>EASY WEED</th>
<th>PEEL</th>
  </tr>
  <tr>
    <td>160<sup>o</sup>C</td>
<td>15 secs press</td>
<td>Medium<br></td>
<td><span style=""font-size:30px;"">&#10003;</span></td>
<td>Warm</td>
  </tr>

<tr>
    <th>LAYER</th>
<th>REVERSE IMAGE</th>
<th>WASH</th>
<th>TUMBLE DRY</th>
<th>DRY CLEAN</th>
  </tr>
  <tr>
    <td><span style=""font-size:30px; color: white;"">&#10005;</span></td>
<td><span style=""font-size:30px;"">&#10003;</span></td>
<td>60<sup>o</sup>C</td>
<td><span style=""font-size:30px; color: white;"">&#10005;</span></td>
<td><span style=""font-size:30px;"">&#10005;</span></td>
  </tr>
  </tbody></table>
","","","","","","","","0","","","","1592235429","0","","0","","CHECKBOX"
"200-Red","Red Flock Heat Transfer Vinyl","200","Poli-Tape","60","11","DEFAULT","","","","","0","Red Flock Heat Transfer Vinyl 500mm wide. Price per metre:","","200_Red.png","200_Red.png","INVITEMS","DEFAULT-200-Red-DEFAULT-200_Red","","","0","0","0","","1","REGONLY","0","0","0","0","","","","SELECT","SELECT","0","","","","","0","0","","income-service","","","0","0","","","","","3602_Flock","3602_Flock","","","0","Hotronix-Auto-Open-Clam-Heatpress, Weeding_Hook, EZ_LED_Weeder, FLEXOFF, Weeding_Tweezers, Heat_Tape, Tygaflor_Sheet, Olfa_Cutting_Matt_A3, Yellow_Ruler, ","Weeding_Hook, EZ_LED_Weeder, FLEXOFF, Weeding_Tweezers, Heat_Tape, Tygaflor_Sheet, Olfa_Cutting_Matt_A3, Yellow_Ruler, ","A","","","","","","","Application & Aftercare Instructions","<style>

table {

margin: 0 auto 0 auto;
}

table, th, td {
  
  border-collapse: collapse;
padding: 5px;
}
th, td {
  padding: 5px;
  text-align: center; 
  width: 100px;
  height: 50px;
  background-color:#009ee3;
  color: white;
  border-left: 5px solid white;
  border-right: 5px solid white;
}

th {
  border-top-color: white;
  font-size: 15px;
}

td {

padding-bottom: 1em;
border-bottom: 5px solid white;
font-size: 20px;
  
</style>



<table id=""data"">
  <tbody><tr>
    <th>PRESS TEMP</th>
<th>PRESS TIME</th>
<th>PRESSURE</th>
<th>EASY WEED</th>
<th>PEEL</th>
  </tr>
  <tr>
    <td>160<sup>o</sup>C</td>
<td>15 secs press</td>
<td>Medium<br></td>
<td><span style=""font-size:30px;"">&#10003;</span></td>
<td>Warm</td>
  </tr>

<tr>
    <th>LAYER</th>
<th>REVERSE IMAGE</th>
<th>WASH</th>
<th>TUMBLE DRY</th>
<th>DRY CLEAN</th>
  </tr>
  <tr>
    <td><span style=""font-size:30px; color: white;"">&#10005;</span></td>
<td><span style=""font-size:30px;"">&#10003;</span></td>
<td>60<sup>o</sup>C</td>
<td><span style=""font-size:30px; color: white;"">&#10005;</span></td>
<td><span style=""font-size:30px;"">&#10005;</span></td>
  </tr>
  </tbody></table>
","","","","","","","","0","","","","1592235510","0","","0","","CHECKBOX"
"210-Signal-Red","Signal Red Flock Heat Transfer Vinyl","210","Poli-Tape","70","11","DEFAULT","","","","","0","Signal Red Flock Heat Transfer Vinyl 500mm wide. Price per metre:","","210_Signal_Red.png","210_Signal_Red.png","INVITEMS","DEFAULT-210-Signal-Red-DEFAULT-210_Signal_Red","","","0","0","0","","1","REGONLY","0","0","0","0","","","","SELECT","SELECT","0","","","","","0","0","","income-service","","","0","0","","","","","3602_Flock","3602_Flock","","","0","Hotronix-Auto-Open-Clam-Heatpress, Weeding_Hook, EZ_LED_Weeder, FLEXOFF, Weeding_Tweezers, Heat_Tape, Tygaflor_Sheet, Olfa_Cutting_Matt_A3, Yellow_Ruler, ","Weeding_Hook, EZ_LED_Weeder, FLEXOFF, Weeding_Tweezers, Heat_Tape, Tygaflor_Sheet, Olfa_Cutting_Matt_A3, Yellow_Ruler, ","A","","","","","","","Application & Aftercare Instructions","<style>

table {

margin: 0 auto 0 auto;
}

table, th, td {
  
  border-collapse: collapse;
padding: 5px;
}
th, td {
  padding: 5px;
  text-align: center; 
  width: 100px;
  height: 50px;
  background-color:#009ee3;
  color: white;
  border-left: 5px solid white;
  border-right: 5px solid white;
}

th {
  border-top-color: white;
  font-size: 15px;
}

td {

padding-bottom: 1em;
border-bottom: 5px solid white;
font-size: 20px;
  
</style>



<table id=""data"">
  <tbody><tr>
    <th>PRESS TEMP</th>
<th>PRESS TIME</th>
<th>PRESSURE</th>
<th>EASY WEED</th>
<th>PEEL</th>
  </tr>
  <tr>
    <td>160<sup>o</sup>C</td>
<td>15 secs press</td>
<td>Medium<br></td>
<td><span style=""font-size:30px;"">&#10003;</span></td>
<td>Warm</td>
  </tr>

<tr>
    <th>LAYER</th>
<th>REVERSE IMAGE</th>
<th>WASH</th>
<th>TUMBLE DRY</th>
<th>DRY CLEAN</th>
  </tr>
  <tr>
    <td><span style=""font-size:30px; color: white;"">&#10005;</span></td>
<td><span style=""font-size:30px;"">&#10003;</span></td>
<td>60<sup>o</sup>C</td>
<td><span style=""font-size:30px; color: white;"">&#10005;</span></td>
<td><span style=""font-size:30px;"">&#10005;</span></td>
  </tr>
  </tbody></table>
","","","","","","","","0","","","","1592235597","0","","0","","CHECKBOX"
"250-Magenta","Magenta Flock Heat Transfer Vinyl","250","Poli-Tape","80","11","DEFAULT","","","","","0","Magenta Flock Heat Transfer Vinyl 500mm wide. Price per metre:","","250_Magenta.png","250_Magenta.png","INVITEMS","DEFAULT-250-Magenta-DEFAULT-250_Magenta","","","0","0","0","","1","REGONLY","0","0","0","0","","","","SELECT","SELECT","0","","","","","0","0","","income-service","","","0","0","","","","","3602_Flock","3602_Flock","","","0","Hotronix-Auto-Open-Clam-Heatpress, Weeding_Hook, EZ_LED_Weeder, FLEXOFF, Weeding_Tweezers, Heat_Tape, Tygaflor_Sheet, Olfa_Cutting_Matt_A3, Yellow_Ruler, ","Weeding_Hook, EZ_LED_Weeder, FLEXOFF, Weeding_Tweezers, Heat_Tape, Tygaflor_Sheet, Olfa_Cutting_Matt_A3, Yellow_Ruler, ","A","","","","","","","Application & Aftercare Instructions","<style>

table {

margin: 0 auto 0 auto;
}

table, th, td {
  
  border-collapse: collapse;
padding: 5px;
}
th, td {
  padding: 5px;
  text-align: center; 
  width: 100px;
  height: 50px;
  background-color:#009ee3;
  color: white;
  border-left: 5px solid white;
  border-right: 5px solid white;
}

th {
  border-top-color: white;
  font-size: 15px;
}

td {

padding-bottom: 1em;
border-bottom: 5px solid white;
font-size: 20px;
  
</style>



<table id=""data"">
  <tbody><tr>
    <th>PRESS TEMP</th>
<th>PRESS TIME</th>
<th>PRESSURE</th>
<th>EASY WEED</th>
<th>PEEL</th>
  </tr>
  <tr>
    <td>160<sup>o</sup>C</td>
<td>15 secs press</td>
<td>Medium<br></td>
<td><span style=""font-size:30px;"">&#10003;</span></td>
<td>Warm</td>
  </tr>

<tr>
    <th>LAYER</th>
<th>REVERSE IMAGE</th>
<th>WASH</th>
<th>TUMBLE DRY</th>
<th>DRY CLEAN</th>
  </tr>
  <tr>
    <td><span style=""font-size:30px; color: white;"">&#10005;</span></td>
<td><span style=""font-size:30px;"">&#10003;</span></td>
<td>60<sup>o</sup>C</td>
<td><span style=""font-size:30px; color: white;"">&#10005;</span></td>
<td><span style=""font-size:30px;"">&#10005;</span></td>
  </tr>
  </tbody></table>
","","","","","","","","0","","","","1592235666","0","","0","","CHECKBOX"
"310-Ice-Blue","Ice Blue Flock Heat Transfer Vinyl","310","Poli-Tape","90","11","DEFAULT","","","","","0","Ice Blue Flock Heat Transfer Vinyl 500mm wide. Price per metre:","","310_Ice_Blue.png","310_Ice_Blue.png","INVITEMS","DEFAULT-310-Ice-Blue-DEFAULT-310_Ice_Blue","","","0","0","0","","1","REGONLY","0","0","0","0","","","","SELECT","SELECT","0","","","","","0","0","","income-service","","","0","0","","","","","3602_Flock","3602_Flock","","","0","Hotronix-Auto-Open-Clam-Heatpress, Weeding_Hook, EZ_LED_Weeder, FLEXOFF, Weeding_Tweezers, Heat_Tape, Tygaflor_Sheet, Olfa_Cutting_Matt_A3, Yellow_Ruler, ","Weeding_Hook, EZ_LED_Weeder, FLEXOFF, Weeding_Tweezers, Heat_Tape, Tygaflor_Sheet, Olfa_Cutting_Matt_A3, Yellow_Ruler, ","A","","","","","","","Application & Aftercare Instructions","<style>

table {

margin: 0 auto 0 auto;
}

table, th, td {
  
  border-collapse: collapse;
padding: 5px;
}
th, td {
  padding: 5px;
  text-align: center; 
  width: 100px;
  height: 50px;
  background-color:#009ee3;
  color: white;
  border-left: 5px solid white;
  border-right: 5px solid white;
}

th {
  border-top-color: white;
  font-size: 15px;
}

td {

padding-bottom: 1em;
border-bottom: 5px solid white;
font-size: 20px;
  
</style>



<table id=""data"">
  <tbody><tr>
    <th>PRESS TEMP</th>
<th>PRESS TIME</th>
<th>PRESSURE</th>
<th>EASY WEED</th>
<th>PEEL</th>
  </tr>
  <tr>
    <td>160<sup>o</sup>C</td>
<td>15 secs press</td>
<td>Medium<br></td>
<td><span style=""font-size:30px;"">&#10003;</span></td>
<td>Warm</td>
  </tr>

<tr>
    <th>LAYER</th>
<th>REVERSE IMAGE</th>
<th>WASH</th>
<th>TUMBLE DRY</th>
<th>DRY CLEAN</th>
  </tr>
  <tr>
    <td><span style=""font-size:30px; color: white;"">&#10005;</span></td>
<td><span style=""font-size:30px;"">&#10003;</span></td>
<td>60<sup>o</sup>C</td>
<td><span style=""font-size:30px; color: white;"">&#10005;</span></td>
<td><span style=""font-size:30px;"">&#10005;</span></td>
  </tr>
  </tbody></table>
","","","","","","","","0","","","","1592235745","0","","0","","CHECKBOX"
"3101_Smooth_Silver","VinylEfx Indoor Smooth Silver","3101","R-Tape","1","4","DEFAULT","","","","","0","Nekoosa VinylEfx 3101 Indoor Smooth Silver is a metallised silver vinyl with a highly polished surface for eye-catching signage and displays.","<html>
<head>
    <title>VinylEfx 3101 Indoor Smooth Silver</title>
</head>
<body>
<img style=""height: 53px; width: 250px;"" alt=""Nekoosa logo""
src=""media/ecom/onpagegraphics/Nekoosa_Logo.jpg""><br><br>


<p>Nekoosa VinylEfx® 3101 Indoor Smooth Silver is a metallised silver vinyl with a highly polished surface for eye-catching signage and displays.</p>

<span style=""font-weight: bold; color: #d7328a;"">Structure:</span>
<ul>
    <li>75<span>&#181;</span>m PVC</li>
    <li>Water-based, clear acrylic adhesive - Permanent</li>
    <li>One-sided coated white Kraft paper - 143g/m<sup>2</sup></li>
</ul>

<span style=""font-weight: bold; color: #d7328a;"">Suitability:</span>
<ul>
    <li>Highly polished surface for premium-looking graphics, labels and stickers</li>
<li>VinylEfx® is ideal for producing eye-catching POS displays and promotional advertising and signage</li>
    <li>Designed for interior use on clean, smooth flat or slightly curved 2D surfaces</li>
<li>Short term outdoor durability but edge sealing recommended to optimize durability</li>
    <li>Dry apply only</li>
    <li>These films have the same effect in silver on the adhesive side</li>
</ul>

<span style=""font-weight: bold; color: #d7328a;"">Advantages:</span>
<ul><li>Cuts and weeds easily</li>
<li>Can be printed using Eco-Sol, Solvent & UV ink</li>
<li>Also suitable for new generation Latex inks (700 & 800 series)</li>
    <li>Also available in an <a href=""Category/Vinyl-Efx-Outdoor-Durable"" target=""_blank"" style=""color: #ef088c;"">outdoor durable series</a></li>
    <li>Fire rated to ASTM E-84-11a under classification 'A'</li>
</ul>

<span style=""font-weight: bold; color: #d7328a;"">Ink Compatibility:</span><br>
<ul>
        <img style=""margin: 0 5px 0 0; width: 15px; height: 25px;"" alt=""Eco-Sol Ink"" src=""media/ecom/onpagegraphics/Ink-EcoSol.png""> Eco-solvent&nbsp;&nbsp;
        <img style=""margin: 0 5px 0 0; width: 15px; height: 25px;"" alt=""UV Ink"" src=""media/ecom/onpagegraphics/Ink-UV.png""> UV&nbsp;&nbsp;
<img style=""margin: 0 5px 0 0; width: 15px; height: 25px;"" alt=""Latex Ink"" src=""media/ecom/onpagegraphics/Ink-Latex.png""> Latex (new generation only)
    
</ul>

<span style=""font-weight: bold; color: #d7328a;"">Technical Information:</span><br>
<ul>
    
        <a href=""media/ecom/pdfs/datasheets/EFX-Decorative.pdf"" target=""_blank"">
            <img style=""border: 0; width: 200px; height: 60px;"" alt=""EFX Decorative Datasheet"" src=""media/ecom/onpagegraphics/Datasheet.png"">
        </a>
        <a href=""media/ecom/pdfs/firecertificates/VinyEfx-Decorative-Fire-Certification-2023.pdf"" target=""_blank"">
            <img style=""border: 0; width: 200px; height: 60px;"" alt=""EFX Decorative Fire Certificate"" src=""media/ecom/onpagegraphics/Fire.png"">
        </a>
        <a href=""media/ecom/colselxl/Colourcard_EFX.pdf"" target=""_blank"">
            <img style=""border: 0; width: 200px; height: 60px;"" alt=""EFX Colourcard"" src=""media/ecom/onpagegraphics/Colour.png"">
        </a>
        <a href=""media/ecom/pdfs/applicationguidelines/EFX_Application_Reference_Guide.pdf"" target=""_blank"">
            <img style=""border: 0; width: 200px; height: 60px;"" alt=""Application Guide"" src=""media/ecom/onpagegraphics/App.png"">
        </a>
</ul>

</body>

</html>

","3101_Smooth_Silver.png","3101_Smooth_Silver.png","INVITEMS","DEFAULT-3101_Smooth_Silver-DEFAULT-3101_Smooth_Silver","","","0","0","0","","1","REGONLY","0","0","0","0","","","","SELECT","SELECT","0","","","","","0","0","","income-service","","","0","0","","","","","VinylEfx_Decorative","VinylEfx_Decorative, Silver-Films","","","0","Aslan_Red_Devil_Squeegee, Aslan-Gold-Soft-Squeegee, Aslan_Squeegee, Olfa_X_Design_Heavy_Duty_Knife, Olfa_Graphic_Cutter, Application_Gloves, Lint-Free-Gloves, Masking_Tape_25mm, Lint-Free-Cloths, ","Aslan_Red_Devil_Squeegee, Aslan-Gold-Soft-Squeegee, Aslan_Squeegee, Olfa_X_Design_Heavy_Duty_Knife, Olfa_Graphic_Cutter, Application_Gloves, Lint-Free-Gloves, Masking_Tape_25mm, Lint-Free-Cloths, ","A","","","","","","Polished","","","","","","","","","Vinyl-EFX-3101-Indoor-Smooth-Silver","0","vinylefx, efx, 3101, S3101, silver, mirror, polished, chrome, mirri, metallised, metallized, metallic","","","1560516842","0","","0","","CHECKBOX"
"3102_Smooth_Gold","VinylEfx Indoor Smooth Gold","3102","R-Tape","2","4","DEFAULT","","","","","0","Nekoosa VinylEfx 3102 Indoor Smooth Gold is a metallised gold vinyl with a highly polished surface for eye-catching signage and displays.","<html>
<head>
    <title>VinylEfx 3102 Indoor Smooth Gold</title>
</head>
<body>
<img style=""height: 53px; width: 250px;"" alt=""Nekoosa logo""
src=""media/ecom/onpagegraphics/Nekoosa_Logo.jpg""><br><br>


<p>Nekoosa VinylEfx® 3102 Indoor Smooth Gold is a metallised gold vinyl with a highly polished surface for eye-catching signage and displays.</p>

<span style=""font-weight: bold; color: #d7328a;"">Structure:</span>
<ul>
    <li>75<span>&#181;</span>m PVC</li>
    <li>Water-based, clear acrylic adhesive - Permanent</li>
    <li>One-sided coated white Kraft paper - 143g/m<sup>2</sup></li>
</ul>

<span style=""font-weight: bold; color: #d7328a;"">Suitability:</span>
<ul>
    <li>Highly polished surface for premium-looking graphics, labels and stickers</li>
<li>VinylEfx® is ideal for producing eye-catching POS displays and promotional advertising and signage</li>
    <li>Designed for interior use on clean, smooth flat or slightly curved 2D surfaces</li>
<li>Short term outdoor durability but edge sealing recommended to optimize durability</li>
    <li>Dry apply only</li>
    <li>These films have the same effect in silver on the adhesive side</li>
</ul>

<span style=""font-weight: bold; color: #d7328a;"">Advantages:</span>
<ul><li>Cuts and weeds easily</li>
<li>Can be printed using Eco-Sol, Solvent & UV ink</li>
<li>Also suitable for new generation Latex inks (700 & 800 series)</li>
    <li>Also available in an <a href=""Category/Vinyl-Efx-Outdoor-Durable"" target=""_blank"" style=""color: #ef088c;"">outdoor durable series</a></li>
    <li>Fire rated to ASTM E-84-11a under classification 'A'</li>
</ul>

<span style=""font-weight: bold; color: #d7328a;"">Ink Compatibility:</span><br>
<ul>
        <img style=""margin: 0 5px 0 0; width: 15px; height: 25px;"" alt=""Eco-Sol Ink"" src=""media/ecom/onpagegraphics/Ink-EcoSol.png""> Eco-solvent&nbsp;&nbsp;
        <img style=""margin: 0 5px 0 0; width: 15px; height: 25px;"" alt=""UV Ink"" src=""media/ecom/onpagegraphics/Ink-UV.png""> UV&nbsp;&nbsp;
<img style=""margin: 0 5px 0 0; width: 15px; height: 25px;"" alt=""Latex Ink"" src=""media/ecom/onpagegraphics/Ink-Latex.png""> Latex (new generation only)
    
</ul>

<span style=""font-weight: bold; color: #d7328a;"">Technical Information:</span><br>
<ul>
    
        <a href=""media/ecom/pdfs/datasheets/EFX-Decorative.pdf"" target=""_blank"">
            <img style=""border: 0; width: 200px; height: 60px;"" alt=""EFX Decorative Datasheet"" src=""media/ecom/onpagegraphics/Datasheet.png"">
        </a>
        <a href=""media/ecom/pdfs/firecertificates/VinyEfx-Decorative-Fire-Certification-2023.pdf"" target=""_blank"">
            <img style=""border: 0; width: 200px; height: 60px;"" alt=""EFX Decorative Fire Certificate"" src=""media/ecom/onpagegraphics/Fire.png"">
        </a>
        <a href=""media/ecom/colselxl/Colourcard_EFX.pdf"" target=""_blank"">
            <img style=""border: 0; width: 200px; height: 60px;"" alt=""EFX Colourcard"" src=""media/ecom/onpagegraphics/Colour.png"">
        </a>
        <a href=""media/ecom/pdfs/applicationguidelines/EFX_Application_Reference_Guide.pdf"" target=""_blank"">
            <img style=""border: 0; width: 200px; height: 60px;"" alt=""Application Guide"" src=""media/ecom/onpagegraphics/App.png"">
        </a>
</ul>

</body>
</html>","3102_Smooth_Gold.png","3102_Smooth_Gold.png","INVITEMS","DEFAULT-3102_Smooth_Gold-DEFAULT-3102_Smooth_Gold","","","0","0","0","","1","REGONLY","0","0","0","0","","","","SELECT","SELECT","0","","","","","0","0","","income-service","","","0","0","","","","","VinylEfx_Decorative","VinylEfx_Decorative","","","0","Aslan_Red_Devil_Squeegee, Aslan-Gold-Soft-Squeegee, Aslan_Squeegee, Olfa_X_Design_Heavy_Duty_Knife, Olfa_Graphic_Cutter, Application_Gloves, Lint-Free-Gloves, Masking_Tape_25mm, Lint-Free-Cloths, ","Aslan_Red_Devil_Squeegee, Aslan-Gold-Soft-Squeegee, Aslan_Squeegee, Olfa_X_Design_Heavy_Duty_Knife, Olfa_Graphic_Cutter, Application_Gloves, Lint-Free-Gloves, Masking_Tape_25mm, Lint-Free-Cloths, ","A","","","","","","Polished","","","","","","","","","EFX-3102-Polished-Gold","0","vinylefx, efx, 3102, S3102, gold, mirror, polished, chrome, mirri, metallised, metallized, metallic, polished gold, shiny, metal vinyl, mirror vinyl, ","","","1560767623","0","","0","","CHECKBOX"
"320-Sky-Blue","Sky Blue Flock Heat Transfer Vinyl","320","Poli-Tape","100","11","DEFAULT","","","","","0","Blue Flock Heat Transfer Vinyl 500mm wide. Price per metre:","","320_Sky_Blue.png","320_Sky_Blue.png","INVITEMS","DEFAULT-320-Sky-Blue-DEFAULT-320_Sky_Blue","","","0","0","0","","1","REGONLY","0","0","0","0","","","","SELECT","SELECT","0","","","","","0","0","","income-service","","","0","0","","","","","3602_Flock","3602_Flock","","","0","Hotronix-Auto-Open-Clam-Heatpress, Weeding_Hook, EZ_LED_Weeder, FLEXOFF, Weeding_Tweezers, Heat_Tape, Tygaflor_Sheet, Olfa_Cutting_Matt_A3, Yellow_Ruler, ","Weeding_Hook, EZ_LED_Weeder, FLEXOFF, Weeding_Tweezers, Heat_Tape, Tygaflor_Sheet, Olfa_Cutting_Matt_A3, Yellow_Ruler, ","A","","","","","","","Application & Aftercare Instructions","<style>

table {

margin: 0 auto 0 auto;
}

table, th, td {
  
  border-collapse: collapse;
padding: 5px;
}
th, td {
  padding: 5px;
  text-align: center; 
  width: 100px;
  height: 50px;
  background-color:#009ee3;
  color: white;
  border-left: 5px solid white;
  border-right: 5px solid white;
}

th {
  border-top-color: white;
  font-size: 15px;
}

td {

padding-bottom: 1em;
border-bottom: 5px solid white;
font-size: 20px;
  
</style>



<table id=""data"">
  <tbody><tr>
    <th>PRESS TEMP</th>
<th>PRESS TIME</th>
<th>PRESSURE</th>
<th>EASY WEED</th>
<th>PEEL</th>
  </tr>
  <tr>
    <td>160<sup>o</sup>C</td>
<td>15 secs press</td>
<td>Medium<br></td>
<td><span style=""font-size:30px;"">&#10003;</span></td>
<td>Warm</td>
  </tr>

<tr>
    <th>LAYER</th>
<th>REVERSE IMAGE</th>
<th>WASH</th>
<th>TUMBLE DRY</th>
<th>DRY CLEAN</th>
  </tr>
  <tr>
    <td><span style=""font-size:30px; color: white;"">&#10005;</span></td>
<td><span style=""font-size:30px;"">&#10003;</span></td>
<td>60<sup>o</sup>C</td>
<td><span style=""font-size:30px; color: white;"">&#10005;</span></td>
<td><span style=""font-size:30px;"">&#10005;</span></td>
  </tr>
  </tbody></table>
","","","","","","","","0","","","","1592235812","0","","0","","CHECKBOX"
"3M_Blue_Squeegee","3M Blue Squeegee","S.5","DEFAULT","50","2","DEFAULT","","","","","0","The 3M Blue Squeegee is softer than it's gold cousin and is recommended for vehicle wrapping as it will follow every curved and rounded surface with ease.","<html>

<title><head>3M Blue Squeegee</title></head>

<body>

<p>The 3M Blue Squeegee is softer than it's gold cousin and is recommended for vehicle wrapping as it will follow every curved and rounded surface with ease.</p>
<p>Size: 100mm x 70mm</p>

</body>
</html>","3M_blue.jpg","3M_blue.jpg","INVITEMS","DEFAULT-3M_Blue_Squeegee-DEFAULT-3M_Blue_Squeegee","","","0","0","0","","1","REGONLY","0","0","0","0","","","","SELECT","SELECT","0","","","","","0","0","","income-service","","","0","0","","","","","Vehicle_Wrap_Tools","Application_Tools, Vehicle_Wrap_Tools","","","0","","","A","","","","","","","","","","","","","","","3m-Blue-Squeegee","0","3M, blue, squeegee, wrap","","","1519730467","0","","0","","CHECKBOX"
"3M_Bridge_Line_Knifeless_Tape","3M Bridge Line Knifeless Tape","KNIF3","Doro_Tape","279","38","DEFAULT","","","","","0","No knife needed with this removable tape from 3M. The embedded cutting wire tape makes clean cuts through self-adhesive vinyl and films. Bridge Line is wider and designed to adhere to both sides of body parts such as doors and seams. Roll size: 12.7mm x 50m","<html>

<title><head>3M Bridge Line Knifeless Tape</head></title>

<body>

<p>No knife needed with this removable tape from 3M&reg;</p>
<p>The embedded cutting wire tape makes clean cuts through self-adhesive vinyl and films.</p>
<p>The fine filament becomes a cutting tool when pulled outward through the film of material that's been applied on top of the edge cutting tape.</p>
<p>Used to make precise trim lines through self-adhesive coloured and printed vinyl.</p>
<p>Bridge Line is wider and designed to adhere to both sides of body parts such as doors and seams.</p>
<p>Not suitable for paint protection films.</p>
<p>Prices shown are per 12.7mm x 50m roll</p>

</body>

</html>


","3M_Knifeless_Bridge_Line.jpg","3M_Knifeless_Bridge_Line.jpg","INVITEMS","DEFAULT-3M_Bridge_Line_Knifeless_Tape-DEFAULT-3M_Bridge_Line_Knifeless_Tape","","","0","0","0","","1","REGONLY","0","0","0","0","","","","SELECT","SELECT","0","","","","","0","0","","income-service","","","0","0","","","","","Vehicle_Wrap_Tools","Application_Tools, Vehicle_Wrap_Tools","","","0","3D_Carbon_Fibre_Black_1520, Matt_Black_Wrap, Matt_Green_Wrap, PEARLESCENT","","A","","","","","","","","","","","","","","","3M-Bridge-Line-Knifeless-Tape","0","3m, knifeless, wrap, wrapping, tape, bridge, line","","","1700159374","0","","0","","CHECKBOX"
"3M_Design_Line_Knifeless_Tape","3M Design Line Knifeless Tape","KNIF","Doro_Tape","278","32","DEFAULT","","","","","0","No knife needed with this removable tape from 3M. The embedded cutting wire tape makes clean cuts through self-adhesive vinyl and films. Design Line stretches slightly making it easy to follow vehicle contours and is the best option for tight curves. This tape can be torn by hand. Roll size: 3.5mm x 50m","<html>

<title><head>3M Design Line Knifeless Tape</head></title>

<body>

<p>No knife needed with this removable tape from 3M&reg;</p>
<p>The embedded cutting wire tape makes clean cuts through self-adhesive vinyl and films.</p>
<p>The fine filament becomes a cutting tool when pulled outward through the film of material that's been applied on top of the edge cutting tape.</p>
<p>Used to make precise trim lines through self-adhesive coloured and printed vinyl.</p>
<p>Design Line stretches slightly making it easy to follow vehicle contours and is the best option for tight curves.</p>
<p>This tape can be torn by hand.</p>
<p>Not suitable for paint protection films.</p>
<p>Prices shown are per 3.5mm x 50m roll</p>

</body>

</html>","3M_Knifeless_Design_Line.jpg","3M_Knifeless_Design_Line.jpg","INVITEMS","DEFAULT-3M_Design_Line_Knifeless_Tape-DEFAULT-3M_Design_Line_Knifeless_Tape","","","0","0","0","","1","REGONLY","0","0","0","0","","","","SELECT","SELECT","0","","","","","0","0","","income-service","","","0","0","","","","","Vehicle_Wrap_Tools","Application_Tools, Vehicle_Wrap_Tools","","","0","3D_Carbon_Fibre_Black_1520, Matt_Black_Wrap, Matt_Green_Wrap, PEARLESCENT","","A","","","","","","","","","","","","","","","3M-Design-Line-Knifeless-Tape","0","3m, knifeless, wrap, wrapping, tape, design, line","","","1700158423","0","","0","","CHECKBOX"
"3M_Finish_Line_Knifeless_Tape","3M Finish Line Knifeless Tape","KNIF2","Doro_Tape","276","32","DEFAULT","","","","","0","No knife needed with this removable tape from 3M. The embedded cutting wire tape makes clean cuts through self-adhesive vinyl and films and can easily cope with one or more layers. Easy to apply in straight lines and curves to aid accurate and efficient cutting without damaging the surface. Roll size: 3.5mm x 50m","<html>

<title><head>3M Finish Line Knifeless Tape</head></title>

<body>

<p>No knife needed with this removable tape from 3M&reg;</p>
<p>The embedded cutting wire tape makes clean cuts through self-adhesive vinyl and films and can easily cope with one or more layers.</p>
<p>The fine filament becomes a cutting tool when pulled outward through the film of material that's been applied on top of the edge cutting tape.</p>
<p>Used to make precise trim lines through self-adhesive coloured and printed vinyl.</p>
<p>Finish Line is easy to apply in straight lines and curves to aid accurate and efficient cutting without damaging the surface.</p>
<p>Not suitable for paint protection films.</p>
<p>Prices shown are per 3.5mm x 50m roll</p>

</body>

</html>
","3M_Knifeless_Finish_Line.jpg","3M_Knifeless_Finish_Line.jpg","INVITEMS","DEFAULT-3M_Finish_Line_Knifeless_Tape-DEFAULT-3M_Finish_Line_Knifeless_Tape","","","0","0","0","","1","REGONLY","0","0","0","0","","","","SELECT","SELECT","0","","","","","0","0","","income-service","","","0","0","","","","","Vehicle_Wrap_Tools","Application_Tools, Vehicle_Wrap_Tools","","","0","3D_Carbon_Fibre_Black_1520, Matt_Black_Wrap, Matt_Green_Wrap, PEARLESCENT","","A","","","","","","","","","","","","","","","3M-Finish-Line-Knifeless-Tape","0","3m, knifeless, wrap, wrapping, tape, finish, line","","","1700157577","0","","0","","CHECKBOX"
"3M_Gold_Squeegee","3M Gold Squeegee","S.4","DEFAULT","50","3","DEFAULT","","","","","0","3M Gold Squeegee is the ultimate professional choice. Hard wearing and a must for every vinyl fitters toolbag.","<html>

<title><head>3M Gold Squeegee</title></head>

<body>

<p>3M Gold Squeegee is the ultimate professional choice.</p>
<p>Hard wearing and a must for every vinyl fitters toolbag.</p>
<p>100mm x 70mm.</p>

</body>

</html>","3015_PLASQGOLD.jpg","3015_PLASQGOLD.jpg","INVITEMS","DEFAULT-3M_Gold_Squeegee-DEFAULT-3M_Gold_Squeegee","","","0","0","0","","1","REGONLY","0","0","0","0","","","","SELECT","SELECT","0","","","","","0","0","","income-service","","","0","0","","","","","Application_Tools","Application_Tools","","","0","PLASQBLUE, FELTSQ, ASLANSQ, ASLANSQRD, APPROLL","","A","","","","","","","","","","","","","","","3M-Gold-Squeegee","0","3M, gold, squeegee","","","1519237355","0","","0","","CHECKBOX"
"400-Green","Green Flock Heat Transfer Vinyl","400","Poli-Tape","120","11","DEFAULT","","","","","0","Poli-Tape 400 Green Flock Heat Transfer Vinyl. 500mm wide","","400_Green.png","400_Green.png","INVITEMS","DEFAULT-400-Green-DEFAULT-400_Green","","","0","0","0","","1","REGONLY","0","0","0","0","","","","SELECT","SELECT","0","","","","","0","0","","income-service","","","0","0","","","","","3602_Flock","3602_Flock","","","0","Hotronix-Auto-Open-Clam-Heatpress, Weeding_Hook, EZ_LED_Weeder, FLEXOFF, Weeding_Tweezers, Heat_Tape, Tygaflor_Sheet, Olfa_Cutting_Matt_A3, Yellow_Ruler, ","Weeding_Hook, EZ_LED_Weeder, FLEXOFF, Weeding_Tweezers, Heat_Tape, Tygaflor_Sheet, Olfa_Cutting_Matt_A3, Yellow_Ruler, ","A","","","","","","","Application & Aftercare Instructions","<style>

table {

margin: 0 auto 0 auto;
}

table, th, td {
  
  border-collapse: collapse;
padding: 5px;
}
th, td {
  padding: 5px;
  text-align: center; 
  width: 100px;
  height: 50px;
  background-color:#009ee3;
  color: white;
  border-left: 5px solid white;
  border-right: 5px solid white;
}

th {
  border-top-color: white;
  font-size: 15px;
}

td {

padding-bottom: 1em;
border-bottom: 5px solid white;
font-size: 20px;
  
</style>



<table id=""data"">
  <tbody><tr>
    <th>PRESS TEMP</th>
<th>PRESS TIME</th>
<th>PRESSURE</th>
<th>EASY WEED</th>
<th>PEEL</th>
  </tr>
  <tr>
    <td>160<sup>o</sup>C</td>
<td>15 secs press</td>
<td>Medium<br></td>
<td><span style=""font-size:30px;"">&#10003;</span></td>
<td>Warm</td>
  </tr>

<tr>
    <th>LAYER</th>
<th>REVERSE IMAGE</th>
<th>WASH</th>
<th>TUMBLE DRY</th>
<th>DRY CLEAN</th>
  </tr>
  <tr>
    <td><span style=""font-size:30px; color: white;"">&#10005;</span></td>
<td><span style=""font-size:30px;"">&#10003;</span></td>
<td>60<sup>o</sup>C</td>
<td><span style=""font-size:30px; color: white;"">&#10005;</span></td>
<td><span style=""font-size:30px;"">&#10005;</span></td>
  </tr>
  </tbody></table>
","","","","","","","Poli-Tape-400-Green-Flock-Heat-Transfer-Vinyl","0","","","","1592236277","0","","0","","CHECKBOX"
"40001220","Conform 4000RLA Low Tack Application Tape. Roll size 1220mm x 100m","4000RLA","R-Tape","30","145","DEFAULT","","","","","0","R-Tape Conform 4000RLA is a low tack paper application tape with Release Liner Adhesion, designed for applying large sized graphics and can also be used for surface protection of signs and digital prints. FSC (Forest Stewardship Council) certified. 
","<html>

<head><title>Conform 4000RLA</title>

<style>
.responsive {
  width: 20%;
  height: auto;
}
</style>

</head>
<body>

<img src=""media/ecom/onpagegraphics/Natural_Choice.png"" alt=""Natural Choice Logo"" class=""responsive"">


<p>R-Tape Conform 4000RLA is a low tack paper application tape with Release Liner Adhesion, designed for applying large sized graphics.</p>

<p>We distribute FSC&reg;-certified RTape Conform&reg; paper application tape (license code: FSC-C084395).</p>

<span style=""font-weight: bold; color: #d7328a;"">Structure:</span><br>
<ul><li>100<span>&#181;</span>m Paper</li>
<li>Low tack rubber based natural latex adhesive with a tack level of 6-8oz (adhesion to steel value: 7-9N / 100mm)
</li></ul>

<a><img style=""margin: 5px; width: 100px; height: 150px; float: right;"" alt=""FSC""
src=""media/ecom/onpagegraphics/FSC-Conform-Logo.png""></a>

<span style=""font-weight: bold; color: #d7328a;"">Suitability:</span><br>
<ul><li>Conform 4000RLA has the lowest tack level in the Conform family</li>
<li>Excellent choice for large decals over one metre in size</li>
<li>Only suitable for dry application</li>
<li>Ideal for use with low tack stencil films</li>
<li>Latex based adhesive does not increase over time</li>
<li>Can also be used for the protection of metals and plastics</li>
<li>Release Liner Adhesion prevents unsightly edge curled corners and delamination tunnelling.  This lay flat technology means that graphics stay neater when rolled
</li></ul>

<span style=""font-weight: bold; color: #d7328a;"">Advantages:</span><br>
<ul><li>Standard grade paper is easy to handle and has a smooth finish</li>
<li>Can be cut with a knife or torn by hand</li>
<li>Pulls apart easily without stringing if the tape accidentally folds onto itself</li>
<li>Unwinds effortlessly all the way to the core</li>
<li>Wrinkle free application</li>
<li>Translucent when applied to graphics to aid application</li>
<li>Easily removes in one piece</li>
<li>The special adhesive enables graphics can be stored for longer periods of time which is especially important if they are being sent out to customers</li><br>
<img style=""border: 0px solid ; width: 50px; height: 50px; alt=""reward points logo""
src=""media/ecom/onpagegraphics/Reward_Logo.png""><span style=""font-weight: bold; color: #ef7d00;"">Earn Reward Points every time you buy this product</span></ul>

<a ><img style=""border: 0px solid ; width: 50px; height: 50px;"" alt=""fyi""
src=""media/ecom/onpagegraphics/FYI.png""></a>
<p style=""color: #d7328a""><i>Did you know that our cut service is free of charge - just enter your cut sizes in the box below</i></p>
<br>

<p><a href=""https://www.dorotape.co.uk/Article/Application-Tape"" target=""_blank""><img style=""border: 0px solid ; width: 50px; height: 50px;"" alt=""link to our blog""
src=""media/ecom/onpagegraphics/Blog.png"">
<span style=""color: #d7328a""><b>Learn more about the different types of Application Tape by reading about it in our Blog</b></span></a></p>
<br>

<span style=""font-weight: bold; color: #d7328a;"">Technical Information:</span><br>
<ul>
<a href=""media/ecom/pdfs/datasheets/Conform-4000-RLA.pdf"" target=""_blank""><img style=""border: 0px solid ; width: 200px; height: 60px;"" alt=""Conform 4000RLA Datasheet""
src=""media/ecom/onpagegraphics/Datasheet.png""></a></ul>
<p style=""font-weight: bold; font-size: 0.9em;"">Prices shown are per 100 metre roll at 1220mm wide</p>
</body>
</html>","Conform_4000.jpg","Conform_4000.jpg, Conform_Roll.jpg","INVITEMS","DEFAULT-40001220-DEFAULT-40001220","","","0","0","0","","1","REGONLY","0","0","0","0","","","","SELECT","SELECT","0","","","","","0","0","","income-service","","","0","0","","","","","Paper_Application_Tape","Paper_Application_Tape","","","0","APPFLUID, 3M_Gold_Squeegee, Aslan_Red_Devil_Squeegee, Olfa_X_Design_Heavy_Duty_Knife, Olfa_Graphic_Cutter, Masking_Tape_25mm, Blue_Masking_Tape_50mm","3M_Gold_Squeegee, Aslan_Red_Devil_Squeegee, Olfa_X_Design_Heavy_Duty_Knife, Olfa_Graphic_Cutter, Masking_Tape_25mm, Blue_Masking_Tape_50mm","A","","","","","","","","","","","","","","","R-Tape-Conform-4000RLA","0","conform, app tape, application tape, 4000, 4000rla, release liner adhesion

","","","1682684416","0","","0","","CHECKBOX"
"40501520","Conform 4050RLA Medium Tack Application Tape. Roll size 1520mm x 100m","4050RLA","R-Tape","20","177","DEFAULT","","","","","0","R-Tape Conform 4050RLA is a medium tack paper application tape with Release Liner Adhesion, designed for applying medium and large sized lettering and graphics. FSC (Forest Stewardship Council) certified. 
","<html>

<head><title>Conform 4050RLA</title>

<style>
.responsive {
  width: 20%;
  height: auto;
}
</style>

</head>
<body>

<img src=""media/ecom/onpagegraphics/Natural_Choice.png"" alt=""Natural Choice Logo"" class=""responsive"">

<p>R-Tape Conform 4050RLA is a medium tack paper application tape with Release Liner Adhesion, designed for applying medium and large sized lettering and graphics.</p>

<p>We distribute FSC&reg;-certified RTape Conform&reg; paper application tape (license code: FSC-C084395).</p>

<span style=""font-weight: bold; color: #d7328a;"">Structure:</span><br>
<ul><li>100<span>&#181;</span>m Paper</li>
<li>Medium tack rubber based natural latex adhesive with a tack level tack level of 12-13oz (adhesion to steel value: 13-15N / 100mm)
</li></ul>

<a><img style=""margin: 5px; width: 100px; height: 150px; float: right;"" alt=""FSC""
src=""media/ecom/onpagegraphics/FSC-Conform-Logo.png""></a>

<span style=""font-weight: bold; color: #d7328a;"">Suitability:</span><br>
<ul><li>Excellent choice for medium to large sized graphics and lettering</li>
<li>Perfect for use both wet and dry</li>
<li>Latex based adhesive does not increase over time</li>
<li>Ideal for vehicle graphics and fleet identification</li>
<li>Release Liner Adhesion prevents unsightly edge curled corners and delamination tunnelling.  This lay flat technology means that graphics stay neater when rolled</li>
<li>Excellent adhesion to UV Curable inks
</li></ul>

<span style=""font-weight: bold; color: #d7328a;"">Advantages:</span><br>
<ul><li>Standard grade paper is easy to handle and has a smooth finish</li>
<li>Can be cut with a knife or torn by hand</li>
<li>Pulls apart easily without stringing if the tape accidentally folds onto itself</li>
<li>Unwinds effortlessly all the way to the core</li>
<li>Wrinkle free application</li>
<li>Translucent when applied to graphics to aid application</li>
<li>Easily removes in one piece</li>
<li>The special adhesive enables graphics can be stored for longer periods of time which is especially important if they are being sent out to customers</li><br>
<img style=""border: 0px solid ; width: 50px; height: 50px; alt=""reward points logo""
src=""media/ecom/onpagegraphics/Reward_Logo.png""><span style=""font-weight: bold; color: #ef7d00;"">Earn Reward Points every time you buy this product</span></ul>

<a ><img style=""border: 0px solid ; width: 50px; height: 50px;"" alt=""fyi""
src=""media/ecom/onpagegraphics/FYI.png""></a>
<p style=""color: #d7328a""><i>Did you know that our cut service is free of charge - just enter your cut sizes in the box below</i></p>
<br>

<p><a href=""https://www.dorotape.co.uk/Article/Application-Tape"" target=""_blank""><img style=""border: 0px solid ; width: 50px; height: 50px;"" alt=""link to our blog""
src=""media/ecom/onpagegraphics/Blog.png"">
<span style=""color: #d7328a""><b>Learn more about the different types of Application Tape by reading about it in our Blog</b></span></a></p>
<br>

<span style=""font-weight: bold; color: #d7328a;"">Technical Information:</span><br>
<ul>
<a href=""media/ecom/pdfs/datasheets/Conform-4050-RLA.pdf"" target=""_blank""><img
style=""border: 0px solid ; width: 200px; height: 60px;"" alt=""Conform 4050RLA Datasheet""
src=""media/ecom/onpagegraphics/Datasheet.png""></a></ul>
<p style=""font-weight: bold; font-size: 0.9em;"">Prices shown are per 100 metre roll at 1520mm wide</p>

</body>

</html>","Conform_4050.jpg","Conform_4050.jpg, Conform_Roll.jpg","INVITEMS","DEFAULT-40501520-DEFAULT-40501520","","","0","0","0","","1","REGONLY","0","0","0","0","","","","SELECT","SELECT","0","","","","","0","0","","income-service","","","0","0","","","","","Paper_Application_Tape","Paper_Application_Tape","","","0","APPFLUID, 3M_Gold_Squeegee, Aslan_Red_Devil_Squeegee, Olfa_X_Design_Heavy_Duty_Knife, Olfa_Graphic_Cutter, Masking_Tape_25mm, Blue_Masking_Tape_50mm","3M_Gold_Squeegee, Aslan_Red_Devil_Squeegee, Olfa_X_Design_Heavy_Duty_Knife, Olfa_Graphic_Cutter, Masking_Tape_25mm, Blue_Masking_Tape_50mm","A","","","","","","","","","","","","","","","R-Tape-Conform-4050RLA","0","conform, app tape, application tape, 4050, 4050rla, release liner adhesion
","","","1517594596","0","","0","","CHECKBOX"
"4075CT1220","Conform 4075RLA High Tack Application Tape. Roll size 1220mm x 91.4m","4075RLA","R-Tape","10","132","DEFAULT","","","","","0","R-Tape Conform 4075RLA is a high tack paper application tape with Release Liner Adhesion. This universal application tape is the most popular product in the Conform family, being suitable for use on small and large sized graphics. FSC (Forest Stewardship Council) certified. ","<html>

<head><title>Conform 4075RLA</title>
<style>
.responsive {
  width: 20%;
  height: auto;
}
</style>

</head>
<body>

<img src=""media/ecom/onpagegraphics/Natural_Choice.png"" alt=""Natural Choice Logo"" class=""responsive"">

<p>R-Tape Conform 4075RLA is a high tack paper application tape with Release Liner Adhesion. This universal application tape is the most popular product in the Conform family, being suitable for use on small and large sized graphics.</p>

<p>We distribute FSC&reg;-certified RTape Conform&reg; paper application tape (license code: FSC-C084395).</p>

<span style=""font-weight: bold; color: #d7328a;"">Structure:</span><br>
<ul><li>100<span>&#181;</span>m Paper</li>
<li>High tack rubber based natural latex adhesive with a tack level of 16-18oz (adhesion to steel value: 17-20N / 100mm)
</li></ul>

<a><img style=""margin: 5px; width: 100px; height: 150px; float: right;"" alt=""FSC""
src=""media/ecom/onpagegraphics/FSC-Conform-Logo.png""></a>

<span style=""font-weight: bold; color: #d7328a;"">Suitability:</span><br>
<ul><li>Conform 4075RLA has the highest tack level in the Conform family</li>
<li>Excellent choice for small and large sized graphics and lettering</li>
<li>Perfect for use both wet and dry</li>
<li>Latex based adhesive does not increase over time</li>
<li>Ideal for vehicle graphics and fleet identification</li>
<li>Release Liner Adhesion prevents unsightly edge curled corners and delamination tunnelling.  This lay flat technology means that graphics stay neater when rolled</li>
<li>Excellent adhesion to UV Curable inks
</li></ul>

<span style=""font-weight: bold; color: #d7328a;"">Advantages:</span><br>
<ul><li>Standard grade paper is easy to handle and has a smooth finish</li>
<li>Can be cut with a knife or torn by hand</li>
<li>Pulls apart easily without stringing if the tape accidentally folds onto itself</li>
<li>Unwinds effortlessly all the way to the core</li>
<li>Wrinkle free application</li>
<li>Translucent when applied to graphics to aid application</li>
<li>Easily removes in one piece</li>
<li>The special adhesive enables graphics can be stored for longer periods of time which is especially important if they are being sent out to customers</li><br>
<img style=""border: 0px solid ; width: 50px; height: 50px; alt=""reward points logo""
src=""media/ecom/onpagegraphics/Reward_Logo.png""><span style=""font-weight: bold; color: #ef7d00;"">Earn Reward Points every time you buy this product</span></ul>

<a><img style=""border: 0px solid ; width: 50px; height: 50px;"" alt=""fyi""
src=""media/ecom/onpagegraphics/FYI.png""></a>
<p style=""color: #d7328a""><i>Did you know that our cut service is free of charge - just enter your cut sizes in the box below</i></p>
<br>

<p><a href=""https://www.dorotape.co.uk/Article/Application-Tape"" target=""_blank""><img style=""border: 0px solid ; width: 50px; height: 50px;"" alt=""link to our blog""
src=""media/ecom/onpagegraphics/Blog.png"">
<span style=""color: #d7328a""><b>Learn more about the different types of Application Tape by reading about it in our Blog</b></span></a></p>
<br>

<span style=""font-weight: bold; color: #d7328a;"">Technical Information:</span><br>
<ul>
<a href=""media/ecom/pdfs/datasheets/Conform-4075-RLA.pdf"" target=""_blank""><img
style=""border: 0px solid ; width: 200px; height: 60px;"" alt=""Conform 4075RLA Datasheet""
src=""media/ecom/onpagegraphics/Datasheet.png""></a></ul>
<p style=""font-weight: bold; font-size: 0.9em;"">Prices shown are per 91.4 metre roll at 1220mm wide</p>
</body>

</html>







","Conform_4075.jpg","Conform_4075.jpg, Conform_Roll.jpg","INVITEMS","DEFAULT-4075CT1220-DEFAULT-4075CT1220","","","0","0","0","","1","REGONLY","0","0","0","0","","","","SELECT","SELECT","0","","","","","0","0","","income-service","","","0","0","","","","","Paper_Application_Tape","Paper_Application_Tape","","","0","APPFLUID, 3M_Gold_Squeegee, Aslan_Red_Devil_Squeegee, Olfa_X_Design_Heavy_Duty_Knife, Olfa_Graphic_Cutter, Masking_Tape_25mm, Blue_Masking_Tape_50mm","3M_Gold_Squeegee, Aslan_Red_Devil_Squeegee, Olfa_X_Design_Heavy_Duty_Knife, Olfa_Graphic_Cutter, Masking_Tape_25mm, Blue_Masking_Tape_50mm","A","","","","","","","","","","","","","","","R-Tape-Conform-4075RLA","0","conform, app tape, application tape, 4075, 4075rla, release liner adhesion

","","","1490355916","0","","0","","CHECKBOX"
"410S-Yellow","Yellow Stretch Heat Transfer Vinyl","410S","Poli-Tape","200","6","DEFAULT","","","","","0","Poli-Tape 410S Yellow Stretch Heat Transfer Vinyl. 500mm wide","Poli-Tape 410S Yellow Stretch Heat Transfer Vinyl","410S_Yellow.png","410S_Yellow.png","INVITEMS","DEFAULT-410S-Yellow-DEFAULT-410S-Yellow","","","0","0","0","","1","REGONLY","0","0","0","0","","","","SELECT","SELECT","0","","","","","0","0","","income-service","","","0","0","","","","","Blockout_Flex","Blockout_Flex","","","0","","","A","","","","Stretch","","","Application & Aftercare Instructions","<style>

table {

margin: 0 auto 0 auto;
}

table, th, td {
  
  border-collapse: collapse;
padding: 5px;
}
th, td {
  padding: 5px;
  text-align: center; 
  width: 100px;
  height: 50px;
  background-color:#009ee3;
  color: white;
  border-left: 5px solid white;
  border-right: 5px solid white;
}

th {
  border-top-color: white;
  font-size: 15px;
}

td {

padding-bottom: 1em;
border-bottom: 5px solid white;
font-size: 20px;
  
</style>



<table id=""data"">
  <tbody><tr>
    <th>PRESS TEMP</th>
<th>PRESS TIME</th>
<th>PRESSURE</th>
<th>EASY WEED</th>
<th>PEEL</th>
  </tr>
  <tr>
    <td>160<sup>o</sup>C</td>
<td>15 secs</td>
<td>Medium<br></td>
<td><span style=""font-size:30px;"">&#10003;</span></td>
<td>Warm</td>
  </tr>

<tr>
    <th>LAYER</th>
<th>REVERSE IMAGE</th>
<th>WASH</th>
<th>TUMBLE DRY</th>
<th>DRY CLEAN</th>
  </tr>
  <tr>
    <td><span style=""font-size:30px;"">&#10003;</span></td>
<td><span style=""font-size:30px;"">&#10003;</span></td>
<td>80<sup>o</sup>C</td>
<td><span style=""font-size:30px; color: white;"">&#10003;</span></td>
<td><span style=""font-size:30px;"">&#10003;</span></td>
  </tr>
  </tbody></table>
","","","","","","","Poli-Tape-410S-Yellow-Stretch-Heat-Transfer-Vinyl","0","","","","1558514987","0","","0","","CHECKBOX"
"4212-Gold-Bright-Metal","Gold Bright Metal Heat Transfer Vinyl","4212","Poli-Tape","12","8","DEFAULT","","","","","0","Poli-Tape 4212 Gold Bright Metal Heat Transfer Vinyl with a mirrored surface. 500mm wide","Poli-Tape 4212 Gold Bright Metal Heat Transfer Vinyl with a mirrored surface.","4212-Gold-Bright.png","4212-Gold-Bright.png","INVITEMS","DEFAULT-4212-Gold-Bright-Metal-DEFAULT-4212-Gold-Bright-Metal","","","0","0","0","","1","REGONLY","0","0","0","0","","","","SELECT","SELECT","0","","","","","0","0","","income-service","","","0","0","","","","","3606_Metal_Effect","3606_Metal_Effect","","","0","Hotronix-Auto-Open-Clam-Heatpress, Weeding_Hook, EZ_LED_Weeder, FLEXOFF, Weeding_Tweezers, Heat_Tape, Tygaflor_Sheet, Olfa_Cutting_Matt_A3, Yellow_Ruler, ","Weeding_Hook, EZ_LED_Weeder, FLEXOFF, Weeding_Tweezers, Heat_Tape, Tygaflor_Sheet, Olfa_Cutting_Matt_A3, Yellow_Ruler, ","A","","","","","","","Application & Aftercare Instructions","<style>

table {

margin: 0 auto 0 auto;
}

table, th, td {
  
  border-collapse: collapse;
padding: 5px;
}
th, td {
  padding: 5px;
  text-align: center; 
  width: 100px;
  height: 50px;
  background-color:#009ee3;
  color: white;
  border-left: 5px solid white;
  border-right: 5px solid white;
}

th {
  border-top-color: white;
  font-size: 15px;
}

td {

padding-bottom: 1em;
border-bottom: 5px solid white;
font-size: 20px;
  
</style>



<table id=""data"">
  <tbody><tr>
    <th>PRESS TEMP</th>
<th>PRESS TIME</th>
<th>PRESSURE</th>
<th>EASY WEED</th>
<th>PEEL</th>
  </tr>
  <tr>
    <td>160<sup>o</sup>C<br></td>
<td>15 secs</td>
<td>Medium<br></td>
<td><span style=""font-size:30px;"">&#10003;</span></td>
<td>Cool</td>
  </tr>

<tr>
    <th>LAYER</th>
<th>REVERSE IMAGE</th>
<th>WASH</th>
<th>TUMBLE DRY</th>
<th>DRY CLEAN</th>
  </tr>
  <tr>
    <td><span style=""font-size:30px;"">&#10003;</span></td>
<td><span style=""font-size:30px;"">&#10003;</span></td>
<td>Hand Wash</td>
<td><span style=""font-size:30px; color: white;"">&#10003;</span></td>
<td><span style=""font-size:30px;"">&#10005;</span></td>
  </tr>
  </tbody></table>
","","","","","","","Poli-Tape-4212-Gold-Bright-Metal-Heat-Transfer-Vinyl","0","glitter, sparkle
","","","1564592927","0","","0","","CHECKBOX"
"4213-Silver-Bright-Metal","Silver Bright Metal Heat Transfer Vinyl","4213","Poli-Tape","11","8","DEFAULT","","","","","0","Poli-Tape 4213 Silver Bright Metal Heat Transfer Vinyl with a mirrored surface. 500mm wide","Poli-Tape 4213 Silver Bright Metal Heat Transfer Vinyl with a mirrored surface.","4213-Silver-Bright.png","4213-Silver-Bright.png","INVITEMS","DEFAULT-4213-Silver-Bright-Metal-DEFAULT-4213-Silver-Bright-Metal","","","0","0","0","","1","REGONLY","0","0","0","0","","","","SELECT","SELECT","0","","","","","0","0","","income-service","","","0","0","","","","","3606_Metal_Effect","3606_Metal_Effect","","","0","Hotronix-Auto-Open-Clam-Heatpress, Weeding_Hook, EZ_LED_Weeder, FLEXOFF, Weeding_Tweezers, Heat_Tape, Tygaflor_Sheet, Olfa_Cutting_Matt_A3, Yellow_Ruler, ","Weeding_Hook, EZ_LED_Weeder, FLEXOFF, Weeding_Tweezers, Heat_Tape, Tygaflor_Sheet, Olfa_Cutting_Matt_A3, Yellow_Ruler, ","A","","","","","","","Application & Aftercare Instructions","<style>

table {

margin: 0 auto 0 auto;
}

table, th, td {
  
  border-collapse: collapse;
padding: 5px;
}
th, td {
  padding: 5px;
  text-align: center; 
  width: 100px;
  height: 50px;
  background-color:#009ee3;
  color: white;
  border-left: 5px solid white;
  border-right: 5px solid white;
}

th {
  border-top-color: white;
  font-size: 15px;
}

td {

padding-bottom: 1em;
border-bottom: 5px solid white;
font-size: 20px;
  
</style>



<table id=""data"">
  <tbody><tr>
    <th>PRESS TEMP</th>
<th>PRESS TIME</th>
<th>PRESSURE</th>
<th>EASY WEED</th>
<th>PEEL</th>
  </tr>
  <tr>
    <td>160<sup>o</sup>C<br></td>
<td>15 secs</td>
<td>Medium<br></td>
<td><span style=""font-size:30px;"">&#10003;</span></td>
<td>Cool</td>
  </tr>

<tr>
    <th>LAYER</th>
<th>REVERSE IMAGE</th>
<th>WASH</th>
<th>TUMBLE DRY</th>
<th>DRY CLEAN</th>
  </tr>
  <tr>
    <td><span style=""font-size:30px;"">&#10003;</span></td>
<td><span style=""font-size:30px;"">&#10003;</span></td>
<td>Hand Wash</td>
<td><span style=""font-size:30px; color: white;"">&#10003;</span></td>
<td><span style=""font-size:30px;"">&#10005;</span></td>
  </tr>
  </tbody></table>
","","","","","","","Poli-Tape-4213-Silver-Bright-Metal-Heat-Transfer-Vinyl","0","glitter, sparkle
","","","1564592970","0","","0","","CHECKBOX"
"4221-Silver-Carbon","Silver Carbon Heat Transfer Vinyl","4221","Poli-Tape","60","8","DEFAULT","","","","","0","Poli-Tape 4221 Silver Carbon Heat Transfer Vinyl. 500mm wide","Poli-Tape 4221 Silver Carbon Heat Transfer Vinyl","4221_Silver_Carbon.png","4221_Silver_Carbon.png","INVITEMS","DEFAULT-4221-Silver-Carbon-DEFAULT-4221-Silver-Carbon","","","0","0","0","","1","REGONLY","0","0","0","0","","","","SELECT","SELECT","0","","","","","0","0","","income-service","","","0","0","","","","","3606_Metal_Effect","3606_Metal_Effect","","","0","Hotronix-Auto-Open-Clam-Heatpress, Weeding_Hook, EZ_LED_Weeder, FLEXOFF, Weeding_Tweezers, Heat_Tape, Tygaflor_Sheet, Olfa_Cutting_Matt_A3, Yellow_Ruler, ","Weeding_Hook, EZ_LED_Weeder, FLEXOFF, Weeding_Tweezers, Heat_Tape, Tygaflor_Sheet, Olfa_Cutting_Matt_A3, Yellow_Ruler, ","A","","","","","","","Application & Aftercare Instructions","<style>

table {

margin: 0 auto 0 auto;
}

table, th, td {
  
  border-collapse: collapse;
padding: 5px;
}
th, td {
  padding: 5px;
  text-align: center; 
  width: 100px;
  height: 50px;
  background-color:#009ee3;
  color: white;
  border-left: 5px solid white;
  border-right: 5px solid white;
}

th {
  border-top-color: white;
  font-size: 15px;
}

td {

padding-bottom: 1em;
border-bottom: 5px solid white;
font-size: 20px;
  
</style>



<table id=""data"">
  <tbody><tr>
    <th>PRESS TEMP</th>
<th>PRESS TIME</th>
<th>PRESSURE</th>
<th>EASY WEED</th>
<th>PEEL</th>
  </tr>
  <tr>
    <td>160<sup>o</sup>C<br></td>
<td>15 secs</td>
<td>Medium<br></td>
<td><span style=""font-size:30px;"">&#10003;</span></td>
<td>Cool</td>
  </tr>

<tr>
    <th>LAYER</th>
<th>REVERSE IMAGE</th>
<th>WASH</th>
<th>TUMBLE DRY</th>
<th>DRY CLEAN</th>
  </tr>
  <tr>
    <td><span style=""font-size:30px;"">&#10003;</span></td>
<td><span style=""font-size:30px;"">&#10003;</span></td>
<td>Hand Wash</td>
<td><span style=""font-size:30px; color: white;"">&#10003;</span></td>
<td><span style=""font-size:30px;"">&#10005;</span></td>
  </tr>
  </tbody></table>","","","","","","","Poli-Tape-4221-Silver-Carbon-Heat-Transfer-Vinyl","0","glitter, sparkle
","","","1593169479","0","","0","","CHECKBOX"
"423-Navy-Blue-Pearl-Glitter","Navy Blue Pearl Glitter Heat Transfer Vinyl","PG423","Poli-Tape","3","9","DEFAULT","","","","","0","Poli-Tape PG423 Navy Blue Pearl Glitter Heat Transfer Vinyl. 500mm wide","Poli-Tape PG423 Navy Blue Pearl Glitter Heat Transfer Vinyl","423-Navy-Blue.png","423-Navy-Blue.png","INVITEMS","DEFAULT-423-Navy-Blue-Pearl-Glitter-DEFAULT-423-Navy-Blue-Pearl-Glitter","","","0","0","0","","1","REGONLY","0","0","0","0","","","","SELECT","SELECT","0","","","","","0","0","","income-service","","","0","0","","","","","3605_Patterned","3605_Patterned","","","0","Hotronix-Auto-Open-Clam-Heatpress, Weeding_Hook, EZ_LED_Weeder, FLEXOFF, Weeding_Tweezers, Heat_Tape, Tygaflor_Sheet, Olfa_Cutting_Matt_A3, Yellow_Ruler, ","Weeding_Hook, EZ_LED_Weeder, FLEXOFF, Weeding_Tweezers, Heat_Tape, Tygaflor_Sheet, Olfa_Cutting_Matt_A3, Yellow_Ruler, ","A","","","","","","","Application & Aftercare Instructions","<style>

table {

margin: 0 auto 0 auto;
}

table, th, td {
  
  border-collapse: collapse;
padding: 5px;
}
th, td {
  padding: 5px;
  text-align: center; 
  width: 100px;
  height: 50px;
  background-color:#009ee3;
  color: white;
  border-left: 5px solid white;
  border-right: 5px solid white;
}

th {
  border-top-color: white;
  font-size: 15px;
}

td {

padding-bottom: 1em;
border-bottom: 5px solid white;
font-size: 20px;
  
</style>



<table id=""data"">
  <tbody><tr>
    <th>PRESS TEMP</th>
<th>PRESS TIME</th>
<th>PRESSURE</th>
<th>EASY WEED</th>
<th>PEEL</th>
  </tr>
  <tr>
    <td>160<sup>o</sup>C</td>
<td>15 secs</td>
<td>Medium</td>
<td><span style=""font-size:30px;"">&#10003;</span></td>
<td>Warm</td>
  </tr>

<tr>
    <th>LAYER (TOP)</th>
<th>REVERSE IMAGE</th>
<th>WASH</th>
<th>TUMBLE DRY</th>
<th>DRY CLEAN</th>
  </tr>
  <tr>
    <td><span style=""font-size:30px;"">&#10003;</span></td>
<td><span style=""font-size:30px;"">&#10003;</span></td>
<td>60<sup>o</sup>C</td>
<td><span style=""font-size:30px; color: white;"">&#10003;</span></td>
<td><span style=""font-size:30px; color: white;"">&#10005;</span></td>
  </tr>
  </tbody></table>","","","","","","","Poli-Tape-PG423-Navy-Blue-Pearl-Glitter-Heat-Transfer-Vinyl","0","glitter, sparkle, pg423, navy, navy-blue, blue, navyblue, navy blue, pearl, pearl glitter, pg 423, heat, transfer, vinyl, htv, heat-transfer, iron, iron-on, garment vinyl, ","","","1576173612","0","","0","","CHECKBOX"
"424-Purple-Pearl-Glitter","Purple Pearl Glitter Heat Transfer Vinyl","PG424","Poli-Tape","4","9","DEFAULT","","","","","0","Poli-Tape PG424 Purple Pearl Glitter Heat Transfer Vinyl. 500mm wide","Poli-Tape PG424 Purple Pearl Glitter Heat Transfer Vinyl","424-Purple.png","424-Purple.png","INVITEMS","DEFAULT-424-Purple-Pearl-Glitter-DEFAULT-424-Purple-Pearl-Glitter","","","0","0","0","","1","REGONLY","0","0","0","0","","","","SELECT","SELECT","0","","","","","0","0","","income-service","","","0","0","","","","","3605_Patterned","3605_Patterned","","","0","Hotronix-Auto-Open-Clam-Heatpress, Weeding_Hook, EZ_LED_Weeder, FLEXOFF, Weeding_Tweezers, Heat_Tape, Tygaflor_Sheet, Olfa_Cutting_Matt_A3, Yellow_Ruler, ","Weeding_Hook, EZ_LED_Weeder, FLEXOFF, Weeding_Tweezers, Heat_Tape, Tygaflor_Sheet, Olfa_Cutting_Matt_A3, Yellow_Ruler, ","A","","","","","","","Application & Aftercare Instructions","<style>

table {

margin: 0 auto 0 auto;
}

table, th, td {
  
  border-collapse: collapse;
padding: 5px;
}
th, td {
  padding: 5px;
  text-align: center; 
  width: 100px;
  height: 50px;
  background-color:#009ee3;
  color: white;
  border-left: 5px solid white;
  border-right: 5px solid white;
}

th {
  border-top-color: white;
  font-size: 15px;
}

td {

padding-bottom: 1em;
border-bottom: 5px solid white;
font-size: 20px;
  
</style>



<table id=""data"">
  <tbody><tr>
    <th>PRESS TEMP</th>
<th>PRESS TIME</th>
<th>PRESSURE</th>
<th>EASY WEED</th>
<th>PEEL</th>
  </tr>
  <tr>
    <td>160<sup>o</sup>C</td>
<td>15 secs</td>
<td>Medium</td>
<td><span style=""font-size:30px;"">&#10003;</span></td>
<td>Warm</td>
  </tr>

<tr>
    <th>LAYER (TOP)</th>
<th>REVERSE IMAGE</th>
<th>WASH</th>
<th>TUMBLE DRY</th>
<th>DRY CLEAN</th>
  </tr>
  <tr>
    <td><span style=""font-size:30px;"">&#10003;</span></td>
<td><span style=""font-size:30px;"">&#10003;</span></td>
<td>60<sup>o</sup>C</td>
<td><span style=""font-size:30px; color: white;"">&#10003;</span></td>
<td><span style=""font-size:30px; color: white;"">&#10005;</span></td>
  </tr>
  </tbody></table>","","","","","","","Poli-Tape-PG424-Purple-Pearl-Glitter-Heat-Transfer-Vinyl","0","glitter, sparkle, pg424, purple, pearl, pearl glitter, pg 424, heat, transfer, vinyl, htv, heat-transfer, iron, iron-on, garment vinyl, 
","","","1576173665","0","","0","","CHECKBOX"
"425-Light-Gold-Pearl-Glitter","Light Gold Pearl Glitter Heat Transfer Vinyl","PG425","Poli-Tape","3","9","DEFAULT","","","","","0","Poli-Tape PG425 Light Gold Pearl Glitter Heat Transfer Vinyl. 500mm wide","Poli-Tape PG425 Light Gold Pearl Glitter Heat Transfer Vinyl","425-Light-Gold.png","425-Light-Gold.png","INVITEMS","DEFAULT-425-Light-Gold-Pearl-Glitter-DEFAULT-425-Light-Gold-Pearl-Glitter","","","0","0","0","","1","REGONLY","0","0","0","0","","","","SELECT","SELECT","0","","","","","0","0","","income-service","","","0","0","","","","","3605_Patterned","3605_Patterned","","","0","Hotronix-Auto-Open-Clam-Heatpress, Weeding_Hook, EZ_LED_Weeder, FLEXOFF, Weeding_Tweezers, Heat_Tape, Tygaflor_Sheet, Olfa_Cutting_Matt_A3, Yellow_Ruler, ","Weeding_Hook, EZ_LED_Weeder, FLEXOFF, Weeding_Tweezers, Heat_Tape, Tygaflor_Sheet, Olfa_Cutting_Matt_A3, Yellow_Ruler, ","A","","","","","","","Application & Aftercare Instructions","<style>

table {

margin: 0 auto 0 auto;
}

table, th, td {
  
  border-collapse: collapse;
padding: 5px;
}
th, td {
  padding: 5px;
  text-align: center; 
  width: 100px;
  height: 50px;
  background-color:#009ee3;
  color: white;
  border-left: 5px solid white;
  border-right: 5px solid white;
}

th {
  border-top-color: white;
  font-size: 15px;
}

td {

padding-bottom: 1em;
border-bottom: 5px solid white;
font-size: 20px;
  
</style>



<table id=""data"">
  <tbody><tr>
    <th>PRESS TEMP</th>
<th>PRESS TIME</th>
<th>PRESSURE</th>
<th>EASY WEED</th>
<th>PEEL</th>
  </tr>
  <tr>
    <td>160<sup>o</sup>C</td>
<td>15 secs</td>
<td>Medium</td>
<td><span style=""font-size:30px;"">&#10003;</span></td>
<td>Warm</td>
  </tr>

<tr>
    <th>LAYER (TOP)</th>
<th>REVERSE IMAGE</th>
<th>WASH</th>
<th>TUMBLE DRY</th>
<th>DRY CLEAN</th>
  </tr>
  <tr>
    <td><span style=""font-size:30px;"">&#10003;</span></td>
<td><span style=""font-size:30px;"">&#10003;</span></td>
<td>60<sup>o</sup>C</td>
<td><span style=""font-size:30px; color: white;"">&#10003;</span></td>
<td><span style=""font-size:30px; color: white;"">&#10005;</span></td>
  </tr>
  </tbody></table>","","","","","","","Poli-Tape-PG425-Light-Gold-Pearl-Glitter-Heat-Transfer-Vinyl","0","glitter, sparkle, pg425, light-gold, light, gold, light gold, lightgold, pearl, pearl glitter, pg 425, heat, transfer, vinyl, htv, heat-transfer, iron, iron-on, garment vinyl, 
","","","1576173690","0","","0","","CHECKBOX"
"428-Lavender-Pearl-Glitter","Lavender Pearl Glitter Heat Transfer Vinyl","PG428","Poli-Tape","2","9","DEFAULT","","","","","0","Poli-Tape PG428 Lavender Pearl Glitter Heat Transfer Vinyl. 500mm wide","Poli-Tape PG428 Lavender Pearl Glitter Heat Transfer Vinyl","428-Lavender.png","428-Lavender.png","INVITEMS","DEFAULT-428-Lavender-Pearl-Glitter-DEFAULT-428-Lavender-Pearl-Glitter","","","0","0","0","","1","REGONLY","0","0","0","0","","","","SELECT","SELECT","0","","","","","0","0","","income-service","","","0","0","","","","","3605_Patterned","3605_Patterned","","","0","Hotronix-Auto-Open-Clam-Heatpress, Weeding_Hook, EZ_LED_Weeder, FLEXOFF, Weeding_Tweezers, Heat_Tape, Tygaflor_Sheet, Olfa_Cutting_Matt_A3, Yellow_Ruler, ","Weeding_Hook, EZ_LED_Weeder, FLEXOFF, Weeding_Tweezers, Heat_Tape, Tygaflor_Sheet, Olfa_Cutting_Matt_A3, Yellow_Ruler, ","A","","","","","","","Application & Aftercare Instructions","<style>

table {

margin: 0 auto 0 auto;
}

table, th, td {
  
  border-collapse: collapse;
padding: 5px;
}
th, td {
  padding: 5px;
  text-align: center; 
  width: 100px;
  height: 50px;
  background-color:#009ee3;
  color: white;
  border-left: 5px solid white;
  border-right: 5px solid white;
}

th {
  border-top-color: white;
  font-size: 15px;
}

td {

padding-bottom: 1em;
border-bottom: 5px solid white;
font-size: 20px;
  
</style>



<table id=""data"">
  <tbody><tr>
    <th>PRESS TEMP</th>
<th>PRESS TIME</th>
<th>PRESSURE</th>
<th>EASY WEED</th>
<th>PEEL</th>
  </tr>
  <tr>
    <td>160<sup>o</sup>C</td>
<td>15 secs</td>
<td>Medium</td>
<td><span style=""font-size:30px;"">&#10003;</span></td>
<td>Warm</td>
  </tr>

<tr>
    <th>LAYER (TOP)</th>
<th>REVERSE IMAGE</th>
<th>WASH</th>
<th>TUMBLE DRY</th>
<th>DRY CLEAN</th>
  </tr>
  <tr>
    <td><span style=""font-size:30px;"">&#10003;</span></td>
<td><span style=""font-size:30px;"">&#10003;</span></td>
<td>60<sup>o</sup>C</td>
<td><span style=""font-size:30px; color: white;"">&#10003;</span></td>
<td><span style=""font-size:30px; color: white;"">&#10005;</span></td>
  </tr>
  </tbody></table>","","","","","","","Poli-Tape-PG428-Lavender-Pearl-Glitter-Heat-Transfer-Vinyl","0","glitter, sparkle, pg428, lavender, pearl, pearl glitter, pg 428, heat, transfer, vinyl, htv, heat-transfer, iron, iron-on, garment vinyl, 
","","","1576173713","0","","0","","CHECKBOX"
"4280-Camouflage","Camouflage Heat Transfer Vinyl","4280","Poli-Tape","10","9","DEFAULT","","","","","0","Poli-Tape 4280 Camouflage Heat Transfer Vinyl. 500mm wide","<p>Camouflage Print Heat Transfer Vinyl 500mm wide. Price per metre:</p>

","4280_Camouflage.png","4280_Camouflage.png","INVITEMS","DEFAULT-4280-Camouflage-DEFAULT-4280-Camouflage","","","0","0","0","","1","REGONLY","0","0","0","0","","","","SELECT","SELECT","0","","","","","0","0","","income-service","","","0","0","","","","","Patterned-Flex","Patterned-Flex","","","0","Hotronix-Auto-Open-Clam-Heatpress, Weeding_Hook, EZ_LED_Weeder, FLEXOFF, Weeding_Tweezers, Heat_Tape, Tygaflor_Sheet, Olfa_Cutting_Matt_A3, Yellow_Ruler, ","Weeding_Hook, EZ_LED_Weeder, FLEXOFF, Weeding_Tweezers, Heat_Tape, Tygaflor_Sheet, Olfa_Cutting_Matt_A3, Yellow_Ruler, ","A","","","","","","","Heat Pressing and Washing Info","<style>

table {

margin: 0 auto 0 auto;
}

table, th, td {
  
  border-collapse: collapse;
padding: 5px;
}
th, td {
  padding: 5px;
  text-align: center; 
  width: 100px;
  height: 50px;
  background-color:#009ee3;
  color: white;
  border-left: 5px solid white;
  border-right: 5px solid white;
}

th {
  border-top-color: white;
  font-size: 15px;
}

td {

padding-bottom: 1em;
border-bottom: 5px solid white;
font-size: 20px;
  
</style>



<table id=""data"">
  <tbody><tr>
    <th>PRESS TEMP</th>
<th>PRESS TIME</th>
<th>PRESSURE</th>
<th>EASY WEED</th>
<th>PEEL</th>
  </tr>
  <tr>
    <td>160<sup>o</sup>C<br></td>
<td>15 secs</td>
<td>Medium<br></td>
<td><span style=""font-size:30px;"">&#10003;</span></td>
<td>Warm</td>
  </tr>

<tr>
    <th>LAYER</th>
<th>REVERSE IMAGE</th>
<th>WASH</th>
<th>TUMBLE DRY</th>
<th>DRY CLEAN</th>
  </tr>
  <tr>
    <td><span style=""font-size:30px;"">&#10003;</span></td>
<td><span style=""font-size:30px;"">&#10003;</span></td>
<td>60<sup>o</sup>C</td>
<td><span style=""font-size:30px; color: white;"">&#10003;</span></td>
<td><span style=""font-size:30px;"">&#10003;</span></td>
  </tr>
  </tbody></table>
","","","","","","","Poli-Tape-4280-Camouflage-Heat-Transfer-Vinyl","0","htv, heat transfer vinyl, flex vinyl, flex, t shirt vinyl, t shirt film, t-shirt film, t-shirt vinyl, t shirt printing, t-shirt printing","","","1596043588","0","","0","","CHECKBOX"
"4281-Leopard","Leopard Heat Transfer Vinyl","4281","Poli-Tape","20","9","DEFAULT","","","","","0","Poli-Tape 4281 Leopard Heat Transfer Vinyl. 500mm wide","<p>Leopard Print Heat Transfer Vinyl 500mm wide. Price per metre:</p>

","4281_Leopard.png","4281_Leopard.png","INVITEMS","DEFAULT-4281-Leopard-DEFAULT-4281-Leopard","","","0","0","0","","1","REGONLY","0","0","0","0","","","","SELECT","SELECT","0","","","","","0","0","","income-service","","","0","0","","","","","Patterned-Flex","Patterned-Flex","","","0","Hotronix-Auto-Open-Clam-Heatpress, Weeding_Hook, EZ_LED_Weeder, FLEXOFF, Weeding_Tweezers, Heat_Tape, Tygaflor_Sheet, Olfa_Cutting_Matt_A3, Yellow_Ruler, ","Weeding_Hook, EZ_LED_Weeder, FLEXOFF, Weeding_Tweezers, Heat_Tape, Tygaflor_Sheet, Olfa_Cutting_Matt_A3, Yellow_Ruler, ","A","","","","","","","Heat Pressing and Washing Info","<style>

table {

margin: 0 auto 0 auto;
}

table, th, td {
  
  border-collapse: collapse;
padding: 5px;
}
th, td {
  padding: 5px;
  text-align: center; 
  width: 100px;
  height: 50px;
  background-color:#009ee3;
  color: white;
  border-left: 5px solid white;
  border-right: 5px solid white;
}

th {
  border-top-color: white;
  font-size: 15px;
}

td {

padding-bottom: 1em;
border-bottom: 5px solid white;
font-size: 20px;
  
</style>



<table id=""data"">
  <tbody><tr>
    <th>PRESS TEMP</th>
<th>PRESS TIME</th>
<th>PRESSURE</th>
<th>EASY WEED</th>
<th>PEEL</th>
  </tr>
  <tr>
    <td>160<sup>o</sup>C<br></td>
<td>15 secs</td>
<td>Medium<br></td>
<td><span style=""font-size:30px;"">&#10003;</span></td>
<td>Warm</td>
  </tr>

<tr>
    <th>LAYER</th>
<th>REVERSE IMAGE</th>
<th>WASH</th>
<th>TUMBLE DRY</th>
<th>DRY CLEAN</th>
  </tr>
  <tr>
    <td><span style=""font-size:30px;"">&#10003;</span></td>
<td><span style=""font-size:30px;"">&#10003;</span></td>
<td>60<sup>o</sup>C</td>
<td><span style=""font-size:30px; color: white;"">&#10003;</span></td>
<td><span style=""font-size:30px;"">&#10003;</span></td>
  </tr>
  </tbody></table>
","","","","","","","Poli-Tape-4281-Leopard-Heat-Transfer-Vinyl","0","htv, heat transfer vinyl, flex vinyl, flex, t shirt vinyl, t shirt film, t-shirt film, t-shirt vinyl, t shirt printing, t-shirt printing","","","1596043914","0","","0","","CHECKBOX"
"4282-Zebra","Zebra Heat Transfer Vinyl","4282","Poli-Tape","30","9","DEFAULT","","","","","0","Poli-Tape 4282 Zebra Heat Transfer Vinyl. 500mm wide","<p>Zebra Print Heat Transfer Vinyl 500mm wide. Price per metre:</p>

","4282_Zebra.png","4282_Zebra.png","INVITEMS","DEFAULT-4282-Zebra-DEFAULT-4282-Zebra","","","0","0","0","","1","REGONLY","0","0","0","0","","","","SELECT","SELECT","0","","","","","0","0","","income-service","","","0","0","","","","","Patterned-Flex","Patterned-Flex","","","0","Hotronix-Auto-Open-Clam-Heatpress, Weeding_Hook, EZ_LED_Weeder, FLEXOFF, Weeding_Tweezers, Heat_Tape, Tygaflor_Sheet, Olfa_Cutting_Matt_A3, Yellow_Ruler, ","Weeding_Hook, EZ_LED_Weeder, FLEXOFF, Weeding_Tweezers, Heat_Tape, Tygaflor_Sheet, Olfa_Cutting_Matt_A3, Yellow_Ruler, ","A","","","","","","","Heat Pressing and Washing Info","<style>

table {

margin: 0 auto 0 auto;
}

table, th, td {
  
  border-collapse: collapse;
padding: 5px;
}
th, td {
  padding: 5px;
  text-align: center; 
  width: 100px;
  height: 50px;
  background-color:#009ee3;
  color: white;
  border-left: 5px solid white;
  border-right: 5px solid white;
}

th {
  border-top-color: white;
  font-size: 15px;
}

td {

padding-bottom: 1em;
border-bottom: 5px solid white;
font-size: 20px;
  
</style>



<table id=""data"">
  <tbody><tr>
    <th>PRESS TEMP</th>
<th>PRESS TIME</th>
<th>PRESSURE</th>
<th>EASY WEED</th>
<th>PEEL</th>
  </tr>
  <tr>
    <td>160<sup>o</sup>C<br></td>
<td>15 secs</td>
<td>Medium<br></td>
<td><span style=""font-size:30px;"">&#10003;</span></td>
<td>Warm</td>
  </tr>

<tr>
    <th>LAYER</th>
<th>REVERSE IMAGE</th>
<th>WASH</th>
<th>TUMBLE DRY</th>
<th>DRY CLEAN</th>
  </tr>
  <tr>
    <td><span style=""font-size:30px;"">&#10003;</span></td>
<td><span style=""font-size:30px;"">&#10003;</span></td>
<td>60<sup>o</sup>C</td>
<td><span style=""font-size:30px; color: white;"">&#10003;</span></td>
<td><span style=""font-size:30px;"">&#10003;</span></td>
  </tr>
  </tbody></table>
","","","","","","","Poli-Tape-4282-Zebra-Heat-Transfer-Vinyl","0","htv, heat transfer vinyl, flex vinyl, flex, t shirt vinyl, t shirt film, t-shirt film, t-shirt vinyl, t shirt printing, t-shirt printing","","","1596044029","0","","0","","CHECKBOX"
"432-Hot-Pink-Pearl-Glitter","Hot Pink Pearl Glitter Heat Transfer Vinyl","PG432","Poli-Tape","10","9","DEFAULT","","","","","0","Poli-Tape PG432 Hot Pink Pearl Glitter Heat Transfer Vinyl. 500mm wide","Poli-Tape PG432 Hot Pink Pearl Glitter Heat Transfer Vinyl","432-Hot-Pink.png","432-Hot-Pink.png","INVITEMS","DEFAULT-432-Hot-Pink-Pearl-Glitter-DEFAULT-432-Hot-Pink-Pearl-Glitter","","","0","0","0","","1","REGONLY","0","0","0","0","","","","SELECT","SELECT","0","","","","","0","0","","income-service","","","0","0","","","","","3605_Patterned","3605_Patterned","","","0","Hotronix-Auto-Open-Clam-Heatpress, Weeding_Hook, EZ_LED_Weeder, FLEXOFF, Weeding_Tweezers, Heat_Tape, Tygaflor_Sheet, Olfa_Cutting_Matt_A3, Yellow_Ruler, ","Weeding_Hook, EZ_LED_Weeder, FLEXOFF, Weeding_Tweezers, Heat_Tape, Tygaflor_Sheet, Olfa_Cutting_Matt_A3, Yellow_Ruler, ","A","","","","","","","Application & Aftercare Instructions","<style>

table {

margin: 0 auto 0 auto;
}

table, th, td {
  
  border-collapse: collapse;
padding: 5px;
}
th, td {
  padding: 5px;
  text-align: center; 
  width: 100px;
  height: 50px;
  background-color:#009ee3;
  color: white;
  border-left: 5px solid white;
  border-right: 5px solid white;
}

th {
  border-top-color: white;
  font-size: 15px;
}

td {

padding-bottom: 1em;
border-bottom: 5px solid white;
font-size: 20px;
  
</style>



<table id=""data"">
  <tbody><tr>
    <th>PRESS TEMP</th>
<th>PRESS TIME</th>
<th>PRESSURE</th>
<th>EASY WEED</th>
<th>PEEL</th>
  </tr>
  <tr>
    <td>160<sup>o</sup>C</td>
<td>15 secs</td>
<td>Medium</td>
<td><span style=""font-size:30px;"">&#10003;</span></td>
<td>Warm</td>
  </tr>

<tr>
    <th>LAYER (TOP)</th>
<th>REVERSE IMAGE</th>
<th>WASH</th>
<th>TUMBLE DRY</th>
<th>DRY CLEAN</th>
  </tr>
  <tr>
    <td><span style=""font-size:30px;"">&#10003;</span></td>
<td><span style=""font-size:30px;"">&#10003;</span></td>
<td>60<sup>o</sup>C</td>
<td><span style=""font-size:30px; color: white;"">&#10003;</span></td>
<td><span style=""font-size:30px; color: white;"">&#10005;</span></td>
  </tr>
  </tbody></table>","","","","","","","Poli-Tape-PG432-Hot-Pink-Pearl-Glitter-Heat-Transfer-Vinyl","0","glitter, sparkle, pg432, purple, hotpink, hot, pink, pearl glitter, pg 432, heat, transfer, vinyl, htv, heat-transfer, iron, iron-on, garment vinyl, 
","","","1576173735","0","","0","","CHECKBOX"
"434-White-Glitter","White Glitter Heat Transfer Vinyl","434","Poli-Tape","19","8","DEFAULT","","","","","0","Poli-Tape 434 White Glitter Heat Transfer Vinyl. 500mm wide","Poli-Tape 434 White Glitter Heat Transfer Vinyl","434-Glitter-White.png","434-Glitter-White.png","INVITEMS","DEFAULT-434-White-Glitter-DEFAULT-434-White-Glitter","","","0","0","0","","1","REGONLY","0","0","0","0","","","","SELECT","SELECT","0","","","","","0","0","","income-service","","","0","0","","","","","3605_Patterned","3605_Patterned","","","0","","","A","","","","","","","Application & Aftercare Instructions","<style>

table {

margin: 0 auto 0 auto;
}

table, th, td {
  
  border-collapse: collapse;
padding: 5px;
}
th, td {
  padding: 5px;
  text-align: center; 
  width: 100px;
  height: 50px;
  background-color:#009ee3;
  color: white;
  border-left: 5px solid white;
  border-right: 5px solid white;
}

th {
  border-top-color: white;
  font-size: 15px;
}

td {

padding-bottom: 1em;
border-bottom: 5px solid white;
font-size: 20px;
  
</style>



<table id=""data"">
  <tbody><tr>
    <th>PRESS TEMP</th>
<th>PRESS TIME</th>
<th>PRESSURE</th>
<th>EASY WEED</th>
<th>PEEL</th>
  </tr>
  <tr>
    <td>160<sup>o</sup>C</td>
<td>15 secs</td>
<td>Medium<br></td>
<td><span style=""font-size:30px;"">&#10003;</span></td>
<td>Warm</td>
  </tr>

<tr>
    <th>LAYER</th>
<th>REVERSE IMAGE</th>
<th>WASH</th>
<th>TUMBLE DRY</th>
<th>DRY CLEAN</th>
  </tr>
  <tr>
    <td><span style=""font-size:30px;"">&#10005;</span></td>
<td><span style=""font-size:30px;"">&#10003;</span></td>
<td>60<sup>o</sup>C</td>
<td><span style=""font-size:30px; color: white;"">&#10003;</span></td>
<td><span style=""font-size:30px;"">&#10003;</span></td>
  </tr>
  </tbody></table>","","","","","","","","0","glitter, sparkle
","","","1712069652","0","","0","","CHECKBOX"
"435-Black-Glitter","Black Glitter Heat Transfer Vinyl","435","Poli-Tape","19","8","DEFAULT","","","","","0","Poli-Tape 435 Black Glitter Heat Transfer Vinyl. 500mm wide","Poli-Tape 435 Black Glitter Heat Transfer Vinyl","435-Glitter-Black.png","435-Glitter-Black.png","INVITEMS","DEFAULT-435-Black-Glitter-DEFAULT-435-Black-Glitter","","","0","0","0","","1","REGONLY","0","0","0","0","","","","SELECT","SELECT","0","","","","","0","0","","income-service","","","0","0","","","","","3605_Patterned","3605_Patterned","","","0","","","A","","","","","","","Application & Aftercare Instructions","<style>

table {

margin: 0 auto 0 auto;
}

table, th, td {
  
  border-collapse: collapse;
padding: 5px;
}
th, td {
  padding: 5px;
  text-align: center; 
  width: 100px;
  height: 50px;
  background-color:#009ee3;
  color: white;
  border-left: 5px solid white;
  border-right: 5px solid white;
}

th {
  border-top-color: white;
  font-size: 15px;
}

td {

padding-bottom: 1em;
border-bottom: 5px solid white;
font-size: 20px;
  
</style>



<table id=""data"">
  <tbody><tr>
    <th>PRESS TEMP</th>
<th>PRESS TIME</th>
<th>PRESSURE</th>
<th>EASY WEED</th>
<th>PEEL</th>
  </tr>
  <tr>
    <td>160<sup>o</sup>C</td>
<td>15 secs</td>
<td>Medium<br></td>
<td><span style=""font-size:30px;"">&#10003;</span></td>
<td>Warm</td>
  </tr>

<tr>
    <th>LAYER</th>
<th>REVERSE IMAGE</th>
<th>WASH</th>
<th>TUMBLE DRY</th>
<th>DRY CLEAN</th>
  </tr>
  <tr>
    <td><span style=""font-size:30px;"">&#10005;</span></td>
<td><span style=""font-size:30px;"">&#10003;</span></td>
<td>60<sup>o</sup>C</td>
<td><span style=""font-size:30px; color: white;"">&#10003;</span></td>
<td><span style=""font-size:30px;"">&#10003;</span></td>
  </tr>
  </tbody></table>","","","","","","","","0","glitter, sparkle
","","","1702403549","0","","0","","CHECKBOX"
"438-Red-Glitter","Red Glitter Heat Transfer Vinyl","438","Poli-Tape","19","8","DEFAULT","","","","","0","Poli-Tape 438 Red Glitter Heat Transfer Vinyl. 500mm wide","Poli-Tape 438 Red Glitter Heat Transfer Vinyl","438-Glitter-Red.png","438-Glitter-Red.png","INVITEMS","DEFAULT-438-Red-Glitter-DEFAULT-438-Red-Glitter","","","0","0","0","","1","REGONLY","0","0","0","0","","","","SELECT","SELECT","0","","","","","0","0","","income-service","","","0","0","","","","","3605_Patterned","3605_Patterned","","","0","","","A","","","","","","","Application & Aftercare Instructions","<style>

table {

margin: 0 auto 0 auto;
}

table, th, td {
  
  border-collapse: collapse;
padding: 5px;
}
th, td {
  padding: 5px;
  text-align: center; 
  width: 100px;
  height: 50px;
  background-color:#009ee3;
  color: white;
  border-left: 5px solid white;
  border-right: 5px solid white;
}

th {
  border-top-color: white;
  font-size: 15px;
}

td {

padding-bottom: 1em;
border-bottom: 5px solid white;
font-size: 20px;
  
</style>



<table id=""data"">
  <tbody><tr>
    <th>PRESS TEMP</th>
<th>PRESS TIME</th>
<th>PRESSURE</th>
<th>EASY WEED</th>
<th>PEEL</th>
  </tr>
  <tr>
    <td>160<sup>o</sup>C</td>
<td>15 secs</td>
<td>Medium<br></td>
<td><span style=""font-size:30px;"">&#10003;</span></td>
<td>Warm</td>
  </tr>

<tr>
    <th>LAYER</th>
<th>REVERSE IMAGE</th>
<th>WASH</th>
<th>TUMBLE DRY</th>
<th>DRY CLEAN</th>
  </tr>
  <tr>
    <td><span style=""font-size:30px;"">&#10005;</span></td>
<td><span style=""font-size:30px;"">&#10003;</span></td>
<td>60<sup>o</sup>C</td>
<td><span style=""font-size:30px; color: white;"">&#10003;</span></td>
<td><span style=""font-size:30px;"">&#10003;</span></td>
  </tr>
  </tbody></table>","","","","","","","","0","glitter, sparkle
","","","1712066662","0","","0","","CHECKBOX"
"439-Gold-Glitter","Gold Glitter Heat Transfer Vinyl","439","Poli-Tape","20","8","DEFAULT","","","","","0","Poli-Tape 439 Gold Glitter Heat Transfer Vinyl. 500mm wide","Poli-Tape 439 Gold Glitter Heat Transfer Vinyl","439-Glitter-Gold.png","439-Glitter-Gold.png","INVITEMS","DEFAULT-439-Gold-Glitter-DEFAULT-439-Gold-Glitter","","","0","0","0","","1","REGONLY","0","0","0","0","","","","SELECT","SELECT","0","","","","","0","0","","income-service","","","0","0","","","","","3605_Patterned","3605_Patterned","","","0","","","N","","","","","","","Application & Aftercare Instructions","<style>

table {

margin: 0 auto 0 auto;
}

table, th, td {
  
  border-collapse: collapse;
padding: 5px;
}
th, td {
  padding: 5px;
  text-align: center; 
  width: 100px;
  height: 50px;
  background-color:#009ee3;
  color: white;
  border-left: 5px solid white;
  border-right: 5px solid white;
}

th {
  border-top-color: white;
  font-size: 15px;
}

td {

padding-bottom: 1em;
border-bottom: 5px solid white;
font-size: 20px;
  
</style>



<table id=""data"">
  <tbody><tr>
    <th>PRESS TEMP</th>
<th>PRESS TIME</th>
<th>PRESSURE</th>
<th>EASY WEED</th>
<th>PEEL</th>
  </tr>
  <tr>
    <td>160<sup>o</sup>C</td>
<td>15 secs</td>
<td>Medium<br></td>
<td><span style=""font-size:30px;"">&#10003;</span></td>
<td>Warm</td>
  </tr>

<tr>
    <th>LAYER</th>
<th>REVERSE IMAGE</th>
<th>WASH</th>
<th>TUMBLE DRY</th>
<th>DRY CLEAN</th>
  </tr>
  <tr>
    <td><span style=""font-size:30px;"">&#10005;</span></td>
<td><span style=""font-size:30px;"">&#10003;</span></td>
<td>60<sup>o</sup>C</td>
<td><span style=""font-size:30px; color: white;"">&#10003;</span></td>
<td><span style=""font-size:30px;"">&#10003;</span></td>
  </tr>
  </tbody></table>","","","","","","","Poli-Tape-439-Gold-Glitter-Heat-Transfer-Vinyl","0","glitter, sparkle
","","","1576175152","0","","0","","CHECKBOX"
"444-White-Pearl-Glitter","White Pearl Glitter Heat Transfer Vinyl","PG444","Poli-Tape","1","9","DEFAULT","","","","","0","Poli-Tape PG444 White Pearl Glitter Heat Transfer Vinyl. 500mm wide","Poli-Tape PG444 White Pearl Glitter Heat Transfer Vinyl","444-White.png","444-White.png","INVITEMS","DEFAULT-444-White-Pearl-Glitter-DEFAULT-444-White-Pearl-Glitter","","","0","0","0","","1","REGONLY","0","0","0","0","","","","SELECT","SELECT","0","","","","","0","0","","income-service","","","0","0","","","","","3605_Patterned","3605_Patterned","","","0","Hotronix-Auto-Open-Clam-Heatpress, Weeding_Hook, EZ_LED_Weeder, FLEXOFF, Weeding_Tweezers, Heat_Tape, Tygaflor_Sheet, Olfa_Cutting_Matt_A3, Yellow_Ruler, ","Weeding_Hook, EZ_LED_Weeder, FLEXOFF, Weeding_Tweezers, Heat_Tape, Tygaflor_Sheet, Olfa_Cutting_Matt_A3, Yellow_Ruler, ","A","","","","","","","Application & Aftercare Instructions","<style>

table {

margin: 0 auto 0 auto;
}

table, th, td {
  
  border-collapse: collapse;
padding: 5px;
}
th, td {
  padding: 5px;
  text-align: center; 
  width: 100px;
  height: 50px;
  background-color:#009ee3;
  color: white;
  border-left: 5px solid white;
  border-right: 5px solid white;
}

th {
  border-top-color: white;
  font-size: 15px;
}

td {

padding-bottom: 1em;
border-bottom: 5px solid white;
font-size: 20px;
  
</style>



<table id=""data"">
  <tbody><tr>
    <th>PRESS TEMP</th>
<th>PRESS TIME</th>
<th>PRESSURE</th>
<th>EASY WEED</th>
<th>PEEL</th>
  </tr>
  <tr>
    <td>160<sup>o</sup>C</td>
<td>15 secs</td>
<td>Medium</td>
<td><span style=""font-size:30px;"">&#10003;</span></td>
<td>Warm</td>
  </tr>

<tr>
    <th>LAYER (TOP)</th>
<th>REVERSE IMAGE</th>
<th>WASH</th>
<th>TUMBLE DRY</th>
<th>DRY CLEAN</th>
  </tr>
  <tr>
    <td><span style=""font-size:30px;"">&#10003;</span></td>
<td><span style=""font-size:30px;"">&#10003;</span></td>
<td>60<sup>o</sup>C</td>
<td><span style=""font-size:30px; color: white;"">&#10003;</span></td>
<td><span style=""font-size:30px; color: white;"">&#10005;</span></td>
  </tr>
  </tbody></table>","","","","","","","Poli-Tape-PG444-White-Pearl-Glitter-Heat-Transfer-Vinyl","0","glitter, sparkle, pg444, white, pearl, pearl glitter, pg 444, heat, transfer, vinyl, htv, heat-transfer, iron, iron-on, garment vinyl, 
","","","1581524476","0","","0","","CHECKBOX"
"450-Silver-Pearl-Glitter","Silver Pearl Glitter Heat Transfer Vinyl","PG450","Poli-Tape","9","9","DEFAULT","","","","","0","Poli-Tape PG450 Silver Pearl Glitter Heat Transfer Vinyl. 500mm wide","Poli-Tape PG450 Silver Pearl Glitter Heat Transfer Vinyl","450-Silver.png","450-Silver.png","INVITEMS","DEFAULT-450-Silver-Pearl-Glitter-DEFAULT-450-Silver-Pearl-Glitter","","","0","0","0","","1","REGONLY","0","0","0","0","","","","SELECT","SELECT","0","","","","","0","0","","income-service","","","0","0","","","","","3605_Patterned","3605_Patterned","","","0","Hotronix-Auto-Open-Clam-Heatpress, Weeding_Hook, EZ_LED_Weeder, FLEXOFF, Weeding_Tweezers, Heat_Tape, Tygaflor_Sheet, Olfa_Cutting_Matt_A3, Yellow_Ruler, ","Weeding_Hook, EZ_LED_Weeder, FLEXOFF, Weeding_Tweezers, Heat_Tape, Tygaflor_Sheet, Olfa_Cutting_Matt_A3, Yellow_Ruler, ","A","","","","","","","Application & Aftercare Instructions","<style>

table {

margin: 0 auto 0 auto;
}

table, th, td {
  
  border-collapse: collapse;
padding: 5px;
}
th, td {
  padding: 5px;
  text-align: center; 
  width: 100px;
  height: 50px;
  background-color:#009ee3;
  color: white;
  border-left: 5px solid white;
  border-right: 5px solid white;
}

th {
  border-top-color: white;
  font-size: 15px;
}

td {

padding-bottom: 1em;
border-bottom: 5px solid white;
font-size: 20px;
  
</style>



<table id=""data"">
  <tbody><tr>
    <th>PRESS TEMP</th>
<th>PRESS TIME</th>
<th>PRESSURE</th>
<th>EASY WEED</th>
<th>PEEL</th>
  </tr>
  <tr>
    <td>160<sup>o</sup>C</td>
<td>15 secs</td>
<td>Medium</td>
<td><span style=""font-size:30px;"">&#10003;</span></td>
<td>Warm</td>
  </tr>

<tr>
    <th>LAYER (TOP)</th>
<th>REVERSE IMAGE</th>
<th>WASH</th>
<th>TUMBLE DRY</th>
<th>DRY CLEAN</th>
  </tr>
  <tr>
    <td><span style=""font-size:30px;"">&#10003;</span></td>
<td><span style=""font-size:30px;"">&#10003;</span></td>
<td>60<sup>o</sup>C</td>
<td><span style=""font-size:30px; color: white;"">&#10003;</span></td>
<td><span style=""font-size:30px; color: white;"">&#10005;</span></td>
  </tr>
  </tbody></table>","","","","","","","Poli-Tape-PG450-Silver-Pearl-Glitter-Heat-Transfer-Vinyl","0","glitter, sparkle, pg450, silver, pearl, pearl glitter, pg 450, heat, transfer, vinyl, htv, heat-transfer, iron, iron-on, garment vinyl, 

","","","1576173758","0","","0","","CHECKBOX"
"4501-White","White Sub Block Heat Transfer Vinyl","4501","Poli-Tape","42","7","DEFAULT","","","","","0","Poli-Tape 4501 White Sub Block Heat Transfer Vinyl. 500mm wide","Poli-Tape 4501 White Sub Block Heat Transfer Vinyl","4501_White.png","4501_White.png","INVITEMS","DEFAULT-4501-White-DEFAULT-4501-White","","","0","0","0","","1","REGONLY","0","0","0","0","","","","SELECT","SELECT","0","","","","","0","0","","income-service","","","0","0","","","","","Blockout_Flex","Blockout_Flex","","","0","Hotronix-Auto-Open-Clam-Heatpress, Weeding_Hook, EZ_LED_Weeder, FLEXOFF, Weeding_Tweezers, Heat_Tape, Tygaflor_Sheet, Olfa_Cutting_Matt_A3, Yellow_Ruler, ","Weeding_Hook, EZ_LED_Weeder, FLEXOFF, Weeding_Tweezers, Heat_Tape, Tygaflor_Sheet, Olfa_Cutting_Matt_A3, Yellow_Ruler, ","A","","","","Sub_Block","","","Application & Aftercare Instructions","<style>

table {

margin: 0 auto 0 auto;
}

table, th, td {
  
  border-collapse: collapse;
padding: 5px;
}
th, td {
  padding: 5px;
  text-align: center; 
  width: 100px;
  height: 50px;
  background-color:#009ee3;
  color: white;
  border-left: 5px solid white;
  border-right: 5px solid white;
}

th {
  border-top-color: white;
  font-size: 15px;
}

td {

padding-bottom: 1em;
border-bottom: 5px solid white;
font-size: 20px;
  
</style>



<table id=""data"">
  <tbody><tr>
    <th>PRESS TEMP</th>
<th>PRESS TIME</th>
<th>PRESSURE</th>
<th>EASY WEED</th>
<th>PEEL</th>
  </tr>
  <tr>
    <td>130<sup>o</sup>C</td>
<td>5 secs</td>
<td>Medium<br></td>
<td><span style=""font-size:30px;"">&#10003;</span></td>
<td>Warm</td>
  </tr>

<tr>
    <th>LAYER</th>
<th>REVERSE IMAGE</th>
<th>WASH</th>
<th>TUMBLE DRY</th>
<th>DRY CLEAN</th>
  </tr>
  <tr>
    <td><span style=""font-size:30px;"">&#10003;</span></td>
<td><span style=""font-size:30px;"">&#10003;</span></td>
<td>60<sup>o</sup>C</td>
<td><span style=""font-size:30px; color: white;"">&#10003;</span></td>
<td><span style=""font-size:30px;"">&#10003;</span></td>
  </tr>
  </tbody></table>
","","","","","","","Poli-Tape-4501-White-Sub-Block-Heat-Transfer-Vinyl","0","","","","1558517940","0","","0","","CHECKBOX"
"4503-Neon-Blue","Neon Blue Sub Block Heat Transfer Vinyl","4503","Poli-Tape","43","7","DEFAULT","","","","","0","Poli-Tape 4503 Neon Blue Sub Block Heat Transfer Vinyl. 500mm wide","Poli-Tape 4503 Neon Blue Sub Block Heat Transfer Vinyl","4503_Neon_Blue.png","4503_Neon_Blue.png","INVITEMS","DEFAULT-4503-Neon-Blue-DEFAULT-4503-Neon-Blue","","","0","0","0","","1","REGONLY","0","0","0","0","","","","SELECT","SELECT","0","","","","","0","0","","income-service","","","0","0","","","","","Blockout_Flex","Blockout_Flex","","","0","Hotronix-Auto-Open-Clam-Heatpress, Weeding_Hook, EZ_LED_Weeder, FLEXOFF, Weeding_Tweezers, Heat_Tape, Tygaflor_Sheet, Olfa_Cutting_Matt_A3, Yellow_Ruler, ","Weeding_Hook, EZ_LED_Weeder, FLEXOFF, Weeding_Tweezers, Heat_Tape, Tygaflor_Sheet, Olfa_Cutting_Matt_A3, Yellow_Ruler, ","A","","","","Sub_Block","","","Application & Aftercare Instructions","<style>

table {

margin: 0 auto 0 auto;
}

table, th, td {
  
  border-collapse: collapse;
padding: 5px;
}
th, td {
  padding: 5px;
  text-align: center; 
  width: 100px;
  height: 50px;
  background-color:#009ee3;
  color: white;
  border-left: 5px solid white;
  border-right: 5px solid white;
}

th {
  border-top-color: white;
  font-size: 15px;
}

td {

padding-bottom: 1em;
border-bottom: 5px solid white;
font-size: 20px;
  
</style>



<table id=""data"">
  <tbody><tr>
    <th>PRESS TEMP</th>
<th>PRESS TIME</th>
<th>PRESSURE</th>
<th>EASY WEED</th>
<th>PEEL</th>
  </tr>
  <tr>
    <td>130<sup>o</sup>C</td>
<td>5 secs</td>
<td>Medium<br></td>
<td><span style=""font-size:30px;"">&#10003;</span></td>
<td>Warm</td>
  </tr>

<tr>
    <th>LAYER</th>
<th>REVERSE IMAGE</th>
<th>WASH</th>
<th>TUMBLE DRY</th>
<th>DRY CLEAN</th>
  </tr>
  <tr>
    <td><span style=""font-size:30px;"">&#10003;</span></td>
<td><span style=""font-size:30px;"">&#10003;</span></td>
<td>60<sup>o</sup>C</td>
<td><span style=""font-size:30px; color: white;"">&#10003;</span></td>
<td><span style=""font-size:30px;"">&#10003;</span></td>
  </tr>
  </tbody></table>
","","","","","","","Poli-Tape-4503-Neon-Blue-Sub-Block-Heat-Transfer-Vinyl","0","","","","1558517999","0","","0","","CHECKBOX"
"4508-Red","Red Sub Block Heat Transfer Vinyl","4508","Poli-Tape","44","7","DEFAULT","","","","","0","Poli-Tape 4508 Red Sub Block Heat Transfer Vinyl. 500mm wide","Poli-Tape 4508 Red Sub Block Heat Transfer Vinyl","4508_Red.png","4508_Red.png","INVITEMS","DEFAULT-4508-Red-DEFAULT-4508-Red","","","0","0","0","","1","REGONLY","0","0","0","0","","","","SELECT","SELECT","0","","","","","0","0","","income-service","","","0","0","","","","","Blockout_Flex","Blockout_Flex","","","0","Hotronix-Auto-Open-Clam-Heatpress, Weeding_Hook, EZ_LED_Weeder, FLEXOFF, Weeding_Tweezers, Heat_Tape, Tygaflor_Sheet, Olfa_Cutting_Matt_A3, Yellow_Ruler, ","Weeding_Hook, EZ_LED_Weeder, FLEXOFF, Weeding_Tweezers, Heat_Tape, Tygaflor_Sheet, Olfa_Cutting_Matt_A3, Yellow_Ruler, ","A","","","","Sub_Block","","","Application & Aftercare Instructions","<style>

table {

margin: 0 auto 0 auto;
}

table, th, td {
  
  border-collapse: collapse;
padding: 5px;
}
th, td {
  padding: 5px;
  text-align: center; 
  width: 100px;
  height: 50px;
  background-color:#009ee3;
  color: white;
  border-left: 5px solid white;
  border-right: 5px solid white;
}

th {
  border-top-color: white;
  font-size: 15px;
}

td {

padding-bottom: 1em;
border-bottom: 5px solid white;
font-size: 20px;
  
</style>



<table id=""data"">
  <tbody><tr>
    <th>PRESS TEMP</th>
<th>PRESS TIME</th>
<th>PRESSURE</th>
<th>EASY WEED</th>
<th>PEEL</th>
  </tr>
  <tr>
    <td>130<sup>o</sup>C</td>
<td>5 secs</td>
<td>Medium<br></td>
<td><span style=""font-size:30px;"">&#10003;</span></td>
<td>Warm</td>
  </tr>

<tr>
    <th>LAYER</th>
<th>REVERSE IMAGE</th>
<th>WASH</th>
<th>TUMBLE DRY</th>
<th>DRY CLEAN</th>
  </tr>
  <tr>
    <td><span style=""font-size:30px;"">&#10003;</span></td>
<td><span style=""font-size:30px;"">&#10003;</span></td>
<td>60<sup>o</sup>C</td>
<td><span style=""font-size:30px; color: white;"">&#10003;</span></td>
<td><span style=""font-size:30px;"">&#10003;</span></td>
  </tr>
  </tbody></table>
","","","","","","","Poli-Tape-4508-Red-Sub-Block-Heat-Transfer-Vinyl","0","","","","1558518029","0","","0","","CHECKBOX"
"451-Gold-Pearl-Glitter","Gold Pearl Glitter Heat Transfer Vinyl","PG451","Poli-Tape","8","9","DEFAULT","","","","","0","Poli-Tape PG451 Gold Pearl Glitter Heat Transfer Vinyl. 500mm wide","Poli-Tape PG451 Gold Pearl Glitter Heat Transfer Vinyl","451-Gold.png","451-Gold.png","INVITEMS","DEFAULT-451-Gold-Pearl-Glitter-DEFAULT-451-Gold-Pearl-Glitter","","","0","0","0","","1","REGONLY","0","0","0","0","","","","SELECT","SELECT","0","","","","","0","0","","income-service","","","0","0","","","","","3605_Patterned","3605_Patterned","","","0","Hotronix-Auto-Open-Clam-Heatpress, Weeding_Hook, EZ_LED_Weeder, FLEXOFF, Weeding_Tweezers, Heat_Tape, Tygaflor_Sheet, Olfa_Cutting_Matt_A3, Yellow_Ruler, ","Weeding_Hook, EZ_LED_Weeder, FLEXOFF, Weeding_Tweezers, Heat_Tape, Tygaflor_Sheet, Olfa_Cutting_Matt_A3, Yellow_Ruler, ","A","","","","","","","Application & Aftercare Instructions","<style>

table {

margin: 0 auto 0 auto;
}

table, th, td {
  
  border-collapse: collapse;
padding: 5px;
}
th, td {
  padding: 5px;
  text-align: center; 
  width: 100px;
  height: 50px;
  background-color:#009ee3;
  color: white;
  border-left: 5px solid white;
  border-right: 5px solid white;
}

th {
  border-top-color: white;
  font-size: 15px;
}

td {

padding-bottom: 1em;
border-bottom: 5px solid white;
font-size: 20px;
  
</style>



<table id=""data"">
  <tbody><tr>
    <th>PRESS TEMP</th>
<th>PRESS TIME</th>
<th>PRESSURE</th>
<th>EASY WEED</th>
<th>PEEL</th>
  </tr>
  <tr>
    <td>160<sup>o</sup>C</td>
<td>15 secs</td>
<td>Medium</td>
<td><span style=""font-size:30px;"">&#10003;</span></td>
<td>Warm</td>
  </tr>

<tr>
    <th>LAYER (TOP)</th>
<th>REVERSE IMAGE</th>
<th>WASH</th>
<th>TUMBLE DRY</th>
<th>DRY CLEAN</th>
  </tr>
  <tr>
    <td><span style=""font-size:30px;"">&#10003;</span></td>
<td><span style=""font-size:30px;"">&#10003;</span></td>
<td>60<sup>o</sup>C</td>
<td><span style=""font-size:30px; color: white;"">&#10003;</span></td>
<td><span style=""font-size:30px; color: white;"">&#10005;</span></td>
  </tr>
  </tbody></table>","","","","","","","Poli-Tape-PG451-Gold-Pearl-Glitter-Heat-Transfer-Vinyl","0","glitter, sparkle, pg451, gold, pearl, pearl glitter, pg 451, heat, transfer, vinyl, htv, heat-transfer, iron, iron-on, garment vinyl, 
","","","1576173783","0","","0","","CHECKBOX"
"4510-Yellow","Yellow Sub Block Heat Transfer Vinyl","4510","Poli-Tape","45","7","DEFAULT","","","","","0","Poli-Tape 4510 Yellow Sub Block Heat Transfer Vinyl. 500mm wide","Poli-Tape 4510 Yellow Sub Block Heat Transfer Vinyl","4510_Yellow.png","4510_Yellow.png","INVITEMS","DEFAULT-4510-Yellow-DEFAULT-4510-Yellow","","","0","0","0","","1","REGONLY","0","0","0","0","","","","SELECT","SELECT","0","","","","","0","0","","income-service","","","0","0","","","","","Blockout_Flex","Blockout_Flex","","","0","Hotronix-Auto-Open-Clam-Heatpress, Weeding_Hook, EZ_LED_Weeder, FLEXOFF, Weeding_Tweezers, Heat_Tape, Tygaflor_Sheet, Olfa_Cutting_Matt_A3, Yellow_Ruler, ","Weeding_Hook, EZ_LED_Weeder, FLEXOFF, Weeding_Tweezers, Heat_Tape, Tygaflor_Sheet, Olfa_Cutting_Matt_A3, Yellow_Ruler, ","A","","","","Sub_Block","","","Application & Aftercare Instructions","<style>

table {

margin: 0 auto 0 auto;
}

table, th, td {
  
  border-collapse: collapse;
padding: 5px;
}
th, td {
  padding: 5px;
  text-align: center; 
  width: 100px;
  height: 50px;
  background-color:#009ee3;
  color: white;
  border-left: 5px solid white;
  border-right: 5px solid white;
}

th {
  border-top-color: white;
  font-size: 15px;
}

td {

padding-bottom: 1em;
border-bottom: 5px solid white;
font-size: 20px;
  
</style>



<table id=""data"">
  <tbody><tr>
    <th>PRESS TEMP</th>
<th>PRESS TIME</th>
<th>PRESSURE</th>
<th>EASY WEED</th>
<th>PEEL</th>
  </tr>
  <tr>
    <td>130<sup>o</sup>C</td>
<td>5 secs</td>
<td>Medium<br></td>
<td><span style=""font-size:30px;"">&#10003;</span></td>
<td>Warm</td>
  </tr>

<tr>
    <th>LAYER</th>
<th>REVERSE IMAGE</th>
<th>WASH</th>
<th>TUMBLE DRY</th>
<th>DRY CLEAN</th>
  </tr>
  <tr>
    <td><span style=""font-size:30px;"">&#10003;</span></td>
<td><span style=""font-size:30px;"">&#10003;</span></td>
<td>60<sup>o</sup>C</td>
<td><span style=""font-size:30px; color: white;"">&#10003;</span></td>
<td><span style=""font-size:30px;"">&#10003;</span></td>
  </tr>
  </tbody></table>
","","","","","","","Poli-Tape-4510-Yellow-Sub-Block-Heat-Transfer-Vinyl","0","","","","1558518052","0","","0","","CHECKBOX"
"4515-Orange","Orange Sub Block Heat Transfer Vinyl","4515","Poli-Tape","46","7","DEFAULT","","","","","0","Poli-Tape 4515 Orange Sub Block Heat Transfer Vinyl. 500mm wide","Poli-Tape 4515 Orange Sub Block Heat Transfer Vinyl","4515_Orange.png","4515_Orange.png","INVITEMS","DEFAULT-4515-Orange-DEFAULT-4515-Orange","","","0","0","0","","1","REGONLY","0","0","0","0","","","","SELECT","SELECT","0","","","","","0","0","","income-service","","","0","0","","","","","Blockout_Flex","Blockout_Flex","","","0","Hotronix-Auto-Open-Clam-Heatpress, Weeding_Hook, EZ_LED_Weeder, FLEXOFF, Weeding_Tweezers, Heat_Tape, Tygaflor_Sheet, Olfa_Cutting_Matt_A3, Yellow_Ruler, ","Weeding_Hook, EZ_LED_Weeder, FLEXOFF, Weeding_Tweezers, Heat_Tape, Tygaflor_Sheet, Olfa_Cutting_Matt_A3, Yellow_Ruler, ","A","","","","Sub_Block","","","Application & Aftercare Instructions","<style>

table {

margin: 0 auto 0 auto;
}

table, th, td {
  
  border-collapse: collapse;
padding: 5px;
}
th, td {
  padding: 5px;
  text-align: center; 
  width: 100px;
  height: 50px;
  background-color:#009ee3;
  color: white;
  border-left: 5px solid white;
  border-right: 5px solid white;
}

th {
  border-top-color: white;
  font-size: 15px;
}

td {

padding-bottom: 1em;
border-bottom: 5px solid white;
font-size: 20px;
  
</style>



<table id=""data"">
  <tbody><tr>
    <th>PRESS TEMP</th>
<th>PRESS TIME</th>
<th>PRESSURE</th>
<th>EASY WEED</th>
<th>PEEL</th>
  </tr>
  <tr>
    <td>130<sup>o</sup>C</td>
<td>5 secs</td>
<td>Medium<br></td>
<td><span style=""font-size:30px;"">&#10003;</span></td>
<td>Warm</td>
  </tr>

<tr>
    <th>LAYER</th>
<th>REVERSE IMAGE</th>
<th>WASH</th>
<th>TUMBLE DRY</th>
<th>DRY CLEAN</th>
  </tr>
  <tr>
    <td><span style=""font-size:30px;"">&#10003;</span></td>
<td><span style=""font-size:30px;"">&#10003;</span></td>
<td>60<sup>o</sup>C</td>
<td><span style=""font-size:30px; color: white;"">&#10003;</span></td>
<td><span style=""font-size:30px;"">&#10003;</span></td>
  </tr>
  </tbody></table>
","","","","","","","Poli-Tape-4515-Orange-Sub-Block-Heat-Transfer-Vinyl","0","","","","1558518079","0","","0","","CHECKBOX"
"45201400","Ritrama Ri-Jet M150 White Static Cling Vinyl","4520","Ritrama","60","81","DEFAULT","","","","","0","Ritrama Ri-Jet M150 White Static Cling is a non-adhesive static cling vinyl excellent for producing removable, repositionable and reusable window graphics onto glass or any smooth surfaces.









","<html><head><title>Ri-Jet M150 White Static Cling</title></head>
<style>
.responsive {
  width: 50%;
  height: auto;
}
</style>


<body>
<img src=""media/ecom/onpagegraphics/Fedrigoni_Logo.jpg"" alt=""Fedrigoni Logo"" class=""responsive"">

<p>Ritrama Ri-Jet M150 White Static Cling is a non-adhesive static cling vinyl excellent for producing removable, repositionable and reusable graphics onto glass or any smooth surfaces.</p>


<span style=""font-weight: bold; color: #d7328a;"">Structure:</span><br>
<ul><li>150<span>&#181;</span>m monomeric highly plasticized PVC</li>
<li>Board paper liner - 200g/m<sup>2</sup>
</li></ul>

<span style=""font-weight: bold; color: #d7328a;"">Suitability:</span><br>
<ul><li>Specifically designed for creating short term window graphics and window stickers</li>
<li>Suitable for any smooth surface</li>
<li>Ideal for producing removable, repositionable and reusable graphics</li>
<li>Up to 6 months outdoor durability</li>
<li>Wet application recommended
</li></ul>

<span style=""font-weight: bold; color: #d7328a;"">Advantages:</span><br>
<ul>
<li>If applied properly, no adhesive residues will be left</li>
<li>Removable and repositionable</li>
</ul>

<a ><img style=""border: 0px solid ; width: 50px; height: 50px;"" alt=""fyi""
src=""media/ecom/onpagegraphics/FYI.png""></a>
<p style=""color:rgb(244,7,138)"">Please note that if you apply the printed side of the cling to the glass surface it can lead to ink transfer resulting in the glass looking stained when the cling is removed.</p><br>

<span style=""font-weight: bold; color: #d7328a;"">Ink Compatibility:</span><br>
<ul>
<img style=""margin: 0px 5px 0px 0px; width: 15px; height: 25px;"" alt=""Eco-Sol Ink""
src=""media/ecom/onpagegraphics/Ink-EcoSol.png"">Eco-solvent &nbsp;&nbsp;
<img style=""margin: 0px 5px 0px 0px; width: 15px; height: 25px;"" alt=""UV Ink""
src=""media/ecom/onpagegraphics/Ink-UV.png"">UV
</ul>


<span style=""font-weight: bold; color: #d7328a;"">Technical Information:</span><br>
<ul>
<a href=""media/ecom/pdfs/datasheets/Ri-Jet-M150-Static.pdf"" target=""_blank""><img
style=""border: 0px solid ; width: 200px; height: 60px;"" alt=""Ri-Jet M150 Static Cling Datasheet""
src=""media/ecom/onpagegraphics/Datasheet.png""></a>
<a href=""https://www.dorotape.co.uk/Print-Profiles-User-Guide""
target=""_blank""><img style=""width: 200px; height: 60px;"" alt=""printing profile guide""
src=""media/ecom/onpagegraphics/Profile.png""></a></ul>

<p style=""font-weight: bold; font-size: 1.0em;"">Prices shown are per roll at 1400mm wide</p>
</body>
</html>","White_Cling.jpg","White_Cling.jpg","INVITEMS","DEFAULT-45201400-DEFAULT-White_Static_Cling_1400","","","0","0","0","","1","REGONLY","0","0","0","0","","","","SELECT","SELECT","0","","","","","0","0","","income-service","","","0","0","","","","","Digital_Print_Window_Film","Digital_Print_Window_Film","","","0","Lint-Free-Cloths, Aslan_Red_Devil_Squeegee, Olfa_X_Design_Heavy_Duty_Knife, Lint-Free-Gloves, Masking_Tape_25mm, Aslan-Gold-Soft-Squeegee, Olfa_Graphic_Cutter, Swann_Morton_3_Handle, Swann_Morton_10A_Blades, Aslan_Squeegee, Application_Gloves,","Lint-Free-Cloths, Aslan_Red_Devil_Squeegee, Olfa_X_Design_Heavy_Duty_Knife, Lint-Free-Gloves, Masking_Tape_25mm, Aslan-Gold-Soft-Squeegee, Olfa_Graphic_Cutter, Swann_Morton_3_Handle, Swann_Morton_10A_Blades, Aslan_Squeegee, Application_Gloves,","A","admin, superuser","ADHESIVE_NON","GRADE_MONOMERIC","SUITABILITY_WINDOW","","","","","","","","","","","","0","static, cling, electrostatic, suction, glass, static cling, white cling, white static, white static cling, poli tape, poli print, poli 150, print 150, tape 150, poli tape 150, poli print 150, 




























","","","1779441028","0","","0","","CHECKBOX"
"454-Blue-Pearl-Glitter","Blue Pearl Glitter Heat Transfer Vinyl","PG454","Poli-Tape","7","9","DEFAULT","","","","","0","Poli-Tape PG454 Blue Pearl Glitter Heat Transfer Vinyl. 500mm wide","Poli-Tape PG454 Blue Pearl Glitter Heat Transfer Vinyl","454-Blue.png","454-Blue.png","INVITEMS","DEFAULT-454-Blue-Pearl-Glitter-DEFAULT-454-Blue-Pearl-Glitter","","","0","0","0","","1","REGONLY","0","0","0","0","","","","SELECT","SELECT","0","","","","","0","0","","income-service","","","0","0","","","","","3605_Patterned","3605_Patterned","","","0","Hotronix-Auto-Open-Clam-Heatpress, Weeding_Hook, EZ_LED_Weeder, FLEXOFF, Weeding_Tweezers, Heat_Tape, Tygaflor_Sheet, Olfa_Cutting_Matt_A3, Yellow_Ruler, ","Weeding_Hook, EZ_LED_Weeder, FLEXOFF, Weeding_Tweezers, Heat_Tape, Tygaflor_Sheet, Olfa_Cutting_Matt_A3, Yellow_Ruler, ","A","","","","","","","Application & Aftercare Instructions","<style>

table {

margin: 0 auto 0 auto;
}

table, th, td {
  
  border-collapse: collapse;
padding: 5px;
}
th, td {
  padding: 5px;
  text-align: center; 
  width: 100px;
  height: 50px;
  background-color:#009ee3;
  color: white;
  border-left: 5px solid white;
  border-right: 5px solid white;
}

th {
  border-top-color: white;
  font-size: 15px;
}

td {

padding-bottom: 1em;
border-bottom: 5px solid white;
font-size: 20px;
  
</style>



<table id=""data"">
  <tbody><tr>
    <th>PRESS TEMP</th>
<th>PRESS TIME</th>
<th>PRESSURE</th>
<th>EASY WEED</th>
<th>PEEL</th>
  </tr>
  <tr>
    <td>160<sup>o</sup>C</td>
<td>15 secs</td>
<td>Medium</td>
<td><span style=""font-size:30px;"">&#10003;</span></td>
<td>Warm</td>
  </tr>

<tr>
    <th>LAYER (TOP)</th>
<th>REVERSE IMAGE</th>
<th>WASH</th>
<th>TUMBLE DRY</th>
<th>DRY CLEAN</th>
  </tr>
  <tr>
    <td><span style=""font-size:30px;"">&#10003;</span></td>
<td><span style=""font-size:30px;"">&#10003;</span></td>
<td>60<sup>o</sup>C</td>
<td><span style=""font-size:30px; color: white;"">&#10003;</span></td>
<td><span style=""font-size:30px; color: white;"">&#10005;</span></td>
  </tr>
  </tbody></table>","","","","","","","Poli-Tape-PG454-Blue-Pearl-Glitter-Heat-Transfer-Vinyl","0","glitter, sparkle, pg454, blue, pearl, pearl glitter, pg 454, heat, transfer, vinyl, htv, heat-transfer, iron, iron-on, garment vinyl, 

","","","1576173809","0","","0","","CHECKBOX"
"455-Green-Pearl-Glitter","Green Pearl Glitter Heat Transfer Vinyl","PG455","Poli-Tape","6","9","DEFAULT","","","","","0","Poli-Tape PG455 Green Pearl Glitter Heat Transfer Vinyl. 500mm wide","Poli-Tape PG455 Green Pearl Glitter Heat Transfer Vinyl","455-Green.png","455-Green.png","INVITEMS","DEFAULT-455-Green-Pearl-Glitter-DEFAULT-455-Green-Pearl-Glitter","","","0","0","0","","1","REGONLY","0","0","0","0","","","","SELECT","SELECT","0","","","","","0","0","","income-service","","","0","0","","","","","3605_Patterned","3605_Patterned","","","0","Hotronix-Auto-Open-Clam-Heatpress, Weeding_Hook, EZ_LED_Weeder, FLEXOFF, Weeding_Tweezers, Heat_Tape, Tygaflor_Sheet, Olfa_Cutting_Matt_A3, Yellow_Ruler, ","Weeding_Hook, EZ_LED_Weeder, FLEXOFF, Weeding_Tweezers, Heat_Tape, Tygaflor_Sheet, Olfa_Cutting_Matt_A3, Yellow_Ruler, ","A","","","","","","","Application & Aftercare Instructions","<style>

table {

margin: 0 auto 0 auto;
}

table, th, td {
  
  border-collapse: collapse;
padding: 5px;
}
th, td {
  padding: 5px;
  text-align: center; 
  width: 100px;
  height: 50px;
  background-color:#009ee3;
  color: white;
  border-left: 5px solid white;
  border-right: 5px solid white;
}

th {
  border-top-color: white;
  font-size: 15px;
}

td {

padding-bottom: 1em;
border-bottom: 5px solid white;
font-size: 20px;
  
</style>



<table id=""data"">
  <tbody><tr>
    <th>PRESS TEMP</th>
<th>PRESS TIME</th>
<th>PRESSURE</th>
<th>EASY WEED</th>
<th>PEEL</th>
  </tr>
  <tr>
    <td>160<sup>o</sup>C</td>
<td>15 secs</td>
<td>Medium</td>
<td><span style=""font-size:30px;"">&#10003;</span></td>
<td>Warm</td>
  </tr>

<tr>
    <th>LAYER (TOP)</th>
<th>REVERSE IMAGE</th>
<th>WASH</th>
<th>TUMBLE DRY</th>
<th>DRY CLEAN</th>
  </tr>
  <tr>
    <td><span style=""font-size:30px;"">&#10003;</span></td>
<td><span style=""font-size:30px;"">&#10003;</span></td>
<td>60<sup>o</sup>C</td>
<td><span style=""font-size:30px; color: white;"">&#10003;</span></td>
<td><span style=""font-size:30px; color: white;"">&#10005;</span></td>
  </tr>
  </tbody></table>","","","","","","","Poli-Tape-PG455-Green-Pearl-Glitter-Heat-Transfer-Vinyl","0","glitter, sparkle, pg455, green, pearl, pearl glitter, pg 455, heat, transfer, vinyl, htv, heat-transfer, iron, iron-on, garment vinyl, 

","","","1576173833","0","","0","","CHECKBOX"
"456-Red-Pearl-Glitter","Red Pearl Glitter Heat Transfer Vinyl","PG456","Poli-Tape","5","9","DEFAULT","","","","","0","Poli-Tape PG456 Red Pearl Glitter Heat Transfer Vinyl. 500mm wide","Poli-Tape PG456 Red Pearl Glitter Heat Transfer Vinyl","456-Red.png","456-Red.png","INVITEMS","DEFAULT-456-Red-Pearl-Glitter-DEFAULT-456-Red-Pearl-Glitter","","","0","0","0","","1","REGONLY","0","0","0","0","","","","SELECT","SELECT","0","","","","","0","0","","income-service","","","0","0","","","","","3605_Patterned","3605_Patterned","","","0","Hotronix-Auto-Open-Clam-Heatpress, Weeding_Hook, EZ_LED_Weeder, FLEXOFF, Weeding_Tweezers, Heat_Tape, Tygaflor_Sheet, Olfa_Cutting_Matt_A3, Yellow_Ruler, ","Weeding_Hook, EZ_LED_Weeder, FLEXOFF, Weeding_Tweezers, Heat_Tape, Tygaflor_Sheet, Olfa_Cutting_Matt_A3, Yellow_Ruler, ","A","","","","","","","Application & Aftercare Instructions","<style>

table {

margin: 0 auto 0 auto;
}

table, th, td {
  
  border-collapse: collapse;
padding: 5px;
}
th, td {
  padding: 5px;
  text-align: center; 
  width: 100px;
  height: 50px;
  background-color:#009ee3;
  color: white;
  border-left: 5px solid white;
  border-right: 5px solid white;
}

th {
  border-top-color: white;
  font-size: 15px;
}

td {

padding-bottom: 1em;
border-bottom: 5px solid white;
font-size: 20px;
  
</style>



<table id=""data"">
  <tbody><tr>
    <th>PRESS TEMP</th>
<th>PRESS TIME</th>
<th>PRESSURE</th>
<th>EASY WEED</th>
<th>PEEL</th>
  </tr>
  <tr>
    <td>160<sup>o</sup>C</td>
<td>15 secs</td>
<td>Medium</td>
<td><span style=""font-size:30px;"">&#10003;</span></td>
<td>Warm</td>
  </tr>

<tr>
    <th>LAYER (TOP)</th>
<th>REVERSE IMAGE</th>
<th>WASH</th>
<th>TUMBLE DRY</th>
<th>DRY CLEAN</th>
  </tr>
  <tr>
    <td><span style=""font-size:30px;"">&#10003;</span></td>
<td><span style=""font-size:30px;"">&#10003;</span></td>
<td>60<sup>o</sup>C</td>
<td><span style=""font-size:30px; color: white;"">&#10003;</span></td>
<td><span style=""font-size:30px; color: white;"">&#10005;</span></td>
  </tr>
  </tbody></table>","","","","","","","Poli-Tape-PG456-Red-Pearl-Glitter-Heat-Transfer-Vinyl","0","glitter, sparkle, pg456, red, pearl, pearl glitter, pg 456, heat, transfer, vinyl, htv, heat-transfer, iron, iron-on, garment vinyl, 

","","","1576173855","0","","0","","CHECKBOX"
"458-Black-Pearl-Glitter","Black Pearl Glitter Heat Transfer Vinyl","PG458","Poli-Tape","1","9","DEFAULT","","","","","0","Poli-Tape PG458 Black Pearl Glitter Heat Transfer Vinyl. 500mm wide","Poli-Tape PG458 Black Pearl Glitter Heat Transfer Vinyl","458-Black.png","458-Black.png","INVITEMS","DEFAULT-458-Black-Pearl-Glitter-DEFAULT-458-Black-Pearl-Glitter","","","0","0","0","","1","REGONLY","0","0","0","0","","","","SELECT","SELECT","0","","","","","0","0","","income-service","","","0","0","","","","","3605_Patterned","3605_Patterned","","","0","Hotronix-Auto-Open-Clam-Heatpress, Weeding_Hook, EZ_LED_Weeder, FLEXOFF, Weeding_Tweezers, Heat_Tape, Tygaflor_Sheet, Olfa_Cutting_Matt_A3, Yellow_Ruler, ","Weeding_Hook, EZ_LED_Weeder, FLEXOFF, Weeding_Tweezers, Heat_Tape, Tygaflor_Sheet, Olfa_Cutting_Matt_A3, Yellow_Ruler, ","A","","","","","","","Application & Aftercare Instructions","<style>

table {

margin: 0 auto 0 auto;
}

table, th, td {
  
  border-collapse: collapse;
padding: 5px;
}
th, td {
  padding: 5px;
  text-align: center; 
  width: 100px;
  height: 50px;
  background-color:#009ee3;
  color: white;
  border-left: 5px solid white;
  border-right: 5px solid white;
}

th {
  border-top-color: white;
  font-size: 15px;
}

td {

padding-bottom: 1em;
border-bottom: 5px solid white;
font-size: 20px;
  
</style>



<table id=""data"">
  <tbody><tr>
    <th>PRESS TEMP</th>
<th>PRESS TIME</th>
<th>PRESSURE</th>
<th>EASY WEED</th>
<th>PEEL</th>
  </tr>
  <tr>
    <td>160<sup>o</sup>C</td>
<td>15 secs</td>
<td>Medium</td>
<td><span style=""font-size:30px;"">&#10003;</span></td>
<td>Warm</td>
  </tr>

<tr>
    <th>LAYER (TOP)</th>
<th>REVERSE IMAGE</th>
<th>WASH</th>
<th>TUMBLE DRY</th>
<th>DRY CLEAN</th>
  </tr>
  <tr>
    <td><span style=""font-size:30px;"">&#10003;</span></td>
<td><span style=""font-size:30px;"">&#10003;</span></td>
<td>60<sup>o</sup>C</td>
<td><span style=""font-size:30px; color: white;"">&#10003;</span></td>
<td><span style=""font-size:30px; color: white;"">&#10005;</span></td>
  </tr>
  </tbody></table>","","","","","","","Poli-Tape-PG458-Black-Pearl-Glitter-Heat-Transfer-Vinyl","0","glitter, sparkle, pg458, pearl, pearl glitter, pg 458, heat, transfer, vinyl, htv, heat-transfer, iron, iron-on, garment vinyl, black, 
","","","1581524577","0","","0","","CHECKBOX"
"459-Grey-Pearl-Glitter","Grey Pearl Glitter Heat Transfer Vinyl","PG459","Poli-Tape","1","9","DEFAULT","","","","","0","Poli-Tape PG459 Grey Pearl Glitter Heat Transfer Vinyl. 500mm wide","Poli-Tape PG458 Black Pearl Glitter Heat Transfer Vinyl","459-Grey.png","459-Grey.png","INVITEMS","DEFAULT-459-Grey-Pearl-Glitter-DEFAULT-459-Grey-Pearl-Glitter","","","0","0","0","","1","REGONLY","0","0","0","0","","","","SELECT","SELECT","0","","","","","0","0","","income-service","","","0","0","","","","","3605_Patterned","3605_Patterned","","","0","Hotronix-Auto-Open-Clam-Heatpress, Weeding_Hook, EZ_LED_Weeder, FLEXOFF, Weeding_Tweezers, Heat_Tape, Tygaflor_Sheet, Olfa_Cutting_Matt_A3, Yellow_Ruler, ","Weeding_Hook, EZ_LED_Weeder, FLEXOFF, Weeding_Tweezers, Heat_Tape, Tygaflor_Sheet, Olfa_Cutting_Matt_A3, Yellow_Ruler, ","A","","","","","","","Application & Aftercare Instructions","<style>

table {

margin: 0 auto 0 auto;
}

table, th, td {
  
  border-collapse: collapse;
padding: 5px;
}
th, td {
  padding: 5px;
  text-align: center; 
  width: 100px;
  height: 50px;
  background-color:#009ee3;
  color: white;
  border-left: 5px solid white;
  border-right: 5px solid white;
}

th {
  border-top-color: white;
  font-size: 15px;
}

td {

padding-bottom: 1em;
border-bottom: 5px solid white;
font-size: 20px;
  
</style>



<table id=""data"">
  <tbody><tr>
    <th>PRESS TEMP</th>
<th>PRESS TIME</th>
<th>PRESSURE</th>
<th>EASY WEED</th>
<th>PEEL</th>
  </tr>
  <tr>
    <td>160<sup>o</sup>C</td>
<td>15 secs</td>
<td>Medium</td>
<td><span style=""font-size:30px;"">&#10003;</span></td>
<td>Warm</td>
  </tr>

<tr>
    <th>LAYER (TOP)</th>
<th>REVERSE IMAGE</th>
<th>WASH</th>
<th>TUMBLE DRY</th>
<th>DRY CLEAN</th>
  </tr>
  <tr>
    <td><span style=""font-size:30px;"">&#10003;</span></td>
<td><span style=""font-size:30px;"">&#10003;</span></td>
<td>60<sup>o</sup>C</td>
<td><span style=""font-size:30px; color: white;"">&#10003;</span></td>
<td><span style=""font-size:30px; color: white;"">&#10005;</span></td>
  </tr>
  </tbody></table>","","","","","","","","0","glitter, sparkle, pearl, grey, htv, heat transfer, iron on, PG459, poli, tape, poli-tape, heat-transfer, iron-on, vinyl, 
","","","1678367169","0","","0","","CHECKBOX"
"466-Lilac","Lilac Heat Transfer Vinyl","466","Poli-Tape","22","6","DEFAULT","","","","","0","Poli-Tape 466 Lilac Heat Transfer Vinyl. 500mm wide","Poli-Tape 466 Lilac Heat Transfer Vinyl","466_Lilac.png","466_Lilac.png","INVITEMS","DEFAULT-466-Lilac-DEFAULT-466-Lilac","","","0","0","0","","1","REGONLY","0","0","0","0","","","","SELECT","SELECT","0","","","","","0","0","","income-service","","","0","0","","","","","3601_Flex","3601_Flex","","","0","Hotronix-Auto-Open-Clam-Heatpress, Weeding_Hook, EZ_LED_Weeder, FLEXOFF, Weeding_Tweezers, Heat_Tape, Tygaflor_Sheet, Olfa_Cutting_Matt_A3, Yellow_Ruler, ","Weeding_Hook, EZ_LED_Weeder, FLEXOFF, Weeding_Tweezers, Heat_Tape, Tygaflor_Sheet, Olfa_Cutting_Matt_A3, Yellow_Ruler, ","A","","","","","","","Application & Aftercare Instructions","<style>

table {

margin: 0 auto 0 auto;
}

table, th, td {
  
  border-collapse: collapse;
padding: 5px;
}
th, td {
  padding: 5px;
  text-align: center; 
  width: 100px;
  height: 50px;
  background-color:#009ee3;
  color: white;
  border-left: 5px solid white;
  border-right: 5px solid white;
}

th {
  border-top-color: white;
  font-size: 15px;
}

td {

padding-bottom: 1em;
border-bottom: 5px solid white;
font-size: 20px;
  
</style>



<table id=""data"">
  <tbody><tr>
    <th>PRESS TEMP</th>
<th>PRESS TIME</th>
<th>PRESSURE</th>
<th>EASY WEED</th>
<th>PEEL</th>
  </tr>
  <tr>
    <td>160<sup>o</sup>C</td>
<td>15 secs</td>
<td>Medium<br></td>
<td><span style=""font-size:30px;"">&#10003;</span></td>
<td>Warm</td>
  </tr>

<tr>
    <th>LAYER</th>
<th>REVERSE IMAGE</th>
<th>WASH</th>
<th>TUMBLE DRY</th>
<th>DRY CLEAN</th>
  </tr>
  <tr>
    <td><span style=""font-size:30px;"">&#10003;</span></td>
<td><span style=""font-size:30px;"">&#10003;</span></td>
<td>80<sup>o</sup>C</td>
<td><span style=""font-size:30px; color: white;"">&#10003;</span></td>
<td><span style=""font-size:30px;"">&#10003;</span></td>
  </tr>
  </tbody></table>
","","","","","","","Poli-Tape-466-Lilac-Heat-Transfer-Vinyl","0","","","","1558518961","0","","0","","CHECKBOX"
"469-Military-Green","Military Green Heat Transfer Vinyl","469","Poli-Tape","25","6","DEFAULT","","","","","0","Poli-Tape 469 Military Green Heat Transfer Vinyl. 500mm wide","Poli-Tape 469 Military Green Heat Transfer Vinyl","469_Military_Green.png","469_Military_Green.png","INVITEMS","DEFAULT-469-Military-Green-DEFAULT-469-Military-Green","","","0","0","0","","1","REGONLY","0","0","0","0","","","","SELECT","SELECT","0","","","","","0","0","","income-service","","","0","0","","","","","3601_Flex","3601_Flex","","","0","Hotronix-Auto-Open-Clam-Heatpress, Weeding_Hook, EZ_LED_Weeder, FLEXOFF, Weeding_Tweezers, Heat_Tape, Tygaflor_Sheet, Olfa_Cutting_Matt_A3, Yellow_Ruler, ","Weeding_Hook, EZ_LED_Weeder, FLEXOFF, Weeding_Tweezers, Heat_Tape, Tygaflor_Sheet, Olfa_Cutting_Matt_A3, Yellow_Ruler, ","A","","","","","","","Application & Aftercare Instructions","<style>

table {

margin: 0 auto 0 auto;
}

table, th, td {
  
  border-collapse: collapse;
padding: 5px;
}
th, td {
  padding: 5px;
  text-align: center; 
  width: 100px;
  height: 50px;
  background-color:#009ee3;
  color: white;
  border-left: 5px solid white;
  border-right: 5px solid white;
}

th {
  border-top-color: white;
  font-size: 15px;
}

td {

padding-bottom: 1em;
border-bottom: 5px solid white;
font-size: 20px;
  
</style>



<table id=""data"">
  <tbody><tr>
    <th>PRESS TEMP</th>
<th>PRESS TIME</th>
<th>PRESSURE</th>
<th>EASY WEED</th>
<th>PEEL</th>
  </tr>
  <tr>
    <td>160<sup>o</sup>C</td>
<td>15 secs</td>
<td>Medium<br></td>
<td><span style=""font-size:30px;"">&#10003;</span></td>
<td>Warm</td>
  </tr>

<tr>
    <th>LAYER</th>
<th>REVERSE IMAGE</th>
<th>WASH</th>
<th>TUMBLE DRY</th>
<th>DRY CLEAN</th>
  </tr>
  <tr>
    <td><span style=""font-size:30px;"">&#10003;</span></td>
<td><span style=""font-size:30px;"">&#10003;</span></td>
<td>80<sup>o</sup>C</td>
<td><span style=""font-size:30px; color: white;"">&#10003;</span></td>
<td><span style=""font-size:30px;"">&#10003;</span></td>
  </tr>
  </tbody></table>
","","","","","","","Poli-Tape-469-Military-Green-Heat-Transfer-Vinyl","0","politape, poli, poli-tape, htv, heat, transfer, vinyl, heat transfer, heattransfer, heat-transfer, iron, ironon, iron on, iron-on, military, green, militarygreen, garment vinyl, tshirt vinyl, t-shirt vinyl, t shirt, 469, ","","","1558519065","0","","0","","CHECKBOX"
"47601370","Conform 4760RLA Med/High Tack Application Tape. Roll size 1370mm x 100m","4760RLA","R-Tape","40","194","DEFAULT","","","","","0","R-Tape Conform 4760RLA is a medium to high tack paper application tape with Release Liner Adhesion, specifically designed for use with UV and solvent based ink digital prints. FSC (Forest Stewardship Council) certified. 
","<html>

<head><title>Conform 4760RLA</title>

<style>
.responsive {
  width: 20%;
  height: auto;
}
</style>

</head>
<body>

<img src=""media/ecom/onpagegraphics/Natural_Choice.png"" alt=""Natural Choice Logo"" class=""responsive"">
<p>R-Tape Conform 4760RLA is a medium to high tack paper application tape with Release Liner Adhesion, specifically designed for use with UV and solvent based ink digital prints.</p>

<p>We distribute FSC&reg;-certified RTape Conform&reg; paper application tape (license code: FSC-C084395).</p>

<span style=""font-weight: bold; color: #d7328a;"">Structure:</span><br>
<ul><li>127<span>&#181;</span>m Premium Grade Paper</li>
<li>High tack rubber based natural latex adhesive with a higher than normal tack level of 14-16oz (adhesion to steel value: 16-18N / 100mm)
</li></ul>

<a><img style=""margin: 5px; width: 100px; height: 150px; float: right;"" alt=""FSC""
src=""media/ecom/onpagegraphics/FSC-Conform-Logo.png""></a>

<span style=""font-weight: bold; color: #d7328a;"">Suitability:</span><br>
<ul><li>Conform 4760RLA is formulated to flow into the uneven surface of UV digitally printed graphics to allow for proper adhesion</li>
<li>Excellent choice for small and large sized graphics and lettering</li>
<li>Perfect for use both wet and dry</li>
<li>Latex based adhesive does not increase over time</li>
<li>Release Liner Adhesion prevents unsightly edge curled corners and delamination tunnelling.  This lay flat technology means that graphics stay neater when rolled</li>
<li>Optimum adhesion to UV Curable inks
</li></ul>

<span style=""font-weight: bold; color: #d7328a;"">Advantages:</span><br>
<ul><li>Premium grade paper is very easy to handle and has a smooth finish</li>
<li>Can be cut with a knife or torn by hand</li>
<li>Pulls apart easily without stringing if the tape accidentally folds onto itself</li>
<li>Unwinds effortlessly all the way to the core</li>
<li>Wrinkle free application</li>
<li>Translucent when applied to graphics to aid application</li>
<li>Easily removes in one piece</li>
<li>The special adhesive enables graphics can be stored for longer periods of time which is especially important if they are being sent out to customers</li><br>
<img style=""border: 0px solid ; width: 50px; height: 50px; alt=""reward points logo""
src=""media/ecom/onpagegraphics/Reward_Logo.png""><span style=""font-weight: bold; color: #ef7d00;"">Earn Reward Points every time you buy this product</span></ul>

<a ><img style=""border: 0px solid ; width: 50px; height: 50px;"" alt=""fyi""
src=""media/ecom/onpagegraphics/FYI.png""></a>
<p style=""color: #d7328a""><i>Did you know that our cut service is free of charge - just enter your cut sizes in the box below</i></p>
<br>

<p><a href=""https://www.dorotape.co.uk/Article/Application-Tape"" target=""_blank""><img style=""border: 0px solid ; width: 50px; height: 50px;"" alt=""link to our blog""
src=""media/ecom/onpagegraphics/Blog.png"">
<span style=""color:#d7328a""><b>Learn more about the different types of Application Tape by reading about it in our Blog</b></span></a></p>
<br>

<span style=""font-weight: bold; color: #d7328a;"">Technical Information:</span><br>
<ul>
<a href=""media/ecom/pdfs/datasheets/Conform-4760-RLA.pdf"" target=""_blank""><img
style=""border: 0px solid ; width: 200px; height: 60px;"" alt=""Conform 4760RLA Datasheet""
src=""media/ecom/onpagegraphics/Datasheet.png""></a></ul>
<p style=""font-weight: bold; font-size: 0.9em;"">Prices shown are per 100 metre roll at 1370mm wide</p>
</body>
</html>","Conform_4760.jpg","Conform_4760.jpg, Conform_Roll.jpg","INVITEMS","DEFAULT-47601370-DEFAULT-47601370","","","0","0","0","","1","REGONLY","0","0","0","0","","","","SELECT","SELECT","0","","","","","0","0","","income-service","","","0","0","","","","","Paper_Application_Tape","Paper_Application_Tape","","","0","APPFLUID, 3M_Gold_Squeegee, Aslan_Red_Devil_Squeegee, Olfa_X_Design_Heavy_Duty_Knife, Olfa_Graphic_Cutter, Masking_Tape_25mm, Blue_Masking_Tape_50mm","3M_Gold_Squeegee, Aslan_Red_Devil_Squeegee, Olfa_X_Design_Heavy_Duty_Knife, Olfa_Graphic_Cutter, Masking_Tape_25mm, Blue_Masking_Tape_50mm","A","","","","","","","","","","","","","","","R-Tape-Conform-4760RLA","0","conform, app tape, application tape, 4760, 4760rla, release liner adhesion

","","","1682690943","0","","0","","CHECKBOX"
"47611370","Conform 4761RLA Med/High Tack Application Tape. Roll size 1370mm x 100m","4761RLA","R-Tape","50","194","DEFAULT","","","","","0","R-Tape Conform 4761RLA is a medium to high tack paper application tape with Release Liner Adhesion, specifically designed to adhere to the embossed liners of air flow vinyl and films. FSC (Forest Stewardship Council) certified. 
","<html>

<head><title>Conform 47610RLA</title>

<style>
.responsive {
  width: 20%;
  height: auto;
}
</style>

</head>
<body>

<img src=""media/ecom/onpagegraphics/Natural_Choice.png"" alt=""Natural Choice Logo"" class=""responsive"">

<p>R-Tape Conform 4761RLA is a medium to high tack paper application tape with Release Liner Adhesion, specifically designed to adhere to the embossed liners of air flow vinyl and films.</p>

<p>We distribute FSC&reg;-certified RTape Conform&reg; paper application tape (license code: FSC-C084395).</p>

<span style=""font-weight: bold; color: #d7328a;"">Structure:</span><br>
<ul><li>127<span>&#181;</span>m Premium Grade Paper</li>
<li>High tack rubber based natural latex adhesive with a higher than normal tack level of 14-16oz (adhesion to steel value: 16-18N / 100mm)
</li></ul>

<a><img style=""margin: 5px; width: 100px; height: 150px; float: right;"" alt=""FSC""
src=""media/ecom/onpagegraphics/FSC-Conform-Logo.png""></a>

<span style=""font-weight: bold; color: #d7328a;"">Suitability:</span><br>
<ul><li>Conform 4761RLA has  and is formulated to flow into the uneven surface of embossed liners like those used on air flow vinyl and films to allow for proper adhesion</li>
<li>Excellent choice for small and large sized graphics and lettering</li>
<li>Perfect for use both wet and dry</li>
<li>Latex based adhesive does not increase over time</li>
<li>Release Liner Adhesion prevents unsightly edge curled corners and delamination tunnelling.  This lay flat technology means that graphics stay neater when rolled</li>
<li>Optimum adhesion to UV Curable inks
</li></ul>

<span style=""font-weight: bold; color: #d7328a;"">Advantages:</span><br>
<ul><li>Premium grade paper is very easy to handle and has a smooth finish</li>
<li>Can be cut with a knife or torn by hand</li>
<li>Pulls apart easily without stringing if the tape accidentally folds onto itself</li>
<li>Unwinds effortlessly all the way to the core</li>
<li>Wrinkle free application</li>
<li>Translucent when applied to graphics to aid application</li>
<li>Easily removes in one piece</li>
<li>The special adhesive enables graphics can be stored for longer periods of time which is especially important if they are being sent out to customers</li><br>
<img style=""border: 0px solid ; width: 50px; height: 50px; alt=""reward points logo""
src=""media/ecom/onpagegraphics/Reward_Logo.png""><span style=""font-weight: bold; color: #ef7d00;"">Earn Reward Points every time you buy this product</span></ul>

<a ><img style=""border: 0px solid ; width: 50px; height: 50px;"" alt=""fyi""
src=""media/ecom/onpagegraphics/FYI.png""></a>
<p style=""color: #d7328a""><i>Did you know that our cut service is free of charge - just enter your cut sizes in the box below</i></p>
<br>

<p><a href=""https://www.dorotape.co.uk/Article/Application-Tape"" target=""_blank""><img style=""border: 0px solid ; width: 50px; height: 50px;"" alt=""link to our blog""
src=""media/ecom/onpagegraphics/Blog.png"">
<span style=""color: #d7328a""><b>Learn more about the different types of Application Tape by reading about it in our Blog</b></span></a></p>
<br>

<span style=""font-weight: bold; color: #d7328a;"">Technical Information:</span><br>
<ul>
<a href=""media/ecom/pdfs/datasheets/Conform-4761-RLA.pdf"" target=""_blank""><img style=""border: 0px solid ; width: 200px; height: 60px;"" alt=""Conform 4761RLA Datasheet""
src=""media/ecom/onpagegraphics/Datasheet.png""></a></ul>
<p style=""font-weight: bold; font-size: 0.9em;"">Prices shown are per 100 metre roll at 1370mm wide</p>
</body>

</html>","Conform_4761.jpg","Conform_Roll.jpg, Conform_4761.jpg","INVITEMS","DEFAULT-47611370-DEFAULT-47611370","","","0","0","0","","1","REGONLY","0","0","0","0","","","","SELECT","SELECT","0","","","","","0","0","","income-service","","","0","0","","","","","Paper_Application_Tape","Paper_Application_Tape","","","0","APPFLUID, 3M_Gold_Squeegee, Aslan_Red_Devil_Squeegee, Olfa_X_Design_Heavy_Duty_Knife, Olfa_Graphic_Cutter, Masking_Tape_25mm, Blue_Masking_Tape_50mm","3M_Gold_Squeegee, Aslan_Red_Devil_Squeegee, Olfa_X_Design_Heavy_Duty_Knife, Olfa_Graphic_Cutter, Masking_Tape_25mm, Blue_Masking_Tape_50mm","A","","","","","","","","","","","","","","","R-Tape-Conform-4761RLA","0","conform, app tape, application tape, 4761, 4761rla, release liner adhesion

","","","1682691368","0","","0","","CHECKBOX"
"4781-Reflective-Silver-3M","3M Reflective Silver Heat Transfer Vinyl","4781","Poli-Tape","995","19","DEFAULT","","","","","0","Poli-Tape 4781 3M Silver Reflective Heat Transfer Vinyl is a high-quality flex vinyl with a special retro-reflective surface. Buy it by the metre at 500mm wide.","<html>

<head><title>Poli-Flex 4781</title></head>
<body>
<p>Poli-Tape 4781 3M Silver Reflective Turbo Heat Transfer Vinyl is a high-quality flex vinyl with a special retro-reflective surface using 3M Scotchlite &reg; Reflective material.</p>

<span style=""font-weight: bold; color: #d7328a;"">Suitability:</span><br>
<ul><li>Suitable for transfers to textiles like cotton, unimpregnated nylon, mixtures of polyester/cotton and polyester/acrylic</li>
<li>Perfect for use on T-shirts, work and safety clothing, sport & leisure wear, sport bags and promotional items
</li></ul>

<span style=""font-weight: bold; color: #d7328a;"">Advantages:</span><br>
<ul><li>Uses 3M Scotchlite &reg; Reflective material
</li></ul>

<p><a href=""https://www.dorotape.co.uk/Article/Reflective-HTV"" target=""_blank""><img style=""border: 0px solid ; width: 50px; height: 50px;"" alt=""link to our blog""
src=""media/ecom/onpagegraphics/Blog.png"">
<span style=""color:#d7328a""><b>Learn more about Reflective HTV by reading about it in our Blog</b></span></a></p>
<br>

<span style=""font-weight: bold; color: #d7328a;"">Technical Information:</span><br>
<ul>
<a href=""media/ecom/pdfs/datasheets/POLI-FLEX_3M_REFLEX_SILVER_4781.pdf""
target=""_blank""><img style=""border: 0px solid ; width: 200px; height: 60px;"" alt=""Poli-Tape 4781 Datasheet""
src=""media/ecom/onpagegraphics/Datasheet.png""></a></ul>

<p style=""font-weight: bold; font-size: 0.9em;"">Prices shown are per linear metre at 500mm wide</p>
</body>

</html>","4781_Reflective_Silver_3M.png","4781_Reflective_Silver_3M.png","INVITEMS","DEFAULT-4781-Reflective-Silver-3M-DEFAULT-4781-Reflective-Silver-3M","","","0","0","0","","1","REGONLY","0","0","0","0","","","","SELECT","SELECT","0","","","","","0","0","","income-service","","","0","0","","","","","3604_Reflective","3604_Reflective","","","0","Hotronix-Auto-Open-Clam-Heatpress, Weeding_Hook, EZ_LED_Weeder, FLEXOFF, Weeding_Tweezers, Heat_Tape, Tygaflor_Sheet, Olfa_Cutting_Matt_A3, Yellow_Ruler, ","Weeding_Hook, EZ_LED_Weeder, FLEXOFF, Weeding_Tweezers, Heat_Tape, Tygaflor_Sheet, Olfa_Cutting_Matt_A3, Yellow_Ruler, ","A","","","","","","","Application & Aftercare Instructions","<style>

table {

margin: 0 auto 0 auto;
}

table, th, td {
  
  border-collapse: collapse;
padding: 5px;
}
th, td {
  padding: 5px;
  text-align: center; 
  width: 100px;
  height: 50px;
  background-color:#009ee3;
  color: white;
  border-left: 5px solid white;
  border-right: 5px solid white;
}

th {
  border-top-color: white;
  font-size: 15px;
}

td {

padding-bottom: 1em;
border-bottom: 5px solid white;
font-size: 20px;
  
</style>



<table id=""data"">
  <tbody><tr>
    <th>PRESS TEMP</th>
<th>PRESS TIME</th>
<th>PRESSURE</th>
<th>EASY WEED</th>
<th>PEEL</th>
  </tr>
  <tr>
    <td>160<sup>o</sup>C</td>
<td>15 secs</td>
<td>Medium<br></td>
<td><span style=""font-size:30px;"">&#10003;</span></td>
<td>Warm</td>
  </tr>

<tr>
    <th>LAYER</th>
<th>REVERSE IMAGE</th>
<th>WASH</th>
<th>TUMBLE DRY</th>
<th>DRY CLEAN</th>
  </tr>
  <tr>
    <td><span style=""font-size:30px;"">&#10003;</span></td>
<td><span style=""font-size:30px;"">&#10003;</span></td>
<td>60<sup>o</sup>C</td>
<td><span style=""font-size:30px; color: white;"">&#10003;</span></td>
<td><span style=""font-size:30px;"">&#10003;</span></td>
  </tr>
  </tbody></table>
","","","","","","","Poli-Tape-4781-Reflective-Silver-3M","0","","","","1691159075","0","","0","","CHECKBOX"
"4783-Reflective-Silver","Reflective Silver Turbo Heat Transfer Vinyl","4783","Poli-Tape","980","12","DEFAULT","","","","","0","Poli-Tape 4783 Silver Reflective Turbo Heat Transfer Vinyl is a high-quality flex vinyl with a special retro-reflective surface. Buy it by the metre at 500mm wide.","<html>

<head><title>Poli-Flex 4783</title></head>
<body>
<p>Poli-Tape 4783 Silver Reflective Turbo Heat Transfer Vinyl is a high-quality flex vinyl with a special retro-reflective surface.</p>

<span style=""font-weight: bold; color: #d7328a;"">Suitability:</span><br>
<ul><li>Suitable for transfers to textiles like cotton, unimpregnated nylon, mixtures of polyester/cotton and polyester/acrylic</li>
<li>Perfect for use on T-shirts, work and safety clothing, sport & leisure wear, sport bags and promotional items
</li></ul>

<span style=""font-weight: bold; color: #d7328a;"">Advantages:</span><br>
<ul><li>Turbo adhesive means a shorter press time and at lower temperature</li>
<li>Helps to reduce energy costs
</li></ul>

<p><a href=""https://www.dorotape.co.uk/Article/Reflective-HTV"" target=""_blank""><img style=""border: 0px solid ; width: 50px; height: 50px;"" alt=""link to our blog""
src=""media/ecom/onpagegraphics/Blog.png"">
<span style=""color:#d7328a""><b>Learn more about Reflective HTV by reading about it in our Blog</b></span></a></p>
<br>

<span style=""font-weight: bold; color: #d7328a;"">Technical Information:</span><br>
<ul>
<a href=""media/ecom/pdfs/datasheets/POLI-FLEX_TURBO_REFLEX_SILVER_4783.pdf""
target=""_blank""><img style=""border: 0px solid ; width: 200px; height: 60px;"" alt=""pdf""
src=""media/ecom/onpagegraphics/Datasheet.png""></a></ul>

<p style=""font-weight: bold; font-size: 0.9em;"">Prices shown are per linear metre at 500mm wide</p>
</body>

</html>","4783_Turbo_Reflective_Silver.png","4783_Turbo_Reflective_Silver.png","INVITEMS","DEFAULT-4783-Reflective-Silver-DEFAULT-4783-Reflective-Silver","","","0","0","0","","1","REGONLY","0","0","0","0","","","","SELECT","SELECT","0","","","","","0","0","","income-service","","","0","0","","","","","3604_Reflective","Poli_Flex_Turbo, 3604_Reflective","","","0","Hotronix-Auto-Open-Clam-Heatpress, Weeding_Hook, EZ_LED_Weeder, FLEXOFF, Weeding_Tweezers, Heat_Tape, Tygaflor_Sheet, Olfa_Cutting_Matt_A3, Yellow_Ruler, ","Weeding_Hook, EZ_LED_Weeder, FLEXOFF, Weeding_Tweezers, Heat_Tape, Tygaflor_Sheet, Olfa_Cutting_Matt_A3, Yellow_Ruler, ","A","","","","","Metallics","Gloss","Application & Aftercare Instructions","<style>

table {

margin: 0 auto 0 auto;
}

table, th, td {
  
  border-collapse: collapse;
padding: 5px;
}
th, td {
  padding: 5px;
  text-align: center; 
  width: 100px;
  height: 50px;
  background-color:#009ee3;
  color: white;
  border-left: 5px solid white;
  border-right: 5px solid white;
}

th {
  border-top-color: white;
  font-size: 15px;
}

td {

padding-bottom: 1em;
border-bottom: 5px solid white;
font-size: 20px;
  
</style>



<table id=""data"">
  <tbody><tr>
    <th>PRESS TEMP</th>
<th>PRESS TIME</th>
<th>PRESSURE</th>
<th>EASY WEED</th>
<th>PEEL</th>
  </tr>
  <tr>
    <td>130<sup>o</sup>C</td>
<td>5 secs</td>
<td>Medium<br></td>
<td><span style=""font-size:30px;"">&#10003;</span></td>
<td>Warm</td>
  </tr>

<tr>
    <th>LAYER</th>
<th>REVERSE IMAGE</th>
<th>WASH</th>
<th>TUMBLE DRY</th>
<th>DRY CLEAN</th>
  </tr>
  <tr>
    <td><span style=""font-size:30px;"">&#10003;</span></td>
<td><span style=""font-size:30px;"">&#10003;</span></td>
<td>60<sup>o</sup>C</td>
<td><span style=""font-size:30px; color: white;"">&#10003;</span></td>
<td><span style=""font-size:30px;"">&#10003;</span></td>
  </tr>
  </tbody></table>
","","","","","","","","0","","","","1691155417","0","","0","","CHECKBOX"
"4785-Reflex-Black","Black Reflective Flex","4785","Doro_Tape","120","13","DEFAULT","","","","","0","Poli-Tape 4785 Black Reflective Heat Transfer Vinyl is a high-quality flex vinyl with a special black retro-reflective surface that reflects back the light appearing brilliant silver-white. Buy it by the metre at 500mm wide.","<html>

<head><title>4785 Black reflective</title></head>
<body>
<p>Poli-Tape 4785 Black Reflective Heat Transfer Vinyl is a high-quality flex vinyl with a special black retro-reflective surface that reflects back the light appearing brilliant silver-white.</p>

<span style=""font-weight: bold; color: #d7328a;"">Suitability:</span><br>
<ul><li>Suitable for transfers to textiles like cotton, unimpregnated nylon, mixtures of polyester/cotton and polyester/acrylic</li>
<li>Perfect for use on T-shirts, work and safety clothing, sport & leisure wear, sport bags and promotional items
</li></ul>

<span style=""font-weight: bold; color: #d7328a;"">Advantages:</span><br>
<ul><li>Subtle black film looks almost invisible on some garments but reflects back a brilliant silver-white when caught in the light
</li></ul>

<p><a href=""https://www.dorotape.co.uk/Article/Reflective-HTV"" target=""_blank""><img style=""border: 0px solid ; width: 50px; height: 50px;"" alt=""link to our blog""
src=""media/ecom/onpagegraphics/Blog.png"">
<span style=""color:#d7328a""><b>Learn more about Reflective HTV by reading about it in our Blog</b></span></a></p>
<br>

<span style=""font-weight: bold; color: #d7328a;"">Technical Information:</span><br>
<ul>
<a href=""media/ecom/pdfs/datasheets/POLI-FLEX_REFLEX-COLOURS_en.pdf""
target=""_blank""><img style=""border: 0px solid ; width: 200px; height: 60px;"" alt=""pdf""
src=""media/ecom/onpagegraphics/Datasheet.png""></a></ul>

<p style=""font-weight: bold; font-size: 0.9em;"">Prices shown are per linear metre at 500mm wide</p>
</body>

</html>","REFLEX_4785.jpg","REFLEX_4785.jpg","INVITEMS","DEFAULT-4785-Reflex-Black-DEFAULT-4785-Reflex-Black","","","0","0","0","","1","REGONLY","0","0","0","0","","","","SELECT","SELECT","0","","","","","0","0","","income-service","","","0","0","","","","","3604_Reflective","3604_Reflective","","","0","Hotronix-Auto-Open-Clam-Heatpress, Weeding_Hook, EZ_LED_Weeder, FLEXOFF, Weeding_Tweezers, Heat_Tape, Tygaflor_Sheet, Olfa_Cutting_Matt_A3, Yellow_Ruler, ","Weeding_Hook, EZ_LED_Weeder, FLEXOFF, Weeding_Tweezers, Heat_Tape, Tygaflor_Sheet, Olfa_Cutting_Matt_A3, Yellow_Ruler, ","A","","","","","","","Application & Aftercare Instructions","<style>

table {

margin: 0 auto 0 auto;
}

table, th, td {
  
  border-collapse: collapse;
padding: 5px;
}
th, td {
  padding: 5px;
  text-align: center; 
  width: 100px;
  height: 50px;
  background-color:#009ee3;
  color: white;
  border-left: 5px solid white;
  border-right: 5px solid white;
}

th {
  border-top-color: white;
  font-size: 15px;
}

td {

padding-bottom: 1em;
border-bottom: 5px solid white;
font-size: 20px;
  
</style>



<table id=""data"">
  <tbody><tr>
    <th>PRESS TEMP</th>
<th>PRESS TIME</th>
<th>PRESSURE</th>
<th>EASY WEED</th>
<th>PEEL</th>
  </tr>
  <tr>
    <td>145<sup>o</sup>C</td>
<td>8 secs</td>
<td>Medium<br></td>
<td><span style=""font-size:30px;"">&#10003;</span></td>
<td>Cool</td>
  </tr>

<tr>
    <th>LAYER</th>
<th>REVERSE IMAGE</th>
<th>WASH</th>
<th>TUMBLE DRY</th>
<th>DRY CLEAN</th>
  </tr>
  <tr>
    <td><span style=""font-size:30px;"">&#10003;</span></td>
<td><span style=""font-size:30px;"">&#10003;</span></td>
<td>60<sup>o</sup>C</td>
<td><span style=""font-size:30px; color: white;"">&#10003;</span></td>
<td><span style=""font-size:30px;"">&#10003;</span></td>
  </tr>
  </tbody></table>
","","","","","","","","0","reflective,","","","1659444638","0","","0","","CHECKBOX"
"4801-White","White Nylo Flex Heat Transfer Vinyl","4801","Poli-Tape","1","7","DEFAULT","","","","","0","Poli-Tape 4801 White Nylo Flex Heat Transfer Vinyl. 500mm wide","Poli-Tape 4801 White Nylo Flex Heat Transfer Vinyl","4801_White.png","4801_White.png","INVITEMS","DEFAULT-4801-White-DEFAULT-4801-White","","","0","0","0","","1","REGONLY","0","0","0","0","","","","SELECT","SELECT","0","","","","","0","0","","income-service","","","0","0","","","","","3603_Nylo","3603_Nylo","","","0","Hotronix-Auto-Open-Clam-Heatpress, Weeding_Hook, EZ_LED_Weeder, FLEXOFF, Weeding_Tweezers, Heat_Tape, Tygaflor_Sheet, Olfa_Cutting_Matt_A3, Yellow_Ruler, ","Weeding_Hook, EZ_LED_Weeder, FLEXOFF, Weeding_Tweezers, Heat_Tape, Tygaflor_Sheet, Olfa_Cutting_Matt_A3, Yellow_Ruler, ","A","","","","","","","Application & Aftercare Instructions","<style>

table {

margin: 0 auto 0 auto;
}

table, th, td {
  
  border-collapse: collapse;
padding: 5px;
}
th, td {
  padding: 5px;
  text-align: center; 
  width: 100px;
  height: 50px;
  background-color:#009ee3;
  color: white;
  border-left: 5px solid white;
  border-right: 5px solid white;
}

th {
  border-top-color: white;
  font-size: 15px;
}

td {

padding-bottom: 1em;
border-bottom: 5px solid white;
font-size: 20px;
  
</style>



<table id=""data"">
  <tbody><tr>
    <th>PRESS TEMP</th>
<th>PRESS TIME</th>
<th>PRESSURE</th>
<th>EASY WEED</th>
<th>PEEL</th>
  </tr>
  <tr>
    <td>150<sup>o</sup>C</td>
<td>5 secs pre press / 10 secs press</td>
<td>Medium<br></td>
<td><span style=""font-size:30px;"">&#10003;</span></td>
<td>Lukewarm</td>
  </tr>

<tr>
    <th>LAYER</th>
<th>REVERSE IMAGE</th>
<th>WASH</th>
<th>TUMBLE DRY</th>
<th>DRY CLEAN</th>
  </tr>
  <tr>
    <td><span style=""font-size:30px;"">&#10003;</span></td>
<td><span style=""font-size:30px;"">&#10003;</span></td>
<td>40<sup>o</sup>C</td>
<td><span style=""font-size:30px; color: white;"">&#10005;</span></td>
<td><span style=""font-size:30px;"">&#10005;</span></td>
  </tr>
  </tbody></table>
","","","","","","","Poli-Tape-4801-White-Nylo-Flex-Heat-Transfer-Vinyl","0","4801, white, nylo, flex, htv, heat, transfer, vinyl, poli, tape, poli-tape, heat-transfer, iron, on, iron-on, nylon, ","","","1591974945","0","","0","","CHECKBOX"
"4802-Black","Black Nylo Flex Heat Transfer Vinyl","4802","Poli-Tape","2","7","DEFAULT","","","","","0","Poli-Tape 4802 Black Nylo Flex Heat Transfer Vinyl. 500mm wide","Poli-Tape 4802 Black Nylo Flex Heat Transfer Vinyl","4802_Black.png","4802_Black.png","INVITEMS","DEFAULT-4802-Black-DEFAULT-4802-Black","","","0","0","0","","1","REGONLY","0","0","0","0","","","","SELECT","SELECT","0","","","","","0","0","","income-service","","","0","0","","","","","3603_Nylo","3603_Nylo","","","0","Hotronix-Auto-Open-Clam-Heatpress, Weeding_Hook, EZ_LED_Weeder, FLEXOFF, Weeding_Tweezers, Heat_Tape, Tygaflor_Sheet, Olfa_Cutting_Matt_A3, Yellow_Ruler, ","Weeding_Hook, EZ_LED_Weeder, FLEXOFF, Weeding_Tweezers, Heat_Tape, Tygaflor_Sheet, Olfa_Cutting_Matt_A3, Yellow_Ruler, ","A","","","","","","","Application & Aftercare Instructions","<style>

table {

margin: 0 auto 0 auto;
}

table, th, td {
  
  border-collapse: collapse;
padding: 5px;
}
th, td {
  padding: 5px;
  text-align: center; 
  width: 100px;
  height: 50px;
  background-color:#009ee3;
  color: white;
  border-left: 5px solid white;
  border-right: 5px solid white;
}

th {
  border-top-color: white;
  font-size: 15px;
}

td {

padding-bottom: 1em;
border-bottom: 5px solid white;
font-size: 20px;
  
</style>



<table id=""data"">
  <tbody><tr>
    <th>PRESS TEMP</th>
<th>PRESS TIME</th>
<th>PRESSURE</th>
<th>EASY WEED</th>
<th>PEEL</th>
  </tr>
  <tr>
    <td>150<sup>o</sup>C</td>
<td>5 secs pre press / 10 secs press</td>
<td>Medium<br></td>
<td><span style=""font-size:30px;"">&#10003;</span></td>
<td>Lukewarm</td>
  </tr>

<tr>
    <th>LAYER</th>
<th>REVERSE IMAGE</th>
<th>WASH</th>
<th>TUMBLE DRY</th>
<th>DRY CLEAN</th>
  </tr>
  <tr>
    <td><span style=""font-size:30px;"">&#10003;</span></td>
<td><span style=""font-size:30px;"">&#10003;</span></td>
<td>40<sup>o</sup>C</td>
<td><span style=""font-size:30px; color: white;"">&#10005;</span></td>
<td><span style=""font-size:30px;"">&#10005;</span></td>
  </tr>
  </tbody></table>
","","","","","","","Poli-Tape-4802-Black-Nylo-Flex-Heat-Transfer-Vinyl","0","4802, black, nylo, nylon, poli, tape, poli-tape, poli-flex, flex, garment, htv, heat, transfer, vinyl, heat-transfer, heat-vinyl, iron, iron-on, ","","","1591976019","0","","0","","CHECKBOX"
"4803-Light-Blue","Light Blue Nylo Flex Heat Transfer Vinyl","4803","Poli-Tape","3","7","DEFAULT","","","","","0","Poli-Tape 4803 Light Blue Nylo Flex Heat Transfer Vinyll. 500mm wide","Poli-Tape 4803 Light Blue Nylo Flex Heat Transfer Vinyl","4803_Light_Blue.png","4803_Light_Blue.png","INVITEMS","DEFAULT-4803-Light-Blue-DEFAULT-4803-Light-Blue","","","0","0","0","","1","REGONLY","0","0","0","0","","","","SELECT","SELECT","0","","","","","0","0","","income-service","","","0","0","","","","","3603_Nylo","3603_Nylo","","","0","Hotronix-Auto-Open-Clam-Heatpress, Weeding_Hook, EZ_LED_Weeder, FLEXOFF, Weeding_Tweezers, Heat_Tape, Tygaflor_Sheet, Olfa_Cutting_Matt_A3, Yellow_Ruler, ","Weeding_Hook, EZ_LED_Weeder, FLEXOFF, Weeding_Tweezers, Heat_Tape, Tygaflor_Sheet, Olfa_Cutting_Matt_A3, Yellow_Ruler, ","A","","","","","","","Application & Aftercare Instructions","<style>

table {

margin: 0 auto 0 auto;
}

table, th, td {
  
  border-collapse: collapse;
padding: 5px;
}
th, td {
  padding: 5px;
  text-align: center; 
  width: 100px;
  height: 50px;
  background-color:#009ee3;
  color: white;
  border-left: 5px solid white;
  border-right: 5px solid white;
}

th {
  border-top-color: white;
  font-size: 15px;
}

td {

padding-bottom: 1em;
border-bottom: 5px solid white;
font-size: 20px;
  
</style>



<table id=""data"">
  <tbody><tr>
    <th>PRESS TEMP</th>
<th>PRESS TIME</th>
<th>PRESSURE</th>
<th>EASY WEED</th>
<th>PEEL</th>
  </tr>
  <tr>
    <td>150<sup>o</sup>C</td>
<td>5 secs pre press / 10 secs press</td>
<td>Medium<br></td>
<td><span style=""font-size:30px;"">&#10003;</span></td>
<td>Lukewarm</td>
  </tr>

<tr>
    <th>LAYER</th>
<th>REVERSE IMAGE</th>
<th>WASH</th>
<th>TUMBLE DRY</th>
<th>DRY CLEAN</th>
  </tr>
  <tr>
    <td><span style=""font-size:30px;"">&#10003;</span></td>
<td><span style=""font-size:30px;"">&#10003;</span></td>
<td>40<sup>o</sup>C</td>
<td><span style=""font-size:30px; color: white;"">&#10005;</span></td>
<td><span style=""font-size:30px;"">&#10005;</span></td>
  </tr>
  </tbody></table>
","","","","","","","Poli-Tape-4803-Light-Blue-Nylo-Flex-Heat-Transfer-Vinyll","0","4803, blue, nylo, nylon, poli, tape, poli-tape, poli-flex, flex, garment, htv, heat, transfer, vinyl, heat-transfer, heat-vinyl, iron, iron-on, light blue, light-blue, ","","","1591977103","0","","0","","CHECKBOX"
"4804-Green","Green Nylo Flex Heat Transfer Vinyl","4804","Poli-Tape","4","7","DEFAULT","","","","","0","Poli-Tape 4804 Green Nylo Flex Heat Transfer Vinyl. 500mm wide","Poli-Tape 4804 Green Nylo Flex Heat Transfer Vinyl","4804_Green.png","4804_Green.png","INVITEMS","DEFAULT-4804-Green-DEFAULT-4804-Green","","","0","0","0","","1","REGONLY","0","0","0","0","","","","SELECT","SELECT","0","","","","","0","0","","income-service","","","0","0","","","","","3603_Nylo","3603_Nylo","","","0","Hotronix-Auto-Open-Clam-Heatpress, Weeding_Hook, EZ_LED_Weeder, FLEXOFF, Weeding_Tweezers, Heat_Tape, Tygaflor_Sheet, Olfa_Cutting_Matt_A3, Yellow_Ruler, ","Weeding_Hook, EZ_LED_Weeder, FLEXOFF, Weeding_Tweezers, Heat_Tape, Tygaflor_Sheet, Olfa_Cutting_Matt_A3, Yellow_Ruler, ","A","","","","","","","Application & Aftercare Instructions","<style>

table {

margin: 0 auto 0 auto;
}

table, th, td {
  
  border-collapse: collapse;
padding: 5px;
}
th, td {
  padding: 5px;
  text-align: center; 
  width: 100px;
  height: 50px;
  background-color:#009ee3;
  color: white;
  border-left: 5px solid white;
  border-right: 5px solid white;
}

th {
  border-top-color: white;
  font-size: 15px;
}

td {

padding-bottom: 1em;
border-bottom: 5px solid white;
font-size: 20px;
  
</style>



<table id=""data"">
  <tbody><tr>
    <th>PRESS TEMP</th>
<th>PRESS TIME</th>
<th>PRESSURE</th>
<th>EASY WEED</th>
<th>PEEL</th>
  </tr>
  <tr>
    <td>150<sup>o</sup>C</td>
<td>5 secs pre press / 10 secs press</td>
<td>Medium<br></td>
<td><span style=""font-size:30px;"">&#10003;</span></td>
<td>Lukewarm</td>
  </tr>

<tr>
    <th>LAYER</th>
<th>REVERSE IMAGE</th>
<th>WASH</th>
<th>TUMBLE DRY</th>
<th>DRY CLEAN</th>
  </tr>
  <tr>
    <td><span style=""font-size:30px;"">&#10003;</span></td>
<td><span style=""font-size:30px;"">&#10003;</span></td>
<td>40<sup>o</sup>C</td>
<td><span style=""font-size:30px; color: white;"">&#10005;</span></td>
<td><span style=""font-size:30px;"">&#10005;</span></td>
  </tr>
  </tbody></table>
","","","","","","","Poli-Tape-4804-Green-Nylo-Flex-Heat-Transfer-Vinyl","0","4804, green, nylo, nylon, poli, tape, poli-tape, poli-flex, flex, garment, htv, heat, transfer, vinyl, heat-transfer, heat-vinyl, iron, iron-on, ","","","1591978890","0","","0","","CHECKBOX"
"4806-Royal-Blue","Royal Blue Nylo Flex Heat Transfer Vinyl","4806","Poli-Tape","5","7","DEFAULT","","","","","0","Poli-Tape 4806 Royal Blue Nylo Flex Heat Transfer Vinyl. 500mm wide","Poli-Tape 4806 Royal Blue Nylo Flex Heat Transfer Vinyl","4806_Royal_Blue.png","4806_Royal_Blue.png","INVITEMS","DEFAULT-4806-Royal-Blue-DEFAULT-4806-Royal-Blue","","","0","0","0","","1","REGONLY","0","0","0","0","","","","SELECT","SELECT","0","","","","","0","0","","income-service","","","0","0","","","","","3603_Nylo","3603_Nylo","","","0","Hotronix-Auto-Open-Clam-Heatpress, Weeding_Hook, EZ_LED_Weeder, FLEXOFF, Weeding_Tweezers, Heat_Tape, Tygaflor_Sheet, Olfa_Cutting_Matt_A3, Yellow_Ruler, ","Weeding_Hook, EZ_LED_Weeder, FLEXOFF, Weeding_Tweezers, Heat_Tape, Tygaflor_Sheet, Olfa_Cutting_Matt_A3, Yellow_Ruler, ","A","","","","","","","Application & Aftercare Instructions","<style>

table {

margin: 0 auto 0 auto;
}

table, th, td {
  
  border-collapse: collapse;
padding: 5px;
}
th, td {
  padding: 5px;
  text-align: center; 
  width: 100px;
  height: 50px;
  background-color:#009ee3;
  color: white;
  border-left: 5px solid white;
  border-right: 5px solid white;
}

th {
  border-top-color: white;
  font-size: 15px;
}

td {

padding-bottom: 1em;
border-bottom: 5px solid white;
font-size: 20px;
  
</style>



<table id=""data"">
  <tbody><tr>
    <th>PRESS TEMP</th>
<th>PRESS TIME</th>
<th>PRESSURE</th>
<th>EASY WEED</th>
<th>PEEL</th>
  </tr>
  <tr>
    <td>150<sup>o</sup>C</td>
<td>5 secs pre press / 10 secs press</td>
<td>Medium<br></td>
<td><span style=""font-size:30px;"">&#10003;</span></td>
<td>Lukewarm</td>
  </tr>

<tr>
    <th>LAYER</th>
<th>REVERSE IMAGE</th>
<th>WASH</th>
<th>TUMBLE DRY</th>
<th>DRY CLEAN</th>
  </tr>
  <tr>
    <td><span style=""font-size:30px;"">&#10003;</span></td>
<td><span style=""font-size:30px;"">&#10003;</span></td>
<td>40<sup>o</sup>C</td>
<td><span style=""font-size:30px; color: white;"">&#10005;</span></td>
<td><span style=""font-size:30px;"">&#10005;</span></td>
  </tr>
  </tbody></table>
","","","","","","","Poli-Tape-4806-Royal-Blue-Nylo-Flex-Heat-Transfer-Vinyl","0","politape, poli-tape, poli flex, poliflex, poli tape, poli-flex, nylo, nylon, 4806, royal, blue, htv, garment vinyl, ","","","1591979003","0","","0","","CHECKBOX"
"4808-Red","Red Nylo Flex Heat Transfer Vinyl","4808","Poli-Tape","6","7","DEFAULT","","","","","0","Poli-Tape 4808 Red Nylo Flex Heat Transfer Vinyl. 500mm wide","Poli-Tape 4808 Red Nylo Flex Heat Transfer Vinyl","4808_Red.png","4808_Red.png","INVITEMS","DEFAULT-4808-Red-DEFAULT-4808-Red","","","0","0","0","","1","REGONLY","0","0","0","0","","","","SELECT","SELECT","0","","","","","0","0","","income-service","","","0","0","","","","","3603_Nylo","3603_Nylo","","","0","Hotronix-Auto-Open-Clam-Heatpress, Weeding_Hook, EZ_LED_Weeder, FLEXOFF, Weeding_Tweezers, Heat_Tape, Tygaflor_Sheet, Olfa_Cutting_Matt_A3, Yellow_Ruler, ","Weeding_Hook, EZ_LED_Weeder, FLEXOFF, Weeding_Tweezers, Heat_Tape, Tygaflor_Sheet, Olfa_Cutting_Matt_A3, Yellow_Ruler, ","A","","","","","","","Application & Aftercare Instructions","<style>

table {

margin: 0 auto 0 auto;
}

table, th, td {
  
  border-collapse: collapse;
padding: 5px;
}
th, td {
  padding: 5px;
  text-align: center; 
  width: 100px;
  height: 50px;
  background-color:#009ee3;
  color: white;
  border-left: 5px solid white;
  border-right: 5px solid white;
}

th {
  border-top-color: white;
  font-size: 15px;
}

td {

padding-bottom: 1em;
border-bottom: 5px solid white;
font-size: 20px;
  
</style>



<table id=""data"">
  <tbody><tr>
    <th>PRESS TEMP</th>
<th>PRESS TIME</th>
<th>PRESSURE</th>
<th>EASY WEED</th>
<th>PEEL</th>
  </tr>
  <tr>
    <td>150<sup>o</sup>C</td>
<td>5 secs pre press / 10 secs press</td>
<td>Medium<br></td>
<td><span style=""font-size:30px;"">&#10003;</span></td>
<td>Lukewarm</td>
  </tr>

<tr>
    <th>LAYER</th>
<th>REVERSE IMAGE</th>
<th>WASH</th>
<th>TUMBLE DRY</th>
<th>DRY CLEAN</th>
  </tr>
  <tr>
    <td><span style=""font-size:30px;"">&#10003;</span></td>
<td><span style=""font-size:30px;"">&#10003;</span></td>
<td>40<sup>o</sup>C</td>
<td><span style=""font-size:30px; color: white;"">&#10005;</span></td>
<td><span style=""font-size:30px;"">&#10005;</span></td>
  </tr>
  </tbody></table>
","","","","","","","Poli-Tape-4808-Red-Nylo-Flex-Heat-Transfer-Vinyl","0","4808, red, nylo, nylon, poli, tape, poli-tape, poli-flex, flex, garment, htv, heat, transfer, vinyl, heat-transfer, heat-vinyl, iron, iron-on, ","","","1591979147","0","","0","","CHECKBOX"
"4820-Gold","Gold Nylo Flex Heat Transfer Vinyl","4820","Poli-Tape","8","7","DEFAULT","","","","","0","Poli-Tape 4820 Gold Nylo Flex Heat Transfer Vinyl. 500mm wide","Poli-Tape 4820 Gold Nylo Flex Heat Transfer Vinyl","4820_Gold.png","4820_Gold.png","INVITEMS","DEFAULT-4820-Gold-DEFAULT-4820-Gold","","","0","0","0","","1","REGONLY","0","0","0","0","","","","SELECT","SELECT","0","","","","","0","0","","income-service","","","0","0","","","","","3603_Nylo","3603_Nylo","","","0","Hotronix-Auto-Open-Clam-Heatpress, Weeding_Hook, EZ_LED_Weeder, FLEXOFF, Weeding_Tweezers, Heat_Tape, Tygaflor_Sheet, Olfa_Cutting_Matt_A3, Yellow_Ruler, ","Weeding_Hook, EZ_LED_Weeder, FLEXOFF, Weeding_Tweezers, Heat_Tape, Tygaflor_Sheet, Olfa_Cutting_Matt_A3, Yellow_Ruler, ","N","","","","","","","Application & Aftercare Instructions","<style>

table {

margin: 0 auto 0 auto;
}

table, th, td {
  
  border-collapse: collapse;
padding: 5px;
}
th, td {
  padding: 5px;
  text-align: center; 
  width: 100px;
  height: 50px;
  background-color:#009ee3;
  color: white;
  border-left: 5px solid white;
  border-right: 5px solid white;
}

th {
  border-top-color: white;
  font-size: 15px;
}

td {

padding-bottom: 1em;
border-bottom: 5px solid white;
font-size: 20px;
  
</style>



<table id=""data"">
  <tbody><tr>
    <th>PRESS TEMP</th>
<th>PRESS TIME</th>
<th>PRESSURE</th>
<th>EASY WEED</th>
<th>PEEL</th>
  </tr>
  <tr>
    <td>150<sup>o</sup>C</td>
<td>5 secs pre press / 10 secs press</td>
<td>Medium<br></td>
<td><span style=""font-size:30px;"">&#10003;</span></td>
<td>Lukewarm</td>
  </tr>

<tr>
    <th>LAYER</th>
<th>REVERSE IMAGE</th>
<th>WASH</th>
<th>TUMBLE DRY</th>
<th>DRY CLEAN</th>
  </tr>
  <tr>
    <td><span style=""font-size:30px;"">&#10003;</span></td>
<td><span style=""font-size:30px;"">&#10003;</span></td>
<td>40<sup>o</sup>C</td>
<td><span style=""font-size:30px; color: white;"">&#10005;</span></td>
<td><span style=""font-size:30px;"">&#10005;</span></td>
  </tr>
  </tbody></table>
","","","","","","","Poli-Tape-4820-Gold-Nylo-Flex-Heat-Transfer-Vinyl","0","","","","1591979263","0","","0","","CHECKBOX"
"4901-White","White Turbo Heat Transfer Vinyl","4901","Poli-Tape","50","6","DEFAULT","","","","","0","Poli-Tape 4901 White Turbo Heat Transfer Vinyl. 500mm wide","<html>

<title><head>Poli-Flex Turbo</head></title>

<body>
<p>Poli-Flex Turbo is a polyurethane transfer film equipped with a special hotmelt for fast application at low temperature.</p>
<p>With super-fast heat pressing times as little as 3 seconds, the Poli-Flex® Turbo is recognised as being the best in class when it comes to coloured HTV.</p>
<p>This super soft PU film can be used on a variety of textiles such as cotton, polyester and blended fabrics such as polyester / acrylic as well as uncoated nylon. Also suitable for smooth wood, leather, cardboard and glass. With its brilliant level of stretch, this range is also perfect for leisure and activewear but the special thing about all products in the Turbo range is the speed and temperature of heat pressing. This dramatically cuts down on the application time, improving both productivity and profitability. This material also comes with an adhesive polyester 100µm liner to aid with safe positioning.</p>
<p>Poli-Flex Turbo is tested to Oeko-Tex 100, which is an international standard that guarantees the safety of apparel decoration, making it safe for use on childrens and pets clothing.</p>
<p><a href=""media/ecom/pdfs/datasheets/TDS_POLI-FLEX TURBO GB.pdf"" target=""_blank""><img style=""border: 0px solid ; width: 200px; height: 60px;"" alt=""Poli-Flex Turbo Datasheet"" src=""media/ecom/onpagegraphics/Datasheet.png""></a></p>

<img style=""margin: 5px; width: 100px; height: 123px;"" alt=""vegan logo""
src=""media/ecom/onpagegraphics/vegan.png"">

<img style=""margin: 5px; width: 200px; height: 117px;"" alt=""oeko-tex logo""
src=""media/ecom/onpagegraphics/Oeko-Tex.png"">

</body>

</html>","4901_White.png","4901_White.png","INVITEMS","DEFAULT-4901-White-DEFAULT-4901-White","","","0","0","0","","1","REGONLY","0","0","0","0","","","","SELECT","SELECT","0","","","","","0","0","","income-service","","","0","0","","","","","Poli_Flex_Turbo","Poli_Flex_Turbo","","","0","Hotronix-Auto-Open-Clam-Heatpress, Weeding_Hook, EZ_LED_Weeder, FLEXOFF, Weeding_Tweezers, Heat_Tape, Tygaflor_Sheet, Olfa_Cutting_Matt_A3, Yellow_Ruler, ","Weeding_Hook, EZ_LED_Weeder, FLEXOFF, Weeding_Tweezers, Heat_Tape, Tygaflor_Sheet, Olfa_Cutting_Matt_A3, Yellow_Ruler, 
","A","","","","","White","Satin","Application & Aftercare Instructions","<style>

table {

margin: 0 auto 0 auto;
}

table, th, td {
  
  border-collapse: collapse;
padding: 5px;
}
th, td {
  padding: 5px;
  text-align: center; 
  width: 100px;
  height: 50px;
  background-color:#009ee3;
  color: white;
  border-left: 5px solid white;
  border-right: 5px solid white;
}

th {
  border-top-color: white;
  font-size: 15px;
}

td {

padding-bottom: 1em;
border-bottom: 5px solid white;
font-size: 20px;
  
</style>



<table id=""data"">
  <tbody><tr>
    <th>PRESS TEMP</th>
<th>PRESS TIME</th>
<th>PRESSURE</th>
<th>EASY WEED</th>
<th>PEEL</th>
  </tr>
  <tr>
    <td>130<sup>o</sup>C<br>150<sup>o</sup>C<br>160<sup>o</sup>C</td>
<td>5 secs<br>4 secs<br>3 secs</td>
<td>Medium<br></td>
<td><span style=""font-size:30px;"">&#10003;</span></td>
<td>Warm</td>
  </tr>

<tr>
    <th>LAYER</th>
<th>REVERSE IMAGE</th>
<th>WASH</th>
<th>TUMBLE DRY</th>
<th>DRY CLEAN</th>
  </tr>
  <tr>
    <td><span style=""font-size:30px;"">&#10003;</span></td>
<td><span style=""font-size:30px;"">&#10003;</span></td>
<td>60<sup>o</sup>C</td>
<td><span style=""font-size:30px; color: white;"">&#10003;</span></td>
<td><span style=""font-size:30px;"">&#10003;</span></td>
  </tr>
  </tbody></table>","Colour References","<style>

table {

margin: 0 auto 0 auto;
}

table, th, td {
  
  border-collapse: collapse;
padding: 5px;
}
th, td {
  padding: 5px;
  text-align: center; 
  width: 100px;
  height: 50px;
  background-color:#009ee3;
  color: white;
  border-left: 5px solid white;
  border-right: 5px solid white;
}

th {
  border-top-color: white;
  font-size: 15px;
}

td {

padding-bottom: 1em;
border-bottom: 5px solid white;
font-size: 20px;
  
</style>

<table id=""data"">
  <tbody><tr>
    <th>HEX</th>
<th>RGB</th>
<th>CMYK</th>
<th>PANTONE</th>
<th>RAL</th>
  </tr>
  <tr>
    <td>#FFFFFF</td>
<td>255, 255, 255</td>
<td>0, 0, 0, 0</td>
<td>000 C</td>
<td>9003</td>
  </tr>

  </tbody></table>","","","","","Poli-Tape-4901-White-Turbo-Heat-Transfer-Vinyl","0","HEX #FFFFFF, RGB 255 255 255, CMYK 0 0 0 0, PANTONE OOO C, RAL 9003, HEAT TRANSFER VINYL, HTV, POLI TAPE, POLI FLEX, 4901, WHITE","","","1575483287","0","","0","","CHECKBOX"
"4902-Black","Black Turbo Heat Transfer Vinyl","4902","Poli-Tape","10","6","DEFAULT","","","","","0","Poli-Tape 4902 Black Turbo Heat Transfer Vinyl. 500mm wide","<html>

<title><head>Poli-Flex Turbo</head></title>

<body>
<p>Poli-Flex Turbo is a polyurethane transfer film equipped with a special hotmelt for fast application at low temperature.</p>
<p>With super-fast heat pressing times as little as 3 seconds, the Poli-Flex® Turbo is recognised as being the best in class when it comes to coloured HTV.</p>
<p>This super soft PU film can be used on a variety of textiles such as cotton, polyester and blended fabrics such as polyester / acrylic as well as uncoated nylon. Also suitable for smooth wood, leather, cardboard and glass. With its brilliant level of stretch, this range is also perfect for leisure and activewear but the special thing about all products in the Turbo range is the speed and temperature of heat pressing. This dramatically cuts down on the application time, improving both productivity and profitability. This material also comes with an adhesive polyester 100µm liner to aid with safe positioning.</p>
<p>Poli-Flex Turbo is tested to Oeko-Tex 100, which is an international standard that guarantees the safety of apparel decoration, making it safe for use on childrens and pets clothing.</p>
<p><a href=""media/ecom/pdfs/datasheets/TDS_POLI-FLEX TURBO GB.pdf"" target=""_blank""><img style=""border: 0px solid ; width: 200px; height: 60px;"" alt=""Poli-Flex Turbo Datasheet"" src=""media/ecom/onpagegraphics/Datasheet.png""></a></p>

<img style=""margin: 5px; width: 100px; height: 123px;"" alt=""vegan logo""
src=""media/ecom/onpagegraphics/vegan.png"">

<img style=""margin: 5px; width: 200px; height: 117px;"" alt=""oeko-tex logo""
src=""media/ecom/onpagegraphics/Oeko-Tex.png"">

</body>

</html>","4902_Black.png","4902_Black.png","INVITEMS","DEFAULT-4902-Black-DEFAULT-4902-Black","","","0","0","0","","1","REGONLY","0","0","0","0","","","","SELECT","SELECT","0","","","","","0","0","","income-service","","","0","0","","","","","Poli_Flex_Turbo","Poli_Flex_Turbo","","","0","Hotronix-Auto-Open-Clam-Heatpress, Weeding_Hook, EZ_LED_Weeder, FLEXOFF, Weeding_Tweezers, Heat_Tape, Tygaflor_Sheet, Olfa_Cutting_Matt_A3, Yellow_Ruler, ","Weeding_Hook, EZ_LED_Weeder, FLEXOFF, Weeding_Tweezers, Heat_Tape, Tygaflor_Sheet, Olfa_Cutting_Matt_A3, Yellow_Ruler, ","A","","","","","Black","Satin","Application & Aftercare Instructions","<style>

table {

margin: 0 auto 0 auto;
}

table, th, td {
  
  border-collapse: collapse;
padding: 5px;
}
th, td {
  padding: 5px;
  text-align: center; 
  width: 100px;
  height: 50px;
  background-color:#009ee3;
  color: white;
  border-left: 5px solid white;
  border-right: 5px solid white;
}

th {
  border-top-color: white;
  font-size: 15px;
}

td {

padding-bottom: 1em;
border-bottom: 5px solid white;
font-size: 20px;
  
</style>



<table id=""data"">
  <tbody><tr>
    <th>PRESS TEMP</th>
<th>PRESS TIME</th>
<th>PRESSURE</th>
<th>EASY WEED</th>
<th>PEEL</th>
  </tr>
  <tr>
    <td>130<sup>o</sup>C<br>150<sup>o</sup>C<br>160<sup>o</sup>C</td>
<td>5 secs<br>4 secs<br>3 secs</td>
<td>Medium<br></td>
<td><span style=""font-size:30px;"">&#10003;</span></td>
<td>Warm</td>
  </tr>

<tr>
    <th>LAYER</th>
<th>REVERSE IMAGE</th>
<th>WASH</th>
<th>TUMBLE DRY</th>
<th>DRY CLEAN</th>
  </tr>
  <tr>
    <td><span style=""font-size:30px;"">&#10003;</span></td>
<td><span style=""font-size:30px;"">&#10003;</span></td>
<td>60<sup>o</sup>C</td>
<td><span style=""font-size:30px; color: white;"">&#10003;</span></td>
<td><span style=""font-size:30px;"">&#10003;</span></td>
  </tr>
  </tbody></table>
","Colour References","<style>

table {

margin: 0 auto 0 auto;
}

table, th, td {
  
  border-collapse: collapse;
padding: 5px;
}
th, td {
  padding: 5px;
  text-align: center; 
  width: 100px;
  height: 50px;
  background-color:#009ee3;
  color: white;
  border-left: 5px solid white;
  border-right: 5px solid white;
}

th {
  border-top-color: white;
  font-size: 15px;
}

td {

padding-bottom: 1em;
border-bottom: 5px solid white;
font-size: 20px;
  
</style>

<table id=""data"">
  <tbody><tr>
    <th>HEX</th>
<th>RGB</th>
<th>CMYK</th>
<th>PANTONE</th>
<th>RAL</th>
  </tr>
  <tr>
    <td>#1D1D1B</td>
<td>5, 5, 5</td>
<td>0, 0, 0, 100</td>
<td>3 C</td>
<td>9017</td>
  </tr>

  </tbody></table>","","","","","Poli-Tape-4902-Black-Turbo-Heat-Transfer-Vinyl","0","HEX #1D1D1B, RGB 5 5 5, CMYK 0 0 0 100, PANTONE 3 C, RAL 9017, POLI FLEX TURBO, POLI TAPE, HTV, HEAT TRANSFER VINYL, 4902, BLACK","","","1575567645","0","","0","","CHECKBOX"
"4903-Neon-Blue","Neon Blue Turbo Heat Transfer Vinyl","4903","Poli-Tape","900","7","DEFAULT","","","","","0","Poli-Tape 4903 Neon Blue Turbo Heat Transfer Vinyl. 500mm wide","<html>

<title><head>Poli-Flex Turbo</head></title>

<body>
<p>Poli-Flex Turbo is a polyurethane transfer film equipped with a special hotmelt for fast application at low temperature.</p>
<p>With super-fast heat pressing times as little as 3 seconds, the Poli-Flex® Turbo is recognised as being the best in class when it comes to coloured HTV.</p>
<p>This super soft PU film can be used on a variety of textiles such as cotton, polyester and blended fabrics such as polyester / acrylic as well as uncoated nylon. Also suitable for smooth wood, leather, cardboard and glass. With its brilliant level of stretch, this range is also perfect for leisure and activewear but the special thing about all products in the Turbo range is the speed and temperature of heat pressing. This dramatically cuts down on the application time, improving both productivity and profitability. This material also comes with an adhesive polyester 100µm liner to aid with safe positioning.</p>
<p>Poli-Flex Turbo is tested to Oeko-Tex 100, which is an international standard that guarantees the safety of apparel decoration, making it safe for use on childrens and pets clothing.</p>
<p><a href=""media/ecom/pdfs/datasheets/TDS_POLI-FLEX TURBO GB.pdf"" target=""_blank""><img style=""border: 0px solid ; width: 200px; height: 60px;"" alt=""Poli-Flex Turbo Datasheet"" src=""media/ecom/onpagegraphics/Datasheet.png""></a></p>

<img style=""margin: 5px; width: 100px; height: 123px;"" alt=""vegan logo""
src=""media/ecom/onpagegraphics/vegan.png"">

<img style=""margin: 5px; width: 200px; height: 117px;"" alt=""oeko-tex logo""
src=""media/ecom/onpagegraphics/Oeko-Tex.png"">

</body>

</html>","4903_Neon_Blue_Turbo_Flex.png","4903_Neon_Blue_Turbo_Flex.png","INVITEMS","DEFAULT-4903-Neon-Blue-DEFAULT-4903-Neon-Blue","","","0","0","0","","1","REGONLY","0","0","0","0","","","","SELECT","SELECT","0","","","","","0","0","","income-service","","","0","0","","","","","Poli_Flex_Turbo","Poli_Flex_Turbo","","","0","Hotronix-Auto-Open-Clam-Heatpress, Weeding_Hook, EZ_LED_Weeder, FLEXOFF, Weeding_Tweezers, Heat_Tape, Tygaflor_Sheet, Olfa_Cutting_Matt_A3, Yellow_Ruler, ","Weeding_Hook, EZ_LED_Weeder, FLEXOFF, Weeding_Tweezers, Heat_Tape, Tygaflor_Sheet, Olfa_Cutting_Matt_A3, Yellow_Ruler, ","A","","","","","Blues, Colours, Neons","Satin","Application & Aftercare Instructions","<style>

table {

margin: 0 auto 0 auto;
}

table, th, td {
  
  border-collapse: collapse;
padding: 5px;
}
th, td {
  padding: 5px;
  text-align: center; 
  width: 100px;
  height: 50px;
  background-color:#009ee3;
  color: white;
  border-left: 5px solid white;
  border-right: 5px solid white;
}

th {
  border-top-color: white;
  font-size: 15px;
}

td {

padding-bottom: 1em;
border-bottom: 5px solid white;
font-size: 20px;
  
</style>



<table id=""data"">
  <tbody><tr>
    <th>PRESS TEMP</th>
<th>PRESS TIME</th>
<th>PRESSURE</th>
<th>EASY WEED</th>
<th>PEEL</th>
  </tr>
  <tr>
    <td>130<sup>o</sup>C<br>150<sup>o</sup>C<br>160<sup>o</sup>C</td>
<td>5 secs<br>4 secs<br>3 secs</td>
<td>Medium<br></td>
<td><span style=""font-size:30px;"">&#10003;</span></td>
<td>Luke Warm</td>
  </tr>

<tr>
    <th>LAYER</th>
<th>REVERSE IMAGE</th>
<th>WASH</th>
<th>TUMBLE DRY</th>
<th>DRY CLEAN</th>
  </tr>
  <tr>
    <td><span style=""font-size:30px;"">&#10005;</span></td>
<td><span style=""font-size:30px;"">&#10003;</span></td>
<td>60<sup>o</sup>C</td>
<td><span style=""font-size:30px; color: white;"">&#10003;</span></td>
<td><span style=""font-size:30px;"">&#10003;</span></td>
  </tr>
  </tbody></table>
","Colour References","<style>

table {

margin: 0 auto 0 auto;
}

table, th, td {
  
  border-collapse: collapse;
padding: 5px;
}
th, td {
  padding: 5px;
  text-align: center; 
  width: 100px;
  height: 50px;
  background-color:#009ee3;
  color: white;
  border-left: 5px solid white;
  border-right: 5px solid white;
}

th {
  border-top-color: white;
  font-size: 15px;
}

td {

padding-bottom: 1em;
border-bottom: 5px solid white;
font-size: 20px;
  
</style>

<table id=""data"">
  <tbody><tr>
    <th>HEX</th>
<th>RGB</th>
<th>CMYK</th>
<th>PANTONE</th>
<th>RAL</th>
  </tr>
  <tr>
    <td>#009EDD</td>
<td>0, 158, 221</td>
<td>76, 21, 0, 0</td>
<td>2925 C</td>
<td>5012</td>
  </tr>

  </tbody></table>




","","","","","Poli-Tape-4903-Neon-Blue-Turbo-Heat-Transfer-Vinyl","0","HEX #009EDD, RGB 0 158 221, CMYK 76 21 0 0, PANTONE 2925 C, RAL 5012, POLI FLEX TURBO, POLI TAPE, HEAT TRANSFER VINYL, HTV, 4903, NEON BLUE","","","1575294747","0","","0","","CHECKBOX"
"4904-Green","Green Turbo Heat Transfer Vinyl","4904","Poli-Tape","310","6","DEFAULT","","","","","0","Poli-Tape 4904 Green Turbo Heat Transfer Vinyl. 500mm wide","<html>

<title><head>Poli-Flex Turbo</head></title>

<body>
<p>Poli-Flex Turbo is a polyurethane transfer film equipped with a special hotmelt for fast application at low temperature.</p>
<p>With super-fast heat pressing times as little as 3 seconds, the Poli-Flex® Turbo is recognised as being the best in class when it comes to coloured HTV.</p>
<p>This super soft PU film can be used on a variety of textiles such as cotton, polyester and blended fabrics such as polyester / acrylic as well as uncoated nylon. Also suitable for smooth wood, leather, cardboard and glass. With its brilliant level of stretch, this range is also perfect for leisure and activewear but the special thing about all products in the Turbo range is the speed and temperature of heat pressing. This dramatically cuts down on the application time, improving both productivity and profitability. This material also comes with an adhesive polyester 100µm liner to aid with safe positioning.</p>
<p>Poli-Flex Turbo is tested to Oeko-Tex 100, which is an international standard that guarantees the safety of apparel decoration, making it safe for use on childrens and pets clothing.</p>
<p><a href=""media/ecom/pdfs/datasheets/TDS_POLI-FLEX TURBO GB.pdf"" target=""_blank""><img style=""border: 0px solid ; width: 200px; height: 60px;"" alt=""Poli-Flex Turbo Datasheet"" src=""media/ecom/onpagegraphics/Datasheet.png""></a></p>

<img style=""margin: 5px; width: 100px; height: 123px;"" alt=""vegan logo""
src=""media/ecom/onpagegraphics/vegan.png"">

<img style=""margin: 5px; width: 200px; height: 117px;"" alt=""oeko-tex logo""
src=""media/ecom/onpagegraphics/Oeko-Tex.png"">

</body>

</html>","4904_Green.png","4904_Green.png","INVITEMS","DEFAULT-4904-Green-DEFAULT-4904-Green","","","0","0","0","","1","REGONLY","0","0","0","0","","","","SELECT","SELECT","0","","","","","0","0","","income-service","","","0","0","","","","","Poli_Flex_Turbo","Poli_Flex_Turbo","","","0","Hotronix-Auto-Open-Clam-Heatpress, Weeding_Hook, EZ_LED_Weeder, FLEXOFF, Weeding_Tweezers, Heat_Tape, Tygaflor_Sheet, Olfa_Cutting_Matt_A3, Yellow_Ruler, ","Weeding_Hook, EZ_LED_Weeder, FLEXOFF, Weeding_Tweezers, Heat_Tape, Tygaflor_Sheet, Olfa_Cutting_Matt_A3, Yellow_Ruler, ","A","","","","","Colours, Greens","Satin","Application & Aftercare Instructions","<style>

table {

margin: 0 auto 0 auto;
}

table, th, td {
  
  border-collapse: collapse;
padding: 5px;
}
th, td {
  padding: 5px;
  text-align: center; 
  width: 100px;
  height: 50px;
  background-color:#009ee3;
  color: white;
  border-left: 5px solid white;
  border-right: 5px solid white;
}

th {
  border-top-color: white;
  font-size: 15px;
}

td {

padding-bottom: 1em;
border-bottom: 5px solid white;
font-size: 20px;
  
</style>



<table id=""data"">
  <tbody><tr>
    <th>PRESS TEMP</th>
<th>PRESS TIME</th>
<th>PRESSURE</th>
<th>EASY WEED</th>
<th>PEEL</th>
  </tr>
  <tr>
    <td>130<sup>o</sup>C<br>150<sup>o</sup>C<br>160<sup>o</sup>C</td>
<td>5 secs<br>4 secs<br>3 secs</td>
<td>Medium<br></td>
<td><span style=""font-size:30px;"">&#10003;</span></td>
<td>Warm</td>
  </tr>

<tr>
    <th>LAYER</th>
<th>REVERSE IMAGE</th>
<th>WASH</th>
<th>TUMBLE DRY</th>
<th>DRY CLEAN</th>
  </tr>
  <tr>
    <td><span style=""font-size:30px;"">&#10003;</span></td>
<td><span style=""font-size:30px;"">&#10003;</span></td>
<td>60<sup>o</sup>C</td>
<td><span style=""font-size:30px; color: white;"">&#10003;</span></td>
<td><span style=""font-size:30px;"">&#10003;</span></td>
  </tr>
  </tbody></table>","Colour References","<style>

table {

margin: 0 auto 0 auto;
}

table, th, td {
  
  border-collapse: collapse;
padding: 5px;
}
th, td {
  padding: 5px;
  text-align: center; 
  width: 100px;
  height: 50px;
  background-color:#009ee3;
  color: white;
  border-left: 5px solid white;
  border-right: 5px solid white;
}

th {
  border-top-color: white;
  font-size: 15px;
}

td {

padding-bottom: 1em;
border-bottom: 5px solid white;
font-size: 20px;
  
</style>

<table id=""data"">
  <tbody><tr>
    <th>HEX</th>
<th>RGB</th>
<th>CMYK</th>
<th>PANTONE</th>
<th>RAL</th>
  </tr>
  <tr>
    <td>#007348</td>
<td>0, 115, 72</td>
<td>88, 29, 82, 17</td>
<td>349 C</td>
<td>6029</td>
  </tr>

  </tbody></table>




","","","","","Poli-Tape-4904-Green-Turbo-Heat-Transfer-Vinyl","0","HEX #007348, RGB 0 115 72, CMYK 88 29 82 17, PANTONE 349 C, RAL 6029, POLI-FLEX TURBO, POLI TAPE, HEAT TRANSFER VINYL ,HTV, 4904, GREEN","","","1576167403","0","","0","","CHECKBOX"
"4905-Navy-Blue","Navy Blue Turbo Heat Transfer Vinyl","4905","Poli-Tape","280","6","DEFAULT","","","","","0","Poli-Tape 4905 Navy Blue Turbo Heat Transfer Vinyl. 500mm wide","<html>

<title><head>Poli-Flex Turbo</head></title>

<body>
<p>Poli-Flex Turbo is a polyurethane transfer film equipped with a special hotmelt for fast application at low temperature.</p>
<p>With super-fast heat pressing times as little as 3 seconds, the Poli-Flex® Turbo is recognised as being the best in class when it comes to coloured HTV.</p>
<p>This super soft PU film can be used on a variety of textiles such as cotton, polyester and blended fabrics such as polyester / acrylic as well as uncoated nylon. Also suitable for smooth wood, leather, cardboard and glass. With its brilliant level of stretch, this range is also perfect for leisure and activewear but the special thing about all products in the Turbo range is the speed and temperature of heat pressing. This dramatically cuts down on the application time, improving both productivity and profitability. This material also comes with an adhesive polyester 100µm liner to aid with safe positioning.</p>
<p>Poli-Flex Turbo is tested to Oeko-Tex 100, which is an international standard that guarantees the safety of apparel decoration, making it safe for use on childrens and pets clothing.</p>
<p><a href=""media/ecom/pdfs/datasheets/TDS_POLI-FLEX TURBO GB.pdf"" target=""_blank""><img style=""border: 0px solid ; width: 200px; height: 60px;"" alt=""Poli-Flex Turbo Datasheet"" src=""media/ecom/onpagegraphics/Datasheet.png""></a></p>

<img style=""margin: 5px; width: 100px; height: 123px;"" alt=""vegan logo""
src=""media/ecom/onpagegraphics/vegan.png"">

<img style=""margin: 5px; width: 200px; height: 117px;"" alt=""oeko-tex logo""
src=""media/ecom/onpagegraphics/Oeko-Tex.png"">

</body>

</html>","4905_Navy_Blue.png","4905_Navy_Blue.png","INVITEMS","DEFAULT-4905-Navy-Blue-DEFAULT-4905-Navy-Blue","","","0","0","0","","1","REGONLY","0","0","0","0","","","","SELECT","SELECT","0","","","","","0","0","","income-service","","","0","0","","","","","Poli_Flex_Turbo","Poli_Flex_Turbo","","","0","Hotronix-Auto-Open-Clam-Heatpress, Weeding_Hook, EZ_LED_Weeder, FLEXOFF, Weeding_Tweezers, Heat_Tape, Tygaflor_Sheet, Olfa_Cutting_Matt_A3, Yellow_Ruler, ","Weeding_Hook, EZ_LED_Weeder, FLEXOFF, Weeding_Tweezers, Heat_Tape, Tygaflor_Sheet, Olfa_Cutting_Matt_A3, Yellow_Ruler, ","A","","","","","Colours, Blues","Satin","Application & Aftercare Instructions","<style>

table {

margin: 0 auto 0 auto;
}

table, th, td {
  
  border-collapse: collapse;
padding: 5px;
}
th, td {
  padding: 5px;
  text-align: center; 
  width: 100px;
  height: 50px;
  background-color:#009ee3;
  color: white;
  border-left: 5px solid white;
  border-right: 5px solid white;
}

th {
  border-top-color: white;
  font-size: 15px;
}

td {

padding-bottom: 1em;
border-bottom: 5px solid white;
font-size: 20px;
  
</style>



<table id=""data"">
  <tbody><tr>
    <th>PRESS TEMP</th>
<th>PRESS TIME</th>
<th>PRESSURE</th>
<th>EASY WEED</th>
<th>PEEL</th>
  </tr>
  <tr>
    <td>130<sup>o</sup>C<br>150<sup>o</sup>C<br>160<sup>o</sup>C</td>
<td>5 secs<br>4 secs<br>3 secs</td>
<td>Medium<br></td>
<td><span style=""font-size:30px;"">&#10003;</span></td>
<td>Warm</td>
  </tr>

<tr>
    <th>LAYER</th>
<th>REVERSE IMAGE</th>
<th>WASH</th>
<th>TUMBLE DRY</th>
<th>DRY CLEAN</th>
  </tr>
  <tr>
    <td><span style=""font-size:30px;"">&#10003;</span></td>
<td><span style=""font-size:30px;"">&#10003;</span></td>
<td>60<sup>o</sup>C</td>
<td><span style=""font-size:30px; color: white;"">&#10003;</span></td>
<td><span style=""font-size:30px;"">&#10003;</span></td>
  </tr>
  </tbody></table>
","Colour References ","<style>

table {

margin: 0 auto 0 auto;
}

table, th, td {
  
  border-collapse: collapse;
padding: 5px;
}
th, td {
  padding: 5px;
  text-align: center; 
  width: 100px;
  height: 50px;
  background-color:#009ee3;
  color: white;
  border-left: 5px solid white;
  border-right: 5px solid white;
}

th {
  border-top-color: white;
  font-size: 15px;
}

td {

padding-bottom: 1em;
border-bottom: 5px solid white;
font-size: 20px;
  
</style>

<table id=""data"">
  <tbody><tr>
    <th>HEX</th>
<th>RGB</th>
<th>CMYK</th>
<th>PANTONE</th>
<th>RAL</th>
  </tr>
  <tr>
    <td>#333D4F</td>
<td>51, 61, 79</td>
<td>82, 67, 45, 43</td>
<td>296 C</td>
<td>5003</td>
  </tr>

  </tbody></table>




","","","","","Poli-Tape-4905-Navy-Blue-Turbo-Heat-Transfer-Vinyl","0","HEX #33D4F, RGB 51 61 79, CMYK 82 67 45 43, PANTONE 296 C, RAL 5003, POLI FLEX TURBO, POLI TAPE, HEAT TRANSFER VINYL, HTV, 4905, NAVY BLUE","","","1576165613","0","","0","","CHECKBOX"
"4906-Royal-Blue","Royal Blue Turbo Heat Transfer Vinyl","4906","Poli-Tape","260","6","DEFAULT","","","","","0","Poli-Tape 4906 Royal Blue Turbo Heat Transfer Vinyl. 500mm wide","<html>

<title><head>Poli-Flex Turbo</head></title>

<body>
<p>Poli-Flex Turbo is a polyurethane transfer film equipped with a special hotmelt for fast application at low temperature.</p>
<p>With super-fast heat pressing times as little as 3 seconds, the Poli-Flex® Turbo is recognised as being the best in class when it comes to coloured HTV.</p>
<p>This super soft PU film can be used on a variety of textiles such as cotton, polyester and blended fabrics such as polyester / acrylic as well as uncoated nylon. Also suitable for smooth wood, leather, cardboard and glass. With its brilliant level of stretch, this range is also perfect for leisure and activewear but the special thing about all products in the Turbo range is the speed and temperature of heat pressing. This dramatically cuts down on the application time, improving both productivity and profitability. This material also comes with an adhesive polyester 100µm liner to aid with safe positioning.</p>
<p>Poli-Flex Turbo is tested to Oeko-Tex 100, which is an international standard that guarantees the safety of apparel decoration, making it safe for use on childrens and pets clothing.</p>
<p><a href=""media/ecom/pdfs/datasheets/TDS_POLI-FLEX TURBO GB.pdf"" target=""_blank""><img style=""border: 0px solid ; width: 200px; height: 60px;"" alt=""Poli-Flex Turbo Datasheet"" src=""media/ecom/onpagegraphics/Datasheet.png""></a></p>

<img style=""margin: 5px; width: 100px; height: 123px;"" alt=""vegan logo""
src=""media/ecom/onpagegraphics/vegan.png"">

<img style=""margin: 5px; width: 200px; height: 117px;"" alt=""oeko-tex logo""
src=""media/ecom/onpagegraphics/Oeko-Tex.png"">

</body>

</html>","4906_Royal_Blue.png","4906_Royal_Blue.png","INVITEMS","DEFAULT-4906-Royal-Blue-DEFAULT-4906-Royal-Blue","","","0","0","0","","1","REGONLY","0","0","0","0","","","","SELECT","SELECT","0","","","","","0","0","","income-service","","","0","0","","","","","Poli_Flex_Turbo","Poli_Flex_Turbo","","","0","Hotronix-Auto-Open-Clam-Heatpress, Weeding_Hook, EZ_LED_Weeder, FLEXOFF, Weeding_Tweezers, Heat_Tape, Tygaflor_Sheet, Olfa_Cutting_Matt_A3, Yellow_Ruler, ","Weeding_Hook, EZ_LED_Weeder, FLEXOFF, Weeding_Tweezers, Heat_Tape, Tygaflor_Sheet, Olfa_Cutting_Matt_A3, Yellow_Ruler, ","A","","","","","Colours, Blues","Satin","Application & Aftercare Instructions","<style>

table {

margin: 0 auto 0 auto;
}

table, th, td {
  
  border-collapse: collapse;
padding: 5px;
}
th, td {
  padding: 5px;
  text-align: center; 
  width: 100px;
  height: 50px;
  background-color:#009ee3;
  color: white;
  border-left: 5px solid white;
  border-right: 5px solid white;
}

th {
  border-top-color: white;
  font-size: 15px;
}

td {

padding-bottom: 1em;
border-bottom: 5px solid white;
font-size: 20px;
  
</style>



<table id=""data"">
  <tbody><tr>
    <th>PRESS TEMP</th>
<th>PRESS TIME</th>
<th>PRESSURE</th>
<th>EASY WEED</th>
<th>PEEL</th>
  </tr>
  <tr>
    <td>130<sup>o</sup>C<br>150<sup>o</sup>C<br>160<sup>o</sup>C</td>
<td>5 secs<br>4 secs<br>3 secs</td>
<td>Medium<br></td>
<td><span style=""font-size:30px;"">&#10003;</span></td>
<td>Warm</td>
  </tr>

<tr>
    <th>LAYER</th>
<th>REVERSE IMAGE</th>
<th>WASH</th>
<th>TUMBLE DRY</th>
<th>DRY CLEAN</th>
  </tr>
  <tr>
    <td><span style=""font-size:30px;"">&#10003;</span></td>
<td><span style=""font-size:30px;"">&#10003;</span></td>
<td>60<sup>o</sup>C</td>
<td><span style=""font-size:30px; color: white;"">&#10003;</span></td>
<td><span style=""font-size:30px;"">&#10003;</span></td>
  </tr>
  </tbody></table>
","Colour References","<style>

table {

margin: 0 auto 0 auto;
}

table, th, td {
  
  border-collapse: collapse;
padding: 5px;
}
th, td {
  padding: 5px;
  text-align: center; 
  width: 100px;
  height: 50px;
  background-color:#009ee3;
  color: white;
  border-left: 5px solid white;
  border-right: 5px solid white;
}

th {
  border-top-color: white;
  font-size: 15px;
}

td {

padding-bottom: 1em;
border-bottom: 5px solid white;
font-size: 20px;
  
</style>

<table id=""data"">
  <tbody><tr>
    <th>HEX</th>
<th>RGB</th>
<th>CMYK</th>
<th>PANTONE</th>
<th>RAL</th>
  </tr>
  <tr>
    <td>#005895</td>
<td>0, 88, 149</td>
<td>95, 63, 14, 2</td>
<td>647 C</td>
<td>5005</td>
  </tr>

  </tbody></table>
","","","","","Poli-Tape-4906-Royal-Blue-Turbo-Heat-Transfer-Vinyl","0","HEX #005895, RGB 0 88 149, CMYK 95 63 14 2, PANTONE 647 C, RAL 5005, POLI FLEX TURBO, POLI TAPE, HEAT TRANSFER VINYL, HTV, 4906, ROYAL BLUE","","","1576165540","0","","0","","CHECKBOX"
"4908-Red","Red Turbo Heat Transfer Vinyl","4908","Poli-Tape","160","6","DEFAULT","","","","","0","Poli-Tape 4908 Red Turbo Heat Transfer Vinyl. 500mm wide","<html>

<title><head>Poli-Flex Turbo</head></title>

<body>
<p>Poli-Flex Turbo is a polyurethane transfer film equipped with a special hotmelt for fast application at low temperature.</p>
<p>With super-fast heat pressing times as little as 3 seconds, the Poli-Flex® Turbo is recognised as being the best in class when it comes to coloured HTV.</p>
<p>This super soft PU film can be used on a variety of textiles such as cotton, polyester and blended fabrics such as polyester / acrylic as well as uncoated nylon. Also suitable for smooth wood, leather, cardboard and glass. With its brilliant level of stretch, this range is also perfect for leisure and activewear but the special thing about all products in the Turbo range is the speed and temperature of heat pressing. This dramatically cuts down on the application time, improving both productivity and profitability. This material also comes with an adhesive polyester 100µm liner to aid with safe positioning.</p>
<p>Poli-Flex Turbo is tested to Oeko-Tex 100, which is an international standard that guarantees the safety of apparel decoration, making it safe for use on childrens and pets clothing.</p>
<p><a href=""media/ecom/pdfs/datasheets/TDS_POLI-FLEX TURBO GB.pdf"" target=""_blank""><img style=""border: 0px solid ; width: 200px; height: 60px;"" alt=""Poli-Flex Turbo Datasheet"" src=""media/ecom/onpagegraphics/Datasheet.png""></a></p>

<img style=""margin: 5px; width: 100px; height: 123px;"" alt=""vegan logo""
src=""media/ecom/onpagegraphics/vegan.png"">

<img style=""margin: 5px; width: 200px; height: 117px;"" alt=""oeko-tex logo""
src=""media/ecom/onpagegraphics/Oeko-Tex.png"">

</body>

</html>","4908_Red.png","4908_Red.png","INVITEMS","DEFAULT-4908-Red-DEFAULT-4908-Red","","","0","0","0","","1","REGONLY","0","0","0","0","","","","SELECT","SELECT","0","","","","","0","0","","income-service","","","0","0","","","","","Poli_Flex_Turbo","Poli_Flex_Turbo","","","0","Hotronix-Auto-Open-Clam-Heatpress, Weeding_Hook, EZ_LED_Weeder, FLEXOFF, Weeding_Tweezers, Heat_Tape, Tygaflor_Sheet, Olfa_Cutting_Matt_A3, Yellow_Ruler, ","Weeding_Hook, EZ_LED_Weeder, FLEXOFF, Weeding_Tweezers, Heat_Tape, Tygaflor_Sheet, Olfa_Cutting_Matt_A3, Yellow_Ruler, ","A","","","","","Colours, Reds","Satin","Application & Aftercare Instructions","<style>

table {

margin: 0 auto 0 auto;
}

table, th, td {
  
  border-collapse: collapse;
padding: 5px;
}
th, td {
  padding: 5px;
  text-align: center; 
  width: 100px;
  height: 50px;
  background-color:#009ee3;
  color: white;
  border-left: 5px solid white;
  border-right: 5px solid white;
}

th {
  border-top-color: white;
  font-size: 15px;
}

td {

padding-bottom: 1em;
border-bottom: 5px solid white;
font-size: 20px;
  
</style>



<table id=""data"">
  <tbody><tr>
    <th>PRESS TEMP</th>
<th>PRESS TIME</th>
<th>PRESSURE</th>
<th>EASY WEED</th>
<th>PEEL</th>
  </tr>
  <tr>
    <td>130<sup>o</sup>C<br>150<sup>o</sup>C<br>160<sup>o</sup>C</td>
<td>5 secs<br>4 secs<br>3 secs</td>
<td>Medium<br></td>
<td><span style=""font-size:30px;"">&#10003;</span></td>
<td>Warm</td>
  </tr>

<tr>
    <th>LAYER</th>
<th>REVERSE IMAGE</th>
<th>WASH</th>
<th>TUMBLE DRY</th>
<th>DRY CLEAN</th>
  </tr>
  <tr>
    <td><span style=""font-size:30px;"">&#10003;</span></td>
<td><span style=""font-size:30px;"">&#10003;</span></td>
<td>60<sup>o</sup>C</td>
<td><span style=""font-size:30px; color: white;"">&#10003;</span></td>
<td><span style=""font-size:30px;"">&#10003;</span></td>
  </tr>
  </tbody></table>
","Colour References","<style>

table {

margin: 0 auto 0 auto;
}

table, th, td {
  
  border-collapse: collapse;
padding: 5px;
}
th, td {
  padding: 5px;
  text-align: center; 
  width: 100px;
  height: 50px;
  background-color:#009ee3;
  color: white;
  border-left: 5px solid white;
  border-right: 5px solid white;
}

th {
  border-top-color: white;
  font-size: 15px;
}

td {

padding-bottom: 1em;
border-bottom: 5px solid white;
font-size: 20px;
  
</style>

<table id=""data"">
  <tbody><tr>
    <th>HEX</th>
<th>RGB</th>
<th>CMYK</th>
<th>PANTONE</th>
<th>RAL</th>
  </tr>
  <tr>
    <td>#CA0928</td>
<td>202, 9, 40</td>
<td>13, 100, 85, 4</td>
<td>49-8 C</td>
<td>3001</td>
  </tr>

  </tbody></table>
","","","","","Poli-Tape-4908-Red-Turbo-Heat-Transfer-Vinyl","0","HEX #CA0928, RGB 202 9 40, CMYK 13 100 85 4, PANTONE 49-8 C, RAL 3001, POLI FLEX TURBO, POLI TAPE, HEAT TRANSFER VINYL, HTV, 4908, RED","","","1576165678","0","","0","","CHECKBOX"
"4909-Bordeaux","Bordeaux Turbo Heat Transfer Vinyl","4909","Poli-Tape","220","6","DEFAULT","","","","","0","Poli-Tape 4909 Bordeaux Turbo Heat Transfer Vinyl. 500mm wide","<html>

<title><head>Poli-Flex Turbo</head></title>

<body>
<p>Poli-Flex Turbo is a polyurethane transfer film equipped with a special hotmelt for fast application at low temperature.</p>
<p>With super-fast heat pressing times as little as 3 seconds, the Poli-Flex® Turbo is recognised as being the best in class when it comes to coloured HTV.</p>
<p>This super soft PU film can be used on a variety of textiles such as cotton, polyester and blended fabrics such as polyester / acrylic as well as uncoated nylon. Also suitable for smooth wood, leather, cardboard and glass. With its brilliant level of stretch, this range is also perfect for leisure and activewear but the special thing about all products in the Turbo range is the speed and temperature of heat pressing. This dramatically cuts down on the application time, improving both productivity and profitability. This material also comes with an adhesive polyester 100µm liner to aid with safe positioning.</p>
<p>Poli-Flex Turbo is tested to Oeko-Tex 100, which is an international standard that guarantees the safety of apparel decoration, making it safe for use on childrens and pets clothing.</p>
<p><a href=""media/ecom/pdfs/datasheets/TDS_POLI-FLEX TURBO GB.pdf"" target=""_blank""><img style=""border: 0px solid ; width: 200px; height: 60px;"" alt=""Poli-Flex Turbo Datasheet"" src=""media/ecom/onpagegraphics/Datasheet.png""></a></p>

<img style=""margin: 5px; width: 100px; height: 123px;"" alt=""vegan logo""
src=""media/ecom/onpagegraphics/vegan.png"">

<img style=""margin: 5px; width: 200px; height: 117px;"" alt=""oeko-tex logo""
src=""media/ecom/onpagegraphics/Oeko-Tex.png"">

</body>

</html>","4909_Bordeaux.png","4909_Bordeaux.png","INVITEMS","DEFAULT-4909-Bordeaux-DEFAULT-4909-Bordeaux","","","0","0","0","","1","REGONLY","0","0","0","0","","","","SELECT","SELECT","0","","","","","0","0","","income-service","","","0","0","","","","","Poli_Flex_Turbo","Poli_Flex_Turbo","","","0","Hotronix-Auto-Open-Clam-Heatpress, Weeding_Hook, EZ_LED_Weeder, FLEXOFF, Weeding_Tweezers, Heat_Tape, Tygaflor_Sheet, Olfa_Cutting_Matt_A3, Yellow_Ruler, ","Weeding_Hook, EZ_LED_Weeder, FLEXOFF, Weeding_Tweezers, Heat_Tape, Tygaflor_Sheet, Olfa_Cutting_Matt_A3, Yellow_Ruler, ","A","","","","","Colours, Reds","Satin","Application & Aftercare Instructions","<style>

table {

margin: 0 auto 0 auto;
}

table, th, td {
  
  border-collapse: collapse;
padding: 5px;
}
th, td {
  padding: 5px;
  text-align: center; 
  width: 100px;
  height: 50px;
  background-color:#009ee3;
  color: white;
  border-left: 5px solid white;
  border-right: 5px solid white;
}

th {
  border-top-color: white;
  font-size: 15px;
}

td {

padding-bottom: 1em;
border-bottom: 5px solid white;
font-size: 20px;
  
</style>



<table id=""data"">
  <tbody><tr>
    <th>PRESS TEMP</th>
<th>PRESS TIME</th>
<th>PRESSURE</th>
<th>EASY WEED</th>
<th>PEEL</th>
  </tr>
  <tr>
    <td>130<sup>o</sup>C<br>150<sup>o</sup>C<br>160<sup>o</sup>C</td>
<td>5 secs<br>4 secs<br>3 secs</td>
<td>Medium<br></td>
<td><span style=""font-size:30px;"">&#10003;</span></td>
<td>Warm</td>
  </tr>

<tr>
    <th>LAYER</th>
<th>REVERSE IMAGE</th>
<th>WASH</th>
<th>TUMBLE DRY</th>
<th>DRY CLEAN</th>
  </tr>
  <tr>
    <td><span style=""font-size:30px;"">&#10003;</span></td>
<td><span style=""font-size:30px;"">&#10003;</span></td>
<td>60<sup>o</sup>C</td>
<td><span style=""font-size:30px; color: white;"">&#10003;</span></td>
<td><span style=""font-size:30px;"">&#10003;</span></td>
  </tr>
  </tbody></table>
","Colour References","<style>

table {

margin: 0 auto 0 auto;
}

table, th, td {
  
  border-collapse: collapse;
padding: 5px;
}
th, td {
  padding: 5px;
  text-align: center; 
  width: 100px;
  height: 50px;
  background-color:#009ee3;
  color: white;
  border-left: 5px solid white;
  border-right: 5px solid white;
}

th {
  border-top-color: white;
  font-size: 15px;
}

td {

padding-bottom: 1em;
border-bottom: 5px solid white;
font-size: 20px;
  
</style>

<table id=""data"">
  <tbody><tr>
    <th>HEX</th>
<th>RGB</th>
<th>CMYK</th>
<th>PANTONE</th>
<th>RAL</th>
  </tr>
  <tr>
    <td>#71273b</td>
<td>113, 39, 59</td>
<td>30,86, 44, 51</td>
<td>19-1930 TCX</td>
<td>3004</td>
  </tr>

  </tbody></table>
","","","","","Poli-Tape-4909-Bordeaux-Turbo-Heat-Transfer-Vinyl","0","HEX #717273B, RGB 113 39 59, CMYK 30 86 44 51, PANTONE 19-1930 TCX, RAL 3004, POLI FLEX TURBO, POLI TAPE, HEAT TRANSFER VINYL, HTV, 4909, BORDEAUX","","","1576777739","0","","0","","CHECKBOX"
"4910-Yellow","Yellow Turbo Heat Transfer Vinyl","4910","Poli-Tape","120","6","DEFAULT","","","","","0","Poli-Tape 4910 Yellow Turbo Heat Transfer Vinyl. 500mm wide","<html>

<title><head>Poli-Flex Turbo</head></title>

<body>
<p>Poli-Flex Turbo is a polyurethane transfer film equipped with a special hotmelt for fast application at low temperature.</p>
<p>With super-fast heat pressing times as little as 3 seconds, the Poli-Flex® Turbo is recognised as being the best in class when it comes to coloured HTV.</p>
<p>This super soft PU film can be used on a variety of textiles such as cotton, polyester and blended fabrics such as polyester / acrylic as well as uncoated nylon. Also suitable for smooth wood, leather, cardboard and glass. With its brilliant level of stretch, this range is also perfect for leisure and activewear but the special thing about all products in the Turbo range is the speed and temperature of heat pressing. This dramatically cuts down on the application time, improving both productivity and profitability. This material also comes with an adhesive polyester 100µm liner to aid with safe positioning.</p>
<p>Poli-Flex Turbo is tested to Oeko-Tex 100, which is an international standard that guarantees the safety of apparel decoration, making it safe for use on childrens and pets clothing.</p>
<p><a href=""media/ecom/pdfs/datasheets/TDS_POLI-FLEX TURBO GB.pdf"" target=""_blank""><img style=""border: 0px solid ; width: 200px; height: 60px;"" alt=""Poli-Flex Turbo Datasheet"" src=""media/ecom/onpagegraphics/Datasheet.png""></a></p>

<img style=""margin: 5px; width: 100px; height: 123px;"" alt=""vegan logo""
src=""media/ecom/onpagegraphics/vegan.png"">

<img style=""margin: 5px; width: 200px; height: 117px;"" alt=""oeko-tex logo""
src=""media/ecom/onpagegraphics/Oeko-Tex.png"">

</body>

</html>","4910_Yellow.png","4910_Yellow.png","INVITEMS","DEFAULT-4910-Yellow-DEFAULT-4910-Yellow","","","0","0","0","","1","REGONLY","0","0","0","0","","","","SELECT","SELECT","0","","","","","0","0","","income-service","","","0","0","","","","","Poli_Flex_Turbo","Poli_Flex_Turbo","","","0","Hotronix-Auto-Open-Clam-Heatpress, Weeding_Hook, EZ_LED_Weeder, FLEXOFF, Weeding_Tweezers, Heat_Tape, Tygaflor_Sheet, Olfa_Cutting_Matt_A3, Yellow_Ruler, ","Weeding_Hook, EZ_LED_Weeder, FLEXOFF, Weeding_Tweezers, Heat_Tape, Tygaflor_Sheet, Olfa_Cutting_Matt_A3, Yellow_Ruler, ","A","","","","","Colours, Yellows","Satin","Application & Aftercare Instructions","<style>

table {

margin: 0 auto 0 auto;
}

table, th, td {
  
  border-collapse: collapse;
padding: 5px;
}
th, td {
  padding: 5px;
  text-align: center; 
  width: 100px;
  height: 50px;
  background-color:#009ee3;
  color: white;
  border-left: 5px solid white;
  border-right: 5px solid white;
}

th {
  border-top-color: white;
  font-size: 15px;
}

td {

padding-bottom: 1em;
border-bottom: 5px solid white;
font-size: 20px;
  
</style>



<table id=""data"">
  <tbody><tr>
    <th>PRESS TEMP</th>
<th>PRESS TIME</th>
<th>PRESSURE</th>
<th>EASY WEED</th>
<th>PEEL</th>
  </tr>
  <tr>
    <td>130<sup>o</sup>C<br>150<sup>o</sup>C<br>160<sup>o</sup>C</td>
<td>5 secs<br>4 secs<br>3 secs</td>
<td>Medium<br></td>
<td><span style=""font-size:30px;"">&#10003;</span></td>
<td>Warm</td>
  </tr>

<tr>
    <th>LAYER</th>
<th>REVERSE IMAGE</th>
<th>WASH</th>
<th>TUMBLE DRY</th>
<th>DRY CLEAN</th>
  </tr>
  <tr>
    <td><span style=""font-size:30px;"">&#10003;</span></td>
<td><span style=""font-size:30px;"">&#10003;</span></td>
<td>60<sup>o</sup>C</td>
<td><span style=""font-size:30px; color: white;"">&#10003;</span></td>
<td><span style=""font-size:30px;"">&#10003;</span></td>
  </tr>
  </tbody></table>
","Colour References","<style>

table {

margin: 0 auto 0 auto;
}

table, th, td {
  
  border-collapse: collapse;
padding: 5px;
}
th, td {
  padding: 5px;
  text-align: center; 
  width: 100px;
  height: 50px;
  background-color:#009ee3;
  color: white;
  border-left: 5px solid white;
  border-right: 5px solid white;
}

th {
  border-top-color: white;
  font-size: 15px;
}

td {

padding-bottom: 1em;
border-bottom: 5px solid white;
font-size: 20px;
  
</style>

<table id=""data"">
  <tbody><tr>
    <th>HEX</th>
<th>RGB</th>
<th>CMYK</th>
<th>PANTONE</th>
<th>RAL</th>
  </tr>
  <tr>
    <td>#F8AA27</td>
<td>248, 170, 39</td>
<td>0, 39, 89, 0</td>
<td>1235 C</td>
<td>1033</td>
  </tr>

  </tbody></table>
","","","","","Poli-Tape-4910-Yellow-Turbo-Heat-Transfer-Vinyl","0","HEX #F8AA27, RGB 248 170 39, CMYK 0 39 89 0, PANTONE 1235 C, RAL 1033, POLI FLEX TURBO, POLI TAPE, HEAT TRANSFER VINYL, HTV, 4910, YELLOW","","","1576160240","0","","0","","CHECKBOX"
"4912-Grey","Grey Turbo Heat Transfer Vinyl","4912","Poli-Tape","30","6","DEFAULT","","","","","0","Poli-Tape 4912 Grey Turbo Heat Transfer Vinyl. 500mm wide","<html>

<title><head>Poli-Flex Turbo</head></title>

<body>
<p>Poli-Flex Turbo is a polyurethane transfer film equipped with a special hotmelt for fast application at low temperature.</p>
<p>With super-fast heat pressing times as little as 3 seconds, the Poli-Flex® Turbo is recognised as being the best in class when it comes to coloured HTV.</p>
<p>This super soft PU film can be used on a variety of textiles such as cotton, polyester and blended fabrics such as polyester / acrylic as well as uncoated nylon. Also suitable for smooth wood, leather, cardboard and glass. With its brilliant level of stretch, this range is also perfect for leisure and activewear but the special thing about all products in the Turbo range is the speed and temperature of heat pressing. This dramatically cuts down on the application time, improving both productivity and profitability. This material also comes with an adhesive polyester 100µm liner to aid with safe positioning.</p>
<p>Poli-Flex Turbo is tested to Oeko-Tex 100, which is an international standard that guarantees the safety of apparel decoration, making it safe for use on childrens and pets clothing.</p>
<p><a href=""media/ecom/pdfs/datasheets/TDS_POLI-FLEX TURBO GB.pdf"" target=""_blank""><img style=""border: 0px solid ; width: 200px; height: 60px;"" alt=""Poli-Flex Turbo Datasheet"" src=""media/ecom/onpagegraphics/Datasheet.png""></a></p>

<img style=""margin: 5px; width: 100px; height: 123px;"" alt=""vegan logo""
src=""media/ecom/onpagegraphics/vegan.png"">

<img style=""margin: 5px; width: 200px; height: 117px;"" alt=""oeko-tex logo""
src=""media/ecom/onpagegraphics/Oeko-Tex.png"">

</body>

</html>","4912_Grey.png","4912_Grey.png","INVITEMS","DEFAULT-4912-Grey-DEFAULT-4912-Grey","","","0","0","0","","1","REGONLY","0","0","0","0","","","","SELECT","SELECT","0","","","","","0","0","","income-service","","","0","0","","","","","Poli_Flex_Turbo","Poli_Flex_Turbo","","","0","Hotronix-Auto-Open-Clam-Heatpress, Weeding_Hook, EZ_LED_Weeder, FLEXOFF, Weeding_Tweezers, Heat_Tape, Tygaflor_Sheet, Olfa_Cutting_Matt_A3, Yellow_Ruler, ","Weeding_Hook, EZ_LED_Weeder, FLEXOFF, Weeding_Tweezers, Heat_Tape, Tygaflor_Sheet, Olfa_Cutting_Matt_A3, Yellow_Ruler, ","A","","","","","Colours, Greys","Satin","Application & Aftercare Instructions","<style>

table {

margin: 0 auto 0 auto;
}

table, th, td {
  
  border-collapse: collapse;
padding: 5px;
}
th, td {
  padding: 5px;
  text-align: center; 
  width: 100px;
  height: 50px;
  background-color:#009ee3;
  color: white;
  border-left: 5px solid white;
  border-right: 5px solid white;
}

th {
  border-top-color: white;
  font-size: 15px;
}

td {

padding-bottom: 1em;
border-bottom: 5px solid white;
font-size: 20px;
  
</style>



<table id=""data"">
  <tbody><tr>
    <th>PRESS TEMP</th>
<th>PRESS TIME</th>
<th>PRESSURE</th>
<th>EASY WEED</th>
<th>PEEL</th>
  </tr>
  <tr>
    <td>130<sup>o</sup>C<br>150<sup>o</sup>C<br>160<sup>o</sup>C</td>
<td>5 secs<br>4 secs<br>3 secs</td>
<td>Medium<br></td>
<td><span style=""font-size:30px;"">&#10003;</span></td>
<td>Warm</td>
  </tr>

<tr>
    <th>LAYER</th>
<th>REVERSE IMAGE</th>
<th>WASH</th>
<th>TUMBLE DRY</th>
<th>DRY CLEAN</th>
  </tr>
  <tr>
    <td><span style=""font-size:30px;"">&#10003;</span></td>
<td><span style=""font-size:30px;"">&#10003;</span></td>
<td>60<sup>o</sup>C</td>
<td><span style=""font-size:30px; color: white;"">&#10003;</span></td>
<td><span style=""font-size:30px;"">&#10003;</span></td>
  </tr>
  </tbody></table>
","Colour References","<style>

table {

margin: 0 auto 0 auto;
}

table, th, td {
  
  border-collapse: collapse;
padding: 5px;
}
th, td {
  padding: 5px;
  text-align: center; 
  width: 100px;
  height: 50px;
  background-color:#009ee3;
  color: white;
  border-left: 5px solid white;
  border-right: 5px solid white;
}

th {
  border-top-color: white;
  font-size: 15px;
}

td {

padding-bottom: 1em;
border-bottom: 5px solid white;
font-size: 20px;
  
</style>

<table id=""data"">
  <tbody><tr>
    <th>HEX</th>
<th>RGB</th>
<th>CMYK</th>
<th>PANTONE</th>
<th>RAL</th>
  </tr>
  <tr>
    <td>#7A7D7F</td>
<td>122, 125, 127</td>
<td>50, 40, 38, 21</td>
<td>430 C</td>
<td>9023</td>
  </tr>

  </tbody></table>
","","","","","Poli-Tape-4912-Grey-Turbo-Heat-Transfer-Vinyl","0","HEX #7A7D7F, RGB 122 125 127, CMYK 50 40 38 21, PANTONE 430 C, RAL 9023, POLI FLEX TURBO, POLI TAPE, HEAT TRANSFER VINYL, HTV, 4912, GREY","","","1576160172","0","","0","","CHECKBOX"
"4914-Purple","Purple Turbo Heat Transfer Vinyl","4914","Poli-Tape","240","6","DEFAULT","","","","","0","Poli-Tape 4914 Purple Turbo Heat Transfer Vinyl. 500mm wide","<html>

<title><head>Poli-Flex Turbo</head></title>

<body>
<p>Poli-Flex Turbo is a polyurethane transfer film equipped with a special hotmelt for fast application at low temperature.</p>
<p>With super-fast heat pressing times as little as 3 seconds, the Poli-Flex® Turbo is recognised as being the best in class when it comes to coloured HTV.</p>
<p>This super soft PU film can be used on a variety of textiles such as cotton, polyester and blended fabrics such as polyester / acrylic as well as uncoated nylon. Also suitable for smooth wood, leather, cardboard and glass. With its brilliant level of stretch, this range is also perfect for leisure and activewear but the special thing about all products in the Turbo range is the speed and temperature of heat pressing. This dramatically cuts down on the application time, improving both productivity and profitability. This material also comes with an adhesive polyester 100µm liner to aid with safe positioning.</p>
<p>Poli-Flex Turbo is tested to Oeko-Tex 100, which is an international standard that guarantees the safety of apparel decoration, making it safe for use on childrens and pets clothing.</p>
<p><a href=""media/ecom/pdfs/datasheets/TDS_POLI-FLEX TURBO GB.pdf"" target=""_blank""><img style=""border: 0px solid ; width: 200px; height: 60px;"" alt=""Poli-Flex Turbo Datasheet"" src=""media/ecom/onpagegraphics/Datasheet.png""></a></p>

<img style=""margin: 5px; width: 100px; height: 123px;"" alt=""vegan logo""
src=""media/ecom/onpagegraphics/vegan.png"">

<img style=""margin: 5px; width: 200px; height: 117px;"" alt=""oeko-tex logo""
src=""media/ecom/onpagegraphics/Oeko-Tex.png"">

</body>

</html>","4914_Purple.png","4914_Purple.png","INVITEMS","DEFAULT-4914-Purple-DEFAULT-4914-Purple","","","0","0","0","","1","REGONLY","0","0","0","0","","","","SELECT","SELECT","0","","","","","0","0","","income-service","","","0","0","","","","","Poli_Flex_Turbo","Poli_Flex_Turbo","","","0","Hotronix-Auto-Open-Clam-Heatpress, Weeding_Hook, EZ_LED_Weeder, FLEXOFF, Weeding_Tweezers, Heat_Tape, Tygaflor_Sheet, Olfa_Cutting_Matt_A3, Yellow_Ruler, ","Weeding_Hook, EZ_LED_Weeder, FLEXOFF, Weeding_Tweezers, Heat_Tape, Tygaflor_Sheet, Olfa_Cutting_Matt_A3, Yellow_Ruler, ","A","","","","","Colours, Reds, Blues","Satin","Application & Aftercare Instructions","<style>

table {

margin: 0 auto 0 auto;
}

table, th, td {
  
  border-collapse: collapse;
padding: 5px;
}
th, td {
  padding: 5px;
  text-align: center; 
  width: 100px;
  height: 50px;
  background-color:#009ee3;
  color: white;
  border-left: 5px solid white;
  border-right: 5px solid white;
}

th {
  border-top-color: white;
  font-size: 15px;
}

td {

padding-bottom: 1em;
border-bottom: 5px solid white;
font-size: 20px;
  
</style>



<table id=""data"">
  <tbody><tr>
    <th>PRESS TEMP</th>
<th>PRESS TIME</th>
<th>PRESSURE</th>
<th>EASY WEED</th>
<th>PEEL</th>
  </tr>
  <tr>
    <td>130<sup>o</sup>C<br>150<sup>o</sup>C<br>160<sup>o</sup>C</td>
<td>5 secs<br>4 secs<br>3 secs</td>
<td>Medium<br></td>
<td><span style=""font-size:30px;"">&#10003;</span></td>
<td>Warm</td>
  </tr>

<tr>
    <th>LAYER</th>
<th>REVERSE IMAGE</th>
<th>WASH</th>
<th>TUMBLE DRY</th>
<th>DRY CLEAN</th>
  </tr>
  <tr>
    <td><span style=""font-size:30px;"">&#10003;</span></td>
<td><span style=""font-size:30px;"">&#10003;</span></td>
<td>60<sup>o</sup>C</td>
<td><span style=""font-size:30px; color: white;"">&#10003;</span></td>
<td><span style=""font-size:30px;"">&#10003;</span></td>
  </tr>
  </tbody></table>
","Colour References","<style>

table {

margin: 0 auto 0 auto;
}

table, th, td {
  
  border-collapse: collapse;
padding: 5px;
}
th, td {
  padding: 5px;
  text-align: center; 
  width: 100px;
  height: 50px;
  background-color:#009ee3;
  color: white;
  border-left: 5px solid white;
  border-right: 5px solid white;
}

th {
  border-top-color: white;
  font-size: 15px;
}

td {

padding-bottom: 1em;
border-bottom: 5px solid white;
font-size: 20px;
  
</style>

<table id=""data"">
  <tbody><tr>
    <th>HEX</th>
<th>RGB</th>
<th>CMYK</th>
<th>PANTONE</th>
<th>RAL</th>
  </tr>
  <tr>
    <td>#494885</td>
<td>73, 72, 133</td>
<td>84, 77, 16, 4</td>
<td>273 C</td>
<td>300 30 40</td>
  </tr>

  </tbody></table>","","","","","Poli-Tape-4914-Purple-Turbo-Heat-Transfer-Vinyl","0","HEX #494885, RGB 73 72 133, CMYK 84 77 16 4, PANTONE 273 C, RAL 300 30 40, POLI FLEX TURBO, POLI TAPE, HEAT TRANSFER VINYL, HTV, 4914, PURPLE","","","1576160092","0","","0","","CHECKBOX"
"4915-Orange","Orange Turbo Heat Transfer Vinyl","4915","Poli-Tape","130","6","DEFAULT","","","","","0","Poli-Tape 4915 Orange Turbo Heat Transfer Vinyl. 500mm wide","<html>

<title><head>Poli-Flex Turbo</head></title>

<body>
<p>Poli-Flex Turbo is a polyurethane transfer film equipped with a special hotmelt for fast application at low temperature.</p>
<p>With super-fast heat pressing times as little as 3 seconds, the Poli-Flex® Turbo is recognised as being the best in class when it comes to coloured HTV.</p>
<p>This super soft PU film can be used on a variety of textiles such as cotton, polyester and blended fabrics such as polyester / acrylic as well as uncoated nylon. Also suitable for smooth wood, leather, cardboard and glass. With its brilliant level of stretch, this range is also perfect for leisure and activewear but the special thing about all products in the Turbo range is the speed and temperature of heat pressing. This dramatically cuts down on the application time, improving both productivity and profitability. This material also comes with an adhesive polyester 100µm liner to aid with safe positioning.</p>
<p>Poli-Flex Turbo is tested to Oeko-Tex 100, which is an international standard that guarantees the safety of apparel decoration, making it safe for use on childrens and pets clothing.</p>
<p><a href=""media/ecom/pdfs/datasheets/TDS_POLI-FLEX TURBO GB.pdf"" target=""_blank""><img style=""border: 0px solid ; width: 200px; height: 60px;"" alt=""Poli-Flex Turbo Datasheet"" src=""media/ecom/onpagegraphics/Datasheet.png""></a></p>

<img style=""margin: 5px; width: 100px; height: 123px;"" alt=""vegan logo""
src=""media/ecom/onpagegraphics/vegan.png"">

<img style=""margin: 5px; width: 200px; height: 117px;"" alt=""oeko-tex logo""
src=""media/ecom/onpagegraphics/Oeko-Tex.png"">

</body>

</html>","4915_Orange.png","4915_Orange.png","INVITEMS","DEFAULT-4915-Orange-DEFAULT-4915-Orange","","","0","0","0","","1","REGONLY","0","0","0","0","","","","SELECT","SELECT","0","","","","","0","0","","income-service","","","0","0","","","","","Poli_Flex_Turbo","Poli_Flex_Turbo","","","0","Hotronix-Auto-Open-Clam-Heatpress, Weeding_Hook, EZ_LED_Weeder, FLEXOFF, Weeding_Tweezers, Heat_Tape, Tygaflor_Sheet, Olfa_Cutting_Matt_A3, Yellow_Ruler, ","Weeding_Hook, EZ_LED_Weeder, FLEXOFF, Weeding_Tweezers, Heat_Tape, Tygaflor_Sheet, Olfa_Cutting_Matt_A3, Yellow_Ruler, ","A","","","","","Colours, Oranges","Satin","Application & Aftercare Instructions","<style>

table {

margin: 0 auto 0 auto;
}

table, th, td {
  
  border-collapse: collapse;
padding: 5px;
}
th, td {
  padding: 5px;
  text-align: center; 
  width: 100px;
  height: 50px;
  background-color:#009ee3;
  color: white;
  border-left: 5px solid white;
  border-right: 5px solid white;
}

th {
  border-top-color: white;
  font-size: 15px;
}

td {

padding-bottom: 1em;
border-bottom: 5px solid white;
font-size: 20px;
  
</style>



<table id=""data"">
  <tbody><tr>
    <th>PRESS TEMP</th>
<th>PRESS TIME</th>
<th>PRESSURE</th>
<th>EASY WEED</th>
<th>PEEL</th>
  </tr>
  <tr>
    <td>130<sup>o</sup>C<br>150<sup>o</sup>C<br>160<sup>o</sup>C</td>
<td>5 secs<br>4 secs<br>3 secs</td>
<td>Medium<br></td>
<td><span style=""font-size:30px;"">&#10003;</span></td>
<td>Warm</td>
  </tr>

<tr>
    <th>LAYER</th>
<th>REVERSE IMAGE</th>
<th>WASH</th>
<th>TUMBLE DRY</th>
<th>DRY CLEAN</th>
  </tr>
  <tr>
    <td><span style=""font-size:30px;"">&#10003;</span></td>
<td><span style=""font-size:30px;"">&#10003;</span></td>
<td>60<sup>o</sup>C</td>
<td><span style=""font-size:30px; color: white;"">&#10003;</span></td>
<td><span style=""font-size:30px;"">&#10003;</span></td>
  </tr>
  </tbody></table>
","Colour References","<style>

table {

margin: 0 auto 0 auto;
}

table, th, td {
  
  border-collapse: collapse;
padding: 5px;
}
th, td {
  padding: 5px;
  text-align: center; 
  width: 100px;
  height: 50px;
  background-color:#009ee3;
  color: white;
  border-left: 5px solid white;
  border-right: 5px solid white;
}

th {
  border-top-color: white;
  font-size: 15px;
}

td {

padding-bottom: 1em;
border-bottom: 5px solid white;
font-size: 20px;
  
</style>

<table id=""data"">
  <tbody><tr>
    <th>HEX</th>
<th>RGB</th>
<th>CMYK</th>
<th>PANTONE</th>
<th>RAL</th>
  </tr>
  <tr>
    <td>#ED6E15</td>
<td>237, 110, 21</td>
<td>0, 67, 96, 0</td>
<td>30-8 C</td>
<td>2004</td>
  </tr>

  </tbody></table>
","","","","","Poli-Tape-4915-Orange-Turbo-Heat-Transfer-Vinyl","0","HEX #ED6E15, RGB 237 110 21, CMYK 0 67 96 0, PANTONE 30-8 C, RAL 2004, POLI FLEX TURBO, POLI TAPE, HEAT TRANSFER VINYL, HTV, 4915, ORANGE","","","1576088857","0","","0","","CHECKBOX"
"4916-Brown","Brown Turbo Heat Transfer Vinyl","4916","Poli-Tape","360","6","DEFAULT","","","","","0","Poli-Tape 4916 Brown Turbo Heat Transfer Vinyl. 500mm wide","<html>

<title><head>Poli-Flex Turbo</head></title>

<body>
<p>Poli-Flex Turbo is a polyurethane transfer film equipped with a special hotmelt for fast application at low temperature.</p>
<p>With super-fast heat pressing times as little as 3 seconds, the Poli-Flex® Turbo is recognised as being the best in class when it comes to coloured HTV.</p>
<p>This super soft PU film can be used on a variety of textiles such as cotton, polyester and blended fabrics such as polyester / acrylic as well as uncoated nylon. Also suitable for smooth wood, leather, cardboard and glass. With its brilliant level of stretch, this range is also perfect for leisure and activewear but the special thing about all products in the Turbo range is the speed and temperature of heat pressing. This dramatically cuts down on the application time, improving both productivity and profitability. This material also comes with an adhesive polyester 100µm liner to aid with safe positioning.</p>
<p>Poli-Flex Turbo is tested to Oeko-Tex 100, which is an international standard that guarantees the safety of apparel decoration, making it safe for use on childrens and pets clothing.</p>
<p><a href=""media/ecom/pdfs/datasheets/TDS_POLI-FLEX TURBO GB.pdf"" target=""_blank""><img style=""border: 0px solid ; width: 200px; height: 60px;"" alt=""Poli-Flex Turbo Datasheet"" src=""media/ecom/onpagegraphics/Datasheet.png""></a></p>

<img style=""margin: 5px; width: 100px; height: 123px;"" alt=""vegan logo""
src=""media/ecom/onpagegraphics/vegan.png"">

<img style=""margin: 5px; width: 200px; height: 117px;"" alt=""oeko-tex logo""
src=""media/ecom/onpagegraphics/Oeko-Tex.png"">

</body>

</html>","4916_Brown.png","4916_Brown.png","INVITEMS","DEFAULT-4916-Brown-DEFAULT-4916-Brown","","","0","0","0","","1","REGONLY","0","0","0","0","","","","SELECT","SELECT","0","","","","","0","0","","income-service","","","0","0","","","","","Poli_Flex_Turbo","Poli_Flex_Turbo","","","0","Hotronix-Auto-Open-Clam-Heatpress, Weeding_Hook, EZ_LED_Weeder, FLEXOFF, Weeding_Tweezers, Heat_Tape, Tygaflor_Sheet, Olfa_Cutting_Matt_A3, Yellow_Ruler, ","Weeding_Hook, EZ_LED_Weeder, FLEXOFF, Weeding_Tweezers, Heat_Tape, Tygaflor_Sheet, Olfa_Cutting_Matt_A3, Yellow_Ruler, ","A","","","","","Colours, Browns","Satin","Application & Aftercare Instructions","<style>

table {

margin: 0 auto 0 auto;
}

table, th, td {
  
  border-collapse: collapse;
padding: 5px;
}
th, td {
  padding: 5px;
  text-align: center; 
  width: 100px;
  height: 50px;
  background-color:#009ee3;
  color: white;
  border-left: 5px solid white;
  border-right: 5px solid white;
}

th {
  border-top-color: white;
  font-size: 15px;
}

td {

padding-bottom: 1em;
border-bottom: 5px solid white;
font-size: 20px;
  
</style>



<table id=""data"">
  <tbody><tr>
    <th>PRESS TEMP</th>
<th>PRESS TIME</th>
<th>PRESSURE</th>
<th>EASY WEED</th>
<th>PEEL</th>
  </tr>
  <tr>
    <td>130<sup>o</sup>C<br>150<sup>o</sup>C<br>160<sup>o</sup>C</td>
<td>5 secs<br>4 secs<br>3 secs</td>
<td>Medium<br></td>
<td><span style=""font-size:30px;"">&#10003;</span></td>
<td>Warm</td>
  </tr>

<tr>
    <th>LAYER</th>
<th>REVERSE IMAGE</th>
<th>WASH</th>
<th>TUMBLE DRY</th>
<th>DRY CLEAN</th>
  </tr>
  <tr>
    <td><span style=""font-size:30px;"">&#10003;</span></td>
<td><span style=""font-size:30px;"">&#10003;</span></td>
<td>60<sup>o</sup>C</td>
<td><span style=""font-size:30px; color: white;"">&#10003;</span></td>
<td><span style=""font-size:30px;"">&#10003;</span></td>
  </tr>
  </tbody></table>
","Colour References","<style>

table {

margin: 0 auto 0 auto;
}

table, th, td {
  
  border-collapse: collapse;
padding: 5px;
}
th, td {
  padding: 5px;
  text-align: center; 
  width: 100px;
  height: 50px;
  background-color:#009ee3;
  color: white;
  border-left: 5px solid white;
  border-right: 5px solid white;
}

th {
  border-top-color: white;
  font-size: 15px;
}

td {

padding-bottom: 1em;
border-bottom: 5px solid white;
font-size: 20px;
  
</style>

<table id=""data"">
  <tbody><tr>
    <th>HEX</th>
<th>RGB</th>
<th>CMYK</th>
<th>PANTONE</th>
<th>RAL</th>
  </tr>
  <tr>
    <td>#4C3B34</td>
<td>76, 59, 52</td>
<td>49, 57, 58, 64</td>
<td>7533 C</td>
<td>330-6</td>
  </tr>

  </tbody></table>
","","","","","Poli-Tape-4916-Brown-Turbo-Heat-Transfer-Vinyl","0","HEX #4C3B34, RGB 76 59 52, CMYK 49 57 58 64, PANTONE 7533 C, RAL 330-6, POLI FLEX TURBO, POLI TAPE, HEAT TRANSFER VINYL, HTV, 4916, BROWN","","","1576088772","0","","0","","CHECKBOX"
"4917-Beige","Beige Turbo Heat Transfer Vinyl","4917","Poli-Tape","60","6","DEFAULT","","","","","0","Poli-Tape 4917 Beige Turbo Heat Transfer Vinyl. 500mm wide","<html>

<title><head>Poli-Flex Turbo</head></title>

<body>
<p>Poli-Flex Turbo is a polyurethane transfer film equipped with a special hotmelt for fast application at low temperature.</p>
<p>With super-fast heat pressing times as little as 3 seconds, the Poli-Flex® Turbo is recognised as being the best in class when it comes to coloured HTV.</p>
<p>This super soft PU film can be used on a variety of textiles such as cotton, polyester and blended fabrics such as polyester / acrylic as well as uncoated nylon. Also suitable for smooth wood, leather, cardboard and glass. With its brilliant level of stretch, this range is also perfect for leisure and activewear but the special thing about all products in the Turbo range is the speed and temperature of heat pressing. This dramatically cuts down on the application time, improving both productivity and profitability. This material also comes with an adhesive polyester 100µm liner to aid with safe positioning.</p>
<p>Poli-Flex Turbo is tested to Oeko-Tex 100, which is an international standard that guarantees the safety of apparel decoration, making it safe for use on childrens and pets clothing.</p>
<p><a href=""media/ecom/pdfs/datasheets/TDS_POLI-FLEX TURBO GB.pdf"" target=""_blank""><img style=""border: 0px solid ; width: 200px; height: 60px;"" alt=""Poli-Flex Turbo Datasheet"" src=""media/ecom/onpagegraphics/Datasheet.png""></a></p>

<img style=""margin: 5px; width: 100px; height: 123px;"" alt=""vegan logo""
src=""media/ecom/onpagegraphics/vegan.png"">

<img style=""margin: 5px; width: 200px; height: 117px;"" alt=""oeko-tex logo""
src=""media/ecom/onpagegraphics/Oeko-Tex.png"">

</body>

</html>","4917_Beige.png","4917_Beige.png","INVITEMS","DEFAULT-4917-Beige-DEFAULT-4917-Beige","","","0","0","0","","1","REGONLY","0","0","0","0","","","","SELECT","SELECT","0","","","","","0","0","","income-service","","","0","0","","","","","Poli_Flex_Turbo","Poli_Flex_Turbo","","","0","Hotronix-Auto-Open-Clam-Heatpress, Weeding_Hook, EZ_LED_Weeder, FLEXOFF, Weeding_Tweezers, Heat_Tape, Tygaflor_Sheet, Olfa_Cutting_Matt_A3, Yellow_Ruler, ","Weeding_Hook, EZ_LED_Weeder, FLEXOFF, Weeding_Tweezers, Heat_Tape, Tygaflor_Sheet, Olfa_Cutting_Matt_A3, Yellow_Ruler, ","A","","","","","Colours, Beiges","Satin","Application & Aftercare Instructions","<style>

table {

margin: 0 auto 0 auto;
}

table, th, td {
  
  border-collapse: collapse;
padding: 5px;
}
th, td {
  padding: 5px;
  text-align: center; 
  width: 100px;
  height: 50px;
  background-color:#009ee3;
  color: white;
  border-left: 5px solid white;
  border-right: 5px solid white;
}

th {
  border-top-color: white;
  font-size: 15px;
}

td {

padding-bottom: 1em;
border-bottom: 5px solid white;
font-size: 20px;
  
</style>



<table id=""data"">
  <tbody><tr>
    <th>PRESS TEMP</th>
<th>PRESS TIME</th>
<th>PRESSURE</th>
<th>EASY WEED</th>
<th>PEEL</th>
  </tr>
  <tr>
    <td>130<sup>o</sup>C<br>150<sup>o</sup>C<br>160<sup>o</sup>C</td>
<td>5 secs<br>4 secs<br>3 secs</td>
<td>Medium<br></td>
<td><span style=""font-size:30px;"">&#10003;</span></td>
<td>Warm</td>
  </tr>

<tr>
    <th>LAYER</th>
<th>REVERSE IMAGE</th>
<th>WASH</th>
<th>TUMBLE DRY</th>
<th>DRY CLEAN</th>
  </tr>
  <tr>
    <td><span style=""font-size:30px;"">&#10003;</span></td>
<td><span style=""font-size:30px;"">&#10003;</span></td>
<td>60<sup>o</sup>C</td>
<td><span style=""font-size:30px; color: white;"">&#10003;</span></td>
<td><span style=""font-size:30px;"">&#10003;</span></td>
  </tr>
  </tbody></table>
","Colour References","<style>

table {

margin: 0 auto 0 auto;
}

table, th, td {
  
  border-collapse: collapse;
padding: 5px;
}
th, td {
  padding: 5px;
  text-align: center; 
  width: 100px;
  height: 50px;
  background-color:#009ee3;
  color: white;
  border-left: 5px solid white;
  border-right: 5px solid white;
}

th {
  border-top-color: white;
  font-size: 15px;
}

td {

padding-bottom: 1em;
border-bottom: 5px solid white;
font-size: 20px;
  
</style>

<table id=""data"">
  <tbody><tr>
    <th>HEX</th>
<th>RGB</th>
<th>CMYK</th>
<th>PANTONE</th>
<th>RAL</th>
  </tr>
  <tr>
    <td>#FADFBD</td>
<td>250, 233, 189</td>
<td>3, 8, 32, 0</td>
<td>7401 C</td>
<td>1015</td>
  </tr>

  </tbody></table>
","","","","","Poli-Tape-4917-Beige-Turbo-Heat-Transfer-Vinyl","0","HEX #FADFBD, RGB 250 233 189, CMYK 3 8 32 0, PANTONE 7401 C, RAL 1015, POLI FLEX TURBO, POLI TAPE, HEAT TRANSFER VINYL, HTV, 4917, BEIGE","","","1625575307","0","","0","","CHECKBOX"
"4918-Medium-Yellow","Medium Yellow Turbo Heat Transfer Vinyl","4918","Poli-Tape","110","6","DEFAULT","","","","","0","Poli-Tape 4918 Medium Yellow Turbo Heat Transfer Vinyl. 500mm wide","<html>

<title><head>Poli-Flex Turbo</head></title>

<body>
<p>Poli-Flex Turbo is a polyurethane transfer film equipped with a special hotmelt for fast application at low temperature.</p>
<p>With super-fast heat pressing times as little as 3 seconds, the Poli-Flex® Turbo is recognised as being the best in class when it comes to coloured HTV.</p>
<p>This super soft PU film can be used on a variety of textiles such as cotton, polyester and blended fabrics such as polyester / acrylic as well as uncoated nylon. Also suitable for smooth wood, leather, cardboard and glass. With its brilliant level of stretch, this range is also perfect for leisure and activewear but the special thing about all products in the Turbo range is the speed and temperature of heat pressing. This dramatically cuts down on the application time, improving both productivity and profitability. This material also comes with an adhesive polyester 100µm liner to aid with safe positioning.</p>
<p>Poli-Flex Turbo is tested to Oeko-Tex 100, which is an international standard that guarantees the safety of apparel decoration, making it safe for use on childrens and pets clothing.</p>
<p><a href=""media/ecom/pdfs/datasheets/TDS_POLI-FLEX TURBO GB.pdf"" target=""_blank""><img style=""border: 0px solid ; width: 200px; height: 60px;"" alt=""Poli-Flex Turbo Datasheet"" src=""media/ecom/onpagegraphics/Datasheet.png""></a></p>

<img style=""margin: 5px; width: 100px; height: 123px;"" alt=""vegan logo""
src=""media/ecom/onpagegraphics/vegan.png"">

<img style=""margin: 5px; width: 200px; height: 117px;"" alt=""oeko-tex logo""
src=""media/ecom/onpagegraphics/Oeko-Tex.png"">

</body>

</html>","4918_Medium_Yellow.png","4918_Medium_Yellow.png","INVITEMS","DEFAULT-4918-Medium-Yellow-DEFAULT-4918-Medium-Yellow","","","0","0","0","","1","REGONLY","0","0","0","0","","","","SELECT","SELECT","0","","","","","0","0","","income-service","","","0","0","","","","","Poli_Flex_Turbo","Poli_Flex_Turbo","","","0","Hotronix-Auto-Open-Clam-Heatpress, Weeding_Hook, EZ_LED_Weeder, FLEXOFF, Weeding_Tweezers, Heat_Tape, Tygaflor_Sheet, Olfa_Cutting_Matt_A3, Yellow_Ruler, ","Weeding_Hook, EZ_LED_Weeder, FLEXOFF, Weeding_Tweezers, Heat_Tape, Tygaflor_Sheet, Olfa_Cutting_Matt_A3, Yellow_Ruler, ","A","","","","","Colours, Yellows","Satin","Application & Aftercare Instructions","<style>

table {

margin: 0 auto 0 auto;
}

table, th, td {
  
  border-collapse: collapse;
padding: 5px;
}
th, td {
  padding: 5px;
  text-align: center; 
  width: 100px;
  height: 50px;
  background-color:#009ee3;
  color: white;
  border-left: 5px solid white;
  border-right: 5px solid white;
}

th {
  border-top-color: white;
  font-size: 15px;
}

td {

padding-bottom: 1em;
border-bottom: 5px solid white;
font-size: 20px;
  
</style>



<table id=""data"">
  <tbody><tr>
    <th>PRESS TEMP</th>
<th>PRESS TIME</th>
<th>PRESSURE</th>
<th>EASY WEED</th>
<th>PEEL</th>
  </tr>
  <tr>
    <td>130<sup>o</sup>C<br>150<sup>o</sup>C<br>160<sup>o</sup>C</td>
<td>5 secs<br>4 secs<br>3 secs</td>
<td>Medium<br></td>
<td><span style=""font-size:30px;"">&#10003;</span></td>
<td>Warm</td>
  </tr>

<tr>
    <th>LAYER</th>
<th>REVERSE IMAGE</th>
<th>WASH</th>
<th>TUMBLE DRY</th>
<th>DRY CLEAN</th>
  </tr>
  <tr>
    <td><span style=""font-size:30px;"">&#10003;</span></td>
<td><span style=""font-size:30px;"">&#10003;</span></td>
<td>60<sup>o</sup>C</td>
<td><span style=""font-size:30px; color: white;"">&#10003;</span></td>
<td><span style=""font-size:30px;"">&#10003;</span></td>
  </tr>
  </tbody></table>
","Colour References","<style>

table {

margin: 0 auto 0 auto;
}

table, th, td {
  
  border-collapse: collapse;
padding: 5px;
}
th, td {
  padding: 5px;
  text-align: center; 
  width: 100px;
  height: 50px;
  background-color:#009ee3;
  color: white;
  border-left: 5px solid white;
  border-right: 5px solid white;
}

th {
  border-top-color: white;
  font-size: 15px;
}

td {

padding-bottom: 1em;
border-bottom: 5px solid white;
font-size: 20px;
  
</style>

<table id=""data"">
  <tbody><tr>
    <th>HEX</th>
<th>RGB</th>
<th>CMYK</th>
<th>PANTONE</th>
<th>RAL</th>
  </tr>
  <tr>
    <td>#FAB600</td>
<td>250, 182, 0</td>
<td>0, 32, 100, 0</td>
<td>123 C</td>
<td>1003</td>
  </tr>

  </tbody></table>
","","","","","Poli-Tape-4918-Medium-Yellow-Turbo-Heat-Transfer-Vinyl","0","HEX #FAB600, RGB 250 182 0, CMYK 0 32 100 0, PANTONE 123C, RAL 1003, POLI FLEX TURBO, POLI TAPE, HEAT TRANSFER VINYL, HTV, 4918, MEDIUM YELLOW","","","1576088614","0","","0","","CHECKBOX"
"4919-Lemon-Yellow","Lemon Yellow Turbo Heat Transfer Vinyl","4919","Poli-Tape","100","6","DEFAULT","","","","","0","Poli-Tape 4919 Lemon Yellow Turbo Heat Transfer Vinyl. 500mm wide","<html>

<title><head>Poli-Flex Turbo</head></title>

<body>
<p>Poli-Flex Turbo is a polyurethane transfer film equipped with a special hotmelt for fast application at low temperature.</p>
<p>With super-fast heat pressing times as little as 3 seconds, the Poli-Flex® Turbo is recognised as being the best in class when it comes to coloured HTV.</p>
<p>This super soft PU film can be used on a variety of textiles such as cotton, polyester and blended fabrics such as polyester / acrylic as well as uncoated nylon. Also suitable for smooth wood, leather, cardboard and glass. With its brilliant level of stretch, this range is also perfect for leisure and activewear but the special thing about all products in the Turbo range is the speed and temperature of heat pressing. This dramatically cuts down on the application time, improving both productivity and profitability. This material also comes with an adhesive polyester 100µm liner to aid with safe positioning.</p>
<p>Poli-Flex Turbo is tested to Oeko-Tex 100, which is an international standard that guarantees the safety of apparel decoration, making it safe for use on childrens and pets clothing.</p>
<p><a href=""media/ecom/pdfs/datasheets/TDS_POLI-FLEX TURBO GB.pdf"" target=""_blank""><img style=""border: 0px solid ; width: 200px; height: 60px;"" alt=""Poli-Flex Turbo Datasheet"" src=""media/ecom/onpagegraphics/Datasheet.png""></a></p>

<img style=""margin: 5px; width: 100px; height: 123px;"" alt=""vegan logo""
src=""media/ecom/onpagegraphics/vegan.png"">

<img style=""margin: 5px; width: 200px; height: 117px;"" alt=""oeko-tex logo""
src=""media/ecom/onpagegraphics/Oeko-Tex.png"">

</body>

</html>","4919_Lemon_Yellow_Turbo_Flex.png","4919_Lemon_Yellow_Turbo_Flex.png","INVITEMS","DEFAULT-4919-Lemon-Yellow-DEFAULT-4919-Lemon-Yellow","","","0","0","0","","1","REGONLY","0","0","0","0","","","","SELECT","SELECT","0","","","","","0","0","","income-service","","","0","0","","","","","Poli_Flex_Turbo","Poli_Flex_Turbo","","","0","Hotronix-Auto-Open-Clam-Heatpress, Weeding_Hook, EZ_LED_Weeder, FLEXOFF, Weeding_Tweezers, Heat_Tape, Tygaflor_Sheet, Olfa_Cutting_Matt_A3, Yellow_Ruler, ","Weeding_Hook, EZ_LED_Weeder, FLEXOFF, Weeding_Tweezers, Heat_Tape, Tygaflor_Sheet, Olfa_Cutting_Matt_A3, Yellow_Ruler, ","A","","","","","Colours, Yellows","Satin","Application & Aftercare Instructions","<style>

table {

margin: 0 auto 0 auto;
}

table, th, td {
  
  border-collapse: collapse;
padding: 5px;
}
th, td {
  padding: 5px;
  text-align: center; 
  width: 100px;
  height: 50px;
  background-color:#009ee3;
  color: white;
  border-left: 5px solid white;
  border-right: 5px solid white;
}

th {
  border-top-color: white;
  font-size: 15px;
}

td {

padding-bottom: 1em;
border-bottom: 5px solid white;
font-size: 20px;
  
</style>



<table id=""data"">
  <tbody><tr>
    <th>PRESS TEMP</th>
<th>PRESS TIME</th>
<th>PRESSURE</th>
<th>EASY WEED</th>
<th>PEEL</th>
  </tr>
  <tr>
    <td>130<sup>o</sup>C<br>150<sup>o</sup>C<br>160<sup>o</sup>C</td>
<td>5 secs<br>4 secs<br>3 secs</td>
<td>Medium<br></td>
<td><span style=""font-size:30px;"">&#10003;</span></td>
<td>Warm</td>
  </tr>

<tr>
    <th>LAYER</th>
<th>REVERSE IMAGE</th>
<th>WASH</th>
<th>TUMBLE DRY</th>
<th>DRY CLEAN</th>
  </tr>
  <tr>
    <td><span style=""font-size:30px;"">&#10003;</span></td>
<td><span style=""font-size:30px;"">&#10003;</span></td>
<td>60<sup>o</sup>C</td>
<td><span style=""font-size:30px; color: white;"">&#10003;</span></td>
<td><span style=""font-size:30px;"">&#10003;</span></td>
  </tr>
  </tbody></table>
","Colour References","<style>

table {

margin: 0 auto 0 auto;
}

table, th, td {
  
  border-collapse: collapse;
padding: 5px;
}
th, td {
  padding: 5px;
  text-align: center; 
  width: 100px;
  height: 50px;
  background-color:#009ee3;
  color: white;
  border-left: 5px solid white;
  border-right: 5px solid white;
}

th {
  border-top-color: white;
  font-size: 15px;
}

td {

padding-bottom: 1em;
border-bottom: 5px solid white;
font-size: 20px;
  
</style>

<table id=""data"">
  <tbody><tr>
    <th>HEX</th>
<th>RGB</th>
<th>CMYK</th>
<th>PANTONE</th>
<th>RAL</th>
  </tr>
  <tr>
    <td>#FFEE47</td>
<td>255, 238, 71</td>
<td>4, 0, 78, 0</td>
<td>3945 U</td>
<td>1016</td>
  </tr>

  </tbody></table>","","","","","Poli-Tape-4919-Lemon-Yellow-Turbo-Heat-Transfer-Vinyl","0","HEX #FFEE47, RGB 255 238 71, CMYK 4 0 78 0, PANTONE 3945 U, RAL 1016, POLI FLEX TURBO, POLI TAPE, HEAT TRANSFER VINYL, HTV, 4919, LEMON YELLOW","","","1575296440","0","","0","","CHECKBOX"
"4920-Gold-Metallic","Gold Turbo Heat Transfer Vinyl","4920","Poli-Tape","700","6","DEFAULT","","","","","0","Poli-Tape 4920 Gold Turbo Heat Transfer Vinyl. 500mm wide","<html>

<title><head>Poli-Flex Turbo</head></title>

<body>
<p>Poli-Flex Turbo is a polyurethane transfer film equipped with a special hotmelt for fast application at low temperature.</p>
<p>With super-fast heat pressing times as little as 3 seconds, the Poli-Flex® Turbo is recognised as being the best in class when it comes to coloured HTV.</p>
<p>This super soft PU film can be used on a variety of textiles such as cotton, polyester and blended fabrics such as polyester / acrylic as well as uncoated nylon. Also suitable for smooth wood, leather, cardboard and glass. With its brilliant level of stretch, this range is also perfect for leisure and activewear but the special thing about all products in the Turbo range is the speed and temperature of heat pressing. This dramatically cuts down on the application time, improving both productivity and profitability. This material also comes with an adhesive polyester 100µm liner to aid with safe positioning.</p>
<p>Poli-Flex Turbo is tested to Oeko-Tex 100, which is an international standard that guarantees the safety of apparel decoration, making it safe for use on childrens and pets clothing.</p>
<p><a href=""media/ecom/pdfs/datasheets/TDS_POLI-FLEX TURBO GB.pdf"" target=""_blank""><img style=""border: 0px solid ; width: 200px; height: 60px;"" alt=""Poli-Flex Turbo Datasheet"" src=""media/ecom/onpagegraphics/Datasheet.png""></a></p>

<img style=""margin: 5px; width: 100px; height: 123px;"" alt=""vegan logo""
src=""media/ecom/onpagegraphics/vegan.png"">

<img style=""margin: 5px; width: 200px; height: 117px;"" alt=""oeko-tex logo""
src=""media/ecom/onpagegraphics/Oeko-Tex.png"">

</body>

</html>","4920_Gold.png","4920_Gold.png","INVITEMS","DEFAULT-4920-Gold-Metallic-DEFAULT-4920-Gold-Metallic","","","0","0","0","","1","REGONLY","0","0","0","0","","","","SELECT","SELECT","0","","","","","0","0","","income-service","","","0","0","","","","","Poli_Flex_Turbo","3606_Metal_Effect, Poli_Flex_Turbo","","","0","Hotronix-Auto-Open-Clam-Heatpress, Weeding_Hook, EZ_LED_Weeder, FLEXOFF, Weeding_Tweezers, Heat_Tape, Tygaflor_Sheet, Olfa_Cutting_Matt_A3, Yellow_Ruler, ","Weeding_Hook, EZ_LED_Weeder, FLEXOFF, Weeding_Tweezers, Heat_Tape, Tygaflor_Sheet, Olfa_Cutting_Matt_A3, Yellow_Ruler, ","A","","","","","Metallics, Oranges, Browns","Gloss","Application & Aftercare Instructions","<style>

table {

margin: 0 auto 0 auto;
}

table, th, td {
  
  border-collapse: collapse;
padding: 5px;
}
th, td {
  padding: 5px;
  text-align: center; 
  width: 100px;
  height: 50px;
  background-color:#009ee3;
  color: white;
  border-left: 5px solid white;
  border-right: 5px solid white;
}

th {
  border-top-color: white;
  font-size: 15px;
}

td {

padding-bottom: 1em;
border-bottom: 5px solid white;
font-size: 20px;
  
</style>



<table id=""data"">
  <tbody><tr>
    <th>PRESS TEMP</th>
<th>PRESS TIME</th>
<th>PRESSURE</th>
<th>EASY WEED</th>
<th>PEEL</th>
  </tr>
  <tr>
    <td>130<sup>o</sup>C<br>150<sup>o</sup>C<br>160<sup>o</sup>C</td>
<td>5 secs<br>4 secs<br>3 secs</td>
<td>Medium<br></td>
<td><span style=""font-size:30px;"">&#10003;</span></td>
<td>Warm</td>
  </tr>

<tr>
    <th>LAYER</th>
<th>REVERSE IMAGE</th>
<th>WASH</th>
<th>TUMBLE DRY</th>
<th>DRY CLEAN</th>
  </tr>
  <tr>
    <td><span style=""font-size:30px;"">&#10005;</span></td>
<td><span style=""font-size:30px;"">&#10003;</span></td>
<td>60<sup>o</sup>C</td>
<td><span style=""font-size:30px; color: white;"">&#10003;</span></td>
<td><span style=""font-size:30px;"">&#10003;</span></td>
  </tr>
  </tbody></table>
","Colour References","<style>

table {

margin: 0 auto 0 auto;
}

table, th, td {
  
  border-collapse: collapse;
padding: 5px;
}
th, td {
  padding: 5px;
  text-align: center; 
  width: 100px;
  height: 50px;
  background-color:#009ee3;
  color: white;
  border-left: 5px solid white;
  border-right: 5px solid white;
}

th {
  border-top-color: white;
  font-size: 15px;
}

td {

padding-bottom: 1em;
border-bottom: 5px solid white;
font-size: 20px;
  
</style>

<table id=""data"">
  <tbody><tr>
    <th>HEX</th>
<th>RGB</th>
<th>CMYK</th>
<th>PANTONE</th>
<th>RAL</th>
  </tr>
  <tr>
    <td>#87744D</td>
<td>135, 116, 77</td>
<td>31, 36, 64, 39</td>
<td>872 C</td>
<td>085 60 60</td>
  </tr>

  </tbody></table>
","","","","","Poli-Tape-4920-Gold-Turbo-Heat-Transfer-Vinyl","0","HEX #87744D, RGB 135 116 77, CMYK 31 36 64 39, PANTONE 872 C, RAL 085 60 60, POLI FLEX TURBO, POLI TAPE, HEAT TRANSFER VINYL, HTV, 4920, GOLD METALLIC","","","1575562569","0","","0","","CHECKBOX"
"4922-Rose-Gold-Metallic","Rose Gold Turbo Heat Transfer Vinyl","4922","Poli-Tape","730","6","DEFAULT","","","","","0","Poli-Tape 4922 Rose Gold Turbo Heat Transfer Vinyl with a semi-gloss metallic sheen. 500mm wide","<html>

<title><head>Poli-Flex Turbo</head></title>

<body>
<p>Poli-Flex Turbo is a polyurethane transfer film equipped with a special hotmelt for fast application at low temperature.</p>
<p>With super-fast heat pressing times as little as 3 seconds, the Poli-Flex® Turbo is recognised as being the best in class when it comes to coloured HTV.</p>
<p>This super soft PU film can be used on a variety of textiles such as cotton, polyester and blended fabrics such as polyester / acrylic as well as uncoated nylon. Also suitable for smooth wood, leather, cardboard and glass. With its brilliant level of stretch, this range is also perfect for leisure and activewear but the special thing about all products in the Turbo range is the speed and temperature of heat pressing. This dramatically cuts down on the application time, improving both productivity and profitability. This material also comes with an adhesive polyester 100µm liner to aid with safe positioning.</p>
<p>Poli-Flex Turbo is tested to Oeko-Tex 100, which is an international standard that guarantees the safety of apparel decoration, making it safe for use on childrens and pets clothing.</p>
<p><a href=""media/ecom/pdfs/datasheets/TDS_POLI-FLEX TURBO GB.pdf"" target=""_blank""><img style=""border: 0px solid ; width: 200px; height: 60px;"" alt=""Poli-Flex Turbo Datasheet"" src=""media/ecom/onpagegraphics/Datasheet.png""></a></p>

<img style=""margin: 5px; width: 100px; height: 123px;"" alt=""vegan logo""
src=""media/ecom/onpagegraphics/vegan.png"">

<img style=""margin: 5px; width: 200px; height: 117px;"" alt=""oeko-tex logo""
src=""media/ecom/onpagegraphics/Oeko-Tex.png"">

</body>

</html>","4922_Rose_Gold_Turbo_Flex.png","4922_Rose_Gold_Turbo_Flex.png","INVITEMS","DEFAULT-4922-Rose-Gold-Metallic-DEFAULT-4922-Rose-Gold-Metallic","","","0","0","0","","1","REGONLY","0","0","0","0","","","","SELECT","SELECT","0","","","","","0","0","","income-service","","","0","0","","","","","Poli_Flex_Turbo","Poli_Flex_Turbo, 3606_Metal_Effect","","","0","Hotronix-Auto-Open-Clam-Heatpress, Weeding_Hook, EZ_LED_Weeder, FLEXOFF, Weeding_Tweezers, Heat_Tape, Tygaflor_Sheet, Olfa_Cutting_Matt_A3, Yellow_Ruler, ","Weeding_Hook, EZ_LED_Weeder, FLEXOFF, Weeding_Tweezers, Heat_Tape, Tygaflor_Sheet, Olfa_Cutting_Matt_A3, Yellow_Ruler, ","A","","","","","Metallics, Oranges, Browns","Gloss","Application & Aftercare Instructions","<style>

table {

margin: 0 auto 0 auto;
}

table, th, td {
  
  border-collapse: collapse;
padding: 5px;
}
th, td {
  padding: 5px;
  text-align: center; 
  width: 100px;
  height: 50px;
  background-color:#009ee3;
  color: white;
  border-left: 5px solid white;
  border-right: 5px solid white;
}

th {
  border-top-color: white;
  font-size: 15px;
}

td {

padding-bottom: 1em;
border-bottom: 5px solid white;
font-size: 20px;
  
</style>



<table id=""data"">
  <tbody><tr>
    <th>PRESS TEMP</th>
<th>PRESS TIME</th>
<th>PRESSURE</th>
<th>EASY WEED</th>
<th>PEEL</th>
  </tr>
  <tr>
    <td>130<sup>o</sup>C<br>150<sup>o</sup>C<br>160<sup>o</sup>C</td>
<td>5 secs<br>4 secs<br>3 secs</td>
<td>Medium<br></td>
<td><span style=""font-size:30px;"">&#10003;</span></td>
<td>Warm</td>
  </tr>

<tr>
    <th>LAYER</th>
<th>REVERSE IMAGE</th>
<th>WASH</th>
<th>TUMBLE DRY</th>
<th>DRY CLEAN</th>
  </tr>
  <tr>
    <td><span style=""font-size:30px;"">&#10005;</span></td>
<td><span style=""font-size:30px;"">&#10003;</span></td>
<td>60<sup>o</sup>C</td>
<td><span style=""font-size:30px; color: white;"">&#10003;</span></td>
<td><span style=""font-size:30px;"">&#10003;</span></td>
  </tr>
  </tbody></table>
","Colour References","<style>

table {

margin: 0 auto 0 auto;
}

table, th, td {
  
  border-collapse: collapse;
padding: 5px;
}
th, td {
  padding: 5px;
  text-align: center; 
  width: 100px;
  height: 50px;
  background-color:#009ee3;
  color: white;
  border-left: 5px solid white;
  border-right: 5px solid white;
}

th {
  border-top-color: white;
  font-size: 15px;
}

td {

padding-bottom: 1em;
border-bottom: 5px solid white;
font-size: 20px;
  
</style>

<table id=""data"">
  <tbody><tr>
    <th>HEX</th>
<th>RGB</th>
<th>CMYK</th>
<th>PANTONE</th>
<th>RAL</th>
  </tr>
  <tr>
    <td>#B16B5E</td>
<td>177, 107, 94</td>
<td>21, 60, 54, 19</td>
<td>54-12 C</td>
<td>3012</td>
  </tr>

  </tbody></table>
","","","","","Poli-Tape-4922-Rose-Gold-Turbo-Heat-Transfer-Vinyl","0","HEX #B16B5E, RGB 177 107 94, CMYK 21 60 54 19, PANTONE 54-12 C, RAL 3012, POLI FLEX TURBO, POLI TAPE, HEAT TRANSFER VINYL, HTV, 4922, ROSE GOLD
","","","1564593743","0","","0","","CHECKBOX"
"4924-Bright-Copper-Metallic","Bright Copper Turbo Heat Transfer Vinyl","4924","Poli-Tape","800","6","DEFAULT","","","","","0","Poli-Tape 4924 Bright Copper Turbo Heat Transfer Vinyl with a semi-gloss metallic sheen. 500mm wide","<html>

<title><head>Poli-Flex Turbo</head></title>

<body>
<p>Poli-Flex Turbo is a polyurethane transfer film equipped with a special hotmelt for fast application at low temperature.</p>
<p>With super-fast heat pressing times as little as 3 seconds, the Poli-Flex® Turbo is recognised as being the best in class when it comes to coloured HTV.</p>
<p>This super soft PU film can be used on a variety of textiles such as cotton, polyester and blended fabrics such as polyester / acrylic as well as uncoated nylon. Also suitable for smooth wood, leather, cardboard and glass. With its brilliant level of stretch, this range is also perfect for leisure and activewear but the special thing about all products in the Turbo range is the speed and temperature of heat pressing. This dramatically cuts down on the application time, improving both productivity and profitability. This material also comes with an adhesive polyester 100µm liner to aid with safe positioning.</p>
<p>Poli-Flex Turbo is tested to Oeko-Tex 100, which is an international standard that guarantees the safety of apparel decoration, making it safe for use on childrens and pets clothing.</p>
<p><a href=""media/ecom/pdfs/datasheets/TDS_POLI-FLEX TURBO GB.pdf"" target=""_blank""><img style=""border: 0px solid ; width: 200px; height: 60px;"" alt=""Poli-Flex Turbo Datasheet"" src=""media/ecom/onpagegraphics/Datasheet.png""></a></p>

<img style=""margin: 5px; width: 100px; height: 123px;"" alt=""vegan logo""
src=""media/ecom/onpagegraphics/vegan.png"">

<img style=""margin: 5px; width: 200px; height: 117px;"" alt=""oeko-tex logo""
src=""media/ecom/onpagegraphics/Oeko-Tex.png"">

</body>

</html>","4924_Bright_Copper.png","4924_Bright_Copper.png","INVITEMS","DEFAULT-4924-Bright-Copper-Metallic-DEFAULT-4924-Bright-Copper-Metallic","","","0","0","0","","1","REGONLY","0","0","0","0","","","","SELECT","SELECT","0","","","","","0","0","","income-service","","","0","0","","","","","Poli_Flex_Turbo","Poli_Flex_Turbo, 3606_Metal_Effect","","","0","Hotronix-Auto-Open-Clam-Heatpress, Weeding_Hook, EZ_LED_Weeder, FLEXOFF, Weeding_Tweezers, Heat_Tape, Tygaflor_Sheet, Olfa_Cutting_Matt_A3, Yellow_Ruler, ","Weeding_Hook, EZ_LED_Weeder, FLEXOFF, Weeding_Tweezers, Heat_Tape, Tygaflor_Sheet, Olfa_Cutting_Matt_A3, Yellow_Ruler, ","A","","","","","Metallics, Oranges, Browns","Gloss","Application & Aftercare Instructions","<style>

table {

margin: 0 auto 0 auto;
}

table, th, td {
  
  border-collapse: collapse;
padding: 5px;
}
th, td {
  padding: 5px;
  text-align: center; 
  width: 100px;
  height: 50px;
  background-color:#009ee3;
  color: white;
  border-left: 5px solid white;
  border-right: 5px solid white;
}

th {
  border-top-color: white;
  font-size: 15px;
}

td {

padding-bottom: 1em;
border-bottom: 5px solid white;
font-size: 20px;
  
</style>



<table id=""data"">
  <tbody><tr>
    <th>PRESS TEMP</th>
<th>PRESS TIME</th>
<th>PRESSURE</th>
<th>EASY WEED</th>
<th>PEEL</th>
  </tr>
  <tr>
    <td>130<sup>o</sup>C<br>150<sup>o</sup>C<br>160<sup>o</sup>C</td>
<td>5 secs<br>4 secs<br>3 secs</td>
<td>Medium<br></td>
<td><span style=""font-size:30px;"">&#10003;</span></td>
<td>Warm</td>
  </tr>

<tr>
    <th>LAYER</th>
<th>REVERSE IMAGE</th>
<th>WASH</th>
<th>TUMBLE DRY</th>
<th>DRY CLEAN</th>
  </tr>
  <tr>
    <td><span style=""font-size:30px;"">&#10005;</span></td>
<td><span style=""font-size:30px;"">&#10003;</span></td>
<td>60<sup>o</sup>C</td>
<td><span style=""font-size:30px; color: white;"">&#10003;</span></td>
<td><span style=""font-size:30px;"">&#10003;</span></td>
  </tr>
  </tbody></table>
","Colour References","<style>

table {

margin: 0 auto 0 auto;
}

table, th, td {
  
  border-collapse: collapse;
padding: 5px;
}
th, td {
  padding: 5px;
  text-align: center; 
  width: 100px;
  height: 50px;
  background-color:#009ee3;
  color: white;
  border-left: 5px solid white;
  border-right: 5px solid white;
}

th {
  border-top-color: white;
  font-size: 15px;
}

td {

padding-bottom: 1em;
border-bottom: 5px solid white;
font-size: 20px;
  
</style>

<table id=""data"">
  <tbody><tr>
    <th>HEX</th>
<th>RGB</th>
<th>CMYK</th>
<th>PANTONE</th>
<th>RAL</th>
  </tr>
  <tr>
    <td>#A95C3B</td>
<td>169, 92, 59</td>
<td>26, 67, 77, 19</td>
<td>39-6 C</td>
<td>8004</td>
  </tr>

  </tbody></table>
","","","","","Poli-Tape-4924-Bright-Copper-Turbo-Heat-Transfer-Vinyl","0","HEX #A95C3B, RGB 169 92 59, CMYK 26 67 77 19, PANTONE 39-6 C, RAL 8004, POLI FLEX TURBO, POLI TAPE, HEAT TRANSFER VINYL, HTV, 4924, BRIGHT COPPER","","","1600789817","0","","0","","CHECKBOX"
"4925-Bright-Pink","Bright Pink Turbo Heat Transfer Vinyl","4925","Poli-Tape","810","6","DEFAULT","","","","","0","Poli-Tape 4925 Bright Pink Turbo Heat Transfer Vinyl with a semi-gloss metallic sheen. 500mm wide","<html>

<title><head>Poli-Flex Turbo</head></title>

<body>
<p>Poli-Flex Turbo is a polyurethane transfer film equipped with a special hotmelt for fast application at low temperature.</p>
<p>With super-fast heat pressing times as little as 3 seconds, the Poli-Flex® Turbo is recognised as being the best in class when it comes to coloured HTV.</p>
<p>This super soft PU film can be used on a variety of textiles such as cotton, polyester and blended fabrics such as polyester / acrylic as well as uncoated nylon. Also suitable for smooth wood, leather, cardboard and glass. With its brilliant level of stretch, this range is also perfect for leisure and activewear but the special thing about all products in the Turbo range is the speed and temperature of heat pressing. This dramatically cuts down on the application time, improving both productivity and profitability. This material also comes with an adhesive polyester 100µm liner to aid with safe positioning.</p>
<p>Poli-Flex Turbo is tested to Oeko-Tex 100, which is an international standard that guarantees the safety of apparel decoration, making it safe for use on childrens and pets clothing.</p>
<p><a href=""media/ecom/pdfs/datasheets/TDS_POLI-FLEX TURBO GB.pdf"" target=""_blank""><img style=""border: 0px solid ; width: 200px; height: 60px;"" alt=""Poli-Flex Turbo Datasheet"" src=""media/ecom/onpagegraphics/Datasheet.png""></a></p>

<img style=""margin: 5px; width: 100px; height: 123px;"" alt=""vegan logo""
src=""media/ecom/onpagegraphics/vegan.png"">

<img style=""margin: 5px; width: 200px; height: 117px;"" alt=""oeko-tex logo""
src=""media/ecom/onpagegraphics/Oeko-Tex.png"">

</body>

</html>","4925_Bright_Pink.png","4925_Bright_Pink.png","INVITEMS","DEFAULT-4925-Bright-Pink-DEFAULT-4925-Bright-Pink","","","0","0","0","","1","REGONLY","0","0","0","0","","","","SELECT","SELECT","0","","","","","0","0","","income-service","","","0","0","","","","","Poli_Flex_Turbo","Poli_Flex_Turbo","","","0","Hotronix-Auto-Open-Clam-Heatpress, Weeding_Hook, EZ_LED_Weeder, FLEXOFF, Weeding_Tweezers, Heat_Tape, Tygaflor_Sheet, Olfa_Cutting_Matt_A3, Yellow_Ruler, ","Weeding_Hook, EZ_LED_Weeder, FLEXOFF, Weeding_Tweezers, Heat_Tape, Tygaflor_Sheet, Olfa_Cutting_Matt_A3, Yellow_Ruler, ","A","","","","","Colours, Reds, Metallics","Gloss","Application & Aftercare Instructions","<style>

table {

margin: 0 auto 0 auto;
}

table, th, td {
  
  border-collapse: collapse;
padding: 5px;
}
th, td {
  padding: 5px;
  text-align: center; 
  width: 100px;
  height: 50px;
  background-color:#009ee3;
  color: white;
  border-left: 5px solid white;
  border-right: 5px solid white;
}

th {
  border-top-color: white;
  font-size: 15px;
}

td {

padding-bottom: 1em;
border-bottom: 5px solid white;
font-size: 20px;
  
</style>



<table id=""data"">
  <tbody><tr>
    <th>PRESS TEMP</th>
<th>PRESS TIME</th>
<th>PRESSURE</th>
<th>EASY WEED</th>
<th>PEEL</th>
  </tr>
  <tr>
    <td>130<sup>o</sup>C<br>150<sup>o</sup>C<br>160<sup>o</sup>C</td>
<td>5 secs<br>4 secs<br>3 secs</td>
<td>Medium<br></td>
<td><span style=""font-size:30px;"">&#10003;</span></td>
<td>Warm</td>
  </tr>

<tr>
    <th>LAYER</th>
<th>REVERSE IMAGE</th>
<th>WASH</th>
<th>TUMBLE DRY</th>
<th>DRY CLEAN</th>
  </tr>
  <tr>
    <td><span style=""font-size:30px;"">&#10005;</span></td>
<td><span style=""font-size:30px;"">&#10003;</span></td>
<td>60<sup>o</sup>C</td>
<td><span style=""font-size:30px; color: white;"">&#10003;</span></td>
<td><span style=""font-size:30px;"">&#10003;</span></td>
  </tr>
  </tbody></table>
","Colour References ","<style>

table {

margin: 0 auto 0 auto;
}

table, th, td {
  
  border-collapse: collapse;
padding: 5px;
}
th, td {
  padding: 5px;
  text-align: center; 
  width: 100px;
  height: 50px;
  background-color:#009ee3;
  color: white;
  border-left: 5px solid white;
  border-right: 5px solid white;
}

th {
  border-top-color: white;
  font-size: 15px;
}

td {

padding-bottom: 1em;
border-bottom: 5px solid white;
font-size: 20px;
  
</style>

<table id=""data"">
  <tbody><tr>
    <th>HEX</th>
<th>RGB</th>
<th>CMYK</th>
<th>PANTONE</th>
<th>RAL</th>
  </tr>
  <tr>
    <td>#A5336D</td>
<td>165, 51, 109</td>
<td>33, 90, 24, 10</td>
<td>675 C</td>
<td>350 40 50</td>
  </tr>

  </tbody></table>
","","","","","Poli-Tape-4925-Bright-Pink-Turbo-Heat-Transfer-Vinyl","0","HEX #A5336D, RGB 165 51 109, CMYK 33 90 24 10, PANTON 675 C, RAL 350 40 50, POLI FLEX TURBO, POLI TAPE, HEAT TRANSFER VINYL, HTV, 4925, BRIGHT PINK,","","","1647435069","0","","0","","CHECKBOX"
"4926-Bright-Red","Bright Red Turbo Heat Transfer Vinyl","4926","Poli-Tape","820","6","DEFAULT","","","","","0","Poli-Tape 4926 Bright Red Turbo Heat Transfer Vinyl with a semi-gloss metallic sheen. 500mm wide","<html>

<title><head>Poli-Flex Turbo</head></title>

<body>
<p>Poli-Flex Turbo is a polyurethane transfer film equipped with a special hotmelt for fast application at low temperature.</p>
<p>With super-fast heat pressing times as little as 3 seconds, the Poli-Flex® Turbo is recognised as being the best in class when it comes to coloured HTV.</p>
<p>This super soft PU film can be used on a variety of textiles such as cotton, polyester and blended fabrics such as polyester / acrylic as well as uncoated nylon. Also suitable for smooth wood, leather, cardboard and glass. With its brilliant level of stretch, this range is also perfect for leisure and activewear but the special thing about all products in the Turbo range is the speed and temperature of heat pressing. This dramatically cuts down on the application time, improving both productivity and profitability. This material also comes with an adhesive polyester 100µm liner to aid with safe positioning.</p>
<p>Poli-Flex Turbo is tested to Oeko-Tex 100, which is an international standard that guarantees the safety of apparel decoration, making it safe for use on childrens and pets clothing.</p>
<p><a href=""media/ecom/pdfs/datasheets/TDS_POLI-FLEX TURBO GB.pdf"" target=""_blank""><img style=""border: 0px solid ; width: 200px; height: 60px;"" alt=""Poli-Flex Turbo Datasheet"" src=""media/ecom/onpagegraphics/Datasheet.png""></a></p>

<img style=""margin: 5px; width: 100px; height: 123px;"" alt=""vegan logo""
src=""media/ecom/onpagegraphics/vegan.png"">

<img style=""margin: 5px; width: 200px; height: 117px;"" alt=""oeko-tex logo""
src=""media/ecom/onpagegraphics/Oeko-Tex.png"">

</body>

</html>","4926_Bright_Red.png","4926_Bright_Red.png","INVITEMS","DEFAULT-4926-Bright-Red-DEFAULT-4926-Bright-Red","","","0","0","0","","1","REGONLY","0","0","0","0","","","","SELECT","SELECT","0","","","","","0","0","","income-service","","","0","0","","","","","Poli_Flex_Turbo","Poli_Flex_Turbo","","","0","Hotronix-Auto-Open-Clam-Heatpress, Weeding_Hook, EZ_LED_Weeder, FLEXOFF, Weeding_Tweezers, Heat_Tape, Tygaflor_Sheet, Olfa_Cutting_Matt_A3, Yellow_Ruler, ","Weeding_Hook, EZ_LED_Weeder, FLEXOFF, Weeding_Tweezers, Heat_Tape, Tygaflor_Sheet, Olfa_Cutting_Matt_A3, Yellow_Ruler, ","A","","","","","Colours, Reds, Metallics","Gloss","Application & Aftercare Instructions","<style>

table {

margin: 0 auto 0 auto;
}

table, th, td {
  
  border-collapse: collapse;
padding: 5px;
}
th, td {
  padding: 5px;
  text-align: center; 
  width: 100px;
  height: 50px;
  background-color:#009ee3;
  color: white;
  border-left: 5px solid white;
  border-right: 5px solid white;
}

th {
  border-top-color: white;
  font-size: 15px;
}

td {

padding-bottom: 1em;
border-bottom: 5px solid white;
font-size: 20px;
  
</style>



<table id=""data"">
  <tbody><tr>
    <th>PRESS TEMP</th>
<th>PRESS TIME</th>
<th>PRESSURE</th>
<th>EASY WEED</th>
<th>PEEL</th>
  </tr>
  <tr>
    <td>130<sup>o</sup>C<br>150<sup>o</sup>C<br>160<sup>o</sup>C</td>
<td>5 secs<br>4 secs<br>3 secs</td>
<td>Medium<br></td>
<td><span style=""font-size:30px;"">&#10003;</span></td>
<td>Warm</td>
  </tr>

<tr>
    <th>LAYER</th>
<th>REVERSE IMAGE</th>
<th>WASH</th>
<th>TUMBLE DRY</th>
<th>DRY CLEAN</th>
  </tr>
  <tr>
    <td><span style=""font-size:30px;"">&#10005;</span></td>
<td><span style=""font-size:30px;"">&#10003;</span></td>
<td>60<sup>o</sup>C</td>
<td><span style=""font-size:30px; color: white;"">&#10003;</span></td>
<td><span style=""font-size:30px;"">&#10003;</span></td>
  </tr>
  </tbody></table>
","Colour References","<style>

table {

margin: 0 auto 0 auto;
}

table, th, td {
  
  border-collapse: collapse;
padding: 5px;
}
th, td {
  padding: 5px;
  text-align: center; 
  width: 100px;
  height: 50px;
  background-color:#009ee3;
  color: white;
  border-left: 5px solid white;
  border-right: 5px solid white;
}

th {
  border-top-color: white;
  font-size: 15px;
}

td {

padding-bottom: 1em;
border-bottom: 5px solid white;
font-size: 20px;
  
</style>

<table id=""data"">
  <tbody><tr>
    <th>HEX</th>
<th>RGB</th>
<th>CMYK</th>
<th>PANTONE</th>
<th>RAL</th>
  </tr>
  <tr>
    <td>#871C1D</td>
<td>135, 28, 29</td>
<td>29, 98, 87, 35</td>
<td>7620 C</td>
<td>3003</td>
  </tr>

  </tbody></table>
","","","","","Poli-Tape-4926-Bright-Red-Turbo-Heat-Transfer-Vinyl","0","HEX #871C1D, RGB 135 28 29, CMYK 29 98 87 35, PANTONE 7620 C, RAL 3003, POLI FLEX TURBO, POLI TAPE, HEAT TRANSFER VINYL, HTV, 4926, BRIGHT RED","","","1647435784","0","","0","","CHECKBOX"
"4927-Bright-Blue","Bright Blue Turbo Heat Transfer Vinyl","4927","Poli-Tape","830","6","DEFAULT","","","","","0","Poli-Tape 4927 Bright Blue Turbo Heat Transfer Vinyl with a semi-gloss metallic sheen. 500mm wide","<html>

<title><head>Poli-Flex Turbo</head></title>

<body>
<p>Poli-Flex Turbo is a polyurethane transfer film equipped with a special hotmelt for fast application at low temperature.</p>
<p>With super-fast heat pressing times as little as 3 seconds, the Poli-Flex® Turbo is recognised as being the best in class when it comes to coloured HTV.</p>
<p>This super soft PU film can be used on a variety of textiles such as cotton, polyester and blended fabrics such as polyester / acrylic as well as uncoated nylon. Also suitable for smooth wood, leather, cardboard and glass. With its brilliant level of stretch, this range is also perfect for leisure and activewear but the special thing about all products in the Turbo range is the speed and temperature of heat pressing. This dramatically cuts down on the application time, improving both productivity and profitability. This material also comes with an adhesive polyester 100µm liner to aid with safe positioning.</p>
<p>Poli-Flex Turbo is tested to Oeko-Tex 100, which is an international standard that guarantees the safety of apparel decoration, making it safe for use on childrens and pets clothing.</p>
<p><a href=""media/ecom/pdfs/datasheets/TDS_POLI-FLEX TURBO GB.pdf"" target=""_blank""><img style=""border: 0px solid ; width: 200px; height: 60px;"" alt=""Poli-Flex Turbo Datasheet"" src=""media/ecom/onpagegraphics/Datasheet.png""></a></p>

<img style=""margin: 5px; width: 100px; height: 123px;"" alt=""vegan logo""
src=""media/ecom/onpagegraphics/vegan.png"">

<img style=""margin: 5px; width: 200px; height: 117px;"" alt=""oeko-tex logo""
src=""media/ecom/onpagegraphics/Oeko-Tex.png"">

</body>

</html>","4927_Bright_Blue.png","4927_Bright_Blue.png","INVITEMS","DEFAULT-4927-Bright-Blue-DEFAULT-4927-Bright-Blue","","","0","0","0","","1","REGONLY","0","0","0","0","","","","SELECT","SELECT","0","","","","","0","0","","income-service","","","0","0","","","","","Poli_Flex_Turbo","Poli_Flex_Turbo","","","0","Hotronix-Auto-Open-Clam-Heatpress, Weeding_Hook, EZ_LED_Weeder, FLEXOFF, Weeding_Tweezers, Heat_Tape, Tygaflor_Sheet, Olfa_Cutting_Matt_A3, Yellow_Ruler, ","Weeding_Hook, EZ_LED_Weeder, FLEXOFF, Weeding_Tweezers, Heat_Tape, Tygaflor_Sheet, Olfa_Cutting_Matt_A3, Yellow_Ruler, ","A","","","","","Metallics, Colours, Blues","Gloss","Application & Aftercare Instructions","<style>

table {

margin: 0 auto 0 auto;
}

table, th, td {
  
  border-collapse: collapse;
padding: 5px;
}
th, td {
  padding: 5px;
  text-align: center; 
  width: 100px;
  height: 50px;
  background-color:#009ee3;
  color: white;
  border-left: 5px solid white;
  border-right: 5px solid white;
}

th {
  border-top-color: white;
  font-size: 15px;
}

td {

padding-bottom: 1em;
border-bottom: 5px solid white;
font-size: 20px;
  
</style>



<table id=""data"">
  <tbody><tr>
    <th>PRESS TEMP</th>
<th>PRESS TIME</th>
<th>PRESSURE</th>
<th>EASY WEED</th>
<th>PEEL</th>
  </tr>
  <tr>
    <td>130<sup>o</sup>C<br>150<sup>o</sup>C<br>160<sup>o</sup>C</td>
<td>5 secs<br>4 secs<br>3 secs</td>
<td>Medium<br></td>
<td><span style=""font-size:30px;"">&#10003;</span></td>
<td>Warm</td>
  </tr>

<tr>
    <th>LAYER</th>
<th>REVERSE IMAGE</th>
<th>WASH</th>
<th>TUMBLE DRY</th>
<th>DRY CLEAN</th>
  </tr>
  <tr>
    <td><span style=""font-size:30px;"">&#10005;</span></td>
<td><span style=""font-size:30px;"">&#10003;</span></td>
<td>60<sup>o</sup>C</td>
<td><span style=""font-size:30px; color: white;"">&#10003;</span></td>
<td><span style=""font-size:30px;"">&#10003;</span></td>
  </tr>
  </tbody></table>
","Colour References","<style>

table {

margin: 0 auto 0 auto;
}

table, th, td {
  
  border-collapse: collapse;
padding: 5px;
}
th, td {
  padding: 5px;
  text-align: center; 
  width: 100px;
  height: 50px;
  background-color:#009ee3;
  color: white;
  border-left: 5px solid white;
  border-right: 5px solid white;
}

th {
  border-top-color: white;
  font-size: 15px;
}

td {

padding-bottom: 1em;
border-bottom: 5px solid white;
font-size: 20px;
  
</style>

<table id=""data"">
  <tbody><tr>
    <th>HEX</th>
<th>RGB</th>
<th>CMYK</th>
<th>PANTONE</th>
<th>RAL</th>
  </tr>
  <tr>
    <td>#5184AC</td>
<td>81, 132, 172</td>
<td>71, 39, 18, 3</td>
<td>2156 C</td>
<td>5014</td>
  </tr>

  </tbody></table>
","","","","","Poli-Tape-4927-Bright-Blue-Turbo-Heat-Transfer-Vinyl","0","HEX #5184AC, RGB 81 132 172, CMYK 71 39 18 3, PANTONE 2156 C, RAL 5014, POLI FLEX TURBO, POLI TAPE, HEAT TRANSFER VINYL, HTV, 4927, BRIGHT BLUE","","","1647438477","0","","0","","CHECKBOX"
"4928-Bright-Lavender","Bright Lavender Turbo Heat Transfer Vinyl","4928","Poli-Tape","840","6","DEFAULT","","","","","0","Poli-Tape 4928 Bright Lavender Turbo Heat Transfer Vinyl with a semi-gloss metallic sheen. 500mm wide","<html>

<title><head>Poli-Flex Turbo</head></title>

<body>
<p>Poli-Flex Turbo is a polyurethane transfer film equipped with a special hotmelt for fast application at low temperature.</p>
<p>With super-fast heat pressing times as little as 3 seconds, the Poli-Flex® Turbo is recognised as being the best in class when it comes to coloured HTV.</p>
<p>This super soft PU film can be used on a variety of textiles such as cotton, polyester and blended fabrics such as polyester / acrylic as well as uncoated nylon. Also suitable for smooth wood, leather, cardboard and glass. With its brilliant level of stretch, this range is also perfect for leisure and activewear but the special thing about all products in the Turbo range is the speed and temperature of heat pressing. This dramatically cuts down on the application time, improving both productivity and profitability. This material also comes with an adhesive polyester 100µm liner to aid with safe positioning.</p>
<p>Poli-Flex Turbo is tested to Oeko-Tex 100, which is an international standard that guarantees the safety of apparel decoration, making it safe for use on childrens and pets clothing.</p>
<p><a href=""media/ecom/pdfs/datasheets/TDS_POLI-FLEX TURBO GB.pdf"" target=""_blank""><img style=""border: 0px solid ; width: 200px; height: 60px;"" alt=""Poli-Flex Turbo Datasheet"" src=""media/ecom/onpagegraphics/Datasheet.png""></a></p>

<img style=""margin: 5px; width: 100px; height: 123px;"" alt=""vegan logo""
src=""media/ecom/onpagegraphics/vegan.png"">

<img style=""margin: 5px; width: 200px; height: 117px;"" alt=""oeko-tex logo""
src=""media/ecom/onpagegraphics/Oeko-Tex.png"">

</body>

</html>","4928_Bright_Lavender.png","4928_Bright_Lavender.png","INVITEMS","DEFAULT-4928-Bright-Lavender-DEFAULT-4928-Bright-Lavender","","","0","0","0","","1","REGONLY","0","0","0","0","","","","SELECT","SELECT","0","","","","","0","0","","income-service","","","0","0","","","","","Poli_Flex_Turbo","Poli_Flex_Turbo","","","0","Hotronix-Auto-Open-Clam-Heatpress, Weeding_Hook, EZ_LED_Weeder, FLEXOFF, Weeding_Tweezers, Heat_Tape, Tygaflor_Sheet, Olfa_Cutting_Matt_A3, Yellow_Ruler, ","Weeding_Hook, EZ_LED_Weeder, FLEXOFF, Weeding_Tweezers, Heat_Tape, Tygaflor_Sheet, Olfa_Cutting_Matt_A3, Yellow_Ruler, ","A","","","","","Colours, Metallics, Reds, Blues","Gloss","Application & Aftercare Instructions","<style>

table {

margin: 0 auto 0 auto;
}

table, th, td {
  
  border-collapse: collapse;
padding: 5px;
}
th, td {
  padding: 5px;
  text-align: center; 
  width: 100px;
  height: 50px;
  background-color:#009ee3;
  color: white;
  border-left: 5px solid white;
  border-right: 5px solid white;
}

th {
  border-top-color: white;
  font-size: 15px;
}

td {

padding-bottom: 1em;
border-bottom: 5px solid white;
font-size: 20px;
  
</style>



<table id=""data"">
  <tbody><tr>
    <th>PRESS TEMP</th>
<th>PRESS TIME</th>
<th>PRESSURE</th>
<th>EASY WEED</th>
<th>PEEL</th>
  </tr>
  <tr>
    <td>130<sup>o</sup>C<br>150<sup>o</sup>C<br>160<sup>o</sup>C</td>
<td>5 secs<br>4 secs<br>3 secs</td>
<td>Medium<br></td>
<td><span style=""font-size:30px;"">&#10003;</span></td>
<td>Warm</td>
  </tr>

<tr>
    <th>LAYER</th>
<th>REVERSE IMAGE</th>
<th>WASH</th>
<th>TUMBLE DRY</th>
<th>DRY CLEAN</th>
  </tr>
  <tr>
    <td><span style=""font-size:30px;"">&#10005;</span></td>
<td><span style=""font-size:30px;"">&#10003;</span></td>
<td>60<sup>o</sup>C</td>
<td><span style=""font-size:30px; color: white;"">&#10003;</span></td>
<td><span style=""font-size:30px;"">&#10003;</span></td>
  </tr>
  </tbody></table>
","Colour References","<style>

table {

margin: 0 auto 0 auto;
}

table, th, td {
  
  border-collapse: collapse;
padding: 5px;
}
th, td {
  padding: 5px;
  text-align: center; 
  width: 100px;
  height: 50px;
  background-color:#009ee3;
  color: white;
  border-left: 5px solid white;
  border-right: 5px solid white;
}

th {
  border-top-color: white;
  font-size: 15px;
}

td {

padding-bottom: 1em;
border-bottom: 5px solid white;
font-size: 20px;
  
</style>

<table id=""data"">
  <tbody><tr>
    <th>HEX</th>
<th>RGB</th>
<th>CMYK</th>
<th>PANTONE</th>
<th>RAL</th>
  </tr>
  <tr>
    <td>#686382</td>
<td>104, 99, 130</td>
<td>65, 59, 29, 13</td>
<td>4121 C</td>
<td>4011</td>
  </tr>

  </tbody></table>
","","","","","Poli-Tape-4928-Bright-Lavender-Turbo-Heat-Transfer-Vinyl","0","HEX #686382, RGB 104 99 130, CMYK 65 59 29 13, PANTONE 4121 C, RAL 4011, POLI FLEX TURBO, POLI TAPE, HEAT TRANSFER VINYL, HTV, 4928, BRIGHT LAVENDER
","","","1647438975","0","","0","","CHECKBOX"
"4929-Coral","Coral Turbo Heat Transfer Vinyl","4929","Poli-Tape","140","6","DEFAULT","","","","","0","Poli-Tape 4929 Coral Turbo Heat Transfer Vinyl. 500mm wide","<html>

<title><head>Poli-Flex Turbo</head></title>

<body>
<p>Poli-Flex Turbo is a polyurethane transfer film equipped with a special hotmelt for fast application at low temperature.</p>
<p>With super-fast heat pressing times as little as 3 seconds, the Poli-Flex® Turbo is recognised as being the best in class when it comes to coloured HTV.</p>
<p>This super soft PU film can be used on a variety of textiles such as cotton, polyester and blended fabrics such as polyester / acrylic as well as uncoated nylon. Also suitable for smooth wood, leather, cardboard and glass. With its brilliant level of stretch, this range is also perfect for leisure and activewear but the special thing about all products in the Turbo range is the speed and temperature of heat pressing. This dramatically cuts down on the application time, improving both productivity and profitability. This material also comes with an adhesive polyester 100µm liner to aid with safe positioning.</p>
<p>Poli-Flex Turbo is tested to Oeko-Tex 100, which is an international standard that guarantees the safety of apparel decoration, making it safe for use on childrens and pets clothing.</p>
<p><a href=""media/ecom/pdfs/datasheets/TDS_POLI-FLEX TURBO GB.pdf"" target=""_blank""><img style=""border: 0px solid ; width: 200px; height: 60px;"" alt=""Poli-Flex Turbo Datasheet"" src=""media/ecom/onpagegraphics/Datasheet.png""></a></p>

<img style=""margin: 5px; width: 100px; height: 123px;"" alt=""vegan logo""
src=""media/ecom/onpagegraphics/vegan.png"">

<img style=""margin: 5px; width: 200px; height: 117px;"" alt=""oeko-tex logo""
src=""media/ecom/onpagegraphics/Oeko-Tex.png"">

</body>

</html>","4929_Coral.png","4929_Coral.png","INVITEMS","DEFAULT-4929-Coral-DEFAULT-4929-Coral","","","0","0","0","","1","REGONLY","0","0","0","0","","","","SELECT","SELECT","0","","","","","0","0","","income-service","","","0","0","","","","","Poli_Flex_Turbo","Poli_Flex_Turbo","","","0","Hotronix-Auto-Open-Clam-Heatpress, Weeding_Hook, EZ_LED_Weeder, FLEXOFF, Weeding_Tweezers, Heat_Tape, Tygaflor_Sheet, Olfa_Cutting_Matt_A3, Yellow_Ruler, ","Weeding_Hook, EZ_LED_Weeder, FLEXOFF, Weeding_Tweezers, Heat_Tape, Tygaflor_Sheet, Olfa_Cutting_Matt_A3, Yellow_Ruler, ","A","","","","","Colours, Oranges","Satin","Application & Aftercare Instructions","<style>

table {

margin: 0 auto 0 auto;
}

table, th, td {
  
  border-collapse: collapse;
padding: 5px;
}
th, td {
  padding: 5px;
  text-align: center; 
  width: 100px;
  height: 50px;
  background-color:#009ee3;
  color: white;
  border-left: 5px solid white;
  border-right: 5px solid white;
}

th {
  border-top-color: white;
  font-size: 15px;
}

td {

padding-bottom: 1em;
border-bottom: 5px solid white;
font-size: 20px;
  
</style>



<table id=""data"">
  <tbody><tr>
    <th>PRESS TEMP</th>
<th>PRESS TIME</th>
<th>PRESSURE</th>
<th>EASY WEED</th>
<th>PEEL</th>
  </tr>
  <tr>
    <td>130<sup>o</sup>C<br>150<sup>o</sup>C<br>160<sup>o</sup>C</td>
<td>5 secs<br>4 secs<br>3 secs</td>
<td>Medium<br></td>
<td><span style=""font-size:30px;"">&#10003;</span></td>
<td>Warm</td>
  </tr>

<tr>
    <th>LAYER</th>
<th>REVERSE IMAGE</th>
<th>WASH</th>
<th>TUMBLE DRY</th>
<th>DRY CLEAN</th>
  </tr>
  <tr>
    <td><span style=""font-size:30px;"">&#10003;</span></td>
<td><span style=""font-size:30px;"">&#10003;</span></td>
<td>60<sup>o</sup>C</td>
<td><span style=""font-size:30px; color: white;"">&#10003;</span></td>
<td><span style=""font-size:30px;"">&#10003;</span></td>
  </tr>
  </tbody></table>
","Colour References","<style>

table {

margin: 0 auto 0 auto;
}

table, th, td {
  
  border-collapse: collapse;
padding: 5px;
}
th, td {
  padding: 5px;
  text-align: center; 
  width: 100px;
  height: 50px;
  background-color:#009ee3;
  color: white;
  border-left: 5px solid white;
  border-right: 5px solid white;
}

th {
  border-top-color: white;
  font-size: 15px;
}

td {

padding-bottom: 1em;
border-bottom: 5px solid white;
font-size: 20px;
  
</style>

<table id=""data"">
  <tbody><tr>
    <th>HEX</th>
<th>RGB</th>
<th>CMYK</th>
<th>PANTONE</th>
<th>RAL</th>
  </tr>
  <tr>
    <td>#FF6A51</td>
<td>255, 106, 81</td>
<td>0, 58, 68, 0</td>
<td>172 U</td>
<td>040 60 60</td>
  </tr>

  </tbody></table>
","","","","","Poli-Tape-4929-Coral-Turbo-Heat-Transfer-Vinyl","0","HEX #FF6A51, RGB 255 106 81, CMYK 0 58 68 0, PANTONE 172 U, RAL 040 60 60, POLI FLEX TURBO, POLI TAPE, HEAT TRANSFER VINYL, HTV, 4929, CORAL
","","","1691076955","0","","0","","CHECKBOX"
"4930-Silver","Silver Turbo Heat Transfer Vinyl","4930","Poli-Tape","710","6","DEFAULT","","","","","0","Poli-Tape 4930 Silver Turbo Heat Transfer Vinyl. 500mm wide","<html>

<title><head>Poli-Flex Turbo</head></title>

<body>
<p>Poli-Flex Turbo is a polyurethane transfer film equipped with a special hotmelt for fast application at low temperature.</p>
<p>With super-fast heat pressing times as little as 3 seconds, the Poli-Flex® Turbo is recognised as being the best in class when it comes to coloured HTV.</p>
<p>This super soft PU film can be used on a variety of textiles such as cotton, polyester and blended fabrics such as polyester / acrylic as well as uncoated nylon. Also suitable for smooth wood, leather, cardboard and glass. With its brilliant level of stretch, this range is also perfect for leisure and activewear but the special thing about all products in the Turbo range is the speed and temperature of heat pressing. This dramatically cuts down on the application time, improving both productivity and profitability. This material also comes with an adhesive polyester 100µm liner to aid with safe positioning.</p>
<p>Poli-Flex Turbo is tested to Oeko-Tex 100, which is an international standard that guarantees the safety of apparel decoration, making it safe for use on childrens and pets clothing.</p>
<p><a href=""media/ecom/pdfs/datasheets/TDS_POLI-FLEX TURBO GB.pdf"" target=""_blank""><img style=""border: 0px solid ; width: 200px; height: 60px;"" alt=""Poli-Flex Turbo Datasheet"" src=""media/ecom/onpagegraphics/Datasheet.png""></a></p>

<img style=""margin: 5px; width: 100px; height: 123px;"" alt=""vegan logo""
src=""media/ecom/onpagegraphics/vegan.png"">

<img style=""margin: 5px; width: 200px; height: 117px;"" alt=""oeko-tex logo""
src=""media/ecom/onpagegraphics/Oeko-Tex.png"">

</body>

</html>","4930_Silver.png","4930_Silver.png","INVITEMS","DEFAULT-4930-Silver-DEFAULT-4930-Silver-Metallic","","","0","0","0","","1","REGONLY","0","0","0","0","","","","SELECT","SELECT","0","","","","","0","0","","income-service","","","0","0","","","","","Poli_Flex_Turbo","3606_Metal_Effect, Poli_Flex_Turbo","","","0","Hotronix-Auto-Open-Clam-Heatpress, Weeding_Hook, EZ_LED_Weeder, FLEXOFF, Weeding_Tweezers, Heat_Tape, Tygaflor_Sheet, Olfa_Cutting_Matt_A3, Yellow_Ruler, ","Weeding_Hook, EZ_LED_Weeder, FLEXOFF, Weeding_Tweezers, Heat_Tape, Tygaflor_Sheet, Olfa_Cutting_Matt_A3, Yellow_Ruler, ","A","","","","","Metallics, Greys","Gloss","Application & Aftercare Instructions","<style>

table {

margin: 0 auto 0 auto;
}

table, th, td {
  
  border-collapse: collapse;
padding: 5px;
}
th, td {
  padding: 5px;
  text-align: center; 
  width: 100px;
  height: 50px;
  background-color:#009ee3;
  color: white;
  border-left: 5px solid white;
  border-right: 5px solid white;
}

th {
  border-top-color: white;
  font-size: 15px;
}

td {

padding-bottom: 1em;
border-bottom: 5px solid white;
font-size: 20px;
  
</style>



<table id=""data"">
  <tbody><tr>
    <th>PRESS TEMP</th>
<th>PRESS TIME</th>
<th>PRESSURE</th>
<th>EASY WEED</th>
<th>PEEL</th>
  </tr>
  <tr>
    <td>130<sup>o</sup>C<br>150<sup>o</sup>C<br>160<sup>o</sup>C</td>
<td>5 secs<br>4 secs<br>3 secs</td>
<td>Medium<br></td>
<td><span style=""font-size:30px;"">&#10003;</span></td>
<td>Warm</td>
  </tr>

<tr>
    <th>LAYER</th>
<th>REVERSE IMAGE</th>
<th>WASH</th>
<th>TUMBLE DRY</th>
<th>DRY CLEAN</th>
  </tr>
  <tr>
    <td><span style=""font-size:30px;"">&#10005;</span></td>
<td><span style=""font-size:30px;"">&#10003;</span></td>
<td>60<sup>o</sup>C</td>
<td><span style=""font-size:30px; color: white;"">&#10003;</span></td>
<td><span style=""font-size:30px;"">&#10003;</span></td>
  </tr>
  </tbody></table>
","Colour References","<style>

table {

margin: 0 auto 0 auto;
}

table, th, td {
  
  border-collapse: collapse;
padding: 5px;
}
th, td {
  padding: 5px;
  text-align: center; 
  width: 100px;
  height: 50px;
  background-color:#009ee3;
  color: white;
  border-left: 5px solid white;
  border-right: 5px solid white;
}

th {
  border-top-color: white;
  font-size: 15px;
}

td {

padding-bottom: 1em;
border-bottom: 5px solid white;
font-size: 20px;
  
</style>

<table id=""data"">
  <tbody><tr>
    <th>HEX</th>
<th>RGB</th>
<th>CMYK</th>
<th>PANTONE</th>
<th>RAL</th>
  </tr>
  <tr>
    <td>#94958E</td>
<td>148, 149, 142</td>
<td>43, 32, 38, 13</td>
<td>877 C</td>
<td>7042</td>
  </tr>

  </tbody></table>
","","","","","Poli-Tape-4930-Silver-Turbo-Heat-Transfer-Vinyl","0","HEX #94958E, RGB 148 149 142, CMYK 43 32 38 13, PANTONE 877 C, RAL 7042, POLI FLEX TURBO, POLI TAPE, HEAT TRANSFER VINYL, HTV, 4930, SILVER","","","1575562050","0","","0","","CHECKBOX"
"4940-Neon-Yellow","Neon Yellow Turbo Heat Transfer Vinyl","4940","Poli-Tape","910","7","DEFAULT","","","","","0","Poli-Tape 4940 Neon Yellow Turbo Heat Transfer Vinyl. 500mm wide","<html>

<title><head>Poli-Flex Turbo</head></title>

<body>
<p>Poli-Flex Turbo is a polyurethane transfer film equipped with a special hotmelt for fast application at low temperature.</p>
<p>With super-fast heat pressing times as little as 3 seconds, the Poli-Flex® Turbo is recognised as being the best in class when it comes to coloured HTV.</p>
<p>This super soft PU film can be used on a variety of textiles such as cotton, polyester and blended fabrics such as polyester / acrylic as well as uncoated nylon. Also suitable for smooth wood, leather, cardboard and glass. With its brilliant level of stretch, this range is also perfect for leisure and activewear but the special thing about all products in the Turbo range is the speed and temperature of heat pressing. This dramatically cuts down on the application time, improving both productivity and profitability. This material also comes with an adhesive polyester 100µm liner to aid with safe positioning.</p>
<p>Poli-Flex Turbo is tested to Oeko-Tex 100, which is an international standard that guarantees the safety of apparel decoration, making it safe for use on childrens and pets clothing.</p>
<p><a href=""media/ecom/pdfs/datasheets/TDS_POLI-FLEX TURBO GB.pdf"" target=""_blank""><img style=""border: 0px solid ; width: 200px; height: 60px;"" alt=""Poli-Flex Turbo Datasheet"" src=""media/ecom/onpagegraphics/Datasheet.png""></a></p>

<img style=""margin: 5px; width: 100px; height: 123px;"" alt=""vegan logo""
src=""media/ecom/onpagegraphics/vegan.png"">

<img style=""margin: 5px; width: 200px; height: 117px;"" alt=""oeko-tex logo""
src=""media/ecom/onpagegraphics/Oeko-Tex.png"">

</body>

</html>","4940_Neon_Yellow.png","4940_Neon_Yellow.png","INVITEMS","DEFAULT-4940-Neon-Yellow-DEFAULT-4940-Neon-Yellow","","","0","0","0","","1","REGONLY","0","0","0","0","","","","SELECT","SELECT","0","","","","","0","0","","income-service","","","0","0","","","","","Poli_Flex_Turbo","Poli_Flex_Turbo","","","0","Hotronix-Auto-Open-Clam-Heatpress, Weeding_Hook, EZ_LED_Weeder, FLEXOFF, Weeding_Tweezers, Heat_Tape, Tygaflor_Sheet, Olfa_Cutting_Matt_A3, Yellow_Ruler, ","Weeding_Hook, EZ_LED_Weeder, FLEXOFF, Weeding_Tweezers, Heat_Tape, Tygaflor_Sheet, Olfa_Cutting_Matt_A3, Yellow_Ruler, ","A","","","","","Neons, Colours, Yellows","Satin","Application & Aftercare Instructions","<style>

table {

margin: 0 auto 0 auto;
}

table, th, td {
  
  border-collapse: collapse;
padding: 5px;
}
th, td {
  padding: 5px;
  text-align: center; 
  width: 100px;
  height: 50px;
  background-color:#009ee3;
  color: white;
  border-left: 5px solid white;
  border-right: 5px solid white;
}

th {
  border-top-color: white;
  font-size: 15px;
}

td {

padding-bottom: 1em;
border-bottom: 5px solid white;
font-size: 20px;
  
</style>



<table id=""data"">
  <tbody><tr>
    <th>PRESS TEMP</th>
<th>PRESS TIME</th>
<th>PRESSURE</th>
<th>EASY WEED</th>
<th>PEEL</th>
  </tr>
  <tr>
    <td>130<sup>o</sup>C<br>150<sup>o</sup>C<br>160<sup>o</sup>C</td>
<td>5 secs<br>4 secs<br>3 secs</td>
<td>Medium<br></td>
<td><span style=""font-size:30px;"">&#10003;</span></td>
<td>Lukewarm</td>
  </tr>

<tr>
    <th>LAYER</th>
<th>REVERSE IMAGE</th>
<th>WASH</th>
<th>TUMBLE DRY</th>
<th>DRY CLEAN</th>
  </tr>
  <tr>
    <td><span style=""font-size:30px;"">&#10005;</span></td>
<td><span style=""font-size:30px;"">&#10003;</span></td>
<td>60<sup>o</sup>C</td>
<td><span style=""font-size:30px; color: white;"">&#10003;</span></td>
<td><span style=""font-size:30px;"">&#10003;</span></td>
  </tr>
  </tbody></table>
","Colour References","<style>

table {

margin: 0 auto 0 auto;
}

table, th, td {
  
  border-collapse: collapse;
padding: 5px;
}
th, td {
  padding: 5px;
  text-align: center; 
  width: 100px;
  height: 50px;
  background-color:#009ee3;
  color: white;
  border-left: 5px solid white;
  border-right: 5px solid white;
}

th {
  border-top-color: white;
  font-size: 15px;
}

td {

padding-bottom: 1em;
border-bottom: 5px solid white;
font-size: 20px;
  
</style>

<table id=""data"">
  <tbody><tr>
    <th>HEX</th>
<th>RGB</th>
<th>CMYK</th>
<th>PANTONE</th>
<th>RAL</th>
  </tr>
  <tr>
    <td>#FFFF00</td>
<td>255, 255, 0</td>
<td>10, 0, 95, 0</td>
<td>809 C</td>
<td>1026</td>
  </tr>

  </tbody></table>
","","","","","Poli-Tape-4940-Neon-Yellow-Turbo-Heat-Transfer-Vinyl","0","turbo, politape, poli-tape, poli tape, poli flex, poli-flex, poliflex, turbo, htv, heat, transfer, HEX #FFF00, RGB 255 255 0, CMYK 10 0 95 0, PANTONE 809 C, RAL 1026, POLI FLEX TURBO, POLI TAPE, HEAT TRANSFER VINYL, HTV, 4940, NEON YELLOW","","","1601639490","0","","0","","CHECKBOX"
"4941-Neon-Green","Neon Green Turbo Heat Transfer Vinyl","4941","Poli-Tape","920","7","DEFAULT","","","","","0","Poli-Tape 4941 Neon Green Turbo Heat Transfer Vinyl. 500mm wide","<html>

<title><head>Poli-Flex Turbo</head></title>

<body>
<p>Poli-Flex Turbo is a polyurethane transfer film equipped with a special hotmelt for fast application at low temperature.</p>
<p>With super-fast heat pressing times as little as 3 seconds, the Poli-Flex® Turbo is recognised as being the best in class when it comes to coloured HTV.</p>
<p>This super soft PU film can be used on a variety of textiles such as cotton, polyester and blended fabrics such as polyester / acrylic as well as uncoated nylon. Also suitable for smooth wood, leather, cardboard and glass. With its brilliant level of stretch, this range is also perfect for leisure and activewear but the special thing about all products in the Turbo range is the speed and temperature of heat pressing. This dramatically cuts down on the application time, improving both productivity and profitability. This material also comes with an adhesive polyester 100µm liner to aid with safe positioning.</p>
<p>Poli-Flex Turbo is tested to Oeko-Tex 100, which is an international standard that guarantees the safety of apparel decoration, making it safe for use on childrens and pets clothing.</p>
<p><a href=""media/ecom/pdfs/datasheets/TDS_POLI-FLEX TURBO GB.pdf"" target=""_blank""><img style=""border: 0px solid ; width: 200px; height: 60px;"" alt=""Poli-Flex Turbo Datasheet"" src=""media/ecom/onpagegraphics/Datasheet.png""></a></p>

<img style=""margin: 5px; width: 100px; height: 123px;"" alt=""vegan logo""
src=""media/ecom/onpagegraphics/vegan.png"">

<img style=""margin: 5px; width: 200px; height: 117px;"" alt=""oeko-tex logo""
src=""media/ecom/onpagegraphics/Oeko-Tex.png"">

</body>

</html>","4941_Neon_Green.png","4941_Neon_Green.png","INVITEMS","DEFAULT-4941-Neon-Green-DEFAULT-4941-Neon-Green","","","0","0","0","","1","REGONLY","0","0","0","0","","","","SELECT","SELECT","0","","","","","0","0","","income-service","","","0","0","","","","","Poli_Flex_Turbo","Poli_Flex_Turbo","","","0","Hotronix-Auto-Open-Clam-Heatpress, Weeding_Hook, EZ_LED_Weeder, FLEXOFF, Weeding_Tweezers, Heat_Tape, Tygaflor_Sheet, Olfa_Cutting_Matt_A3, Yellow_Ruler, ","Weeding_Hook, EZ_LED_Weeder, FLEXOFF, Weeding_Tweezers, Heat_Tape, Tygaflor_Sheet, Olfa_Cutting_Matt_A3, Yellow_Ruler, ","A","","","","","Colours, Neons, Greens","Satin","Application & Aftercare Instructions","<style>

table {

margin: 0 auto 0 auto;
}

table, th, td {
  
  border-collapse: collapse;
padding: 5px;
}
th, td {
  padding: 5px;
  text-align: center; 
  width: 100px;
  height: 50px;
  background-color:#009ee3;
  color: white;
  border-left: 5px solid white;
  border-right: 5px solid white;
}

th {
  border-top-color: white;
  font-size: 15px;
}

td {

padding-bottom: 1em;
border-bottom: 5px solid white;
font-size: 20px;
  
</style>



<table id=""data"">
  <tbody><tr>
    <th>PRESS TEMP</th>
<th>PRESS TIME</th>
<th>PRESSURE</th>
<th>EASY WEED</th>
<th>PEEL</th>
  </tr>
  <tr>
    <td>130<sup>o</sup>C<br>150<sup>o</sup>C<br>160<sup>o</sup>C</td>
<td>5 secs<br>4 secs<br>3 secs</td>
<td>Medium<br></td>
<td><span style=""font-size:30px;"">&#10003;</span></td>
<td>Lukewarm</td>
  </tr>

<tr>
    <th>LAYER</th>
<th>REVERSE IMAGE</th>
<th>WASH</th>
<th>TUMBLE DRY</th>
<th>DRY CLEAN</th>
  </tr>
  <tr>
    <td><span style=""font-size:30px;"">&#10005;</span></td>
<td><span style=""font-size:30px;"">&#10003;</span></td>
<td>60<sup>o</sup>C</td>
<td><span style=""font-size:30px; color: white;"">&#10003;</span></td>
<td><span style=""font-size:30px;"">&#10003;</span></td>
  </tr>
  </tbody></table>
","Colour References","<style>

table {

margin: 0 auto 0 auto;
}

table, th, td {
  
  border-collapse: collapse;
padding: 5px;
}
th, td {
  padding: 5px;
  text-align: center; 
  width: 100px;
  height: 50px;
  background-color:#009ee3;
  color: white;
  border-left: 5px solid white;
  border-right: 5px solid white;
}

th {
  border-top-color: white;
  font-size: 15px;
}

td {

padding-bottom: 1em;
border-bottom: 5px solid white;
font-size: 20px;
  
</style>

<table id=""data"">
  <tbody><tr>
    <th>HEX</th>
<th>RGB</th>
<th>CMYK</th>
<th>PANTONE</th>
<th>RAL</th>
  </tr>
  <tr>
    <td>#33E13D</td>
<td>51, 255, 61</td>
<td>62, 0, 100, 0</td>
<td>802 C</td>
<td>6038</td>
  </tr>

  </tbody></table>
","","","","","Poli-Tape-4941-Neon-Green-Turbo-Heat-Transfer-Vinyl","0","turbo, politape, poli-tape, poli tape, poli flex, poli-flex, poliflex, turbo, htv, heat, transfer, HEX #33E13D, RGB 51 255 61, CMYK 62 0 100 0, PANTONE 802 C, RAL 6038, POLI FLEX TURBO, POLI TAPE, HEAT TRANSFER VINYL, HTV, 4941, NEON GREEN","","","1596555824","0","","0","","CHECKBOX"
"4942-Neon-Orange","Neon Orange Turbo Heat Transfer Vinyl","4942","Poli-Tape","930","7","DEFAULT","","","","","0","Poli-Tape 4942 Neon Orange Turbo Heat Transfer Vinyl. 500mm wide","<html>

<title><head>Poli-Flex Turbo</head></title>

<body>
<p>Poli-Flex Turbo is a polyurethane transfer film equipped with a special hotmelt for fast application at low temperature.</p>
<p>With super-fast heat pressing times as little as 3 seconds, the Poli-Flex® Turbo is recognised as being the best in class when it comes to coloured HTV.</p>
<p>This super soft PU film can be used on a variety of textiles such as cotton, polyester and blended fabrics such as polyester / acrylic as well as uncoated nylon. Also suitable for smooth wood, leather, cardboard and glass. With its brilliant level of stretch, this range is also perfect for leisure and activewear but the special thing about all products in the Turbo range is the speed and temperature of heat pressing. This dramatically cuts down on the application time, improving both productivity and profitability. This material also comes with an adhesive polyester 100µm liner to aid with safe positioning.</p>
<p>Poli-Flex Turbo is tested to Oeko-Tex 100, which is an international standard that guarantees the safety of apparel decoration, making it safe for use on childrens and pets clothing.</p>
<p><a href=""media/ecom/pdfs/datasheets/TDS_POLI-FLEX TURBO GB.pdf"" target=""_blank""><img style=""border: 0px solid ; width: 200px; height: 60px;"" alt=""Poli-Flex Turbo Datasheet"" src=""media/ecom/onpagegraphics/Datasheet.png""></a></p>

<img style=""margin: 5px; width: 100px; height: 123px;"" alt=""vegan logo""
src=""media/ecom/onpagegraphics/vegan.png"">

<img style=""margin: 5px; width: 200px; height: 117px;"" alt=""oeko-tex logo""
src=""media/ecom/onpagegraphics/Oeko-Tex.png"">

</body>

</html>","4942_Neon_Orange.png","4942_Neon_Orange.png","INVITEMS","DEFAULT-4942-Neon-Orange-DEFAULT-4942-Neon-Orange","","","0","0","0","","1","REGONLY","0","0","0","0","","","","SELECT","SELECT","0","","","","","0","0","","income-service","","","0","0","","","","","Poli_Flex_Turbo","Poli_Flex_Turbo","","","0","Hotronix-Auto-Open-Clam-Heatpress, Weeding_Hook, EZ_LED_Weeder, FLEXOFF, Weeding_Tweezers, Heat_Tape, Tygaflor_Sheet, Olfa_Cutting_Matt_A3, Yellow_Ruler, ","Weeding_Hook, EZ_LED_Weeder, FLEXOFF, Weeding_Tweezers, Heat_Tape, Tygaflor_Sheet, Olfa_Cutting_Matt_A3, Yellow_Ruler, ","A","","","","","Colours, Neons, Oranges","Satin","Application & Aftercare Instructions","<style>

table {

margin: 0 auto 0 auto;
}

table, th, td {
  
  border-collapse: collapse;
padding: 5px;
}
th, td {
  padding: 5px;
  text-align: center; 
  width: 100px;
  height: 50px;
  background-color:#009ee3;
  color: white;
  border-left: 5px solid white;
  border-right: 5px solid white;
}

th {
  border-top-color: white;
  font-size: 15px;
}

td {

padding-bottom: 1em;
border-bottom: 5px solid white;
font-size: 20px;
  
</style>



<table id=""data"">
  <tbody><tr>
    <th>PRESS TEMP</th>
<th>PRESS TIME</th>
<th>PRESSURE</th>
<th>EASY WEED</th>
<th>PEEL</th>
  </tr>
  <tr>
    <td>130<sup>o</sup>C<br>150<sup>o</sup>C<br>160<sup>o</sup>C</td>
<td>5 secs<br>4 secs<br>3 secs</td>
<td>Medium<br></td>
<td><span style=""font-size:30px;"">&#10003;</span></td>
<td>Lukewarm</td>
  </tr>

<tr>
    <th>LAYER</th>
<th>REVERSE IMAGE</th>
<th>WASH</th>
<th>TUMBLE DRY</th>
<th>DRY CLEAN</th>
  </tr>
  <tr>
    <td><span style=""font-size:30px;"">&#10005;</span></td>
<td><span style=""font-size:30px;"">&#10003;</span></td>
<td>60<sup>o</sup>C</td>
<td><span style=""font-size:30px; color: white;"">&#10003;</span></td>
<td><span style=""font-size:30px;"">&#10003;</span></td>
  </tr>
  </tbody></table>
","Colour References","<style>

table {

margin: 0 auto 0 auto;
}

table, th, td {
  
  border-collapse: collapse;
padding: 5px;
}
th, td {
  padding: 5px;
  text-align: center; 
  width: 100px;
  height: 50px;
  background-color:#009ee3;
  color: white;
  border-left: 5px solid white;
  border-right: 5px solid white;
}

th {
  border-top-color: white;
  font-size: 15px;
}

td {

padding-bottom: 1em;
border-bottom: 5px solid white;
font-size: 20px;
  
</style>

<table id=""data"">
  <tbody><tr>
    <th>HEX</th>
<th>RGB</th>
<th>CMYK</th>
<th>PANTONE</th>
<th>RAL</th>
  </tr>
  <tr>
    <td>#FF6C11</td>
<td>255, 108, 17</td>
<td>0, 68, 91, 0</td>
<td>804 C</td>
<td>2003</td>
  </tr>

  </tbody></table>
","","","","","Poli-Tape-4942-Neon-Orange-Turbo-Heat-Transfer-Vinyl","0","turbo, politape, poli-tape, poli tape, poli flex, poli-flex, poliflex, turbo, htv, heat, transfer, HEX #FF6C11, RGB 255 108 17, CMYK 0 68 91 0, PANTONE 804 C, RAL 2003, POLI FLEX TURBO, POLI TAPE, HEAT TRANSFER VINYL, HTV, 4942, NEON ORANGE","","","1600268217","0","","0","","CHECKBOX"
"4943-Neon-Pink","Neon Pink Turbo Heat Transfer Vinyl","4943","Poli-Tape","950","7","DEFAULT","","","","","0","Poli-Tape 4943 Neon Pink Turbo Heat Transfer Vinyl. 500mm wide","<html>

<title><head>Poli-Flex Turbo</head></title>

<body>
<p>Poli-Flex Turbo is a polyurethane transfer film equipped with a special hotmelt for fast application at low temperature.</p>
<p>With super-fast heat pressing times as little as 3 seconds, the Poli-Flex® Turbo is recognised as being the best in class when it comes to coloured HTV.</p>
<p>This super soft PU film can be used on a variety of textiles such as cotton, polyester and blended fabrics such as polyester / acrylic as well as uncoated nylon. Also suitable for smooth wood, leather, cardboard and glass. With its brilliant level of stretch, this range is also perfect for leisure and activewear but the special thing about all products in the Turbo range is the speed and temperature of heat pressing. This dramatically cuts down on the application time, improving both productivity and profitability. This material also comes with an adhesive polyester 100µm liner to aid with safe positioning.</p>
<p>Poli-Flex Turbo is tested to Oeko-Tex 100, which is an international standard that guarantees the safety of apparel decoration, making it safe for use on childrens and pets clothing.</p>
<p><a href=""media/ecom/pdfs/datasheets/TDS_POLI-FLEX TURBO GB.pdf"" target=""_blank""><img style=""border: 0px solid ; width: 200px; height: 60px;"" alt=""Poli-Flex Turbo Datasheet"" src=""media/ecom/onpagegraphics/Datasheet.png""></a></p>

<img style=""margin: 5px; width: 100px; height: 123px;"" alt=""vegan logo""
src=""media/ecom/onpagegraphics/vegan.png"">

<img style=""margin: 5px; width: 200px; height: 117px;"" alt=""oeko-tex logo""
src=""media/ecom/onpagegraphics/Oeko-Tex.png"">

</body>

</html>","4943_Neon_Pink.png","4943_Neon_Pink.png","INVITEMS","DEFAULT-4943-Neon-Pink-DEFAULT-4943-Neon-Pink","","","0","0","0","","1","REGONLY","0","0","0","0","","","","SELECT","SELECT","0","","","","","0","0","","income-service","","","0","0","","","","","Poli_Flex_Turbo","Poli_Flex_Turbo","","","0","Hotronix-Auto-Open-Clam-Heatpress, Weeding_Hook, EZ_LED_Weeder, FLEXOFF, Weeding_Tweezers, Heat_Tape, Tygaflor_Sheet, Olfa_Cutting_Matt_A3, Yellow_Ruler, ","Weeding_Hook, EZ_LED_Weeder, FLEXOFF, Weeding_Tweezers, Heat_Tape, Tygaflor_Sheet, Olfa_Cutting_Matt_A3, Yellow_Ruler, ","A","","","","","Colours, Neons, Reds","Satin","Application & Aftercare Instructions","<style>

table {

margin: 0 auto 0 auto;
}

table, th, td {
  
  border-collapse: collapse;
padding: 5px;
}
th, td {
  padding: 5px;
  text-align: center; 
  width: 100px;
  height: 50px;
  background-color:#009ee3;
  color: white;
  border-left: 5px solid white;
  border-right: 5px solid white;
}

th {
  border-top-color: white;
  font-size: 15px;
}

td {

padding-bottom: 1em;
border-bottom: 5px solid white;
font-size: 20px;
  
</style>



<table id=""data"">
  <tbody><tr>
    <th>PRESS TEMP</th>
<th>PRESS TIME</th>
<th>PRESSURE</th>
<th>EASY WEED</th>
<th>PEEL</th>
  </tr>
  <tr>
    <td>130<sup>o</sup>C<br>150<sup>o</sup>C<br>160<sup>o</sup>C</td>
<td>5 secs<br>4 secs<br>3 secs</td>
<td>Medium<br></td>
<td><span style=""font-size:30px;"">&#10003;</span></td>
<td>Lukewarm</td>
  </tr>

<tr>
    <th>LAYER</th>
<th>REVERSE IMAGE</th>
<th>WASH</th>
<th>TUMBLE DRY</th>
<th>DRY CLEAN</th>
  </tr>
  <tr>
    <td><span style=""font-size:30px;"">&#10005;</span></td>
<td><span style=""font-size:30px;"">&#10003;</span></td>
<td>60<sup>o</sup>C</td>
<td><span style=""font-size:30px; color: white;"">&#10003;</span></td>
<td><span style=""font-size:30px;"">&#10003;</span></td>
  </tr>
  </tbody></table>
","Colour References","<style>

table {

margin: 0 auto 0 auto;
}

table, th, td {
  
  border-collapse: collapse;
padding: 5px;
}
th, td {
  padding: 5px;
  text-align: center; 
  width: 100px;
  height: 50px;
  background-color:#009ee3;
  color: white;
  border-left: 5px solid white;
  border-right: 5px solid white;
}

th {
  border-top-color: white;
  font-size: 15px;
}

td {

padding-bottom: 1em;
border-bottom: 5px solid white;
font-size: 20px;
  
</style>

<table id=""data"">
  <tbody><tr>
    <th>HEX</th>
<th>RGB</th>
<th>CMYK</th>
<th>PANTONE</th>
<th>RAL</th>
  </tr>
  <tr>
    <td>#EA4893</td>
<td>234, 72, 147</td>
<td>0, 83, 0, 0</td>
<td>806 C</td>
<td>-</td>
  </tr>

  </tbody></table>
","","","","","Poli-Tape-4943-Neon-Pink-Turbo-Heat-Transfer-Vinyl","0","HEX #EA4893, RGB 234 72 147, CMYK 0 83 0 0, PANTONE 806 C, POLI FLEX TURBO, POLI TAPE, HEAT TRANSFER VINYL, HTV, 4943, NEON PINK","","","1601639582","0","","0","","CHECKBOX"
"4944-Neon-Red","Neon Red Turbo Heat Transfer Vinyl","4944","Poli-Tape","940","7","DEFAULT","","","","","0","Poli-Tape 4944 Neon Red Turbo Heat Transfer Vinyl. 500mm wide","<html>

<title><head>Poli-Flex Turbo</head></title>

<body>
<p>Poli-Flex Turbo is a polyurethane transfer film equipped with a special hotmelt for fast application at low temperature.</p>
<p>With super-fast heat pressing times as little as 3 seconds, the Poli-Flex® Turbo is recognised as being the best in class when it comes to coloured HTV.</p>
<p>This super soft PU film can be used on a variety of textiles such as cotton, polyester and blended fabrics such as polyester / acrylic as well as uncoated nylon. Also suitable for smooth wood, leather, cardboard and glass. With its brilliant level of stretch, this range is also perfect for leisure and activewear but the special thing about all products in the Turbo range is the speed and temperature of heat pressing. This dramatically cuts down on the application time, improving both productivity and profitability. This material also comes with an adhesive polyester 100µm liner to aid with safe positioning.</p>
<p>Poli-Flex Turbo is tested to Oeko-Tex 100, which is an international standard that guarantees the safety of apparel decoration, making it safe for use on childrens and pets clothing.</p>
<p><a href=""media/ecom/pdfs/datasheets/TDS_POLI-FLEX TURBO GB.pdf"" target=""_blank""><img style=""border: 0px solid ; width: 200px; height: 60px;"" alt=""Poli-Flex Turbo Datasheet"" src=""media/ecom/onpagegraphics/Datasheet.png""></a></p>

<img style=""margin: 5px; width: 100px; height: 123px;"" alt=""vegan logo""
src=""media/ecom/onpagegraphics/vegan.png"">

<img style=""margin: 5px; width: 200px; height: 117px;"" alt=""oeko-tex logo""
src=""media/ecom/onpagegraphics/Oeko-Tex.png"">

</body>

</html>","4944_Neon_Red_Turbo_Flex.png","4944_Neon_Red_Turbo_Flex.png","INVITEMS","DEFAULT-4944-Neon-Red-DEFAULT-4944-Neon-Red","","","0","0","0","","1","REGONLY","0","0","0","0","","","","SELECT","SELECT","0","","","","","0","0","","income-service","","","0","0","","","","","Poli_Flex_Turbo","Poli_Flex_Turbo","","","0","Hotronix-Auto-Open-Clam-Heatpress, Weeding_Hook, EZ_LED_Weeder, FLEXOFF, Weeding_Tweezers, Heat_Tape, Tygaflor_Sheet, Olfa_Cutting_Matt_A3, Yellow_Ruler, ","Weeding_Hook, EZ_LED_Weeder, FLEXOFF, Weeding_Tweezers, Heat_Tape, Tygaflor_Sheet, Olfa_Cutting_Matt_A3, Yellow_Ruler, ","A","","","","","Colours, Neons, Reds","Satin","Application & Aftercare Instructions","<style>

table {

margin: 0 auto 0 auto;
}

table, th, td {
  
  border-collapse: collapse;
padding: 5px;
}
th, td {
  padding: 5px;
  text-align: center; 
  width: 100px;
  height: 50px;
  background-color:#009ee3;
  color: white;
  border-left: 5px solid white;
  border-right: 5px solid white;
}

th {
  border-top-color: white;
  font-size: 15px;
}

td {

padding-bottom: 1em;
border-bottom: 5px solid white;
font-size: 20px;
  
</style>



<table id=""data"">
  <tbody><tr>
    <th>PRESS TEMP</th>
<th>PRESS TIME</th>
<th>PRESSURE</th>
<th>EASY WEED</th>
<th>PEEL</th>
  </tr>
  <tr>
    <td>130<sup>o</sup>C<br>150<sup>o</sup>C<br>160<sup>o</sup>C</td>
<td>5 secs<br>4 secs<br>3 secs</td>
<td>Medium<br></td>
<td><span style=""font-size:30px;"">&#10003;</span></td>
<td>Lukewarm</td>
  </tr>

<tr>
    <th>LAYER</th>
<th>REVERSE IMAGE</th>
<th>WASH</th>
<th>TUMBLE DRY</th>
<th>DRY CLEAN</th>
  </tr>
  <tr>
    <td><span style=""font-size:30px;"">&#10005;</span></td>
<td><span style=""font-size:30px;"">&#10003;</span></td>
<td>60<sup>o</sup>C</td>
<td><span style=""font-size:30px; color: white;"">&#10003;</span></td>
<td><span style=""font-size:30px;"">&#10003;</span></td>
  </tr>
  </tbody></table>
","Colour References","<style>

table {

margin: 0 auto 0 auto;
}

table, th, td {
  
  border-collapse: collapse;
padding: 5px;
}
th, td {
  padding: 5px;
  text-align: center; 
  width: 100px;
  height: 50px;
  background-color:#009ee3;
  color: white;
  border-left: 5px solid white;
  border-right: 5px solid white;
}

th {
  border-top-color: white;
  font-size: 15px;
}

td {

padding-bottom: 1em;
border-bottom: 5px solid white;
font-size: 20px;
  
</style>

<table id=""data"">
  <tbody><tr>
    <th>HEX</th>
<th>RGB</th>
<th>CMYK</th>
<th>PANTONE</th>
<th>RAL</th>
  </tr>
  <tr>
    <td>#FF404B</td>
<td>255, 64, 75</td>
<td>0, 84, 60, 0</td>
<td>805 C</td>
<td>3024</td>
  </tr>

  </tbody></table>
","","","","","Poli-Tape-4944-Neon-Red-Turbo-Heat-Transfer-Vinyl","0","HEX #FF404B, RGB 255 64 75, CMYK 0 84 60 0, PANTONE 805 C, RAL 3024, POLI FLEX TURBO, POLI TAPE, HEAT TRANSFER VINYL, HTV, 4944, NEON RED","","","1565276274","0","","0","","CHECKBOX"
"4945-Neon-Dark-Pink","Neon Dark Pink Turbo Heat Transfer Vinyl","4945","Poli-Tape","960","7","DEFAULT","","","","","0","Poli-Tape 4945 Neon Dark Pink Turbo Heat Transfer Vinyl. 500mm wide","<html>

<title><head>Poli-Flex Turbo</head></title>

<body>
<p>Poli-Flex Turbo is a polyurethane transfer film equipped with a special hotmelt for fast application at low temperature.</p>
<p>With super-fast heat pressing times as little as 3 seconds, the Poli-Flex® Turbo is recognised as being the best in class when it comes to coloured HTV.</p>
<p>This super soft PU film can be used on a variety of textiles such as cotton, polyester and blended fabrics such as polyester / acrylic as well as uncoated nylon. Also suitable for smooth wood, leather, cardboard and glass. With its brilliant level of stretch, this range is also perfect for leisure and activewear but the special thing about all products in the Turbo range is the speed and temperature of heat pressing. This dramatically cuts down on the application time, improving both productivity and profitability. This material also comes with an adhesive polyester 100µm liner to aid with safe positioning.</p>
<p>Poli-Flex Turbo is tested to Oeko-Tex 100, which is an international standard that guarantees the safety of apparel decoration, making it safe for use on childrens and pets clothing.</p>
<p><a href=""media/ecom/pdfs/datasheets/TDS_POLI-FLEX TURBO GB.pdf"" target=""_blank""><img style=""border: 0px solid ; width: 200px; height: 60px;"" alt=""Poli-Flex Turbo Datasheet"" src=""media/ecom/onpagegraphics/Datasheet.png""></a></p>

<img style=""margin: 5px; width: 100px; height: 123px;"" alt=""vegan logo""
src=""media/ecom/onpagegraphics/vegan.png"">

<img style=""margin: 5px; width: 200px; height: 117px;"" alt=""oeko-tex logo""
src=""media/ecom/onpagegraphics/Oeko-Tex.png"">

</body>

</html>","4945_Neon_Dark_Pink.png","4945_Neon_Dark_Pink.png","INVITEMS","DEFAULT-4945-Neon-Dark-Pink-DEFAULT-4945-Neon-Dark-Pink","","","0","0","0","","1","REGONLY","0","0","0","0","","","","SELECT","SELECT","0","","","","","0","0","","income-service","","","0","0","","","","","Poli_Flex_Turbo","Poli_Flex_Turbo","","","0","Hotronix-Auto-Open-Clam-Heatpress, Weeding_Hook, EZ_LED_Weeder, FLEXOFF, Weeding_Tweezers, Heat_Tape, Tygaflor_Sheet, Olfa_Cutting_Matt_A3, Yellow_Ruler, ","Weeding_Hook, EZ_LED_Weeder, FLEXOFF, Weeding_Tweezers, Heat_Tape, Tygaflor_Sheet, Olfa_Cutting_Matt_A3, Yellow_Ruler, ","A","","","","","Colours, Neons, Reds","Satin","Application & Aftercare Instructions","<style>

table {

margin: 0 auto 0 auto;
}

table, th, td {
  
  border-collapse: collapse;
padding: 5px;
}
th, td {
  padding: 5px;
  text-align: center; 
  width: 100px;
  height: 50px;
  background-color:#009ee3;
  color: white;
  border-left: 5px solid white;
  border-right: 5px solid white;
}

th {
  border-top-color: white;
  font-size: 15px;
}

td {

padding-bottom: 1em;
border-bottom: 5px solid white;
font-size: 20px;
  
</style>



<table id=""data"">
  <tbody><tr>
    <th>PRESS TEMP</th>
<th>PRESS TIME</th>
<th>PRESSURE</th>
<th>EASY WEED</th>
<th>PEEL</th>
  </tr>
  <tr>
    <td>130<sup>o</sup>C<br>150<sup>o</sup>C<br>160<sup>o</sup>C</td>
<td>5 secs<br>4 secs<br>3 secs</td>
<td>Medium<br></td>
<td><span style=""font-size:30px;"">&#10003;</span></td>
<td>Lukewarm</td>
  </tr>

<tr>
    <th>LAYER</th>
<th>REVERSE IMAGE</th>
<th>WASH</th>
<th>TUMBLE DRY</th>
<th>DRY CLEAN</th>
  </tr>
  <tr>
    <td><span style=""font-size:30px;"">&#10005;</span></td>
<td><span style=""font-size:30px;"">&#10003;</span></td>
<td>60<sup>o</sup>C</td>
<td><span style=""font-size:30px; color: white;"">&#10003;</span></td>
<td><span style=""font-size:30px;"">&#10003;</span></td>
  </tr>
  </tbody></table>
","Colour References","<style>

table {

margin: 0 auto 0 auto;
}

table, th, td {
  
  border-collapse: collapse;
padding: 5px;
}
th, td {
  padding: 5px;
  text-align: center; 
  width: 100px;
  height: 50px;
  background-color:#009ee3;
  color: white;
  border-left: 5px solid white;
  border-right: 5px solid white;
}

th {
  border-top-color: white;
  font-size: 15px;
}

td {

padding-bottom: 1em;
border-bottom: 5px solid white;
font-size: 20px;
  
</style>

<table id=""data"">
  <tbody><tr>
    <th>HEX</th>
<th>RGB</th>
<th>CMYK</th>
<th>PANTONE</th>
<th>RAL</th>
  </tr>
  <tr>
    <td>#C00B6B</td>
<td>192, 11, 107</td>
<td>20, 100, 20, 5</td>
<td>233 C</td>
<td>4010</td>
  </tr>

  </tbody></table>
","","","","","Poli-Tape-4945-Neon-Dark-Pink-Turbo-Heat-Transfer-Vinyl","0","HEX #C00B6B, RGB 192 11 107, CMYK 20 100 20 5, PANTONE 233 C, RAL 4010, POLI FLEX TURBO, POLI TAPE, HEAT TRANSFER VINYL, HTV, 4945, NEON, NEON DARK PINK","","","1647443072","0","","0","","CHECKBOX"
"4951-Light-Grey","Light Grey Turbo Heat Transfer Vinyl","4951","Poli-Tape","40","6","DEFAULT","","","","","0","Poli-Tape 4951 Light Grey Turbo Heat Transfer Vinyl. 500mm wide","<html>

<title><head>Poli-Flex Turbo</head></title>

<body>
<p>Poli-Flex Turbo is a polyurethane transfer film equipped with a special hotmelt for fast application at low temperature.</p>
<p>With super-fast heat pressing times as little as 3 seconds, the Poli-Flex® Turbo is recognised as being the best in class when it comes to coloured HTV.</p>
<p>This super soft PU film can be used on a variety of textiles such as cotton, polyester and blended fabrics such as polyester / acrylic as well as uncoated nylon. Also suitable for smooth wood, leather, cardboard and glass. With its brilliant level of stretch, this range is also perfect for leisure and activewear but the special thing about all products in the Turbo range is the speed and temperature of heat pressing. This dramatically cuts down on the application time, improving both productivity and profitability. This material also comes with an adhesive polyester 100µm liner to aid with safe positioning.</p>
<p>Poli-Flex Turbo is tested to Oeko-Tex 100, which is an international standard that guarantees the safety of apparel decoration, making it safe for use on childrens and pets clothing.</p>
<p><a href=""media/ecom/pdfs/datasheets/TDS_POLI-FLEX TURBO GB.pdf"" target=""_blank""><img style=""border: 0px solid ; width: 200px; height: 60px;"" alt=""Poli-Flex Turbo Datasheet"" src=""media/ecom/onpagegraphics/Datasheet.png""></a></p>

<img style=""margin: 5px; width: 100px; height: 123px;"" alt=""vegan logo""
src=""media/ecom/onpagegraphics/vegan.png"">

<img style=""margin: 5px; width: 200px; height: 117px;"" alt=""oeko-tex logo""
src=""media/ecom/onpagegraphics/Oeko-Tex.png"">

</body>

</html>","4951_Light_Grey.png","4951_Light_Grey.png","INVITEMS","DEFAULT-4951-Light-Grey-DEFAULT-4951-Light-Grey","","","0","0","0","","1","REGONLY","0","0","0","0","","","","SELECT","SELECT","0","","","","","0","0","","income-service","","","0","0","","","","","Poli_Flex_Turbo","Poli_Flex_Turbo","","","0","Hotronix-Auto-Open-Clam-Heatpress, Weeding_Hook, EZ_LED_Weeder, FLEXOFF, Weeding_Tweezers, Heat_Tape, Tygaflor_Sheet, Olfa_Cutting_Matt_A3, Yellow_Ruler, ","Weeding_Hook, EZ_LED_Weeder, FLEXOFF, Weeding_Tweezers, Heat_Tape, Tygaflor_Sheet, Olfa_Cutting_Matt_A3, Yellow_Ruler, ","A","","","","","Colours, Greys","Satin","Application & Aftercare Instructions","<style>

table {

margin: 0 auto 0 auto;
}

table, th, td {
  
  border-collapse: collapse;
padding: 5px;
}
th, td {
  padding: 5px;
  text-align: center; 
  width: 100px;
  height: 50px;
  background-color:#009ee3;
  color: white;
  border-left: 5px solid white;
  border-right: 5px solid white;
}

th {
  border-top-color: white;
  font-size: 15px;
}

td {

padding-bottom: 1em;
border-bottom: 5px solid white;
font-size: 20px;
  
</style>



<table id=""data"">
  <tbody><tr>
    <th>PRESS TEMP</th>
<th>PRESS TIME</th>
<th>PRESSURE</th>
<th>EASY WEED</th>
<th>PEEL</th>
  </tr>
  <tr>
    <td>130<sup>o</sup>C<br>150<sup>o</sup>C<br>160<sup>o</sup>C</td>
<td>5 secs<br>4 secs<br>3 secs</td>
<td>Medium<br></td>
<td><span style=""font-size:30px;"">&#10003;</span></td>
<td>Warm</td>
  </tr>

<tr>
    <th>LAYER</th>
<th>REVERSE IMAGE</th>
<th>WASH</th>
<th>TUMBLE DRY</th>
<th>DRY CLEAN</th>
  </tr>
  <tr>
    <td><span style=""font-size:30px;"">&#10003;</span></td>
<td><span style=""font-size:30px;"">&#10003;</span></td>
<td>60<sup>o</sup>C</td>
<td><span style=""font-size:30px; color: white;"">&#10003;</span></td>
<td><span style=""font-size:30px;"">&#10003;</span></td>
  </tr>
  </tbody></table>
","Colour References","<style>

table {

margin: 0 auto 0 auto;
}

table, th, td {
  
  border-collapse: collapse;
padding: 5px;
}
th, td {
  padding: 5px;
  text-align: center; 
  width: 100px;
  height: 50px;
  background-color:#009ee3;
  color: white;
  border-left: 5px solid white;
  border-right: 5px solid white;
}

th {
  border-top-color: white;
  font-size: 15px;
}

td {

padding-bottom: 1em;
border-bottom: 5px solid white;
font-size: 20px;
  
</style>

<table id=""data"">
  <tbody><tr>
    <th>HEX</th>
<th>RGB</th>
<th>CMYK</th>
<th>PANTONE</th>
<th>RAL</th>
  </tr>
  <tr>
    <td>#BDBFBF</td>
<td>198, 191, 191</td>
<td>25, 22, 21, 3</td>
<td>428 C</td>
<td>7047</td>
  </tr>

  </tbody></table>
","","","","","Poli-Tape-4951-Light-Grey-Turbo-Heat-Transfer-Vinyl","0","HEX #BDBFBF, RGB 198 191 191, CMYK 25 22 21 3, PANTONE 428 C, RAL 7047, POLI FLEX TURBO, POLI TAPE, HEAT TRANSFER VINYL, HTV, 4951, LIGHT GREY","","","1647431982","0","","0","","CHECKBOX"
"4952-Frog-Green","Frog Green Turbo Heat Transfer Vinyl","4952","Poli-Tape","300","6","DEFAULT","","","","","0","Poli-Tape 4952 Frog Green Turbo Heat Transfer Vinyl. 500mm wide","<html>

<title><head>Poli-Flex Turbo</head></title>

<body>
<p>Poli-Flex Turbo is a polyurethane transfer film equipped with a special hotmelt for fast application at low temperature.</p>
<p>With super-fast heat pressing times as little as 3 seconds, the Poli-Flex® Turbo is recognised as being the best in class when it comes to coloured HTV.</p>
<p>This super soft PU film can be used on a variety of textiles such as cotton, polyester and blended fabrics such as polyester / acrylic as well as uncoated nylon. Also suitable for smooth wood, leather, cardboard and glass. With its brilliant level of stretch, this range is also perfect for leisure and activewear but the special thing about all products in the Turbo range is the speed and temperature of heat pressing. This dramatically cuts down on the application time, improving both productivity and profitability. This material also comes with an adhesive polyester 100µm liner to aid with safe positioning.</p>
<p>Poli-Flex Turbo is tested to Oeko-Tex 100, which is an international standard that guarantees the safety of apparel decoration, making it safe for use on childrens and pets clothing.</p>
<p><a href=""media/ecom/pdfs/datasheets/TDS_POLI-FLEX TURBO GB.pdf"" target=""_blank""><img style=""border: 0px solid ; width: 200px; height: 60px;"" alt=""Poli-Flex Turbo Datasheet"" src=""media/ecom/onpagegraphics/Datasheet.png""></a></p>

<img style=""margin: 5px; width: 100px; height: 123px;"" alt=""vegan logo""
src=""media/ecom/onpagegraphics/vegan.png"">

<img style=""margin: 5px; width: 200px; height: 117px;"" alt=""oeko-tex logo""
src=""media/ecom/onpagegraphics/Oeko-Tex.png"">

</body>

</html>","4952_Frog_Green.png","4952_Frog_Green.png","INVITEMS","DEFAULT-4952-Frog-Green-DEFAULT-4952-Frog-Green","","","0","0","0","","1","REGONLY","0","0","0","0","","","","SELECT","SELECT","0","","","","","0","0","","income-service","","","0","0","","","","","Poli_Flex_Turbo","Poli_Flex_Turbo","","","0","Hotronix-Auto-Open-Clam-Heatpress, Weeding_Hook, EZ_LED_Weeder, FLEXOFF, Weeding_Tweezers, Heat_Tape, Tygaflor_Sheet, Olfa_Cutting_Matt_A3, Yellow_Ruler, ","Weeding_Hook, EZ_LED_Weeder, FLEXOFF, Weeding_Tweezers, Heat_Tape, Tygaflor_Sheet, Olfa_Cutting_Matt_A3, Yellow_Ruler, ","A","","","","","Colours, Greens","Satin","Application & Aftercare Instructions","<style>

table {

margin: 0 auto 0 auto;
}

table, th, td {
  
  border-collapse: collapse;
padding: 5px;
}
th, td {
  padding: 5px;
  text-align: center; 
  width: 100px;
  height: 50px;
  background-color:#009ee3;
  color: white;
  border-left: 5px solid white;
  border-right: 5px solid white;
}

th {
  border-top-color: white;
  font-size: 15px;
}

td {

padding-bottom: 1em;
border-bottom: 5px solid white;
font-size: 20px;
  
</style>



<table id=""data"">
  <tbody><tr>
    <th>PRESS TEMP</th>
<th>PRESS TIME</th>
<th>PRESSURE</th>
<th>EASY WEED</th>
<th>PEEL</th>
  </tr>
  <tr>
    <td>130<sup>o</sup>C<br>150<sup>o</sup>C<br>160<sup>o</sup>C</td>
<td>5 secs<br>4 secs<br>3 secs</td>
<td>Medium<br></td>
<td><span style=""font-size:30px;"">&#10003;</span></td>
<td>Warm</td>
  </tr>

<tr>
    <th>LAYER</th>
<th>REVERSE IMAGE</th>
<th>WASH</th>
<th>TUMBLE DRY</th>
<th>DRY CLEAN</th>
  </tr>
  <tr>
    <td><span style=""font-size:30px;"">&#10003;</span></td>
<td><span style=""font-size:30px;"">&#10003;</span></td>
<td>60<sup>o</sup>C</td>
<td><span style=""font-size:30px; color: white;"">&#10003;</span></td>
<td><span style=""font-size:30px;"">&#10003;</span></td>
  </tr>
  </tbody></table>
","Colour References","<style>

table {

margin: 0 auto 0 auto;
}

table, th, td {
  
  border-collapse: collapse;
padding: 5px;
}
th, td {
  padding: 5px;
  text-align: center; 
  width: 100px;
  height: 50px;
  background-color:#009ee3;
  color: white;
  border-left: 5px solid white;
  border-right: 5px solid white;
}

th {
  border-top-color: white;
  font-size: 15px;
}

td {

padding-bottom: 1em;
border-bottom: 5px solid white;
font-size: 20px;
  
</style>

<table id=""data"">
  <tbody><tr>
    <th>HEX</th>
<th>RGB</th>
<th>CMYK</th>
<th>PANTONE</th>
<th>RAL</th>
  </tr>
  <tr>
    <td>#00A544</td>
<td>0, 165, 68</td>
<td>80, 1, 94, 0</td>
<td>354 C</td>
<td>6038</td>
  </tr>

  </tbody></table>
","","","","","Poli-Tape-4952-Frog-Green-Turbo-Heat-Transfer-Vinyl","0","HEX #00A544, RGB 0 165 68, CMYK 80 1 94 0, PANTONE 354 C, RAL 6038, POLI FLEX TURBO, POLI TAPE, HEAT TRANSFER VINYL, HTV, 4952, FROG GREEN","","","1647442667","0","","0","","CHECKBOX"
"4953-Light-Berry","Light Berry Turbo Heat Transfer Vinyl","4953","Poli-Tape","190","6","DEFAULT","","","","","0","Poli-Tape 4953 Light Berry Turbo Heat Transfer Vinyl. 500mm wide","<html>

<title><head>Poli-Flex Turbo</head></title>

<body>
<p>Poli-Flex Turbo is a polyurethane transfer film equipped with a special hotmelt for fast application at low temperature.</p>
<p>With super-fast heat pressing times as little as 3 seconds, the Poli-Flex® Turbo is recognised as being the best in class when it comes to coloured HTV.</p>
<p>This super soft PU film can be used on a variety of textiles such as cotton, polyester and blended fabrics such as polyester / acrylic as well as uncoated nylon. Also suitable for smooth wood, leather, cardboard and glass. With its brilliant level of stretch, this range is also perfect for leisure and activewear but the special thing about all products in the Turbo range is the speed and temperature of heat pressing. This dramatically cuts down on the application time, improving both productivity and profitability. This material also comes with an adhesive polyester 100µm liner to aid with safe positioning.</p>
<p>Poli-Flex Turbo is tested to Oeko-Tex 100, which is an international standard that guarantees the safety of apparel decoration, making it safe for use on childrens and pets clothing.</p>
<p><a href=""media/ecom/pdfs/datasheets/TDS_POLI-FLEX TURBO GB.pdf"" target=""_blank""><img style=""border: 0px solid ; width: 200px; height: 60px;"" alt=""Poli-Flex Turbo Datasheet"" src=""media/ecom/onpagegraphics/Datasheet.png""></a></p>

<img style=""margin: 5px; width: 100px; height: 123px;"" alt=""vegan logo""
src=""media/ecom/onpagegraphics/vegan.png"">

<img style=""margin: 5px; width: 200px; height: 117px;"" alt=""oeko-tex logo""
src=""media/ecom/onpagegraphics/Oeko-Tex.png"">

</body>

</html>","4953_Light_Berry.png","4953_Light_Berry.png","INVITEMS","DEFAULT-4953-Light-Berry-DEFAULT-4953-Light-Berry","","","0","0","0","","1","REGONLY","0","0","0","0","","","","SELECT","SELECT","0","","","","","0","0","","income-service","","","0","0","","","","","Poli_Flex_Turbo","Poli_Flex_Turbo","","","0","Hotronix-Auto-Open-Clam-Heatpress, Weeding_Hook, EZ_LED_Weeder, FLEXOFF, Weeding_Tweezers, Heat_Tape, Tygaflor_Sheet, Olfa_Cutting_Matt_A3, Yellow_Ruler, ","Weeding_Hook, EZ_LED_Weeder, FLEXOFF, Weeding_Tweezers, Heat_Tape, Tygaflor_Sheet, Olfa_Cutting_Matt_A3, Yellow_Ruler, ","A","","","","","Colours, Reds, Blues","Satin","Application & Aftercare Instructions","<style>

table {

margin: 0 auto 0 auto;
}

table, th, td {
  
  border-collapse: collapse;
padding: 5px;
}
th, td {
  padding: 5px;
  text-align: center; 
  width: 100px;
  height: 50px;
  background-color:#009ee3;
  color: white;
  border-left: 5px solid white;
  border-right: 5px solid white;
}

th {
  border-top-color: white;
  font-size: 15px;
}

td {

padding-bottom: 1em;
border-bottom: 5px solid white;
font-size: 20px;
  
</style>



<table id=""data"">
  <tbody><tr>
    <th>PRESS TEMP</th>
<th>PRESS TIME</th>
<th>PRESSURE</th>
<th>EASY WEED</th>
<th>PEEL</th>
  </tr>
  <tr>
    <td>130<sup>o</sup>C<br>150<sup>o</sup>C<br>160<sup>o</sup>C</td>
<td>5 secs<br>4 secs<br>3 secs</td>
<td>Medium<br></td>
<td><span style=""font-size:30px;"">&#10003;</span></td>
<td>Warm</td>
  </tr>

<tr>
    <th>LAYER</th>
<th>REVERSE IMAGE</th>
<th>WASH</th>
<th>TUMBLE DRY</th>
<th>DRY CLEAN</th>
  </tr>
  <tr>
    <td><span style=""font-size:30px;"">&#10003;</span></td>
<td><span style=""font-size:30px;"">&#10003;</span></td>
<td>60<sup>o</sup>C</td>
<td><span style=""font-size:30px; color: white;"">&#10003;</span></td>
<td><span style=""font-size:30px;"">&#10003;</span></td>
  </tr>
  </tbody></table>
","Colour References","<style>

table {

margin: 0 auto 0 auto;
}

table, th, td {
  
  border-collapse: collapse;
padding: 5px;
}
th, td {
  padding: 5px;
  text-align: center; 
  width: 100px;
  height: 50px;
  background-color:#009ee3;
  color: white;
  border-left: 5px solid white;
  border-right: 5px solid white;
}

th {
  border-top-color: white;
  font-size: 15px;
}

td {

padding-bottom: 1em;
border-bottom: 5px solid white;
font-size: 20px;
  
</style>

<table id=""data"">
  <tbody><tr>
    <th>HEX</th>
<th>RGB</th>
<th>CMYK</th>
<th>PANTONE</th>
<th>RAL</th>
  </tr>
  <tr>
    <td>#B071A4</td>
<td>176, 113, 164</td>
<td>36, 64, 8, 0</td>
<td>2351 C</td>
<td>4003</td>
  </tr>

  </tbody></table>
","","","","","Poli-Tape-4953-Light-Berry-Turbo-Heat-Transfer-Vinyl","0","HEX #B071A4, RGB 176 113 164, CMYK 36 64 8 0, PANTONE 2351 C, RAL 4003, POLI FLEX TURBO, POLI TAPE, HEAT TRANSFER VINYL, HTV, 4953, LIGHT BERRY","","","1625574010","0","","0","","CHECKBOX"
"4954-Sand-Beige","Sand Beige Turbo Heat Transfer Vinyl","4954","Poli-Tape","80","6","DEFAULT","","","","","0","Poli-Tape 4954 Sand Beige Turbo Heat Transfer Vinyl. 500mm wide","<html>

<title><head>Poli-Flex Turbo</head></title>

<body>
<p>Poli-Flex Turbo is a polyurethane transfer film equipped with a special hotmelt for fast application at low temperature.</p>
<p>With super-fast heat pressing times as little as 3 seconds, the Poli-Flex® Turbo is recognised as being the best in class when it comes to coloured HTV.</p>
<p>This super soft PU film can be used on a variety of textiles such as cotton, polyester and blended fabrics such as polyester / acrylic as well as uncoated nylon. Also suitable for smooth wood, leather, cardboard and glass. With its brilliant level of stretch, this range is also perfect for leisure and activewear but the special thing about all products in the Turbo range is the speed and temperature of heat pressing. This dramatically cuts down on the application time, improving both productivity and profitability. This material also comes with an adhesive polyester 100µm liner to aid with safe positioning.</p>
<p>Poli-Flex Turbo is tested to Oeko-Tex 100, which is an international standard that guarantees the safety of apparel decoration, making it safe for use on childrens and pets clothing.</p>
<p><a href=""media/ecom/pdfs/datasheets/TDS_POLI-FLEX TURBO GB.pdf"" target=""_blank""><img style=""border: 0px solid ; width: 200px; height: 60px;"" alt=""Poli-Flex Turbo Datasheet"" src=""media/ecom/onpagegraphics/Datasheet.png""></a></p>

<img style=""margin: 5px; width: 100px; height: 123px;"" alt=""vegan logo""
src=""media/ecom/onpagegraphics/vegan.png"">

<img style=""margin: 5px; width: 200px; height: 117px;"" alt=""oeko-tex logo""
src=""media/ecom/onpagegraphics/Oeko-Tex.png"">

</body>

</html>","4954_Sand_Beige.png","4954_Sand_Beige.png","INVITEMS","DEFAULT-4954-Sand-Beige-DEFAULT-4954-Sand-Beige","","","0","0","0","","1","REGONLY","0","0","0","0","","","","SELECT","SELECT","0","","","","","0","0","","income-service","","","0","0","","","","","Poli_Flex_Turbo","Poli_Flex_Turbo","","","0","Hotronix-Auto-Open-Clam-Heatpress, Weeding_Hook, EZ_LED_Weeder, FLEXOFF, Weeding_Tweezers, Heat_Tape, Tygaflor_Sheet, Olfa_Cutting_Matt_A3, Yellow_Ruler, ","Weeding_Hook, EZ_LED_Weeder, FLEXOFF, Weeding_Tweezers, Heat_Tape, Tygaflor_Sheet, Olfa_Cutting_Matt_A3, Yellow_Ruler, ","A","","","","","Colours, Beiges, Browns","Satin","Application & Aftercare Instructions","<style>

table {

margin: 0 auto 0 auto;
}

table, th, td {
  
  border-collapse: collapse;
padding: 5px;
}
th, td {
  padding: 5px;
  text-align: center; 
  width: 100px;
  height: 50px;
  background-color:#009ee3;
  color: white;
  border-left: 5px solid white;
  border-right: 5px solid white;
}

th {
  border-top-color: white;
  font-size: 15px;
}

td {

padding-bottom: 1em;
border-bottom: 5px solid white;
font-size: 20px;
  
</style>



<table id=""data"">
  <tbody><tr>
    <th>PRESS TEMP</th>
<th>PRESS TIME</th>
<th>PRESSURE</th>
<th>EASY WEED</th>
<th>PEEL</th>
  </tr>
  <tr>
    <td>130<sup>o</sup>C<br>150<sup>o</sup>C<br>160<sup>o</sup>C</td>
<td>5 secs<br>4 secs<br>3 secs</td>
<td>Medium<br></td>
<td><span style=""font-size:30px;"">&#10003;</span></td>
<td>Warm</td>
  </tr>

<tr>
    <th>LAYER</th>
<th>REVERSE IMAGE</th>
<th>WASH</th>
<th>TUMBLE DRY</th>
<th>DRY CLEAN</th>
  </tr>
  <tr>
    <td><span style=""font-size:30px;"">&#10003;</span></td>
<td><span style=""font-size:30px;"">&#10003;</span></td>
<td>60<sup>o</sup>C</td>
<td><span style=""font-size:30px; color: white;"">&#10003;</span></td>
<td><span style=""font-size:30px;"">&#10003;</span></td>
  </tr>
  </tbody></table>
","Colour References","<style>

table {

margin: 0 auto 0 auto;
}

table, th, td {
  
  border-collapse: collapse;
padding: 5px;
}
th, td {
  padding: 5px;
  text-align: center; 
  width: 100px;
  height: 50px;
  background-color:#009ee3;
  color: white;
  border-left: 5px solid white;
  border-right: 5px solid white;
}

th {
  border-top-color: white;
  font-size: 15px;
}

td {

padding-bottom: 1em;
border-bottom: 5px solid white;
font-size: 20px;
  
</style>

<table id=""data"">
  <tbody><tr>
    <th>HEX</th>
<th>RGB</th>
<th>CMYK</th>
<th>PANTONE</th>
<th>RAL</th>
  </tr>
  <tr>
    <td>#D6B093</td>
<td>214, 176, 147</td>
<td>16, 32, 42, 4</td>
<td>4675 C</td>
<td>1001</td>
  </tr>

  </tbody></table>
","","","","","Poli-Tape-4954-Sand-Beige-Turbo-Heat-Transfer-Vinyl","0","HEX #D6B093, RGB 214 176 147, CMYK 16 32 42 4, PANTONE 4675 C, RAL 1001, POLI FLEX TURBO, POLI TAPE, HEAT TRANSFER VINYL, HTV, 4954, SAND BEIGE","","","1647442869","0","","0","","CHECKBOX"
"4955-Violet","Violet Turbo Heat Transfer Vinyl","4955","Poli-Tape","180","6","DEFAULT","","","","","0","Poli-Tape 4955 Violet Turbo Heat Transfer Vinyl. 500mm wide","<html>

<title><head>Poli-Flex Turbo</head></title>

<body>
<p>Poli-Flex Turbo is a polyurethane transfer film equipped with a special hotmelt for fast application at low temperature.</p>
<p>With super-fast heat pressing times as little as 3 seconds, the Poli-Flex® Turbo is recognised as being the best in class when it comes to coloured HTV.</p>
<p>This super soft PU film can be used on a variety of textiles such as cotton, polyester and blended fabrics such as polyester / acrylic as well as uncoated nylon. Also suitable for smooth wood, leather, cardboard and glass. With its brilliant level of stretch, this range is also perfect for leisure and activewear but the special thing about all products in the Turbo range is the speed and temperature of heat pressing. This dramatically cuts down on the application time, improving both productivity and profitability. This material also comes with an adhesive polyester 100µm liner to aid with safe positioning.</p>
<p>Poli-Flex Turbo is tested to Oeko-Tex 100, which is an international standard that guarantees the safety of apparel decoration, making it safe for use on childrens and pets clothing.</p>
<p><a href=""media/ecom/pdfs/datasheets/TDS_POLI-FLEX TURBO GB.pdf"" target=""_blank""><img style=""border: 0px solid ; width: 200px; height: 60px;"" alt=""Poli-Flex Turbo Datasheet"" src=""media/ecom/onpagegraphics/Datasheet.png""></a></p>

<img style=""margin: 5px; width: 100px; height: 123px;"" alt=""vegan logo""
src=""media/ecom/onpagegraphics/vegan.png"">

<img style=""margin: 5px; width: 200px; height: 117px;"" alt=""oeko-tex logo""
src=""media/ecom/onpagegraphics/Oeko-Tex.png"">

</body>

</html>","4955_Violet.png","4955_Violet.png","INVITEMS","DEFAULT-4955-Violet-DEFAULT-4955-Violet","","","0","0","0","","1","REGONLY","0","0","0","0","","","","SELECT","SELECT","0","","","","","0","0","","income-service","","","0","0","","","","","Poli_Flex_Turbo","Poli_Flex_Turbo","","","0","Hotronix-Auto-Open-Clam-Heatpress, Weeding_Hook, EZ_LED_Weeder, FLEXOFF, Weeding_Tweezers, Heat_Tape, Tygaflor_Sheet, Olfa_Cutting_Matt_A3, Yellow_Ruler, ","Weeding_Hook, EZ_LED_Weeder, FLEXOFF, Weeding_Tweezers, Heat_Tape, Tygaflor_Sheet, Olfa_Cutting_Matt_A3, Yellow_Ruler, ","A","","","","","Colours, Reds, Blues","Satin","Application & Aftercare Instructions","<style>

table {

margin: 0 auto 0 auto;
}

table, th, td {
  
  border-collapse: collapse;
padding: 5px;
}
th, td {
  padding: 5px;
  text-align: center; 
  width: 100px;
  height: 50px;
  background-color:#009ee3;
  color: white;
  border-left: 5px solid white;
  border-right: 5px solid white;
}

th {
  border-top-color: white;
  font-size: 15px;
}

td {

padding-bottom: 1em;
border-bottom: 5px solid white;
font-size: 20px;
  
</style>



<table id=""data"">
  <tbody><tr>
    <th>PRESS TEMP</th>
<th>PRESS TIME</th>
<th>PRESSURE</th>
<th>EASY WEED</th>
<th>PEEL</th>
  </tr>
  <tr>
    <td>130<sup>o</sup>C<br>150<sup>o</sup>C<br>160<sup>o</sup>C</td>
<td>5 secs<br>4 secs<br>3 secs</td>
<td>Medium<br></td>
<td><span style=""font-size:30px;"">&#10003;</span></td>
<td>Warm</td>
  </tr>

<tr>
    <th>LAYER</th>
<th>REVERSE IMAGE</th>
<th>WASH</th>
<th>TUMBLE DRY</th>
<th>DRY CLEAN</th>
  </tr>
  <tr>
    <td><span style=""font-size:30px;"">&#10003;</span></td>
<td><span style=""font-size:30px;"">&#10003;</span></td>
<td>60<sup>o</sup>C</td>
<td><span style=""font-size:30px; color: white;"">&#10003;</span></td>
<td><span style=""font-size:30px;"">&#10003;</span></td>
  </tr>
  </tbody></table>
","Colour References","<style>

table {

margin: 0 auto 0 auto;
}

table, th, td {
  
  border-collapse: collapse;
padding: 5px;
}
th, td {
  padding: 5px;
  text-align: center; 
  width: 100px;
  height: 50px;
  background-color:#009ee3;
  color: white;
  border-left: 5px solid white;
  border-right: 5px solid white;
}

th {
  border-top-color: white;
  font-size: 15px;
}

td {

padding-bottom: 1em;
border-bottom: 5px solid white;
font-size: 20px;
  
</style>

<table id=""data"">
  <tbody><tr>
    <th>HEX</th>
<th>RGB</th>
<th>CMYK</th>
<th>PANTONE</th>
<th>RAL</th>
  </tr>
  <tr>
    <td>#B9A8D8</td>
<td>185, 168, 216</td>
<td>32, 37, 0, 0</td>
<td>2567 C</td>
<td>300 70 25</td>
  </tr>

  </tbody></table>
","","","","","Poli-Tape-4955-Violet-Turbo-Heat-Transfer-Vinyl","0","HEX #B9A8D8, RGB 185 168 216, CMYK 32 37 0 0, PANTONE 2567 C, RAL 300 70 25, POLI FLEX TURBO, POLI TAPE, HEAT TRANSFER VINYL, HTV, 4955, VIOLET","","","1625574327","0","","0","","CHECKBOX"
"4956-Bronze","Bronze Turbo Heat Transfer Vinyl","4956","Poli-Tape","720","6","DEFAULT","","","","","0","Poli-Tape 4956 Bronze Turbo Heat Transfer Vinyl. 500mm wide","<html>

<title><head>Poli-Flex Turbo</head></title>

<body>
<p>Poli-Flex Turbo is a polyurethane transfer film equipped with a special hotmelt for fast application at low temperature.</p>
<p>With super-fast heat pressing times as little as 3 seconds, the Poli-Flex® Turbo is recognised as being the best in class when it comes to coloured HTV.</p>
<p>This super soft PU film can be used on a variety of textiles such as cotton, polyester and blended fabrics such as polyester / acrylic as well as uncoated nylon. Also suitable for smooth wood, leather, cardboard and glass. With its brilliant level of stretch, this range is also perfect for leisure and activewear but the special thing about all products in the Turbo range is the speed and temperature of heat pressing. This dramatically cuts down on the application time, improving both productivity and profitability. This material also comes with an adhesive polyester 100µm liner to aid with safe positioning.</p>
<p>Poli-Flex Turbo is tested to Oeko-Tex 100, which is an international standard that guarantees the safety of apparel decoration, making it safe for use on childrens and pets clothing.</p>
<p><a href=""media/ecom/pdfs/datasheets/TDS_POLI-FLEX TURBO GB.pdf"" target=""_blank""><img style=""border: 0px solid ; width: 200px; height: 60px;"" alt=""Poli-Flex Turbo Datasheet"" src=""media/ecom/onpagegraphics/Datasheet.png""></a></p>

<img style=""margin: 5px; width: 100px; height: 123px;"" alt=""vegan logo""
src=""media/ecom/onpagegraphics/vegan.png"">

<img style=""margin: 5px; width: 200px; height: 117px;"" alt=""oeko-tex logo""
src=""media/ecom/onpagegraphics/Oeko-Tex.png"">

</body>

</html>","4956_Bronze.png","4956_Bronze.png","INVITEMS","DEFAULT-4956-Bronze-DEFAULT-4956-Bronze","","","0","0","0","","1","REGONLY","0","0","0","0","","","","SELECT","SELECT","0","","","","","0","0","","income-service","","","0","0","","","","","Poli_Flex_Turbo","3606_Metal_Effect, Poli_Flex_Turbo","","","0","Hotronix-Auto-Open-Clam-Heatpress, Weeding_Hook, EZ_LED_Weeder, FLEXOFF, Weeding_Tweezers, Heat_Tape, Tygaflor_Sheet, Olfa_Cutting_Matt_A3, Yellow_Ruler, ","Weeding_Hook, EZ_LED_Weeder, FLEXOFF, Weeding_Tweezers, Heat_Tape, Tygaflor_Sheet, Olfa_Cutting_Matt_A3, Yellow_Ruler, ","A","","","","","Colours, Metallics, Browns, Oranges","Satin","Application & Aftercare Instructions","<style>

table {

margin: 0 auto 0 auto;
}

table, th, td {
  
  border-collapse: collapse;
padding: 5px;
}
th, td {
  padding: 5px;
  text-align: center; 
  width: 100px;
  height: 50px;
  background-color:#009ee3;
  color: white;
  border-left: 5px solid white;
  border-right: 5px solid white;
}

th {
  border-top-color: white;
  font-size: 15px;
}

td {

padding-bottom: 1em;
border-bottom: 5px solid white;
font-size: 20px;
  
</style>



<table id=""data"">
  <tbody><tr>
    <th>PRESS TEMP</th>
<th>PRESS TIME</th>
<th>PRESSURE</th>
<th>EASY WEED</th>
<th>PEEL</th>
  </tr>
  <tr>
    <td>130<sup>o</sup>C<br>150<sup>o</sup>C<br>160<sup>o</sup>C</td>
<td>5 secs<br>4 secs<br>3 secs</td>
<td>Medium<br></td>
<td><span style=""font-size:30px;"">&#10003;</span></td>
<td>Warm</td>
  </tr>

<tr>
    <th>LAYER</th>
<th>REVERSE IMAGE</th>
<th>WASH</th>
<th>TUMBLE DRY</th>
<th>DRY CLEAN</th>
  </tr>
  <tr>
    <td><span style=""font-size:30px;"">&#10005;</span></td>
<td><span style=""font-size:30px;"">&#10003;</span></td>
<td>60<sup>o</sup>C</td>
<td><span style=""font-size:30px; color: white;"">&#10003;</span></td>
<td><span style=""font-size:30px;"">&#10003;</span></td>
  </tr>
  </tbody></table>
","Colour References","<style>

table {

margin: 0 auto 0 auto;
}

table, th, td {
  
  border-collapse: collapse;
padding: 5px;
}
th, td {
  padding: 5px;
  text-align: center; 
  width: 100px;
  height: 50px;
  background-color:#009ee3;
  color: white;
  border-left: 5px solid white;
  border-right: 5px solid white;
}

th {
  border-top-color: white;
  font-size: 15px;
}

td {

padding-bottom: 1em;
border-bottom: 5px solid white;
font-size: 20px;
  
</style>

<table id=""data"">
  <tbody><tr>
    <th>HEX</th>
<th>RGB</th>
<th>CMYK</th>
<th>PANTONE</th>
<th>RAL</th>
  </tr>
  <tr>
    <td>#8C5848</td>
<td>140, 88, 72</td>
<td>32, 62, 62, 33</td>
<td>4014 C</td>
<td>8002</td>
  </tr>

  </tbody></table>
","","","","","Poli-Tape-4956-Bronze-Turbo-Heat-Transfer-Vinyl","0","HEX #8C5848, RGB 140 88 72, CMYK 32 62 62 33, PANTONE 4014 C, RAL 8002, POLI FLEX TURBO, POLI TAPE, HEAT TRANSFER VINYL, HTV, 4956, BRONZE","","","1691077922","0","","0","","CHECKBOX"
"4957-Champagne-Metallic","Champagne Turbo Heat Transfer Vinyl","4957","Poli-Tape","750","6","DEFAULT","","","","","0","Poli-Tape 4957 Champagne Turbo Heat Transfer Vinyl with a semi-gloss metallic sheen. 500mm wide","<html>

<title><head>Poli-Flex Turbo</head></title>

<body>
<p>Poli-Flex Turbo is a polyurethane transfer film equipped with a special hotmelt for fast application at low temperature.</p>
<p>With super-fast heat pressing times as little as 3 seconds, the Poli-Flex® Turbo is recognised as being the best in class when it comes to coloured HTV.</p>
<p>This super soft PU film can be used on a variety of textiles such as cotton, polyester and blended fabrics such as polyester / acrylic as well as uncoated nylon. Also suitable for smooth wood, leather, cardboard and glass. With its brilliant level of stretch, this range is also perfect for leisure and activewear but the special thing about all products in the Turbo range is the speed and temperature of heat pressing. This dramatically cuts down on the application time, improving both productivity and profitability. This material also comes with an adhesive polyester 100µm liner to aid with safe positioning.</p>
<p>Poli-Flex Turbo is tested to Oeko-Tex 100, which is an international standard that guarantees the safety of apparel decoration, making it safe for use on childrens and pets clothing.</p>
<p><a href=""media/ecom/pdfs/datasheets/TDS_POLI-FLEX TURBO GB.pdf"" target=""_blank""><img style=""border: 0px solid ; width: 200px; height: 60px;"" alt=""Poli-Flex Turbo Datasheet"" src=""media/ecom/onpagegraphics/Datasheet.png""></a></p>

<img style=""margin: 5px; width: 100px; height: 123px;"" alt=""vegan logo""
src=""media/ecom/onpagegraphics/vegan.png"">

<img style=""margin: 5px; width: 200px; height: 117px;"" alt=""oeko-tex logo""
src=""media/ecom/onpagegraphics/Oeko-Tex.png"">

</body>

</html>","4957_Champagne.png","4957_Champagne.png","INVITEMS","DEFAULT-4957-Champagne-Metallic-DEFAULT-4957-Champagne-Metallic","","","0","0","0","","1","REGONLY","0","0","0","0","","","","SELECT","SELECT","0","","","","","0","0","","income-service","","","0","0","","","","","Poli_Flex_Turbo","Poli_Flex_Turbo, 3606_Metal_Effect","","","0","Hotronix-Auto-Open-Clam-Heatpress, Weeding_Hook, EZ_LED_Weeder, FLEXOFF, Weeding_Tweezers, Heat_Tape, Tygaflor_Sheet, Olfa_Cutting_Matt_A3, Yellow_Ruler, ","Weeding_Hook, EZ_LED_Weeder, FLEXOFF, Weeding_Tweezers, Heat_Tape, Tygaflor_Sheet, Olfa_Cutting_Matt_A3, Yellow_Ruler, ","A","","","","","Colours, Metallics, Beiges","Satin","Application & Aftercare Instructions","<style>

table {

margin: 0 auto 0 auto;
}

table, th, td {
  
  border-collapse: collapse;
padding: 5px;
}
th, td {
  padding: 5px;
  text-align: center; 
  width: 100px;
  height: 50px;
  background-color:#009ee3;
  color: white;
  border-left: 5px solid white;
  border-right: 5px solid white;
}

th {
  border-top-color: white;
  font-size: 15px;
}

td {

padding-bottom: 1em;
border-bottom: 5px solid white;
font-size: 20px;
  
</style>



<table id=""data"">
  <tbody><tr>
    <th>PRESS TEMP</th>
<th>PRESS TIME</th>
<th>PRESSURE</th>
<th>EASY WEED</th>
<th>PEEL</th>
  </tr>
  <tr>
    <td>130<sup>o</sup>C<br>150<sup>o</sup>C<br>160<sup>o</sup>C</td>
<td>5 secs<br>4 secs<br>3 secs</td>
<td>Medium<br></td>
<td><span style=""font-size:30px;"">&#10003;</span></td>
<td>Warm</td>
  </tr>

<tr>
    <th>LAYER</th>
<th>REVERSE IMAGE</th>
<th>WASH</th>
<th>TUMBLE DRY</th>
<th>DRY CLEAN</th>
  </tr>
  <tr>
    <td><span style=""font-size:30px;"">&#10005;</span></td>
<td><span style=""font-size:30px;"">&#10003;</span></td>
<td>60<sup>o</sup>C</td>
<td><span style=""font-size:30px; color: white;"">&#10003;</span></td>
<td><span style=""font-size:30px;"">&#10003;</span></td>
  </tr>
  </tbody></table>
","Colour References","<style>

table {

margin: 0 auto 0 auto;
}

table, th, td {
  
  border-collapse: collapse;
padding: 5px;
}
th, td {
  padding: 5px;
  text-align: center; 
  width: 100px;
  height: 50px;
  background-color:#009ee3;
  color: white;
  border-left: 5px solid white;
  border-right: 5px solid white;
}

th {
  border-top-color: white;
  font-size: 15px;
}

td {

padding-bottom: 1em;
border-bottom: 5px solid white;
font-size: 20px;
  
</style>

<table id=""data"">
  <tbody><tr>
    <th>HEX</th>
<th>RGB</th>
<th>CMYK</th>
<th>PANTONE</th>
<th>RAL</th>
  </tr>
  <tr>
    <td>#E2D2BB</td>
<td>226, 210, 187</td>
<td>13, 17, 28, 1</td>
<td>7499 C</td>
<td>1013</td>
  </tr>

  </tbody></table>
","","","","","Poli-Tape-4957-Champagne-Turbo-Heat-Transfer-Vinyl","0","HEX #E2D2BB, RGB 226 210 187, CMYK 13 17 28 1, PANTONE 7499 C, RAL 1013, POLI FLEX TURBO, POLI TAPE, HEAT TRANSFER VINYL, HTV, 4957, CHAMPAGNE","","","1686156645","0","","0","","CHECKBOX"
"4958-Pastel-Yellow","Pastel Yellow Turbo Heat Transfer Vinyl","4958","Poli-Tape","90","6","DEFAULT","","","","","0","Poli-Tape 4958 Pastel Yellow Turbo Heat Transfer Vinyl. 500mm wide","<html>

<title><head>Poli-Flex Turbo</head></title>

<body>
<p>Poli-Flex Turbo is a polyurethane transfer film equipped with a special hotmelt for fast application at low temperature.</p>
<p>With super-fast heat pressing times as little as 3 seconds, the Poli-Flex® Turbo is recognised as being the best in class when it comes to coloured HTV.</p>
<p>This super soft PU film can be used on a variety of textiles such as cotton, polyester and blended fabrics such as polyester / acrylic as well as uncoated nylon. Also suitable for smooth wood, leather, cardboard and glass. With its brilliant level of stretch, this range is also perfect for leisure and activewear but the special thing about all products in the Turbo range is the speed and temperature of heat pressing. This dramatically cuts down on the application time, improving both productivity and profitability. This material also comes with an adhesive polyester 100µm liner to aid with safe positioning.</p>
<p>Poli-Flex Turbo is tested to Oeko-Tex 100, which is an international standard that guarantees the safety of apparel decoration, making it safe for use on childrens and pets clothing.</p>
<p><a href=""media/ecom/pdfs/datasheets/TDS_POLI-FLEX TURBO GB.pdf"" target=""_blank""><img style=""border: 0px solid ; width: 200px; height: 60px;"" alt=""Poli-Flex Turbo Datasheet"" src=""media/ecom/onpagegraphics/Datasheet.png""></a></p>

<img style=""margin: 5px; width: 100px; height: 123px;"" alt=""vegan logo""
src=""media/ecom/onpagegraphics/vegan.png"">

<img style=""margin: 5px; width: 200px; height: 117px;"" alt=""oeko-tex logo""
src=""media/ecom/onpagegraphics/Oeko-Tex.png"">

</body>

</html>","4958_Pastel_Yellow.png","4958_Pastel_Yellow.png","INVITEMS","DEFAULT-4958-Pastel-Yellow-DEFAULT-4958-Pastel-Yellow","","","0","0","0","","1","REGONLY","0","0","0","0","","","","SELECT","SELECT","0","","","","","0","0","","income-service","","","0","0","","","","","Poli_Flex_Turbo","Poli_Flex_Turbo","","","0","Hotronix-Auto-Open-Clam-Heatpress, Weeding_Hook, EZ_LED_Weeder, FLEXOFF, Weeding_Tweezers, Heat_Tape, Tygaflor_Sheet, Olfa_Cutting_Matt_A3, Yellow_Ruler, ","Weeding_Hook, EZ_LED_Weeder, FLEXOFF, Weeding_Tweezers, Heat_Tape, Tygaflor_Sheet, Olfa_Cutting_Matt_A3, Yellow_Ruler, ","A","","","","","Colours, Yellows","Satin","Application & Aftercare Instructions","<style>

table {

margin: 0 auto 0 auto;
}

table, th, td {
  
  border-collapse: collapse;
padding: 5px;
}
th, td {
  padding: 5px;
  text-align: center; 
  width: 100px;
  height: 50px;
  background-color:#009ee3;
  color: white;
  border-left: 5px solid white;
  border-right: 5px solid white;
}

th {
  border-top-color: white;
  font-size: 15px;
}

td {

padding-bottom: 1em;
border-bottom: 5px solid white;
font-size: 20px;
  
</style>



<table id=""data"">
  <tbody><tr>
    <th>PRESS TEMP</th>
<th>PRESS TIME</th>
<th>PRESSURE</th>
<th>EASY WEED</th>
<th>PEEL</th>
  </tr>
  <tr>
    <td>130<sup>o</sup>C<br>150<sup>o</sup>C<br>160<sup>o</sup>C</td>
<td>5 secs<br>4 secs<br>3 secs</td>
<td>Medium<br></td>
<td><span style=""font-size:30px;"">&#10003;</span></td>
<td>Warm</td>
  </tr>

<tr>
    <th>LAYER</th>
<th>REVERSE IMAGE</th>
<th>WASH</th>
<th>TUMBLE DRY</th>
<th>DRY CLEAN</th>
  </tr>
  <tr>
    <td><span style=""font-size:30px;"">&#10003;</span></td>
<td><span style=""font-size:30px;"">&#10003;</span></td>
<td>60<sup>o</sup>C</td>
<td><span style=""font-size:30px; color: white;"">&#10003;</span></td>
<td><span style=""font-size:30px;"">&#10003;</span></td>
  </tr>
  </tbody></table>
","Colour References","<style>

table {

margin: 0 auto 0 auto;
}

table, th, td {
  
  border-collapse: collapse;
padding: 5px;
}
th, td {
  padding: 5px;
  text-align: center; 
  width: 100px;
  height: 50px;
  background-color:#009ee3;
  color: white;
  border-left: 5px solid white;
  border-right: 5px solid white;
}

th {
  border-top-color: white;
  font-size: 15px;
}

td {

padding-bottom: 1em;
border-bottom: 5px solid white;
font-size: 20px;
  
</style>

<table id=""data"">
  <tbody><tr>
    <th>HEX</th>
<th>RGB</th>
<th>CMYK</th>
<th>PANTONE</th>
<th>RAL</th>
  </tr>
  <tr>
    <td>#F8E295</td>
<td>248, 226, 149</td>
<td>5, 10, 51, 0</td>
<td>600 U</td>
<td>100 90 40</td>
  </tr>

  </tbody></table>
","","","","","Poli-Tape-4958-Pastel-Yellow-Turbo-Heat-Transfer-Vinyl","0","HEX #F8E295, RGB 248 226 149, CMYK 5 10 51 0, PANTONE 600 U, RAL 100 90 40, POLI FLEX TURBO, POLI TAPE, HEAT TRANSFER VINYL, HTV, 4958, PASTEL YELLOW","","","1691076802","0","","0","","CHECKBOX"
"4961-Baby-Pink","Baby Pink Turbo Heat Transfer Vinyl","4961","Poli-Tape","170","6","DEFAULT","","","","","0","Poli-Tape 4961 Baby Pink Turbo Heat Transfer Vinyl. 500mm wide","<html>

<title><head>Poli-Flex Turbo</head></title>

<body>
<p>Poli-Flex Turbo is a polyurethane transfer film equipped with a special hotmelt for fast application at low temperature.</p>
<p>With super-fast heat pressing times as little as 3 seconds, the Poli-Flex® Turbo is recognised as being the best in class when it comes to coloured HTV.</p>
<p>This super soft PU film can be used on a variety of textiles such as cotton, polyester and blended fabrics such as polyester / acrylic as well as uncoated nylon. Also suitable for smooth wood, leather, cardboard and glass. With its brilliant level of stretch, this range is also perfect for leisure and activewear but the special thing about all products in the Turbo range is the speed and temperature of heat pressing. This dramatically cuts down on the application time, improving both productivity and profitability. This material also comes with an adhesive polyester 100µm liner to aid with safe positioning.</p>
<p>Poli-Flex Turbo is tested to Oeko-Tex 100, which is an international standard that guarantees the safety of apparel decoration, making it safe for use on childrens and pets clothing.</p>
<p><a href=""media/ecom/pdfs/datasheets/TDS_POLI-FLEX TURBO GB.pdf"" target=""_blank""><img style=""border: 0px solid ; width: 200px; height: 60px;"" alt=""Poli-Flex Turbo Datasheet"" src=""media/ecom/onpagegraphics/Datasheet.png""></a></p>

<img style=""margin: 5px; width: 100px; height: 123px;"" alt=""vegan logo""
src=""media/ecom/onpagegraphics/vegan.png"">

<img style=""margin: 5px; width: 200px; height: 117px;"" alt=""oeko-tex logo""
src=""media/ecom/onpagegraphics/Oeko-Tex.png"">

</body>

</html>","4961_Baby_Pink.png","4961_Baby_Pink.png","INVITEMS","DEFAULT-4961-Baby-Pink-DEFAULT-4961-Baby-Pink","","","0","0","0","","1","REGONLY","0","0","0","0","","","","SELECT","SELECT","0","","","","","0","0","","income-service","","","0","0","","","","","Poli_Flex_Turbo","Poli_Flex_Turbo","","","0","Hotronix-Auto-Open-Clam-Heatpress, Weeding_Hook, EZ_LED_Weeder, FLEXOFF, Weeding_Tweezers, Heat_Tape, Tygaflor_Sheet, Olfa_Cutting_Matt_A3, Yellow_Ruler, ","Weeding_Hook, EZ_LED_Weeder, FLEXOFF, Weeding_Tweezers, Heat_Tape, Tygaflor_Sheet, Olfa_Cutting_Matt_A3, Yellow_Ruler, ","A","","","","","Colours, Reds","Satin","Application & Aftercare Instructions","<style>

table {

margin: 0 auto 0 auto;
}

table, th, td {
  
  border-collapse: collapse;
padding: 5px;
}
th, td {
  padding: 5px;
  text-align: center; 
  width: 100px;
  height: 50px;
  background-color:#009ee3;
  color: white;
  border-left: 5px solid white;
  border-right: 5px solid white;
}

th {
  border-top-color: white;
  font-size: 15px;
}

td {

padding-bottom: 1em;
border-bottom: 5px solid white;
font-size: 20px;
  
</style>



<table id=""data"">
  <tbody><tr>
    <th>PRESS TEMP</th>
<th>PRESS TIME</th>
<th>PRESSURE</th>
<th>EASY WEED</th>
<th>PEEL</th>
  </tr>
  <tr>
    <td>130<sup>o</sup>C<br>150<sup>o</sup>C<br>160<sup>o</sup>C</td>
<td>5 secs<br>4 secs<br>3 secs</td>
<td>Medium<br></td>
<td><span style=""font-size:30px;"">&#10003;</span></td>
<td>Warm</td>
  </tr>

<tr>
    <th>LAYER</th>
<th>REVERSE IMAGE</th>
<th>WASH</th>
<th>TUMBLE DRY</th>
<th>DRY CLEAN</th>
  </tr>
  <tr>
    <td><span style=""font-size:30px;"">&#10003;</span></td>
<td><span style=""font-size:30px;"">&#10003;</span></td>
<td>60<sup>o</sup>C</td>
<td><span style=""font-size:30px; color: white;"">&#10003;</span></td>
<td><span style=""font-size:30px;"">&#10003;</span></td>
  </tr>
  </tbody></table>
","Colour References","<style>

table {

margin: 0 auto 0 auto;
}

table, th, td {
  
  border-collapse: collapse;
padding: 5px;
}
th, td {
  padding: 5px;
  text-align: center; 
  width: 100px;
  height: 50px;
  background-color:#009ee3;
  color: white;
  border-left: 5px solid white;
  border-right: 5px solid white;
}

th {
  border-top-color: white;
  font-size: 15px;
}

td {

padding-bottom: 1em;
border-bottom: 5px solid white;
font-size: 20px;
  
</style>

<table id=""data"">
  <tbody><tr>
    <th>HEX</th>
<th>RGB</th>
<th>CMYK</th>
<th>PANTONE</th>
<th>RAL</th>
  </tr>
  <tr>
    <td>#EB9EB6</td>
<td>235, 158, 182</td>
<td>4, 49, 12, 0</td>
<td>189 C</td>
<td>3015</td>
  </tr>

  </tbody></table>
","","","","","Poli-Tape-4961-Baby-Pink-Turbo-Heat-Transfer-Vinyl","0","HEX #EB9EB6, RGB 235 158 182, CMYK 4 49 12 0, PANTONE 189 C, RAL 3015, POLI FLEX TURBO, POLI TAPE, HEAT TRANSFER VINYL, HTV, BABY PINK, 4961","","","1596113976","0","","0","","CHECKBOX"
"4962-Fuchsia","Fuchsia Turbo Heat Transfer Vinyl","4962","Poli-Tape","200","6","DEFAULT","","","","","0","Poli-Tape 4962 Fuchsia Turbo Heat Transfer Vinyl. 500mm wide","<html>

<title><head>Poli-Flex Turbo</head></title>

<body>
<p>Poli-Flex Turbo is a polyurethane transfer film equipped with a special hotmelt for fast application at low temperature.</p>
<p>With super-fast heat pressing times as little as 3 seconds, the Poli-Flex® Turbo is recognised as being the best in class when it comes to coloured HTV.</p>
<p>This super soft PU film can be used on a variety of textiles such as cotton, polyester and blended fabrics such as polyester / acrylic as well as uncoated nylon. Also suitable for smooth wood, leather, cardboard and glass. With its brilliant level of stretch, this range is also perfect for leisure and activewear but the special thing about all products in the Turbo range is the speed and temperature of heat pressing. This dramatically cuts down on the application time, improving both productivity and profitability. This material also comes with an adhesive polyester 100µm liner to aid with safe positioning.</p>
<p>Poli-Flex Turbo is tested to Oeko-Tex 100, which is an international standard that guarantees the safety of apparel decoration, making it safe for use on childrens and pets clothing.</p>
<p><a href=""media/ecom/pdfs/datasheets/TDS_POLI-FLEX TURBO GB.pdf"" target=""_blank""><img style=""border: 0px solid ; width: 200px; height: 60px;"" alt=""Poli-Flex Turbo Datasheet"" src=""media/ecom/onpagegraphics/Datasheet.png""></a></p>

<img style=""margin: 5px; width: 100px; height: 123px;"" alt=""vegan logo""
src=""media/ecom/onpagegraphics/vegan.png"">

<img style=""margin: 5px; width: 200px; height: 117px;"" alt=""oeko-tex logo""
src=""media/ecom/onpagegraphics/Oeko-Tex.png"">

</body>

</html>","4962_Fuchsia.png","4962_Fuchsia.png","INVITEMS","DEFAULT-4962-Fuchsia-DEFAULT-4962-Fuchsia","","","0","0","0","","1","REGONLY","0","0","0","0","","","","SELECT","SELECT","0","","","","","0","0","","income-service","","","0","0","","","","","Poli_Flex_Turbo","Poli_Flex_Turbo","","","0","Hotronix-Auto-Open-Clam-Heatpress, Weeding_Hook, EZ_LED_Weeder, FLEXOFF, Weeding_Tweezers, Heat_Tape, Tygaflor_Sheet, Olfa_Cutting_Matt_A3, Yellow_Ruler, ","Weeding_Hook, EZ_LED_Weeder, FLEXOFF, Weeding_Tweezers, Heat_Tape, Tygaflor_Sheet, Olfa_Cutting_Matt_A3, Yellow_Ruler, ","A","","","","","Colours, Reds","Satin","Application & Aftercare Instructions","<style>

table {

margin: 0 auto 0 auto;
}

table, th, td {
  
  border-collapse: collapse;
padding: 5px;
}
th, td {
  padding: 5px;
  text-align: center; 
  width: 100px;
  height: 50px;
  background-color:#009ee3;
  color: white;
  border-left: 5px solid white;
  border-right: 5px solid white;
}

th {
  border-top-color: white;
  font-size: 15px;
}

td {

padding-bottom: 1em;
border-bottom: 5px solid white;
font-size: 20px;
  
</style>



<table id=""data"">
  <tbody><tr>
    <th>PRESS TEMP</th>
<th>PRESS TIME</th>
<th>PRESSURE</th>
<th>EASY WEED</th>
<th>PEEL</th>
  </tr>
  <tr>
    <td>130<sup>o</sup>C<br>150<sup>o</sup>C<br>160<sup>o</sup>C</td>
<td>5 secs<br>4 secs<br>3 secs</td>
<td>Medium<br></td>
<td><span style=""font-size:30px;"">&#10003;</span></td>
<td>Warm</td>
  </tr>

<tr>
    <th>LAYER</th>
<th>REVERSE IMAGE</th>
<th>WASH</th>
<th>TUMBLE DRY</th>
<th>DRY CLEAN</th>
  </tr>
  <tr>
    <td><span style=""font-size:30px;"">&#10003;</span></td>
<td><span style=""font-size:30px;"">&#10003;</span></td>
<td>60<sup>o</sup>C</td>
<td><span style=""font-size:30px; color: white;"">&#10003;</span></td>
<td><span style=""font-size:30px;"">&#10003;</span></td>
  </tr>
  </tbody></table>
","Colour References","<style>

table {

margin: 0 auto 0 auto;
}

table, th, td {
  
  border-collapse: collapse;
padding: 5px;
}
th, td {
  padding: 5px;
  text-align: center; 
  width: 100px;
  height: 50px;
  background-color:#009ee3;
  color: white;
  border-left: 5px solid white;
  border-right: 5px solid white;
}

th {
  border-top-color: white;
  font-size: 15px;
}

td {

padding-bottom: 1em;
border-bottom: 5px solid white;
font-size: 20px;
  
</style>

<table id=""data"">
  <tbody><tr>
    <th>HEX</th>
<th>RGB</th>
<th>CMYK</th>
<th>PANTONE</th>
<th>RAL</th>
  </tr>
  <tr>
    <td>#B64974</td>
<td>182, 73, 116</td>
<td>25, 81, 27, 8</td>
<td>215 C</td>
<td>4010</td>
  </tr>

  </tbody></table>","","","","","Poli-Tape-4962-Fuchsia-Turbo-Heat-Transfer-Vinyl","0","HEX #B64974, RGB 182 73 116, CMYK 25 81 27 8, PANTONE 215 C, RAL 4010, POLI FLEX TURBO, POLI TAPE, HEAT TRANSFER VINYL, HTV, 4962, FUCHSIA","","","1598633768","0","","0","","CHECKBOX"
"4965-Sky-Blue","Sky Blue Turbo Heat Transfer Vinyl","4965","Poli-Tape","250","6","DEFAULT","","","","","0","Poli-Tape 4965 Sky Blue Turbo Heat Transfer Vinyl. 500mm wide","<html>

<title><head>Poli-Flex Turbo</head></title>

<body>
<p>Poli-Flex Turbo is a polyurethane transfer film equipped with a special hotmelt for fast application at low temperature.</p>
<p>With super-fast heat pressing times as little as 3 seconds, the Poli-Flex® Turbo is recognised as being the best in class when it comes to coloured HTV.</p>
<p>This super soft PU film can be used on a variety of textiles such as cotton, polyester and blended fabrics such as polyester / acrylic as well as uncoated nylon. Also suitable for smooth wood, leather, cardboard and glass. With its brilliant level of stretch, this range is also perfect for leisure and activewear but the special thing about all products in the Turbo range is the speed and temperature of heat pressing. This dramatically cuts down on the application time, improving both productivity and profitability. This material also comes with an adhesive polyester 100µm liner to aid with safe positioning.</p>
<p>Poli-Flex Turbo is tested to Oeko-Tex 100, which is an international standard that guarantees the safety of apparel decoration, making it safe for use on childrens and pets clothing.</p>
<p><a href=""media/ecom/pdfs/datasheets/TDS_POLI-FLEX TURBO GB.pdf"" target=""_blank""><img style=""border: 0px solid ; width: 200px; height: 60px;"" alt=""Poli-Flex Turbo Datasheet"" src=""media/ecom/onpagegraphics/Datasheet.png""></a></p>

<img style=""margin: 5px; width: 100px; height: 123px;"" alt=""vegan logo""
src=""media/ecom/onpagegraphics/vegan.png"">

<img style=""margin: 5px; width: 200px; height: 117px;"" alt=""oeko-tex logo""
src=""media/ecom/onpagegraphics/Oeko-Tex.png"">

</body>

</html>","4965_Sky_Blue.png","4965_Sky_Blue.png","INVITEMS","DEFAULT-4965-Sky-Blue-DEFAULT-4965-Sky-Blue","","","0","0","0","","1","REGONLY","0","0","0","0","","","","SELECT","SELECT","0","","","","","0","0","","income-service","","","0","0","","","","","Poli_Flex_Turbo","Poli_Flex_Turbo","","","0","Hotronix-Auto-Open-Clam-Heatpress, Weeding_Hook, EZ_LED_Weeder, FLEXOFF, Weeding_Tweezers, Heat_Tape, Tygaflor_Sheet, Olfa_Cutting_Matt_A3, Yellow_Ruler, ","Weeding_Hook, EZ_LED_Weeder, FLEXOFF, Weeding_Tweezers, Heat_Tape, Tygaflor_Sheet, Olfa_Cutting_Matt_A3, Yellow_Ruler, ","A","","","","","Colours, Blues","Satin","Application & Aftercare Instructions","<style>

table {

margin: 0 auto 0 auto;
}

table, th, td {
  
  border-collapse: collapse;
padding: 5px;
}
th, td {
  padding: 5px;
  text-align: center; 
  width: 100px;
  height: 50px;
  background-color:#009ee3;
  color: white;
  border-left: 5px solid white;
  border-right: 5px solid white;
}

th {
  border-top-color: white;
  font-size: 15px;
}

td {

padding-bottom: 1em;
border-bottom: 5px solid white;
font-size: 20px;
  
</style>


<table id=""data"">
  <tbody><tr>
    <th>PRESS TEMP</th>
<th>PRESS TIME</th>
<th>PRESSURE</th>
<th>EASY WEED</th>
<th>PEEL</th>
  </tr>
  <tr>
    <td>130<sup>o</sup>C<br>150<sup>o</sup>C<br>160<sup>o</sup>C</td>
<td>5 secs<br>4 secs<br>3 secs</td>
<td>Medium<br></td>
<td><span style=""font-size:30px;"">&#10003;</span></td>
<td>Warm</td>
  </tr>

<tr>
    <th>LAYER</th>
<th>REVERSE IMAGE</th>
<th>WASH</th>
<th>TUMBLE DRY</th>
<th>DRY CLEAN</th>
  </tr>
  <tr>
    <td><span style=""font-size:30px;"">&#10003;</span></td>
<td><span style=""font-size:30px;"">&#10003;</span></td>
<td>60<sup>o</sup>C</td>
<td><span style=""font-size:30px; color: white;"">&#10003;</span></td>
<td><span style=""font-size:30px;"">&#10003;</span></td>
  </tr>
  </tbody></table>
","Colour References","<style>

table {

margin: 0 auto 0 auto;
}

table, th, td {
  
  border-collapse: collapse;
padding: 5px;
}
th, td {
  padding: 5px;
  text-align: center; 
  width: 100px;
  height: 50px;
  background-color:#009ee3;
  color: white;
  border-left: 5px solid white;
  border-right: 5px solid white;
}

th {
  border-top-color: white;
  font-size: 15px;
}

td {

padding-bottom: 1em;
border-bottom: 5px solid white;
font-size: 20px;
  
</style>

<table id=""data"">
  <tbody><tr>
    <th>HEX</th>
<th>RGB</th>
<th>CMYK</th>
<th>PANTONE</th>
<th>RAL</th>
  </tr>
  <tr>
    <td>#71B5DA</td>
<td>113, 181, 218</td>
<td>57, 15, 7, 0</td>
<td>2915 C</td>
<td>5024</td>
  </tr>

  </tbody></table>
","","","","","Poli-Tape-4965-Sky-Blue-Turbo-Heat-Transfer-Vinyl","0","HEX #71B5DA, RGB 113 181 218, CMYK 57 15 7 0, PANTONE 2915 C, RAL 5024, POLI FLEX TURBO, POLI TAPE, HEAT TRANSFER VINYL, HTV, 4965, SKY BLUE","","","1598633866","0","","0","","CHECKBOX"
"4967-Apple-Green","Apple Green Turbo Heat Transfer Vinyl","4967","Poli-Tape","290","6","DEFAULT","","","","","0","Poli-Tape 4967 Apple Green Turbo Heat Transfer Vinyl. 500mm wide","<html>

<title><head>Poli-Flex Turbo</head></title>

<body>
<p>Poli-Flex Turbo is a polyurethane transfer film equipped with a special hotmelt for fast application at low temperature.</p>
<p>With super-fast heat pressing times as little as 3 seconds, the Poli-Flex® Turbo is recognised as being the best in class when it comes to coloured HTV.</p>
<p>This super soft PU film can be used on a variety of textiles such as cotton, polyester and blended fabrics such as polyester / acrylic as well as uncoated nylon. Also suitable for smooth wood, leather, cardboard and glass. With its brilliant level of stretch, this range is also perfect for leisure and activewear but the special thing about all products in the Turbo range is the speed and temperature of heat pressing. This dramatically cuts down on the application time, improving both productivity and profitability. This material also comes with an adhesive polyester 100µm liner to aid with safe positioning.</p>
<p>Poli-Flex Turbo is tested to Oeko-Tex 100, which is an international standard that guarantees the safety of apparel decoration, making it safe for use on childrens and pets clothing.</p>
<p><a href=""media/ecom/pdfs/datasheets/TDS_POLI-FLEX TURBO GB.pdf"" target=""_blank""><img style=""border: 0px solid ; width: 200px; height: 60px;"" alt=""Poli-Flex Turbo Datasheet"" src=""media/ecom/onpagegraphics/Datasheet.png""></a></p>

<img style=""margin: 5px; width: 100px; height: 123px;"" alt=""vegan logo""
src=""media/ecom/onpagegraphics/vegan.png"">

<img style=""margin: 5px; width: 200px; height: 117px;"" alt=""oeko-tex logo""
src=""media/ecom/onpagegraphics/Oeko-Tex.png"">

</body>

</html>","4967_Apple_Green.png","4967_Apple_Green.png","INVITEMS","DEFAULT-4967-Apple-Green-DEFAULT-4967-Apple-Green","","","0","0","0","","1","REGONLY","0","0","0","0","","","","SELECT","SELECT","0","","","","","0","0","","income-service","","","0","0","","","","","Poli_Flex_Turbo","Poli_Flex_Turbo","","","0","Hotronix-Auto-Open-Clam-Heatpress, Weeding_Hook, EZ_LED_Weeder, FLEXOFF, Weeding_Tweezers, Heat_Tape, Tygaflor_Sheet, Olfa_Cutting_Matt_A3, Yellow_Ruler, ","Weeding_Hook, EZ_LED_Weeder, FLEXOFF, Weeding_Tweezers, Heat_Tape, Tygaflor_Sheet, Olfa_Cutting_Matt_A3, Yellow_Ruler, ","A","","","","","Colours, Greens","Satin","Application & Aftercare Instructions","<style>

table {

margin: 0 auto 0 auto;
}

table, th, td {
  
  border-collapse: collapse;
padding: 5px;
}
th, td {
  padding: 5px;
  text-align: center; 
  width: 100px;
  height: 50px;
  background-color:#009ee3;
  color: white;
  border-left: 5px solid white;
  border-right: 5px solid white;
}

th {
  border-top-color: white;
  font-size: 15px;
}

td {

padding-bottom: 1em;
border-bottom: 5px solid white;
font-size: 20px;
  
</style>



<table id=""data"">
  <tbody><tr>
    <th>PRESS TEMP</th>
<th>PRESS TIME</th>
<th>PRESSURE</th>
<th>EASY WEED</th>
<th>PEEL</th>
  </tr>
  <tr>
    <td>130<sup>o</sup>C<br>150<sup>o</sup>C<br>160<sup>o</sup>C</td>
<td>5 secs<br>4 secs<br>3 secs</td>
<td>Medium<br></td>
<td><span style=""font-size:30px;"">&#10003;</span></td>
<td>Warm</td>
  </tr>

<tr>
    <th>LAYER</th>
<th>REVERSE IMAGE</th>
<th>WASH</th>
<th>TUMBLE DRY</th>
<th>DRY CLEAN</th>
  </tr>
  <tr>
    <td><span style=""font-size:30px;"">&#10003;</span></td>
<td><span style=""font-size:30px;"">&#10003;</span></td>
<td>60<sup>o</sup>C</td>
<td><span style=""font-size:30px; color: white;"">&#10003;</span></td>
<td><span style=""font-size:30px;"">&#10003;</span></td>
  </tr>
  </tbody></table>
","Colour References","<style>

table {

margin: 0 auto 0 auto;
}

table, th, td {
  
  border-collapse: collapse;
padding: 5px;
}
th, td {
  padding: 5px;
  text-align: center; 
  width: 100px;
  height: 50px;
  background-color:#009ee3;
  color: white;
  border-left: 5px solid white;
  border-right: 5px solid white;
}

th {
  border-top-color: white;
  font-size: 15px;
}

td {

padding-bottom: 1em;
border-bottom: 5px solid white;
font-size: 20px;
  
</style>

<table id=""data"">
  <tbody><tr>
    <th>HEX</th>
<th>RGB</th>
<th>CMYK</th>
<th>PANTONE</th>
<th>RAL</th>
  </tr>
  <tr>
    <td>#A0B826</td>
<td>160, 184, 38</td>
<td>45, 10, 97, 0</td>
<td>375 C</td>
<td>100 70 70</td>
  </tr>

  </tbody></table>
","","","","","Poli-Tape-4967-Apple-Green-Turbo-Heat-Transfer-Vinyl","0","HEX #A0B826, RGB 160 184 38, CMYK 45 10 97 0, 375 C, RAL 100 70 70, POLI FLEX TURBO, POLI TAPE, HEAT TRANSFER VINYL, HTV, 4967, APPLE GREEN","","","1576167468","0","","0","","CHECKBOX"
"4968-Aqua-Green","Aqua Green Turbo Heat Transfer Vinyl","4968","Poli-Tape","320","6","DEFAULT","","","","","0","Poli-Tape 4968 Aqua Green Turbo Heat Transfer Vinyl. 500mm wide","<html>

<title><head>Poli-Flex Turbo</head></title>

<body>
<p>Poli-Flex Turbo is a polyurethane transfer film equipped with a special hotmelt for fast application at low temperature.</p>
<p>With super-fast heat pressing times as little as 3 seconds, the Poli-Flex® Turbo is recognised as being the best in class when it comes to coloured HTV.</p>
<p>This super soft PU film can be used on a variety of textiles such as cotton, polyester and blended fabrics such as polyester / acrylic as well as uncoated nylon. Also suitable for smooth wood, leather, cardboard and glass. With its brilliant level of stretch, this range is also perfect for leisure and activewear but the special thing about all products in the Turbo range is the speed and temperature of heat pressing. This dramatically cuts down on the application time, improving both productivity and profitability. This material also comes with an adhesive polyester 100µm liner to aid with safe positioning.</p>
<p>Poli-Flex Turbo is tested to Oeko-Tex 100, which is an international standard that guarantees the safety of apparel decoration, making it safe for use on childrens and pets clothing.</p>
<p><a href=""media/ecom/pdfs/datasheets/TDS_POLI-FLEX TURBO GB.pdf"" target=""_blank""><img style=""border: 0px solid ; width: 200px; height: 60px;"" alt=""Poli-Flex Turbo Datasheet"" src=""media/ecom/onpagegraphics/Datasheet.png""></a></p>

<img style=""margin: 5px; width: 100px; height: 123px;"" alt=""vegan logo""
src=""media/ecom/onpagegraphics/vegan.png"">

<img style=""margin: 5px; width: 200px; height: 117px;"" alt=""oeko-tex logo""
src=""media/ecom/onpagegraphics/Oeko-Tex.png"">

</body>

</html>","4968_Aqua_Green.png","4968_Aqua_Green.png","INVITEMS","DEFAULT-4968-Aqua-Green-DEFAULT-4968-Aqua-Green","","","0","0","0","","1","REGONLY","0","0","0","0","","","","SELECT","SELECT","0","","","","","0","0","","income-service","","","0","0","","","","","Poli_Flex_Turbo","Poli_Flex_Turbo","","","0","Hotronix-Auto-Open-Clam-Heatpress, Weeding_Hook, EZ_LED_Weeder, FLEXOFF, Weeding_Tweezers, Heat_Tape, Tygaflor_Sheet, Olfa_Cutting_Matt_A3, Yellow_Ruler, ","Weeding_Hook, EZ_LED_Weeder, FLEXOFF, Weeding_Tweezers, Heat_Tape, Tygaflor_Sheet, Olfa_Cutting_Matt_A3, Yellow_Ruler, ","A","","","","","Colours, Greens, Blues","Satin","Application & Aftercare Instructions","<style>

table {

margin: 0 auto 0 auto;
}

table, th, td {
  
  border-collapse: collapse;
padding: 5px;
}
th, td {
  padding: 5px;
  text-align: center; 
  width: 100px;
  height: 50px;
  background-color:#009ee3;
  color: white;
  border-left: 5px solid white;
  border-right: 5px solid white;
}

th {
  border-top-color: white;
  font-size: 15px;
}

td {

padding-bottom: 1em;
border-bottom: 5px solid white;
font-size: 20px;
  
</style>



<table id=""data"">
  <tbody><tr>
    <th>PRESS TEMP</th>
<th>PRESS TIME</th>
<th>PRESSURE</th>
<th>EASY WEED</th>
<th>PEEL</th>
  </tr>
  <tr>
    <td>130<sup>o</sup>C<br>150<sup>o</sup>C<br>160<sup>o</sup>C</td>
<td>5 secs<br>4 secs<br>3 secs</td>
<td>Medium<br></td>
<td><span style=""font-size:30px;"">&#10003;</span></td>
<td>Warm</td>
  </tr>

<tr>
    <th>LAYER</th>
<th>REVERSE IMAGE</th>
<th>WASH</th>
<th>TUMBLE DRY</th>
<th>DRY CLEAN</th>
  </tr>
  <tr>
    <td><span style=""font-size:30px;"">&#10003;</span></td>
<td><span style=""font-size:30px;"">&#10003;</span></td>
<td>60<sup>o</sup>C</td>
<td><span style=""font-size:30px; color: white;"">&#10003;</span></td>
<td><span style=""font-size:30px;"">&#10003;</span></td>
  </tr>
  </tbody></table>
","Colour References","<style>

table {

margin: 0 auto 0 auto;
}

table, th, td {
  
  border-collapse: collapse;
padding: 5px;
}
th, td {
  padding: 5px;
  text-align: center; 
  width: 100px;
  height: 50px;
  background-color:#009ee3;
  color: white;
  border-left: 5px solid white;
  border-right: 5px solid white;
}

th {
  border-top-color: white;
  font-size: 15px;
}

td {

padding-bottom: 1em;
border-bottom: 5px solid white;
font-size: 20px;
  
</style>

<table id=""data"">
  <tbody><tr>
    <th>HEX</th>
<th>RGB</th>
<th>CMYK</th>
<th>PANTONE</th>
<th>RAL</th>
  </tr>
  <tr>
    <td>#009193</td>
<td>0, 145, 147</td>
<td>81, 20, 43, 4</td>
<td>322 C</td>
<td>5018</td>
  </tr>

  </tbody></table>
","","","","","Poli-Tape-4968-Aqua-Green-Turbo-Heat-Transfer-Vinyl","0","HEX #009193, RGB 0 145 147, CMYK 81 20 43 4, PANTONE 322 C, RAL 5018, POLI FLEX TURBO, POLI TAPE, HEAT TRANSFER VINYL, HTV, 4968, AQUA GREEN","","","1649868567","0","","0","","CHECKBOX"
"4973-Flame-Red","Flame Red Turbo Heat Transfer Vinyl","4973","Poli-Tape","150","6","DEFAULT","","","","","0","Poli-Tape 4973 Flame Red Turbo Heat Transfer Vinyl. 500mm wide","<html>

<title><head>Poli-Flex Turbo</head></title>

<body>
<p>Poli-Flex Turbo is a polyurethane transfer film equipped with a special hotmelt for fast application at low temperature.</p>
<p>With super-fast heat pressing times as little as 3 seconds, the Poli-Flex® Turbo is recognised as being the best in class when it comes to coloured HTV.</p>
<p>This super soft PU film can be used on a variety of textiles such as cotton, polyester and blended fabrics such as polyester / acrylic as well as uncoated nylon. Also suitable for smooth wood, leather, cardboard and glass. With its brilliant level of stretch, this range is also perfect for leisure and activewear but the special thing about all products in the Turbo range is the speed and temperature of heat pressing. This dramatically cuts down on the application time, improving both productivity and profitability. This material also comes with an adhesive polyester 100µm liner to aid with safe positioning.</p>
<p>Poli-Flex Turbo is tested to Oeko-Tex 100, which is an international standard that guarantees the safety of apparel decoration, making it safe for use on childrens and pets clothing.</p>
<p><a href=""media/ecom/pdfs/datasheets/TDS_POLI-FLEX TURBO GB.pdf"" target=""_blank""><img style=""border: 0px solid ; width: 200px; height: 60px;"" alt=""Poli-Flex Turbo Datasheet"" src=""media/ecom/onpagegraphics/Datasheet.png""></a></p>

<img style=""margin: 5px; width: 100px; height: 123px;"" alt=""vegan logo""
src=""media/ecom/onpagegraphics/vegan.png"">

<img style=""margin: 5px; width: 200px; height: 117px;"" alt=""oeko-tex logo""
src=""media/ecom/onpagegraphics/Oeko-Tex.png"">

</body>

</html>","4973_Flame_Red.png","4973_Flame_Red.png","INVITEMS","DEFAULT-4973-Flame-Red-DEFAULT-4973-Flame-Red","","","0","0","0","","1","REGONLY","0","0","0","0","","","","SELECT","SELECT","0","","","","","0","0","","income-service","","","0","0","","","","","Poli_Flex_Turbo","Poli_Flex_Turbo","","","0","Hotronix-Auto-Open-Clam-Heatpress, Weeding_Hook, EZ_LED_Weeder, FLEXOFF, Weeding_Tweezers, Heat_Tape, Tygaflor_Sheet, Olfa_Cutting_Matt_A3, Yellow_Ruler, ","Weeding_Hook, EZ_LED_Weeder, FLEXOFF, Weeding_Tweezers, Heat_Tape, Tygaflor_Sheet, Olfa_Cutting_Matt_A3, Yellow_Ruler, ","A","","","","","Colours, Reds","Satin","Application & Aftercare Instructions","<style>

table {

margin: 0 auto 0 auto;
}

table, th, td {
  
  border-collapse: collapse;
padding: 5px;
}
th, td {
  padding: 5px;
  text-align: center; 
  width: 100px;
  height: 50px;
  background-color:#009ee3;
  color: white;
  border-left: 5px solid white;
  border-right: 5px solid white;
}

th {
  border-top-color: white;
  font-size: 15px;
}

td {

padding-bottom: 1em;
border-bottom: 5px solid white;
font-size: 20px;
  
</style>



<table id=""data"">
  <tbody><tr>
    <th>PRESS TEMP</th>
<th>PRESS TIME</th>
<th>PRESSURE</th>
<th>EASY WEED</th>
<th>PEEL</th>
  </tr>
  <tr>
    <td>130<sup>o</sup>C<br>150<sup>o</sup>C<br>160<sup>o</sup>C</td>
<td>5 secs<br>4 secs<br>3 secs</td>
<td>Medium<br></td>
<td><span style=""font-size:30px;"">&#10003;</span></td>
<td>Warm</td>
  </tr>

<tr>
    <th>LAYER</th>
<th>REVERSE IMAGE</th>
<th>WASH</th>
<th>TUMBLE DRY</th>
<th>DRY CLEAN</th>
  </tr>
  <tr>
    <td><span style=""font-size:30px;"">&#10003;</span></td>
<td><span style=""font-size:30px;"">&#10003;</span></td>
<td>60<sup>o</sup>C</td>
<td><span style=""font-size:30px; color: white;"">&#10003;</span></td>
<td><span style=""font-size:30px;"">&#10003;</span></td>
  </tr>
  </tbody></table>
","Colour References","<style>

table {

margin: 0 auto 0 auto;
}

table, th, td {
  
  border-collapse: collapse;
padding: 5px;
}
th, td {
  padding: 5px;
  text-align: center; 
  width: 100px;
  height: 50px;
  background-color:#009ee3;
  color: white;
  border-left: 5px solid white;
  border-right: 5px solid white;
}

th {
  border-top-color: white;
  font-size: 15px;
}

td {

padding-bottom: 1em;
border-bottom: 5px solid white;
font-size: 20px;
  
</style>

<table id=""data"">
  <tbody><tr>
    <th>HEX</th>
<th>RGB</th>
<th>CMYK</th>
<th>PANTONE</th>
<th>RAL</th>
  </tr>
  <tr>
    <td>#D73538</td>
<td>215, 53, 56</td>
<td>9, 90, 77, 1</td>
<td>032 C</td>
<td>3028</td>
  </tr>

  </tbody></table>","","","","","Poli-Tape-4973-Flame-Red-Turbo-Heat-Transfer-Vinyl","0","HEX #D73538, RGB 215 53 56, CMYK 9 90 77 1, PANTONE 032 C, RAL 3028, POLI FLEX TURBO, POLI TAPE, HEAT TRANSFER VINYL, HTV, 4973, FLAME RED","","","1659374329","0","","0","","CHECKBOX"
"4975-Ice-Blue","Ice Blue Turbo Heat Transfer Vinyl","4975","Poli-Tape","245","6","DEFAULT","","","","","0","Poli-Tape 4975 Ice Blue Turbo Heat Transfer Vinyl. 500mm wide","<html>

<title><head>Poli-Flex Turbo</head></title>

<body>
<p>Poli-Flex Turbo is a polyurethane transfer film equipped with a special hotmelt for fast application at low temperature.</p>
<p>With super-fast heat pressing times as little as 3 seconds, the Poli-Flex® Turbo is recognised as being the best in class when it comes to coloured HTV.</p>
<p>This super soft PU film can be used on a variety of textiles such as cotton, polyester and blended fabrics such as polyester / acrylic as well as uncoated nylon. Also suitable for smooth wood, leather, cardboard and glass. With its brilliant level of stretch, this range is also perfect for leisure and activewear but the special thing about all products in the Turbo range is the speed and temperature of heat pressing. This dramatically cuts down on the application time, improving both productivity and profitability. This material also comes with an adhesive polyester 100µm liner to aid with safe positioning.</p>
<p>Poli-Flex Turbo is tested to Oeko-Tex 100, which is an international standard that guarantees the safety of apparel decoration, making it safe for use on childrens and pets clothing.</p>
<p><a href=""media/ecom/pdfs/datasheets/TDS_POLI-FLEX TURBO GB.pdf"" target=""_blank""><img style=""border: 0px solid ; width: 200px; height: 60px;"" alt=""Poli-Flex Turbo Datasheet"" src=""media/ecom/onpagegraphics/Datasheet.png""></a></p>

<img style=""margin: 5px; width: 100px; height: 123px;"" alt=""vegan logo""
src=""media/ecom/onpagegraphics/vegan.png"">

<img style=""margin: 5px; width: 200px; height: 117px;"" alt=""oeko-tex logo""
src=""media/ecom/onpagegraphics/Oeko-Tex.png"">

</body>

</html>","4975_Ice_Blue.png","4975_Ice_Blue.png","INVITEMS","DEFAULT-4975-Ice-Blue-DEFAULT-4975-Ice-Blue","","","0","0","0","","1","REGONLY","0","0","0","0","","","","SELECT","SELECT","0","","","","","0","0","","income-service","","","0","0","","","","","Poli_Flex_Turbo","Poli_Flex_Turbo","","","0","Hotronix-Auto-Open-Clam-Heatpress, Weeding_Hook, EZ_LED_Weeder, FLEXOFF, Weeding_Tweezers, Heat_Tape, Tygaflor_Sheet, Olfa_Cutting_Matt_A3, Yellow_Ruler, ","Weeding_Hook, EZ_LED_Weeder, FLEXOFF, Weeding_Tweezers, Heat_Tape, Tygaflor_Sheet, Olfa_Cutting_Matt_A3, Yellow_Ruler, ","A","","","","","Colours, Blues","Satin","Application & Aftercare Instructions","<style>

table {

margin: 0 auto 0 auto;
}

table, th, td {
  
  border-collapse: collapse;
padding: 5px;
}
th, td {
  padding: 5px;
  text-align: center; 
  width: 100px;
  height: 50px;
  background-color:#009ee3;
  color: white;
  border-left: 5px solid white;
  border-right: 5px solid white;
}

th {
  border-top-color: white;
  font-size: 15px;
}

td {

padding-bottom: 1em;
border-bottom: 5px solid white;
font-size: 20px;
  
</style>



<table id=""data"">
  <tbody><tr>
    <th>PRESS TEMP</th>
<th>PRESS TIME</th>
<th>PRESSURE</th>
<th>EASY WEED</th>
<th>PEEL</th>
  </tr>
  <tr>
    <td>130<sup>o</sup>C<br>150<sup>o</sup>C<br>160<sup>o</sup>C</td>
<td>5 secs<br>4 secs<br>3 secs</td>
<td>Medium<br></td>
<td><span style=""font-size:30px;"">&#10003;</span></td>
<td>Warm</td>
  </tr>

<tr>
    <th>LAYER</th>
<th>REVERSE IMAGE</th>
<th>WASH</th>
<th>TUMBLE DRY</th>
<th>DRY CLEAN</th>
  </tr>
  <tr>
    <td><span style=""font-size:30px;"">&#10003;</span></td>
<td><span style=""font-size:30px;"">&#10003;</span></td>
<td>60<sup>o</sup>C</td>
<td><span style=""font-size:30px; color: white;"">&#10003;</span></td>
<td><span style=""font-size:30px;"">&#10003;</span></td>
  </tr>
  </tbody></table>
","Colour References","<style>

table {

margin: 0 auto 0 auto;
}

table, th, td {
  
  border-collapse: collapse;
padding: 5px;
}
th, td {
  padding: 5px;
  text-align: center; 
  width: 100px;
  height: 50px;
  background-color:#009ee3;
  color: white;
  border-left: 5px solid white;
  border-right: 5px solid white;
}

th {
  border-top-color: white;
  font-size: 15px;
}

td {

padding-bottom: 1em;
border-bottom: 5px solid white;
font-size: 20px;
  
</style>

<table id=""data"">
  <tbody><tr>
    <th>HEX</th>
<th>RGB</th>
<th>CMYK</th>
<th>PANTONE</th>
<th>RAL</th>
  </tr>
  <tr>
    <td>#B8DEF2</td>
<td>184, 222, 242</td>
<td>32, 2, 3, 0</td>
<td>291 C</td>
<td>-</td>
  </tr>

  </tbody></table>
","","","","","Poli-Tape-4975-Ice-Blue-Turbo-Heat-Transfer-Vinyl","0","HEX #B8DEF2, RGB 184 222 243, CMYK 32 2 3 0, PANTONE 291 C, POLI FLEX TURBO, POLI TAPE, HEAT TRANSFER VINYL, HTV, 4975, ICE BLUE
","","","1711554445","0","","0","","CHECKBOX"
"4977-Mint","Mint Turbo Heat Transfer Vinyl","4977","Poli-Tape","330","6","DEFAULT","","","","","0","Poli-Tape 4977 Mint Turbo Heat Transfer Vinyl. 500mm wide","<html>

<title><head>Poli-Flex Turbo</head></title>

<body>
<p>Poli-Flex Turbo is a polyurethane transfer film equipped with a special hotmelt for fast application at low temperature.</p>
<p>With super-fast heat pressing times as little as 3 seconds, the Poli-Flex® Turbo is recognised as being the best in class when it comes to coloured HTV.</p>
<p>This super soft PU film can be used on a variety of textiles such as cotton, polyester and blended fabrics such as polyester / acrylic as well as uncoated nylon. Also suitable for smooth wood, leather, cardboard and glass. With its brilliant level of stretch, this range is also perfect for leisure and activewear but the special thing about all products in the Turbo range is the speed and temperature of heat pressing. This dramatically cuts down on the application time, improving both productivity and profitability. This material also comes with an adhesive polyester 100µm liner to aid with safe positioning.</p>
<p>Poli-Flex Turbo is tested to Oeko-Tex 100, which is an international standard that guarantees the safety of apparel decoration, making it safe for use on childrens and pets clothing.</p>
<p><a href=""media/ecom/pdfs/datasheets/TDS_POLI-FLEX TURBO GB.pdf"" target=""_blank""><img style=""border: 0px solid ; width: 200px; height: 60px;"" alt=""Poli-Flex Turbo Datasheet"" src=""media/ecom/onpagegraphics/Datasheet.png""></a></p>

<img style=""margin: 5px; width: 100px; height: 123px;"" alt=""vegan logo""
src=""media/ecom/onpagegraphics/vegan.png"">

<img style=""margin: 5px; width: 200px; height: 117px;"" alt=""oeko-tex logo""
src=""media/ecom/onpagegraphics/Oeko-Tex.png"">

</body>

</html>","4977_Mint_Turbo_Flex.png","4977_Mint_Turbo_Flex.png","INVITEMS","DEFAULT-4977-Mint-DEFAULT-4977-Mint","","","0","0","0","","1","REGONLY","0","0","0","0","","","","SELECT","SELECT","0","","","","","0","0","","income-service","","","0","0","","","","","Poli_Flex_Turbo","Poli_Flex_Turbo","","","0","Hotronix-Auto-Open-Clam-Heatpress, Weeding_Hook, EZ_LED_Weeder, FLEXOFF, Weeding_Tweezers, Heat_Tape, Tygaflor_Sheet, Olfa_Cutting_Matt_A3, Yellow_Ruler, ","Weeding_Hook, EZ_LED_Weeder, FLEXOFF, Weeding_Tweezers, Heat_Tape, Tygaflor_Sheet, Olfa_Cutting_Matt_A3, Yellow_Ruler, ","A","","","","","Colours, Greens","Satin","Application & Aftercare Instructions","<style>

table {

margin: 0 auto 0 auto;
}

table, th, td {
  
  border-collapse: collapse;
padding: 5px;
}
th, td {
  padding: 5px;
  text-align: center; 
  width: 100px;
  height: 50px;
  background-color:#009ee3;
  color: white;
  border-left: 5px solid white;
  border-right: 5px solid white;
}

th {
  border-top-color: white;
  font-size: 15px;
}

td {

padding-bottom: 1em;
border-bottom: 5px solid white;
font-size: 20px;
  
</style>



<table id=""data"">
  <tbody><tr>
    <th>PRESS TEMP</th>
<th>PRESS TIME</th>
<th>PRESSURE</th>
<th>EASY WEED</th>
<th>PEEL</th>
  </tr>
  <tr>
    <td>130<sup>o</sup>C<br>150<sup>o</sup>C<br>160<sup>o</sup>C</td>
<td>5 secs<br>4 secs<br>3 secs</td>
<td>Medium<br></td>
<td><span style=""font-size:30px;"">&#10003;</span></td>
<td>Warm</td>
  </tr>

<tr>
    <th>LAYER</th>
<th>REVERSE IMAGE</th>
<th>WASH</th>
<th>TUMBLE DRY</th>
<th>DRY CLEAN</th>
  </tr>
  <tr>
    <td><span style=""font-size:30px;"">&#10003;</span></td>
<td><span style=""font-size:30px;"">&#10003;</span></td>
<td>60<sup>o</sup>C</td>
<td><span style=""font-size:30px; color: white;"">&#10003;</span></td>
<td><span style=""font-size:30px;"">&#10003;</span></td>
  </tr>
  </tbody></table>
","Colour References","<style>

table {

margin: 0 auto 0 auto;
}

table, th, td {
  
  border-collapse: collapse;
padding: 5px;
}
th, td {
  padding: 5px;
  text-align: center; 
  width: 100px;
  height: 50px;
  background-color:#009ee3;
  color: white;
  border-left: 5px solid white;
  border-right: 5px solid white;
}

th {
  border-top-color: white;
  font-size: 15px;
}

td {

padding-bottom: 1em;
border-bottom: 5px solid white;
font-size: 20px;
  
</style>

<table id=""data"">
  <tbody><tr>
    <th>HEX</th>
<th>RGB</th>
<th>CMYK</th>
<th>PANTONE</th>
<th>RAL</th>
  </tr>
  <tr>
    <td>#9ED7B9</td>
<td>158, 215, 185</td>
<td>43, 0, 36, 0</td>
<td>337 M</td>
<td>6019</td>
  </tr>

  </tbody></table>
","","","","","Poli-Tape-4977-Mint-Turbo-Heat-Transfer-Vinyl","0","HEX #9ED7B9, RGB 158 215 185, CMYK 43 0 36 0, PANTONE 337 M, RAL 6019, POLI FLEX TURBO, POLI TAPE, HEAT TRANSFER VINYL, HTV, 4977, MINT","","","1565278413","0","","0","","CHECKBOX"
"4987-Berry","Neon Berry Turbo Heat Transfer Vinyl","4987","Poli-Tape","970","6","DEFAULT","","","","","0","Poli-Tape 4987 Neon Berry Turbo Heat Transfer Vinyl. 500mm wide","<html>

<title><head>Poli-Flex Turbo</head></title>

<body>
<p>Poli-Flex Turbo is a polyurethane transfer film equipped with a special hotmelt for fast application at low temperature.</p>
<p>With super-fast heat pressing times as little as 3 seconds, the Poli-Flex® Turbo is recognised as being the best in class when it comes to coloured HTV.</p>
<p>This super soft PU film can be used on a variety of textiles such as cotton, polyester and blended fabrics such as polyester / acrylic as well as uncoated nylon. Also suitable for smooth wood, leather, cardboard and glass. With its brilliant level of stretch, this range is also perfect for leisure and activewear but the special thing about all products in the Turbo range is the speed and temperature of heat pressing. This dramatically cuts down on the application time, improving both productivity and profitability. This material also comes with an adhesive polyester 100µm liner to aid with safe positioning.</p>
<p>Poli-Flex Turbo is tested to Oeko-Tex 100, which is an international standard that guarantees the safety of apparel decoration, making it safe for use on childrens and pets clothing.</p>
<p><a href=""media/ecom/pdfs/datasheets/TDS_POLI-FLEX TURBO GB.pdf"" target=""_blank""><img style=""border: 0px solid ; width: 200px; height: 60px;"" alt=""Poli-Flex Turbo Datasheet"" src=""media/ecom/onpagegraphics/Datasheet.png""></a></p>

<img style=""margin: 5px; width: 100px; height: 123px;"" alt=""vegan logo""
src=""media/ecom/onpagegraphics/vegan.png"">

<img style=""margin: 5px; width: 200px; height: 117px;"" alt=""oeko-tex logo""
src=""media/ecom/onpagegraphics/Oeko-Tex.png"">

</body>

</html>","4987_Berry_Turbo_Flex.png","4987_Berry_Turbo_Flex.png","INVITEMS","DEFAULT-4987-Berry-DEFAULT-4987-Berry","","","0","0","0","","1","REGONLY","0","0","0","0","","","","SELECT","SELECT","0","","","","","0","0","","income-service","","","0","0","","","","","Poli_Flex_Turbo","Poli_Flex_Turbo","","","0","Hotronix-Auto-Open-Clam-Heatpress, Weeding_Hook, EZ_LED_Weeder, FLEXOFF, Weeding_Tweezers, Heat_Tape, Tygaflor_Sheet, Olfa_Cutting_Matt_A3, Yellow_Ruler, ","Weeding_Hook, EZ_LED_Weeder, FLEXOFF, Weeding_Tweezers, Heat_Tape, Tygaflor_Sheet, Olfa_Cutting_Matt_A3, Yellow_Ruler, ","A","","","","","Colours, Neons, Reds, Blues","Satin","Application & Aftercare Instructions","<style>

table {

margin: 0 auto 0 auto;
}

table, th, td {
  
  border-collapse: collapse;
padding: 5px;
}
th, td {
  padding: 5px;
  text-align: center; 
  width: 100px;
  height: 50px;
  background-color:#009ee3;
  color: white;
  border-left: 5px solid white;
  border-right: 5px solid white;
}

th {
  border-top-color: white;
  font-size: 15px;
}

td {

padding-bottom: 1em;
border-bottom: 5px solid white;
font-size: 20px;
  
</style>



<table id=""data"">
  <tbody><tr>
    <th>PRESS TEMP</th>
<th>PRESS TIME</th>
<th>PRESSURE</th>
<th>EASY WEED</th>
<th>PEEL</th>
  </tr>
  <tr>
    <td>130<sup>o</sup>C<br>150<sup>o</sup>C<br>160<sup>o</sup>C</td>
<td>5 secs<br>4 secs<br>3 secs</td>
<td>Medium<br></td>
<td><span style=""font-size:30px;"">&#10003;</span></td>
<td>Lukewarm</td>
  </tr>

<tr>
    <th>LAYER</th>
<th>REVERSE IMAGE</th>
<th>WASH</th>
<th>TUMBLE DRY</th>
<th>DRY CLEAN</th>
  </tr>
  <tr>
    <td><span style=""font-size:30px;"">&#10005;</span></td>
<td><span style=""font-size:30px;"">&#10003;</span></td>
<td>60<sup>o</sup>C</td>
<td><span style=""font-size:30px; color: white;"">&#10003;</span></td>
<td><span style=""font-size:30px;"">&#10003;</span></td>
  </tr>
  </tbody></table>
","Colour References","<style>

table {

margin: 0 auto 0 auto;
}

table, th, td {
  
  border-collapse: collapse;
padding: 5px;
}
th, td {
  padding: 5px;
  text-align: center; 
  width: 100px;
  height: 50px;
  background-color:#009ee3;
  color: white;
  border-left: 5px solid white;
  border-right: 5px solid white;
}

th {
  border-top-color: white;
  font-size: 15px;
}

td {

padding-bottom: 1em;
border-bottom: 5px solid white;
font-size: 20px;
  
</style>

<table id=""data"">
  <tbody><tr>
    <th>HEX</th>
<th>RGB</th>
<th>CMYK</th>
<th>PANTONE</th>
<th>RAL</th>
  </tr>
  <tr>
    <td>#8146BB</td>
<td>129, 70, 187</td>
<td>69, 78, 0, 0</td>
<td>2602 C</td>
<td>4008</td>
  </tr>

  </tbody></table>
","","","","","Poli-Tape-4987-Neon-Berry-Turbo-Heat-Transfer-Vinyl","0","HEX #8146BB, RGB 129 70 187, CMYK 69 78 0 0, PANTONE 2602 C, RAL 4008, POLI FLEX TURBO, POLI TAPE, HEAT TRANSFER VINYL, HTV, 4987, NEON BERRY","","","1565278332","0","","0","","CHECKBOX"
"4G_Cleaner","4G Cleaner","4G","Doro_Tape","40","19","DEFAULT","","","","","0","4G Cleaner is specifically formulated to clean glue, grease, grime, marker inks and other types of light graffiti off almost all plastic, metal and painted surfaces. This cleaner contains Toluene so it is advisable to only use in well ventilated areas.  Can also be used to soften old vinyl for easier removal. ","<html><head><title>4G Cleaner</title></head>
<body>
<p>4G Cleaner is specifically formulated to clean glue, grease, grime, marker inks and other types of light graffiti off almost all plastic, metal and painted surfaces.</p>
<p>This cleaner contains Toluene so it is advisable to only use in well ventilated areas.</p>
<p>Can also be used to soften old vinyl for easier removal and is also used by some customers for printer cleaning / maintenance.</p>
<p><b>NB: Due to the wide range of materials and paint finishes in use, it is impossible to predict the effect the cleaners would have on a particular surface. It is therefore important that the cleaner is tested on a small inconspicuous area first to satisfy the user of its suitability.</b></p>
<a href=""media/ecom/pdfs/MSDS/MSDS-4G-Cleaner.pdf"" target=""_blank""><img
style=""border: 0px solid ; width: 200px; height: 60px;"" alt=""4G Cleaner Safety Data Sheet""
src=""media/ecom/onpagegraphics/Coshh.png""></a>
</body>
</html>","4G.jpg","4G.jpg","INVITEMS","DEFAULT-4G_Cleaner-DEFAULT-4G_Cleaner","","","0","0","0","","1","REGONLY","0","0","0","0","","","","SELECT","SELECT","0","","","","","0","0","","income-service","","","0","0","","","","","Cleaners_Cleaning_Tools","Cleaners_Cleaning_Tools","","","0","","","A","","","","","","","","","","","","","","","","0","4G, cleaner, grease, grime, graffiti, glue, glue remover, adhesive remover, degreaser, degrease, degreasing","","4G Cleaner is specifically formulated to clean glue, grease, grime, marker inks and other types of light graffiti off almost all plastic, metal and painted surfaces. This cleaner contains Toluene so it is advisable to only use in well ventilated areas.  Can also be used to soften old vinyl for easier removal. ","1543338943","0","","0","","CHECKBOX"
"5410","White Commercial Grade Reflective","5410","Orafol","10","7","DEFAULT","","","","","0","Oralite 5410 White Commercial Grade Reflective.","<html>

<head><title>Oralite 5410 White Commercial Grade Reflective Vinyl</title></head>
<body>


<style>
.responsive {
  width: 50%;
  height: auto;
}
</style>

<img style=""height: 98px; width: 225px;"" alt=""Orafol logo"" src=""media/ecom/onpagegraphics/Orafol_Logo.png"" class=""responsive"">

<p>Oralite 5410 White Commercial Grade Reflective vinyl is designed for reflective directional, informative and advertising signs and also commonly used for vehicle graphics.</p>

<span style=""font-weight: bold; color: #d7328a;"">Structure:</span><br>
<ul><li>90<span>&#181;</span>m Special cast PVC film</li>
<li>Solvent based adhesive - Permanent</li>
<li>PE-coated silicone paper liner - 145g/m<sup>2</sup>
</li></ul>

<span style=""font-weight: bold; color: #d7328a;"">Suitability:</span><br>
<ul><li>Ideal for reflective directional, informational and advertising signs</li>
<li>Perfect for reflective vehicle graphics</li>
<li>Outdoor durability of up to 4 years (unprinted)</li>
<li>PVC top layer applies well to uneven surfaces
</li></ul>

<span style=""font-weight: bold; color: #d7328a;"">Advantages:</span><br>
<ul><li>Digitally printable</li>
<li>The 90 micron film cuts with ease and weeds superbly well</li>
<li>Available in 6 colours</li>
<li>PVC top layer applies well to uneven surfaces</li>
<li>Compliance to EN 12899-1:2007, Class RA1 design A
</li></ul>

<span style=""font-weight: bold; color: #d7328a;"">Ink Compatibility:</span>
<ul>
<img style=""margin: 0px 5px 0px 0px; width: 15px; height: 25px;"" alt=""Eco-Sol Ink""
src=""media/ecom/onpagegraphics/Ink-EcoSol.png"">Eco-solvent &nbsp;&nbsp;
<img style=""margin: 0px 5px 0px 0px; width: 15px; height: 25px;"" alt=""Latex""
src=""media/ecom/onpagegraphics/Ink-Latex.png"">Latex &nbsp;&nbsp;
<img style=""margin: 0px 5px 0px 0px; width: 15px; height: 25px;"" alt=""UV Ink""
src=""media/ecom/onpagegraphics/Ink-UV.png"">UV</ul>

<span style=""font-weight: bold; color: #d7328a;"">Technical Information:</span>
<ul><a href=""media/ecom/pdfs/datasheets/Oralite_5400.pdf"" target=""_blank""><img
style=""border: 0px solid ; width: 200px; height: 60px;"" alt=""Oralite_5400_Datasheet""
src=""media/ecom/onpagegraphics/Datasheet.png""></a>
<a href=""media/ecom/colselxl/Colourcard_ORALITE_5400.pdf"" target=""_blank""><img
style=""border: 0px solid ; width: 200px; height: 60px;"" alt=""Oralite_5400_Coloucard""
src=""media/ecom/onpagegraphics/Colour.png""></a></ul>

</body>

</html>","5510_010_White.png","5510_010_White.png","INVITEMS","DEFAULT-5410-DEFAULT-5410","","","0","0","0","","1","REGONLY","0","0","0","0","","","","SELECT","SELECT","0","","","","","0","0","","income-service","","","0","0","","","","","Oracal_5400_Reflective","Oracal_5400_Reflective","","","0","Aslan_Red_Devil_Squeegee, Olfa_X_Design_Heavy_Duty_Knife, Lint-Free-Gloves, Masking_Tape_25mm, Aslan-Gold-Soft-Squeegee, Olfa_Graphic_Cutter, Swann_Morton_3_Handle, Swann_Morton_10A_Blades, Aslan_Squeegee, Float_On","Aslan_Red_Devil_Squeegee, Olfa_X_Design_Heavy_Duty_Knife, Lint-Free-Gloves, Masking_Tape_25mm, Aslan-Gold-Soft-Squeegee, Olfa_Graphic_Cutter, Swann_Morton_3_Handle, Swann_Morton_10A_Blades, Aslan_Squeegee, Float_On","A","","","","","","Polished","","","","","","","","","Oralite-5410-White-Reflective","0","oracal, oralite, reflective, commercial, 5400, 5410, white reflective, reflective vinyl, vehicle graphics, ","","","1594123018","0","","0","","CHECKBOX"
"5420","Yellow Commercial Grade Reflective","5420","Orafol","20","7","DEFAULT","","","","","0","Oralite 5420 Yellow Commercial Grade Reflective.","<html>

<head><title>Oralite 5420 Yellow Commercial Grade Reflective Vinyl</title></head>
<body>


<style>
.responsive {
  width: 50%;
  height: auto;
}
</style>

<img style=""height: 98px; width: 225px;"" alt=""Orafol logo"" src=""media/ecom/onpagegraphics/Orafol_Logo.png"" class=""responsive"">

<p>Oralite 5420 Yellow Commercial Grade Reflective vinyl is designed for reflective directional, informative and advertising signs and also commonly used for vehicle graphics.</p>

<span style=""font-weight: bold; color: #d7328a;"">Structure:</span><br>
<ul><li>90<span>&#181;</span>m Special cast PVC film</li>
<li>Solvent based adhesive - Permanent</li>
<li>PE-coated silicone paper liner - 145g/m<sup>2</sup>
</li></ul>

<span style=""font-weight: bold; color: #d7328a;"">Suitability:</span><br>
<ul><li>Ideal for reflective directional, informational and advertising signs</li>
<li>Perfect for reflective vehicle graphics</li>
<li>Outdoor durability of up to 4 years (unprinted)</li>
<li>PVC top layer applies well to uneven surfaces
</li></ul>

<span style=""font-weight: bold; color: #d7328a;"">Advantages:</span><br>
<ul><li>Digitally printable</li>
<li>The 90 micron film cuts with ease and weeds superbly well</li>
<li>Available in 6 colours</li>
<li>PVC top layer applies well to uneven surfaces</li>
<li>Compliance to EN 12899-1:2007, Class RA1 design A
</li></ul>

<span style=""font-weight: bold; color: #d7328a;"">Ink Compatibility:</span>
<ul>
<img style=""margin: 0px 5px 0px 0px; width: 15px; height: 25px;"" alt=""Eco-Sol Ink""
src=""media/ecom/onpagegraphics/Ink-EcoSol.png"">Eco-solvent &nbsp;&nbsp;
<img style=""margin: 0px 5px 0px 0px; width: 15px; height: 25px;"" alt=""Latex""
src=""media/ecom/onpagegraphics/Ink-Latex.png"">Latex &nbsp;&nbsp;
<img style=""margin: 0px 5px 0px 0px; width: 15px; height: 25px;"" alt=""UV Ink""
src=""media/ecom/onpagegraphics/Ink-UV.png"">UV</ul>

<span style=""font-weight: bold; color: #d7328a;"">Technical Information:</span>
<ul><a href=""media/ecom/pdfs/datasheets/Oralite_5400.pdf"" target=""_blank""><img
style=""border: 0px solid ; width: 200px; height: 60px;"" alt=""Oralite_5400_Datasheet""
src=""media/ecom/onpagegraphics/Datasheet.png""></a>
<a href=""media/ecom/colselxl/Colourcard_ORALITE_5400.pdf"" target=""_blank""><img
style=""border: 0px solid ; width: 200px; height: 60px;"" alt=""Oralite_5400_Coloucard""
src=""media/ecom/onpagegraphics/Colour.png""></a></ul>

</body>

</html>","5420-Yellow.png","5420-Yellow.png","INVITEMS","DEFAULT-5420-DEFAULT-5420","","","0","0","0","","1","REGONLY","0","0","0","0","","","","SELECT","SELECT","0","","","","","0","0","","income-service","","","0","0","","","","","Oracal_5400_Reflective","Oracal_5400_Reflective","","","0","Aslan_Red_Devil_Squeegee, Olfa_X_Design_Heavy_Duty_Knife, Lint-Free-Gloves, Masking_Tape_25mm, Aslan-Gold-Soft-Squeegee, Olfa_Graphic_Cutter, Swann_Morton_3_Handle, Swann_Morton_10A_Blades, Aslan_Squeegee, Float_On","Aslan_Red_Devil_Squeegee, Olfa_X_Design_Heavy_Duty_Knife, Lint-Free-Gloves, Masking_Tape_25mm, Aslan-Gold-Soft-Squeegee, Olfa_Graphic_Cutter, Swann_Morton_3_Handle, Swann_Morton_10A_Blades, Aslan_Squeegee, Float_On","A","","","","","","Polished","","","","","","","","","Oralite-5420-Yellow-Reflective","0","oracal, oralite, reflective, commercial, 5400, 5420, yellow reflective, yellow, vinyl, vehicle graphics,","","","1594123620","0","","0","","CHECKBOX"
"5430","Red Commercial Grade Reflective","5430","Orafol","30","7","DEFAULT","","","","","0","Oralite 5430 Red Commercial Grade Reflective.","<html>

<head><title>Oralite 5430 Red Commercial Grade Reflective Vinyl</title></head>
<body>


<style>
.responsive {
  width: 50%;
  height: auto;
}
</style>

<img style=""height: 98px; width: 225px;"" alt=""Orafol logo"" src=""media/ecom/onpagegraphics/Orafol_Logo.png"" class=""responsive"">

<p>Oralite 5430 Red Commercial Grade Reflective vinyl is designed for reflective directional, informative and advertising signs and also commonly used for vehicle graphics.</p>

<span style=""font-weight: bold; color: #d7328a;"">Structure:</span><br>
<ul><li>90<span>&#181;</span>m Special cast PVC film</li>
<li>Solvent based adhesive - Permanent</li>
<li>PE-coated silicone paper liner - 145g/m<sup>2</sup>
</li></ul>

<span style=""font-weight: bold; color: #d7328a;"">Suitability:</span><br>
<ul><li>Ideal for reflective directional, informational and advertising signs</li>
<li>Perfect for reflective vehicle graphics</li>
<li>Outdoor durability of up to 4 years (unprinted)</li>
<li>PVC top layer applies well to uneven surfaces
</li></ul>

<span style=""font-weight: bold; color: #d7328a;"">Advantages:</span><br>
<ul><li>Digitally printable</li>
<li>The 90 micron film cuts with ease and weeds superbly well</li>
<li>Available in 6 colours</li>
<li>PVC top layer applies well to uneven surfaces</li>
<li>Compliance to EN 12899-1:2007, Class RA1 design A
</li></ul>

<span style=""font-weight: bold; color: #d7328a;"">Ink Compatibility:</span>
<ul>
<img style=""margin: 0px 5px 0px 0px; width: 15px; height: 25px;"" alt=""Eco-Sol Ink""
src=""media/ecom/onpagegraphics/Ink-EcoSol.png"">Eco-solvent &nbsp;&nbsp;
<img style=""margin: 0px 5px 0px 0px; width: 15px; height: 25px;"" alt=""Latex""
src=""media/ecom/onpagegraphics/Ink-Latex.png"">Latex &nbsp;&nbsp;
<img style=""margin: 0px 5px 0px 0px; width: 15px; height: 25px;"" alt=""UV Ink""
src=""media/ecom/onpagegraphics/Ink-UV.png"">UV</ul>

<span style=""font-weight: bold; color: #d7328a;"">Technical Information:</span>
<ul><a href=""media/ecom/pdfs/datasheets/Oralite_5400.pdf"" target=""_blank""><img
style=""border: 0px solid ; width: 200px; height: 60px;"" alt=""Oralite_5400_Datasheet""
src=""media/ecom/onpagegraphics/Datasheet.png""></a>
<a href=""media/ecom/colselxl/Colourcard_ORALITE_5400.pdf"" target=""_blank""><img
style=""border: 0px solid ; width: 200px; height: 60px;"" alt=""Oralite_5400_Coloucard""
src=""media/ecom/onpagegraphics/Colour.png""></a></ul>

</body>

</html>","5430-Red.png","5430-Red.png","INVITEMS","DEFAULT-5430-DEFAULT-5430","","","0","0","0","","1","REGONLY","0","0","0","0","","","","SELECT","SELECT","0","","","","","0","0","","income-service","","","0","0","","","","","Oracal_5400_Reflective","Oracal_5400_Reflective","","","0","Aslan_Red_Devil_Squeegee, Olfa_X_Design_Heavy_Duty_Knife, Lint-Free-Gloves, Masking_Tape_25mm, Aslan-Gold-Soft-Squeegee, Olfa_Graphic_Cutter, Swann_Morton_3_Handle, Swann_Morton_10A_Blades, Aslan_Squeegee, Float_On","Aslan_Red_Devil_Squeegee, Olfa_X_Design_Heavy_Duty_Knife, Lint-Free-Gloves, Masking_Tape_25mm, Aslan-Gold-Soft-Squeegee, Olfa_Graphic_Cutter, Swann_Morton_3_Handle, Swann_Morton_10A_Blades, Aslan_Squeegee, Float_On","A","","","","","","Polished","","","","","","","","","Oralite-5430-Red-Reflective","0","oracal, oralite, reflective, commercial, 5400, 5430, red, red reflective, reflective vinyl, vehicle graphics, ","","","1594124107","0","","0","","CHECKBOX"
"5435","Orange Commercial Grade Reflective","5435","Orafol","40","7","DEFAULT","","","","","0","Oralite 5435 Orange Commercial Grade Reflective.","<html>

<head><title>Oralite 5435 Orange Commercial Grade Reflective Vinyl</title></head>
<body>


<style>
.responsive {
  width: 50%;
  height: auto;
}
</style>

<img style=""height: 98px; width: 225px;"" alt=""Orafol logo"" src=""media/ecom/onpagegraphics/Orafol_Logo.png"" class=""responsive"">

<p>Oralite 5435 Orange Commercial Grade Reflective vinyl is designed for reflective directional, informative and advertising signs and also commonly used for vehicle graphics.</p>

<span style=""font-weight: bold; color: #d7328a;"">Structure:</span><br>
<ul><li>90<span>&#181;</span>m Special cast PVC film</li>
<li>Solvent based adhesive - Permanent</li>
<li>PE-coated silicone paper liner - 145g/m<sup>2</sup>
</li></ul>

<span style=""font-weight: bold; color: #d7328a;"">Suitability:</span><br>
<ul><li>Ideal for reflective directional, informational and advertising signs</li>
<li>Perfect for reflective vehicle graphics</li>
<li>Outdoor durability of up to 4 years (unprinted)</li>
<li>PVC top layer applies well to uneven surfaces
</li></ul>

<span style=""font-weight: bold; color: #d7328a;"">Advantages:</span><br>
<ul><li>Digitally printable</li>
<li>The 90 micron film cuts with ease and weeds superbly well</li>
<li>Available in 6 colours</li>
<li>PVC top layer applies well to uneven surfaces</li>
<li>Compliance to EN 12899-1:2007, Class RA1 design A
</li></ul>

<span style=""font-weight: bold; color: #d7328a;"">Ink Compatibility:</span>
<ul>
<img style=""margin: 0px 5px 0px 0px; width: 15px; height: 25px;"" alt=""Eco-Sol Ink""
src=""media/ecom/onpagegraphics/Ink-EcoSol.png"">Eco-solvent &nbsp;&nbsp;
<img style=""margin: 0px 5px 0px 0px; width: 15px; height: 25px;"" alt=""Latex""
src=""media/ecom/onpagegraphics/Ink-Latex.png"">Latex &nbsp;&nbsp;
<img style=""margin: 0px 5px 0px 0px; width: 15px; height: 25px;"" alt=""UV Ink""
src=""media/ecom/onpagegraphics/Ink-UV.png"">UV</ul>

<span style=""font-weight: bold; color: #d7328a;"">Technical Information:</span>
<ul><a href=""media/ecom/pdfs/datasheets/Oralite_5400.pdf"" target=""_blank""><img
style=""border: 0px solid ; width: 200px; height: 60px;"" alt=""Oralite_5400_Datasheet""
src=""media/ecom/onpagegraphics/Datasheet.png""></a>
<a href=""media/ecom/colselxl/Colourcard_ORALITE_5400.pdf"" target=""_blank""><img
style=""border: 0px solid ; width: 200px; height: 60px;"" alt=""Oralite_5400_Coloucard""
src=""media/ecom/onpagegraphics/Colour.png""></a></ul>

</body>

</html>","5435-Orange.png","5435-Orange.png","INVITEMS","DEFAULT-5435-DEFAULT-5435","","","0","0","0","","1","REGONLY","0","0","0","0","","","","SELECT","SELECT","0","","","","","0","0","","income-service","","","0","0","","","","","Oracal_5400_Reflective","Oracal_5400_Reflective","","","0","Aslan_Red_Devil_Squeegee, Olfa_X_Design_Heavy_Duty_Knife, Lint-Free-Gloves, Masking_Tape_25mm, Aslan-Gold-Soft-Squeegee, Olfa_Graphic_Cutter, Swann_Morton_3_Handle, Swann_Morton_10A_Blades, Aslan_Squeegee, Float_On","Aslan_Red_Devil_Squeegee, Olfa_X_Design_Heavy_Duty_Knife, Lint-Free-Gloves, Masking_Tape_25mm, Aslan-Gold-Soft-Squeegee, Olfa_Graphic_Cutter, Swann_Morton_3_Handle, Swann_Morton_10A_Blades, Aslan_Squeegee, Float_On","A","","","","","","Polished","","","","","","","","","Oralite-5435-Orange-Reflective","0","oracal, oralite, reflective, commercial, 5400, 5435, orange vinyl, orange reflective, reflective vinyl, reflective, vehicle graphics, ","","","1594124215","0","","0","","CHECKBOX"
"5450","Blue Commercial Grade Reflective","5450","Orafol","50","7","DEFAULT","","","","","0","Oralite 5450 Blue Commercial Grade Reflective.","<html>

<head><title>Oralite 5450 Blue Commercial Grade Reflective Vinyl</title></head>
<body>


<style>
.responsive {
  width: 50%;
  height: auto;
}
</style>

<img style=""height: 98px; width: 225px;"" alt=""Orafol logo"" src=""media/ecom/onpagegraphics/Orafol_Logo.png"" class=""responsive"">

<p>Oralite 5450 Blue Commercial Grade Reflective vinyl is designed for reflective directional, informative and advertising signs and also commonly used for vehicle graphics.</p>

<span style=""font-weight: bold; color: #d7328a;"">Structure:</span><br>
<ul><li>90<span>&#181;</span>m Special cast PVC film</li>
<li>Solvent based adhesive - Permanent</li>
<li>PE-coated silicone paper liner - 145g/m<sup>2</sup>
</li></ul>

<span style=""font-weight: bold; color: #d7328a;"">Suitability:</span><br>
<ul><li>Ideal for reflective directional, informational and advertising signs</li>
<li>Perfect for reflective vehicle graphics</li>
<li>Outdoor durability of up to 4 years (unprinted)</li>
<li>PVC top layer applies well to uneven surfaces
</li></ul>

<span style=""font-weight: bold; color: #d7328a;"">Advantages:</span><br>
<ul><li>Digitally printable</li>
<li>The 90 micron film cuts with ease and weeds superbly well</li>
<li>Available in 6 colours</li>
<li>PVC top layer applies well to uneven surfaces</li>
<li>Compliance to EN 12899-1:2007, Class RA1 design A
</li></ul>

<span style=""font-weight: bold; color: #d7328a;"">Ink Compatibility:</span>
<ul>
<img style=""margin: 0px 5px 0px 0px; width: 15px; height: 25px;"" alt=""Eco-Sol Ink""
src=""media/ecom/onpagegraphics/Ink-EcoSol.png"">Eco-solvent &nbsp;&nbsp;
<img style=""margin: 0px 5px 0px 0px; width: 15px; height: 25px;"" alt=""Latex""
src=""media/ecom/onpagegraphics/Ink-Latex.png"">Latex &nbsp;&nbsp;
<img style=""margin: 0px 5px 0px 0px; width: 15px; height: 25px;"" alt=""UV Ink""
src=""media/ecom/onpagegraphics/Ink-UV.png"">UV</ul>

<span style=""font-weight: bold; color: #d7328a;"">Technical Information:</span>
<ul><a href=""media/ecom/pdfs/datasheets/Oralite_5400.pdf"" target=""_blank""><img
style=""border: 0px solid ; width: 200px; height: 60px;"" alt=""Oralite_5400_Datasheet""
src=""media/ecom/onpagegraphics/Datasheet.png""></a>
<a href=""media/ecom/colselxl/Colourcard_ORALITE_5400.pdf"" target=""_blank""><img
style=""border: 0px solid ; width: 200px; height: 60px;"" alt=""Oralite_5400_Coloucard""
src=""media/ecom/onpagegraphics/Colour.png""></a></ul>

</body>

</html>","5450-Blue.png","5450-Blue.png","INVITEMS","DEFAULT-5450-DEFAULT-5450","","","0","0","0","","1","REGONLY","0","0","0","0","","","","SELECT","SELECT","0","","","","","0","0","","income-service","","","0","0","","","","","Oracal_5400_Reflective","Oracal_5400_Reflective","","","0","Aslan_Red_Devil_Squeegee, Olfa_X_Design_Heavy_Duty_Knife, Lint-Free-Gloves, Masking_Tape_25mm, Aslan-Gold-Soft-Squeegee, Olfa_Graphic_Cutter, Swann_Morton_3_Handle, Swann_Morton_10A_Blades, Aslan_Squeegee, Float_On","Aslan_Red_Devil_Squeegee, Olfa_X_Design_Heavy_Duty_Knife, Lint-Free-Gloves, Masking_Tape_25mm, Aslan-Gold-Soft-Squeegee, Olfa_Graphic_Cutter, Swann_Morton_3_Handle, Swann_Morton_10A_Blades, Aslan_Squeegee, Float_On","A","","","","","","Polished","","","","","","","","","Oralite-5450-Blue-Reflective","0","oracal, oralite, reflective, commercial, 5400, 5450, blue vinyl, blue reflective, reflective vinyl, vinyl, vehicle graphics, ","","","1594124405","0","","0","","CHECKBOX"
"5460","Green Commercial Grade Reflective","5460","Orafol","60","7","DEFAULT","","","","","0","Oralite 5460 Green Commercial Grade Reflective.","<html>

<head><title>Oralite 5460 Green Commercial Grade Reflective Vinyl</title></head>
<body>


<style>
.responsive {
  width: 50%;
  height: auto;
}
</style>

<img style=""height: 98px; width: 225px;"" alt=""Orafol logo"" src=""media/ecom/onpagegraphics/Orafol_Logo.png"" class=""responsive"">

<p>Oralite 5460 Green Commercial Grade Reflective vinyl is designed for reflective directional, informative and advertising signs and also commonly used for vehicle graphics.</p>

<span style=""font-weight: bold; color: #d7328a;"">Structure:</span><br>
<ul><li>90<span>&#181;</span>m Special cast PVC film</li>
<li>Solvent based adhesive - Permanent</li>
<li>PE-coated silicone paper liner - 145g/m<sup>2</sup>
</li></ul>

<span style=""font-weight: bold; color: #d7328a;"">Suitability:</span><br>
<ul><li>Ideal for reflective directional, informational and advertising signs</li>
<li>Perfect for reflective vehicle graphics</li>
<li>Outdoor durability of up to 4 years (unprinted)</li>
<li>PVC top layer applies well to uneven surfaces
</li></ul>

<span style=""font-weight: bold; color: #d7328a;"">Advantages:</span><br>
<ul><li>Digitally printable</li>
<li>The 90 micron film cuts with ease and weeds superbly well</li>
<li>Available in 6 colours</li>
<li>PVC top layer applies well to uneven surfaces</li>
<li>Compliance to EN 12899-1:2007, Class RA1 design A
</li></ul>

<span style=""font-weight: bold; color: #d7328a;"">Ink Compatibility:</span>
<ul>
<img style=""margin: 0px 5px 0px 0px; width: 15px; height: 25px;"" alt=""Eco-Sol Ink""
src=""media/ecom/onpagegraphics/Ink-EcoSol.png"">Eco-solvent &nbsp;&nbsp;
<img style=""margin: 0px 5px 0px 0px; width: 15px; height: 25px;"" alt=""Latex""
src=""media/ecom/onpagegraphics/Ink-Latex.png"">Latex &nbsp;&nbsp;
<img style=""margin: 0px 5px 0px 0px; width: 15px; height: 25px;"" alt=""UV Ink""
src=""media/ecom/onpagegraphics/Ink-UV.png"">UV</ul>

<span style=""font-weight: bold; color: #d7328a;"">Technical Information:</span>
<ul><a href=""media/ecom/pdfs/datasheets/Oralite_5400.pdf"" target=""_blank""><img
style=""border: 0px solid ; width: 200px; height: 60px;"" alt=""Oralite_5400_Datasheet""
src=""media/ecom/onpagegraphics/Datasheet.png""></a>
<a href=""media/ecom/colselxl/Colourcard_ORALITE_5400.pdf"" target=""_blank""><img
style=""border: 0px solid ; width: 200px; height: 60px;"" alt=""Oralite_5400_Coloucard""
src=""media/ecom/onpagegraphics/Colour.png""></a></ul>

</body>

</html>","5460-Green.png","5460-Green.png","INVITEMS","DEFAULT-5460-DEFAULT-5460","","","0","0","0","","1","REGONLY","0","0","0","0","","","","SELECT","SELECT","0","","","","","0","0","","income-service","","","0","0","","","","","Oracal_5400_Reflective","Oracal_5400_Reflective","","","0","Aslan_Red_Devil_Squeegee, Olfa_X_Design_Heavy_Duty_Knife, Lint-Free-Gloves, Masking_Tape_25mm, Aslan-Gold-Soft-Squeegee, Olfa_Graphic_Cutter, Swann_Morton_3_Handle, Swann_Morton_10A_Blades, Aslan_Squeegee, Float_On","Aslan_Red_Devil_Squeegee, Olfa_X_Design_Heavy_Duty_Knife, Lint-Free-Gloves, Masking_Tape_25mm, Aslan-Gold-Soft-Squeegee, Olfa_Graphic_Cutter, Swann_Morton_3_Handle, Swann_Morton_10A_Blades, Aslan_Squeegee, Float_On","A","","","","","","Polished","","","","","","","","","Oralite-5460-Green-Reflective","0","oracal, oralite, reflective, commercial, 5400, 5460, green vinyl, green reflective, reflective vinyl, vehicle graphics, ","","","1594124498","0","","0","","CHECKBOX"
"5510-010","White Engineer Grade Reflective","5510-010","Orafol","10","18","DEFAULT","","","","","0","ORALITE 5510 White Engineer Grade Reflective. 7 year durability. Buy it by the metre at 1220mm wide.","<html>

<head><title>Oralite 5510 White Engineer Grade Reflective Vinyl</title></head>
<body>


<style>
.responsive {
  width: 50%;
  height: auto;
}
</style>

<img style=""height: 98px; width: 225px;"" alt=""Orafol logo"" src=""media/ecom/onpagegraphics/Orafol_Logo.png"" class=""responsive"">

<p>Oralite 5510 White Engineer Grade Reflective Vinyl is designed for the production of long term traffic control and guidance signage as well as general information signage, reflective lettering, numbers and symbols.</p>

<span style=""font-weight: bold; color: #d7328a;"">Structure:</span><br>
<ul><li>110<span>&#181;</span>m Alkyd resin embedded with glass beading</li>
<li>Solvent based adhesive - Permanent</li>
<li>PE-coated silicone paper liner - 145g/m<sup>2</sup>
</li></ul>

<span style=""font-weight: bold; color: #d7328a;"">Suitability:</span><br>
<ul><li>Ideal for long term traffic control and guidance signage</li>
<li>Perfect for reflective informational signage</li>
<li>Excellent for reflective letting, numbers and symbols</li>
<li>Outdoor durability of up to 7 years</li>
<li>ORALITE 5510 Engineer Grade has an identification watermark
</li></ul>

<span style=""font-weight: bold; color: #d7328a;"">Advantages:</span><br>
<ul><li>Excellent adhesion to metallic surfaces such as aluminium and zinc coated steel plate</li>
<li>High scratch resistance and impact strength</li>
<li>Reflective data and colours comply with various international specifications for reflective materials of this class (Please see data sheet for more information) 
</li></ul>

<span style=""font-weight: bold; color: #d7328a;"">Technical Information:</span>
<ul>
<a href=""media/ecom/pdfs/datasheets/Oralite_5510.pdf"" target=""_blank""><img
style=""border: 0px solid ; width: 200px; height: 60px;"" alt=""Oralite_5510_Datasheet""
src=""media/ecom/onpagegraphics/Datasheet.png""></a></ul>

<p style=""font-weight: bold; font-size: 0.9em;"">Prices shown are per linear metre at 1220mm wide</p>

</body>

</html>","5410-White.png","5410-White.png","INVITEMS","DEFAULT-5510-010-DEFAULT-5510-010","","","0","0","0","","1","REGONLY","0","0","0","0","","","","SELECT","SELECT","0","","","","","0","0","","income-service","","","0","0","","","","","Oralite_5510_Reflective","Oralite_5510_Reflective","","","0","Aslan_Red_Devil_Squeegee, Olfa_X_Design_Heavy_Duty_Knife, Lint-Free-Gloves, Masking_Tape_25mm, Aslan-Gold-Soft-Squeegee, Olfa_Graphic_Cutter, Swann_Morton_3_Handle, Swann_Morton_10A_Blades, Aslan_Squeegee, Float_On","Aslan_Red_Devil_Squeegee, Olfa_X_Design_Heavy_Duty_Knife, Lint-Free-Gloves, Masking_Tape_25mm, Aslan-Gold-Soft-Squeegee, Olfa_Graphic_Cutter, Swann_Morton_3_Handle, Swann_Morton_10A_Blades, Aslan_Squeegee, Float_On","A","","","","","","Polished","","","","","","","","","","0","oracal, oralite, reflective, engineer, 5510, 5510-010, white vinyl, white, vinyl, reflective vinyl, engineer grade, ","","","1644860868","0","","0","","CHECKBOX"
"5510-070","Black Engineer Grade Reflective","5510-070","Orafol","20","18","DEFAULT","","","","","0","ORALITE 5510 Black Engineer Grade Reflective. 7 year durability. Buy it by the metre at 1220mm wide.","<html>

<head><title>Oralite 5510 Black Engineer Grade Reflective Vinyl</title></head>
<body>


<style>
.responsive {
  width: 50%;
  height: auto;
}
</style>

<img style=""height: 98px; width: 225px;"" alt=""Orafol logo"" src=""media/ecom/onpagegraphics/Orafol_Logo.png"" class=""responsive"">

<p>Oralite 5510 Black Engineer Grade Reflective Vinyl is designed for the production of long term traffic control and guidance signage as well as general information signage, reflective lettering, numbers and symbols.</p>

<span style=""font-weight: bold; color: #d7328a;"">Structure:</span><br>
<ul><li>110<span>&#181;</span>m Alkyd resin embedded with glass beading</li>
<li>Solvent based adhesive - Permanent</li>
<li>PE-coated silicone paper liner - 145g/m<sup>2</sup>
</li></ul>

<span style=""font-weight: bold; color: #d7328a;"">Suitability:</span><br>
<ul><li>Ideal for long term traffic control and guidance signage</li>
<li>Perfect for reflective informational signage</li>
<li>Excellent for reflective letting, numbers and symbols</li>
<li>Outdoor durability of up to 7 years</li>
<li>ORALITE 5510 Engineer Grade has an identification watermark
</li></ul>

<span style=""font-weight: bold; color: #d7328a;"">Advantages:</span><br>
<ul><li>Excellent adhesion to metallic surfaces such as aluminium and zinc coated steel plate</li>
<li>High scratch resistance and impact strength</li>
<li>Reflective data and colours comply with various international specifications for reflective materials of this class (Please see data sheet for more information) 
</li></ul>

<span style=""font-weight: bold; color: #d7328a;"">Technical Information:</span>
<ul>
<a href=""media/ecom/pdfs/datasheets/Oralite_5510.pdf"" target=""_blank""><img
style=""border: 0px solid ; width: 200px; height: 60px;"" alt=""Oralite_5510_Datasheet""
src=""media/ecom/onpagegraphics/Datasheet.png""></a></ul>

<p style=""font-weight: bold; font-size: 0.9em;"">Prices shown are per linear metre at 1220mm wide</p>

</body>
</html>","5510_070_Black.png","5510_070_Black.png","INVITEMS","DEFAULT-5510-070-DEFAULT-5510-070","","","0","0","0","","1","REGONLY","0","0","0","0","","","","SELECT","SELECT","0","","","","","0","0","","income-service","","","0","0","","","","","Oralite_5510_Reflective","Oralite_5510_Reflective","","","0","Aslan_Red_Devil_Squeegee, Olfa_X_Design_Heavy_Duty_Knife, Lint-Free-Gloves, Masking_Tape_25mm, Aslan-Gold-Soft-Squeegee, Olfa_Graphic_Cutter, Swann_Morton_3_Handle, Swann_Morton_10A_Blades, Aslan_Squeegee, Float_On","Aslan_Red_Devil_Squeegee, Olfa_X_Design_Heavy_Duty_Knife, Lint-Free-Gloves, Masking_Tape_25mm, Aslan-Gold-Soft-Squeegee, Olfa_Graphic_Cutter, Swann_Morton_3_Handle, Swann_Morton_10A_Blades, Aslan_Squeegee, Float_On","A","","","","","","Polished","","","","","","","","","","0","oracal, oralite, reflective, engineer, 5510, 5510-010, vinyl, reflective vinyl, engineer grade, black vinyl, black, black reflective, ","","","1644861395","0","","0","","CHECKBOX"
"6978-Peach-Fuzz","Peach Fuzz Turbo Heat Transfer Vinyl","6978","Poli-Tape","75","6","DEFAULT","","","","","0","Poli-Tape 6978 Peach Fuzz Turbo Heat Transfer Vinyl. 500mm wide","<html>

<title><head>Poli-Flex Turbo</head></title>

<body>
<p>Poli-Flex Turbo is a polyurethane transfer film equipped with a special hotmelt for fast application at low temperature.</p>
<p>With super-fast heat pressing times as little as 3 seconds, the Poli-Flex® Turbo is recognised as being the best in class when it comes to coloured HTV.</p>
<p>This super soft PU film can be used on a variety of textiles such as cotton, polyester and blended fabrics such as polyester / acrylic as well as uncoated nylon. Also suitable for smooth wood, leather, cardboard and glass. With its brilliant level of stretch, this range is also perfect for leisure and activewear but the special thing about all products in the Turbo range is the speed and temperature of heat pressing. This dramatically cuts down on the application time, improving both productivity and profitability. This material also comes with an adhesive polyester 100µm liner to aid with safe positioning.</p>
<p>Poli-Flex Turbo is tested to Oeko-Tex 100, which is an international standard that guarantees the safety of apparel decoration, making it safe for use on childrens and pets clothing.</p>
<p><a href=""media/ecom/pdfs/datasheets/TDS_POLI-FLEX TURBO GB.pdf"" target=""_blank""><img style=""border: 0px solid ; width: 200px; height: 60px;"" alt=""Poli-Flex Turbo Datasheet"" src=""media/ecom/onpagegraphics/Datasheet.png""></a></p>

<img style=""margin: 5px; width: 100px; height: 123px;"" alt=""vegan logo""
src=""media/ecom/onpagegraphics/vegan.png"">

<img style=""margin: 5px; width: 200px; height: 117px;"" alt=""oeko-tex logo""
src=""media/ecom/onpagegraphics/Oeko-Tex.png"">

</body>

</html>","6978_Peach_Fuzz.png","6978_Peach_Fuzz.png","INVITEMS","DEFAULT-6978-Peach-Fuzz-DEFAULT-6978-Peach-Fuzz","","","0","0","0","","1","REGONLY","0","0","0","0","","","","SELECT","SELECT","0","","","","","0","0","","income-service","","","0","0","","","","","Poli_Flex_Turbo","Poli_Flex_Turbo","","","0","Hotronix-Auto-Open-Clam-Heatpress, Weeding_Hook, EZ_LED_Weeder, FLEXOFF, Weeding_Tweezers, Heat_Tape, Tygaflor_Sheet, Olfa_Cutting_Matt_A3, Yellow_Ruler, ","Weeding_Hook, EZ_LED_Weeder, FLEXOFF, Weeding_Tweezers, Heat_Tape, Tygaflor_Sheet, Olfa_Cutting_Matt_A3, Yellow_Ruler, ","A","","","","","Colours, Oranges","Satin","Application & Aftercare Instructions","<style>

table {

margin: 0 auto 0 auto;
}

table, th, td {
  
  border-collapse: collapse;
padding: 5px;
}
th, td {
  padding: 5px;
  text-align: center; 
  width: 100px;
  height: 50px;
  background-color:#009ee3;
  color: white;
  border-left: 5px solid white;
  border-right: 5px solid white;
}

th {
  border-top-color: white;
  font-size: 15px;
}

td {

padding-bottom: 1em;
border-bottom: 5px solid white;
font-size: 20px;
  
</style>



<table id=""data"">
  <tbody><tr>
    <th>PRESS TEMP</th>
<th>PRESS TIME</th>
<th>PRESSURE</th>
<th>EASY WEED</th>
<th>PEEL</th>
  </tr>
  <tr>
    <td>130<sup>o</sup>C<br>150<sup>o</sup>C<br>160<sup>o</sup>C</td>
<td>5 secs<br>4 secs<br>3 secs</td>
<td>Medium<br></td>
<td><span style=""font-size:30px;"">&#10003;</span></td>
<td>Warm</td>
  </tr>

<tr>
    <th>LAYER</th>
<th>REVERSE IMAGE</th>
<th>WASH</th>
<th>TUMBLE DRY</th>
<th>DRY CLEAN</th>
  </tr>
  <tr>
    <td><span style=""font-size:30px;"">&#10003;</span></td>
<td><span style=""font-size:30px;"">&#10003;</span></td>
<td>60<sup>o</sup>C</td>
<td><span style=""font-size:30px; color: white;"">&#10003;</span></td>
<td><span style=""font-size:30px;"">&#10003;</span></td>
  </tr>
  </tbody></table>
","Colour References","<style>

table {

margin: 0 auto 0 auto;
}

table, th, td {
  
  border-collapse: collapse;
padding: 5px;
}
th, td {
  padding: 5px;
  text-align: center; 
  width: 100px;
  height: 50px;
  background-color:#009ee3;
  color: white;
  border-left: 5px solid white;
  border-right: 5px solid white;
}

th {
  border-top-color: white;
  font-size: 15px;
}

td {

padding-bottom: 1em;
border-bottom: 5px solid white;
font-size: 20px;
  
</style>

<table id=""data"">
  <tbody><tr>
    <th>HEX</th>
<th>RGB</th>
<th>CMYK</th>
<th>PANTONE</th>
<th>RAL</th>
  </tr>
  <tr>
    <td>#FFBE98</td>
<td>254, 190, 152</td>
<td>0, 33, 41, 0</td>
<td>13-1023</td>
<td>-</td>
  </tr>

  </tbody></table>
","","","","","Poli-Tape-6978-Peach-Fuzz-Turbo-Heat-Transfer-Vinyl","0","HEX #FFBE98, RGB 254 190 152, CMYK 0 33 41 0, PANTONE 13-1023, POLI FLEX TURBO, POLI TAPE, HEAT TRANSFER VINYL, HTV, 6978, PEACH FUZZ","","","1711554008","0","","0","","CHECKBOX"
"6985-Peri","Peri Turbo Heat Transfer Vinyl","6985","Poli-Tape","230","6","DEFAULT","","","","","0","Poli-Tape 6985 Peri Turbo Heat Transfer Vinyl. 500mm wide","<html>

<title><head>Poli-Flex Turbo</head></title>

<body>
<p>Poli-Flex Turbo is a polyurethane transfer film equipped with a special hotmelt for fast application at low temperature.</p>
<p>With super-fast heat pressing times as little as 3 seconds, the Poli-Flex® Turbo is recognised as being the best in class when it comes to coloured HTV.</p>
<p>This super soft PU film can be used on a variety of textiles such as cotton, polyester and blended fabrics such as polyester / acrylic as well as uncoated nylon. Also suitable for smooth wood, leather, cardboard and glass. With its brilliant level of stretch, this range is also perfect for leisure and activewear but the special thing about all products in the Turbo range is the speed and temperature of heat pressing. This dramatically cuts down on the application time, improving both productivity and profitability. This material also comes with an adhesive polyester 100µm liner to aid with safe positioning.</p>
<p>Poli-Flex Turbo is tested to Oeko-Tex 100, which is an international standard that guarantees the safety of apparel decoration, making it safe for use on childrens and pets clothing.</p>
<p><a href=""media/ecom/pdfs/datasheets/TDS_POLI-FLEX TURBO GB.pdf"" target=""_blank""><img style=""border: 0px solid ; width: 200px; height: 60px;"" alt=""Poli-Flex Turbo Datasheet"" src=""media/ecom/onpagegraphics/Datasheet.png""></a></p>

<img style=""margin: 5px; width: 100px; height: 123px;"" alt=""vegan logo""
src=""media/ecom/onpagegraphics/vegan.png"">

<img style=""margin: 5px; width: 200px; height: 117px;"" alt=""oeko-tex logo""
src=""media/ecom/onpagegraphics/Oeko-Tex.png"">

</body>

</html>","6985_Peri.png","6985_Peri.png","INVITEMS","DEFAULT-6985-Peri-DEFAULT-6985-Peri","","","0","0","0","","1","REGONLY","0","0","0","0","","","","SELECT","SELECT","0","","","","","0","0","","income-service","","","0","0","","","","","Poli_Flex_Turbo","Poli_Flex_Turbo","","","0","Hotronix-Auto-Open-Clam-Heatpress, Weeding_Hook, EZ_LED_Weeder, FLEXOFF, Weeding_Tweezers, Heat_Tape, Tygaflor_Sheet, Olfa_Cutting_Matt_A3, Yellow_Ruler, ","Weeding_Hook, EZ_LED_Weeder, FLEXOFF, Weeding_Tweezers, Heat_Tape, Tygaflor_Sheet, Olfa_Cutting_Matt_A3, Yellow_Ruler, ","A","","","","","Colours, Reds, Blues","Satin","Application & Aftercare Instructions","<style>

table {

margin: 0 auto 0 auto;
}

table, th, td {
  
  border-collapse: collapse;
padding: 5px;
}
th, td {
  padding: 5px;
  text-align: center; 
  width: 100px;
  height: 50px;
  background-color:#009ee3;
  color: white;
  border-left: 5px solid white;
  border-right: 5px solid white;
}

th {
  border-top-color: white;
  font-size: 15px;
}

td {

padding-bottom: 1em;
border-bottom: 5px solid white;
font-size: 20px;
  
</style>



<table id=""data"">
  <tbody><tr>
    <th>PRESS TEMP</th>
<th>PRESS TIME</th>
<th>PRESSURE</th>
<th>EASY WEED</th>
<th>PEEL</th>
  </tr>
  <tr>
    <td>130<sup>o</sup>C<br>150<sup>o</sup>C<br>160<sup>o</sup>C</td>
<td>5 secs<br>4 secs<br>3 secs</td>
<td>Medium<br></td>
<td><span style=""font-size:30px;"">&#10003;</span></td>
<td>Warm</td>
  </tr>

<tr>
    <th>LAYER</th>
<th>REVERSE IMAGE</th>
<th>WASH</th>
<th>TUMBLE DRY</th>
<th>DRY CLEAN</th>
  </tr>
  <tr>
    <td><span style=""font-size:30px;"">&#10003;</span></td>
<td><span style=""font-size:30px;"">&#10003;</span></td>
<td>60<sup>o</sup>C</td>
<td><span style=""font-size:30px; color: white;"">&#10003;</span></td>
<td><span style=""font-size:30px;"">&#10003;</span></td>
  </tr>
  </tbody></table>
","Colour References","<style>

table {

margin: 0 auto 0 auto;
}

table, th, td {
  
  border-collapse: collapse;
padding: 5px;
}
th, td {
  padding: 5px;
  text-align: center; 
  width: 100px;
  height: 50px;
  background-color:#009ee3;
  color: white;
  border-left: 5px solid white;
  border-right: 5px solid white;
}

th {
  border-top-color: white;
  font-size: 15px;
}

td {

padding-bottom: 1em;
border-bottom: 5px solid white;
font-size: 20px;
  
</style>

<table id=""data"">
  <tbody><tr>
    <th>HEX</th>
<th>RGB</th>
<th>CMYK</th>
<th>PANTONE</th>
<th>RAL</th>
  </tr>
  <tr>
    <td>#5C6CAE</td>
<td>92, 108, 174</td>
<td>72, 58, 2, 0</td>
<td>17-3938 TPG</td>
<td>290 50 40</td>
  </tr>

  </tbody></table>
","","","","","Poli-Tape-6985-Peri-Turbo-Heat-Transfer-Vinyl","0","HEX #5C6CAE, RGB 92 108 174, CMYK 72 58 2 0, PANTONE 17-3938 TPG, RAL 290 50 40, POLI FLEX TURBO, POLI TAPE, HEAT TRANSFER VINYL, HTV, 6985, PERI","","","1691077336","0","","0","","CHECKBOX"
"6986-Viva-Magenta","Magenta Turbo Heat Transfer Vinyl","6986","Poli-Tape","210","6","DEFAULT","","","","","0","Poli-Tape 6986 Viva Magenta Turbo Heat Transfer Vinyl. 500mm wide","<html>

<title><head>Poli-Flex Turbo</head></title>

<body>
<p>Poli-Flex Turbo is a polyurethane transfer film equipped with a special hotmelt for fast application at low temperature.</p>
<p>With super-fast heat pressing times as little as 3 seconds, the Poli-Flex® Turbo is recognised as being the best in class when it comes to coloured HTV.</p>
<p>This super soft PU film can be used on a variety of textiles such as cotton, polyester and blended fabrics such as polyester / acrylic as well as uncoated nylon. Also suitable for smooth wood, leather, cardboard and glass. With its brilliant level of stretch, this range is also perfect for leisure and activewear but the special thing about all products in the Turbo range is the speed and temperature of heat pressing. This dramatically cuts down on the application time, improving both productivity and profitability. This material also comes with an adhesive polyester 100µm liner to aid with safe positioning.</p>
<p>Poli-Flex Turbo is tested to Oeko-Tex 100, which is an international standard that guarantees the safety of apparel decoration, making it safe for use on childrens and pets clothing.</p>
<p><a href=""media/ecom/pdfs/datasheets/TDS_POLI-FLEX TURBO GB.pdf"" target=""_blank""><img style=""border: 0px solid ; width: 200px; height: 60px;"" alt=""Poli-Flex Turbo Datasheet"" src=""media/ecom/onpagegraphics/Datasheet.png""></a></p>

<img style=""margin: 5px; width: 100px; height: 123px;"" alt=""vegan logo""
src=""media/ecom/onpagegraphics/vegan.png"">

<img style=""margin: 5px; width: 200px; height: 117px;"" alt=""oeko-tex logo""
src=""media/ecom/onpagegraphics/Oeko-Tex.png"">

</body>

</html>","6986_Viva_Magenta.png","6986_Viva_Magenta.png","INVITEMS","DEFAULT-6986-Viva-Magenta-DEFAULT-6986-Viva-Magenta","","","0","0","0","","1","REGONLY","0","0","0","0","","","","SELECT","SELECT","0","","","","","0","0","","income-service","","","0","0","","","","","Poli_Flex_Turbo","Poli_Flex_Turbo","","","0","Hotronix-Auto-Open-Clam-Heatpress, Weeding_Hook, EZ_LED_Weeder, FLEXOFF, Weeding_Tweezers, Heat_Tape, Tygaflor_Sheet, Olfa_Cutting_Matt_A3, Yellow_Ruler, ","Weeding_Hook, EZ_LED_Weeder, FLEXOFF, Weeding_Tweezers, Heat_Tape, Tygaflor_Sheet, Olfa_Cutting_Matt_A3, Yellow_Ruler, ","A","","","","","Colours, Reds","Satin","Application & Aftercare Instructions","<style>

table {

margin: 0 auto 0 auto;
}

table, th, td {
  
  border-collapse: collapse;
padding: 5px;
}
th, td {
  padding: 5px;
  text-align: center; 
  width: 100px;
  height: 50px;
  background-color:#009ee3;
  color: white;
  border-left: 5px solid white;
  border-right: 5px solid white;
}

th {
  border-top-color: white;
  font-size: 15px;
}

td {

padding-bottom: 1em;
border-bottom: 5px solid white;
font-size: 20px;
  
</style>



<table id=""data"">
  <tbody><tr>
    <th>PRESS TEMP</th>
<th>PRESS TIME</th>
<th>PRESSURE</th>
<th>EASY WEED</th>
<th>PEEL</th>
  </tr>
  <tr>
    <td>130<sup>o</sup>C<br>150<sup>o</sup>C<br>160<sup>o</sup>C</td>
<td>5 secs<br>4 secs<br>3 secs</td>
<td>Medium<br></td>
<td><span style=""font-size:30px;"">&#10003;</span></td>
<td>Warm</td>
  </tr>

<tr>
    <th>LAYER</th>
<th>REVERSE IMAGE</th>
<th>WASH</th>
<th>TUMBLE DRY</th>
<th>DRY CLEAN</th>
  </tr>
  <tr>
    <td><span style=""font-size:30px;"">&#10003;</span></td>
<td><span style=""font-size:30px;"">&#10003;</span></td>
<td>60<sup>o</sup>C</td>
<td><span style=""font-size:30px; color: white;"">&#10003;</span></td>
<td><span style=""font-size:30px;"">&#10003;</span></td>
  </tr>
  </tbody></table>
","Colour References","<style>

table {

margin: 0 auto 0 auto;
}

table, th, td {
  
  border-collapse: collapse;
padding: 5px;
}
th, td {
  padding: 5px;
  text-align: center; 
  width: 100px;
  height: 50px;
  background-color:#009ee3;
  color: white;
  border-left: 5px solid white;
  border-right: 5px solid white;
}

th {
  border-top-color: white;
  font-size: 15px;
}

td {

padding-bottom: 1em;
border-bottom: 5px solid white;
font-size: 20px;
  
</style>

<table id=""data"">
  <tbody><tr>
    <th>HEX</th>
<th>RGB</th>
<th>CMYK</th>
<th>PANTONE</th>
<th>RAL</th>
  </tr>
  <tr>
    <td>#BE3455</td>
<td>190, 52, 85</td>
<td>19, 90, 48, 8</td>
<td>18-1750 TPG</td>
<td>3027</td>
  </tr>

  </tbody></table>
","","","","","Poli-Tape-6986-Viva-Magenta-Turbo-Heat-Transfer-Vinyl","0","HEX #BE3455, RGB 190 52 85, CMYK 18 90 48 8, PANTONE 18-1750 TPG, RAL 3027, POLI FLEX TURBO, POLI TAPE, HEAT TRANSFER VINYL, HTV, 6986, VIVA MAGENTA","","","1691077226","0","","0","","CHECKBOX"
"6988-Sage-Green","Sage Green Turbo Heat Transfer Vinyl","6988","Poli-Tape","335","6","DEFAULT","","","","","0","Poli-Tape 6988 Sage Green Turbo Heat Transfer Vinyl. 500mm wide","<html>

<title><head>Poli-Flex Turbo</head></title>

<body>
<p>Poli-Flex Turbo is a polyurethane transfer film equipped with a special hotmelt for fast application at low temperature.</p>
<p>With super-fast heat pressing times as little as 3 seconds, the Poli-Flex® Turbo is recognised as being the best in class when it comes to coloured HTV.</p>
<p>This super soft PU film can be used on a variety of textiles such as cotton, polyester and blended fabrics such as polyester / acrylic as well as uncoated nylon. Also suitable for smooth wood, leather, cardboard and glass. With its brilliant level of stretch, this range is also perfect for leisure and activewear but the special thing about all products in the Turbo range is the speed and temperature of heat pressing. This dramatically cuts down on the application time, improving both productivity and profitability. This material also comes with an adhesive polyester 100µm liner to aid with safe positioning.</p>
<p>Poli-Flex Turbo is tested to Oeko-Tex 100, which is an international standard that guarantees the safety of apparel decoration, making it safe for use on childrens and pets clothing.</p>
<p><a href=""media/ecom/pdfs/datasheets/TDS_POLI-FLEX TURBO GB.pdf"" target=""_blank""><img style=""border: 0px solid ; width: 200px; height: 60px;"" alt=""Poli-Flex Turbo Datasheet"" src=""media/ecom/onpagegraphics/Datasheet.png""></a></p>

<img style=""margin: 5px; width: 100px; height: 123px;"" alt=""vegan logo""
src=""media/ecom/onpagegraphics/vegan.png"">

<img style=""margin: 5px; width: 200px; height: 117px;"" alt=""oeko-tex logo""
src=""media/ecom/onpagegraphics/Oeko-Tex.png"">

</body>

</html>","6988_Sage_Green.png","6988_Sage_Green.png","INVITEMS","DEFAULT-6988-Sage-Green-DEFAULT-6988-Sage-Green","","","0","0","0","","1","REGONLY","0","0","0","0","","","","SELECT","SELECT","0","","","","","0","0","","income-service","","","0","0","","","","","Poli_Flex_Turbo","Poli_Flex_Turbo","","","0","Hotronix-Auto-Open-Clam-Heatpress, Weeding_Hook, EZ_LED_Weeder, FLEXOFF, Weeding_Tweezers, Heat_Tape, Tygaflor_Sheet, Olfa_Cutting_Matt_A3, Yellow_Ruler, ","Weeding_Hook, EZ_LED_Weeder, FLEXOFF, Weeding_Tweezers, Heat_Tape, Tygaflor_Sheet, Olfa_Cutting_Matt_A3, Yellow_Ruler, ","A","","","","","Colours, Greens","Satin","Application & Aftercare Instructions","<style>

table {

margin: 0 auto 0 auto;
}

table, th, td {
  
  border-collapse: collapse;
padding: 5px;
}
th, td {
  padding: 5px;
  text-align: center; 
  width: 100px;
  height: 50px;
  background-color:#009ee3;
  color: white;
  border-left: 5px solid white;
  border-right: 5px solid white;
}

th {
  border-top-color: white;
  font-size: 15px;
}

td {

padding-bottom: 1em;
border-bottom: 5px solid white;
font-size: 20px;
  
</style>



<table id=""data"">
  <tbody><tr>
    <th>PRESS TEMP</th>
<th>PRESS TIME</th>
<th>PRESSURE</th>
<th>EASY WEED</th>
<th>PEEL</th>
  </tr>
  <tr>
    <td>130<sup>o</sup>C<br>150<sup>o</sup>C<br>160<sup>o</sup>C</td>
<td>5 secs<br>4 secs<br>3 secs</td>
<td>Medium<br></td>
<td><span style=""font-size:30px;"">&#10003;</span></td>
<td>Warm</td>
  </tr>

<tr>
    <th>LAYER</th>
<th>REVERSE IMAGE</th>
<th>WASH</th>
<th>TUMBLE DRY</th>
<th>DRY CLEAN</th>
  </tr>
  <tr>
    <td><span style=""font-size:30px;"">&#10003;</span></td>
<td><span style=""font-size:30px;"">&#10003;</span></td>
<td>60<sup>o</sup>C</td>
<td><span style=""font-size:30px; color: white;"">&#10003;</span></td>
<td><span style=""font-size:30px;"">&#10003;</span></td>
  </tr>
  </tbody></table>
","Colour References","<style>

table {

margin: 0 auto 0 auto;
}

table, th, td {
  
  border-collapse: collapse;
padding: 5px;
}
th, td {
  padding: 5px;
  text-align: center; 
  width: 100px;
  height: 50px;
  background-color:#009ee3;
  color: white;
  border-left: 5px solid white;
  border-right: 5px solid white;
}

th {
  border-top-color: white;
  font-size: 15px;
}

td {

padding-bottom: 1em;
border-bottom: 5px solid white;
font-size: 20px;
  
</style>

<table id=""data"">
  <tbody><tr>
    <th>HEX</th>
<th>RGB</th>
<th>CMYK</th>
<th>PANTONE</th>
<th>RAL</th>
  </tr>
  <tr>
    <td>#A9D3AB</td>
<td>169, 211, 171</td>
<td>40, 0, 42, 0</td>
<td>2404 C</td>
<td>6019</td>
  </tr>

  </tbody></table>
","","","","","Poli-Tape-6988-Sage-Green-Turbo-Heat-Transfer-Vinyl","0","HEX #A9D3AB, RGB 169 211 171, CMYK 40 0 42 0, PANTONE 2404 C, RAL 6019, POLI FLEX TURBO, POLI TAPE, HEAT TRANSFER VINYL, HTV, 6988, SAGE GREEN","","","1711554560","0","","0","","CHECKBOX"
"6989-Anthracite","Anthracite Turbo Heat Transfer Vinyl","6989","Poli-Tape","20","6","DEFAULT","","","","","0","Poli-Tape 6989 Anthracite Turbo Heat Transfer Vinyl. 500mm wide","<html>

<title><head>Poli-Flex Turbo</head></title>

<body>
<p>Poli-Flex Turbo is a polyurethane transfer film equipped with a special hotmelt for fast application at low temperature.</p>
<p>With super-fast heat pressing times as little as 3 seconds, the Poli-Flex® Turbo is recognised as being the best in class when it comes to coloured HTV.</p>
<p>This super soft PU film can be used on a variety of textiles such as cotton, polyester and blended fabrics such as polyester / acrylic as well as uncoated nylon. Also suitable for smooth wood, leather, cardboard and glass. With its brilliant level of stretch, this range is also perfect for leisure and activewear but the special thing about all products in the Turbo range is the speed and temperature of heat pressing. This dramatically cuts down on the application time, improving both productivity and profitability. This material also comes with an adhesive polyester 100µm liner to aid with safe positioning.</p>
<p>Poli-Flex Turbo is tested to Oeko-Tex 100, which is an international standard that guarantees the safety of apparel decoration, making it safe for use on childrens and pets clothing.</p>
<p><a href=""media/ecom/pdfs/datasheets/TDS_POLI-FLEX TURBO GB.pdf"" target=""_blank""><img style=""border: 0px solid ; width: 200px; height: 60px;"" alt=""Poli-Flex Turbo Datasheet"" src=""media/ecom/onpagegraphics/Datasheet.png""></a></p>

<img style=""margin: 5px; width: 100px; height: 123px;"" alt=""vegan logo""
src=""media/ecom/onpagegraphics/vegan.png"">

<img style=""margin: 5px; width: 200px; height: 117px;"" alt=""oeko-tex logo""
src=""media/ecom/onpagegraphics/Oeko-Tex.png"">

</body>

</html>","6989_Anthracite.png","6989_Anthracite.png","INVITEMS","DEFAULT-6989-Anthracite-DEFAULT-6989-Anthracite","","","0","0","0","","1","REGONLY","0","0","0","0","","","","SELECT","SELECT","0","","","","","0","0","","income-service","","","0","0","","","","","Poli_Flex_Turbo","Poli_Flex_Turbo","","","0","Hotronix-Auto-Open-Clam-Heatpress, Weeding_Hook, EZ_LED_Weeder, FLEXOFF, Weeding_Tweezers, Heat_Tape, Tygaflor_Sheet, Olfa_Cutting_Matt_A3, Yellow_Ruler, ","Weeding_Hook, EZ_LED_Weeder, FLEXOFF, Weeding_Tweezers, Heat_Tape, Tygaflor_Sheet, Olfa_Cutting_Matt_A3, Yellow_Ruler, ","A","","","","","Colours, Greys","Satin","Application & Aftercare Instructions","<style>

table {

margin: 0 auto 0 auto;
}

table, th, td {
  
  border-collapse: collapse;
padding: 5px;
}
th, td {
  padding: 5px;
  text-align: center; 
  width: 100px;
  height: 50px;
  background-color:#009ee3;
  color: white;
  border-left: 5px solid white;
  border-right: 5px solid white;
}

th {
  border-top-color: white;
  font-size: 15px;
}

td {

padding-bottom: 1em;
border-bottom: 5px solid white;
font-size: 20px;
  
</style>



<table id=""data"">
  <tbody><tr>
    <th>PRESS TEMP</th>
<th>PRESS TIME</th>
<th>PRESSURE</th>
<th>EASY WEED</th>
<th>PEEL</th>
  </tr>
  <tr>
    <td>130<sup>o</sup>C<br>150<sup>o</sup>C<br>160<sup>o</sup>C</td>
<td>5 secs<br>4 secs<br>3 secs</td>
<td>Medium<br></td>
<td><span style=""font-size:30px;"">&#10003;</span></td>
<td>Warm</td>
  </tr>

<tr>
    <th>LAYER</th>
<th>REVERSE IMAGE</th>
<th>WASH</th>
<th>TUMBLE DRY</th>
<th>DRY CLEAN</th>
  </tr>
  <tr>
    <td><span style=""font-size:30px;"">&#10003;</span></td>
<td><span style=""font-size:30px;"">&#10003;</span></td>
<td>60<sup>o</sup>C</td>
<td><span style=""font-size:30px; color: white;"">&#10003;</span></td>
<td><span style=""font-size:30px;"">&#10003;</span></td>
  </tr>
  </tbody></table>
","Colour References","<style>

table {

margin: 0 auto 0 auto;
}

table, th, td {
  
  border-collapse: collapse;
padding: 5px;
}
th, td {
  padding: 5px;
  text-align: center; 
  width: 100px;
  height: 50px;
  background-color:#009ee3;
  color: white;
  border-left: 5px solid white;
  border-right: 5px solid white;
}

th {
  border-top-color: white;
  font-size: 15px;
}

td {

padding-bottom: 1em;
border-bottom: 5px solid white;
font-size: 20px;
  
</style>

<table id=""data"">
  <tbody><tr>
    <th>HEX</th>
<th>RGB</th>
<th>CMYK</th>
<th>PANTONE</th>
<th>RAL</th>
  </tr>
  <tr>
    <td>#4C4B4E</td>
<td>76, 75, 78</td>
<td>64, 55, 49, 47</td>
<td>6217 C</td>
<td>7024</td>
  </tr>

  </tbody></table>
","","","","","Poli-Tape-6989-Anthracite-Turbo-Heat-Transfer-Vinyl","0","HEX #4C4B4E, RGB 76 75 78, CMYK 64 55 49 47, PANTONE 6217 C, RAL 7024, POLI FLEX TURBO, POLI TAPE, HEAT TRANSFER VINYL, HTV, 6989, ANTHRACITE","","","1691076515","0","","0","","CHECKBOX"
"6995-Olive","Olive Turbo Heat Transfer Vinyl","6995","Poli-Tape","340","6","DEFAULT","","","","","0","Poli-Tape 6995 Olive Turbo Heat Transfer Vinyl. 500mm wide","<html>

<title><head>Poli-Flex Turbo</head></title>

<body>
<p>Poli-Flex Turbo is a polyurethane transfer film equipped with a special hotmelt for fast application at low temperature.</p>
<p>With super-fast heat pressing times as little as 3 seconds, the Poli-Flex® Turbo is recognised as being the best in class when it comes to coloured HTV.</p>
<p>This super soft PU film can be used on a variety of textiles such as cotton, polyester and blended fabrics such as polyester / acrylic as well as uncoated nylon. Also suitable for smooth wood, leather, cardboard and glass. With its brilliant level of stretch, this range is also perfect for leisure and activewear but the special thing about all products in the Turbo range is the speed and temperature of heat pressing. This dramatically cuts down on the application time, improving both productivity and profitability. This material also comes with an adhesive polyester 100µm liner to aid with safe positioning.</p>
<p>Poli-Flex Turbo is tested to Oeko-Tex 100, which is an international standard that guarantees the safety of apparel decoration, making it safe for use on childrens and pets clothing.</p>
<p><a href=""media/ecom/pdfs/datasheets/TDS_POLI-FLEX TURBO GB.pdf"" target=""_blank""><img style=""border: 0px solid ; width: 200px; height: 60px;"" alt=""Poli-Flex Turbo Datasheet"" src=""media/ecom/onpagegraphics/Datasheet.png""></a></p>

<img style=""margin: 5px; width: 100px; height: 123px;"" alt=""vegan logo""
src=""media/ecom/onpagegraphics/vegan.png"">

<img style=""margin: 5px; width: 200px; height: 117px;"" alt=""oeko-tex logo""
src=""media/ecom/onpagegraphics/Oeko-Tex.png"">

</body>

</html>","6995_Olive.png","6995_Olive.png","INVITEMS","DEFAULT-6995-Olive-DEFAULT-6995-Olive","","","0","0","0","","1","REGONLY","0","0","0","0","","","","SELECT","SELECT","0","","","","","0","0","","income-service","","","0","0","","","","","Poli_Flex_Turbo","Poli_Flex_Turbo","","","0","Hotronix-Auto-Open-Clam-Heatpress, Weeding_Hook, EZ_LED_Weeder, FLEXOFF, Weeding_Tweezers, Heat_Tape, Tygaflor_Sheet, Olfa_Cutting_Matt_A3, Yellow_Ruler, ","Weeding_Hook, EZ_LED_Weeder, FLEXOFF, Weeding_Tweezers, Heat_Tape, Tygaflor_Sheet, Olfa_Cutting_Matt_A3, Yellow_Ruler, ","A","","","","","Colours, Greens","Satin","Application & Aftercare Instructions","<style>

table {

margin: 0 auto 0 auto;
}

table, th, td {
  
  border-collapse: collapse;
padding: 5px;
}
th, td {
  padding: 5px;
  text-align: center; 
  width: 100px;
  height: 50px;
  background-color:#009ee3;
  color: white;
  border-left: 5px solid white;
  border-right: 5px solid white;
}

th {
  border-top-color: white;
  font-size: 15px;
}

td {

padding-bottom: 1em;
border-bottom: 5px solid white;
font-size: 20px;
  
</style>



<table id=""data"">
  <tbody><tr>
    <th>PRESS TEMP</th>
<th>PRESS TIME</th>
<th>PRESSURE</th>
<th>EASY WEED</th>
<th>PEEL</th>
  </tr>
  <tr>
    <td>130<sup>o</sup>C<br>150<sup>o</sup>C<br>160<sup>o</sup>C</td>
<td>5 secs<br>4 secs<br>3 secs</td>
<td>Medium<br></td>
<td><span style=""font-size:30px;"">&#10003;</span></td>
<td>Warm</td>
  </tr>

<tr>
    <th>LAYER</th>
<th>REVERSE IMAGE</th>
<th>WASH</th>
<th>TUMBLE DRY</th>
<th>DRY CLEAN</th>
  </tr>
  <tr>
    <td><span style=""font-size:30px;"">&#10003;</span></td>
<td><span style=""font-size:30px;"">&#10003;</span></td>
<td>60<sup>o</sup>C</td>
<td><span style=""font-size:30px; color: white;"">&#10003;</span></td>
<td><span style=""font-size:30px;"">&#10003;</span></td>
  </tr>
  </tbody></table>
","Colour References","<style>

table {

margin: 0 auto 0 auto;
}

table, th, td {
  
  border-collapse: collapse;
padding: 5px;
}
th, td {
  padding: 5px;
  text-align: center; 
  width: 100px;
  height: 50px;
  background-color:#009ee3;
  color: white;
  border-left: 5px solid white;
  border-right: 5px solid white;
}

th {
  border-top-color: white;
  font-size: 15px;
}

td {

padding-bottom: 1em;
border-bottom: 5px solid white;
font-size: 20px;
  
</style>

<table id=""data"">
  <tbody><tr>
    <th>HEX</th>
<th>RGB</th>
<th>CMYK</th>
<th>PANTONE</th>
<th>RAL</th>
  </tr>
  <tr>
    <td>#84985B</td>
<td>132, 152, 91</td>
<td>54, 25, 73, 8</td>
<td>577 U</td>
<td>6021</td>
  </tr>

  </tbody></table>
","","","","","Poli-Tape-6995-Olive-Turbo-Heat-Transfer-Vinyl","0","HEX #84985B, RGB 132 152 91, CMYK 54 25 73 8, PANTONE 577 U, RAL 6021, POLI FLEX TURBO, POLI TAPE, HEAT TRANSFER VINYL, HTV, 6995, OLIVE","","","1691077656","0","","0","","CHECKBOX"
"6996-Flamingo","Flamingo Turbo Heat Transfer Vinyl","6996","Poli-Tape","740","6","DEFAULT","","","","","0","Poli-Tape 6996 Flamingo Turbo Heat Transfer Vinyl with a semi-gloss metallic sheen. 500mm wide","<html>

<title><head>Poli-Flex Turbo</head></title>

<body>
<p>Poli-Flex Turbo is a polyurethane transfer film equipped with a special hotmelt for fast application at low temperature.</p>
<p>With super-fast heat pressing times as little as 3 seconds, the Poli-Flex® Turbo is recognised as being the best in class when it comes to coloured HTV.</p>
<p>This super soft PU film can be used on a variety of textiles such as cotton, polyester and blended fabrics such as polyester / acrylic as well as uncoated nylon. Also suitable for smooth wood, leather, cardboard and glass. With its brilliant level of stretch, this range is also perfect for leisure and activewear but the special thing about all products in the Turbo range is the speed and temperature of heat pressing. This dramatically cuts down on the application time, improving both productivity and profitability. This material also comes with an adhesive polyester 100µm liner to aid with safe positioning.</p>
<p>Poli-Flex Turbo is tested to Oeko-Tex 100, which is an international standard that guarantees the safety of apparel decoration, making it safe for use on childrens and pets clothing.</p>
<p><a href=""media/ecom/pdfs/datasheets/TDS_POLI-FLEX TURBO GB.pdf"" target=""_blank""><img style=""border: 0px solid ; width: 200px; height: 60px;"" alt=""Poli-Flex Turbo Datasheet"" src=""media/ecom/onpagegraphics/Datasheet.png""></a></p>

<img style=""margin: 5px; width: 100px; height: 123px;"" alt=""vegan logo""
src=""media/ecom/onpagegraphics/vegan.png"">

<img style=""margin: 5px; width: 200px; height: 117px;"" alt=""oeko-tex logo""
src=""media/ecom/onpagegraphics/Oeko-Tex.png"">

</body>

</html>","6996_Flamingo.png","6996_Flamingo.png","INVITEMS","DEFAULT-6996-Flamingo-DEFAULT-6996-Flamingo","","","0","0","0","","1","REGONLY","0","0","0","0","","","","SELECT","SELECT","0","","","","","0","0","","income-service","","","0","0","","","","","Poli_Flex_Turbo","Poli_Flex_Turbo, 3606_Metal_Effect","","","0","Hotronix-Auto-Open-Clam-Heatpress, Weeding_Hook, EZ_LED_Weeder, FLEXOFF, Weeding_Tweezers, Heat_Tape, Tygaflor_Sheet, Olfa_Cutting_Matt_A3, Yellow_Ruler, ","Weeding_Hook, EZ_LED_Weeder, FLEXOFF, Weeding_Tweezers, Heat_Tape, Tygaflor_Sheet, Olfa_Cutting_Matt_A3, Yellow_Ruler, ","A","","","","","Colours, Metallics, Browns","Gloss","Application & Aftercare Instructions","<style>

table {

margin: 0 auto 0 auto;
}

table, th, td {
  
  border-collapse: collapse;
padding: 5px;
}
th, td {
  padding: 5px;
  text-align: center; 
  width: 100px;
  height: 50px;
  background-color:#009ee3;
  color: white;
  border-left: 5px solid white;
  border-right: 5px solid white;
}

th {
  border-top-color: white;
  font-size: 15px;
}

td {

padding-bottom: 1em;
border-bottom: 5px solid white;
font-size: 20px;
  
</style>



<table id=""data"">
  <tbody><tr>
    <th>PRESS TEMP</th>
<th>PRESS TIME</th>
<th>PRESSURE</th>
<th>EASY WEED</th>
<th>PEEL</th>
  </tr>
  <tr>
    <td>130<sup>o</sup>C<br>150<sup>o</sup>C<br>160<sup>o</sup>C</td>
<td>5 secs<br>4 secs<br>3 secs</td>
<td>Medium<br></td>
<td><span style=""font-size:30px;"">&#10003;</span></td>
<td>Warm</td>
  </tr>

<tr>
    <th>LAYER</th>
<th>REVERSE IMAGE</th>
<th>WASH</th>
<th>TUMBLE DRY</th>
<th>DRY CLEAN</th>
  </tr>
  <tr>
    <td><span style=""font-size:30px;"">&#10005;</span></td>
<td><span style=""font-size:30px;"">&#10003;</span></td>
<td>60<sup>o</sup>C</td>
<td><span style=""font-size:30px; color: white;"">&#10003;</span></td>
<td><span style=""font-size:30px;"">&#10003;</span></td>
  </tr>
  </tbody></table>
","Colour References ","<style>

table {

margin: 0 auto 0 auto;
}

table, th, td {
  
  border-collapse: collapse;
padding: 5px;
}
th, td {
  padding: 5px;
  text-align: center; 
  width: 100px;
  height: 50px;
  background-color:#009ee3;
  color: white;
  border-left: 5px solid white;
  border-right: 5px solid white;
}

th {
  border-top-color: white;
  font-size: 15px;
}

td {

padding-bottom: 1em;
border-bottom: 5px solid white;
font-size: 20px;
  
</style>

<table id=""data"">
  <tbody><tr>
    <th>HEX</th>
<th>RGB</th>
<th>CMYK</th>
<th>PANTONE</th>
<th>RAL</th>
  </tr>
  <tr>
    <td>#AA4B59</td>
<td>170, 75, 89</td>
<td>25, 78, 48, 17</td>
<td>18-1629 TCX</td>
<td>020 50 40</td>
  </tr>

  </tbody></table>
","","","","","Poli-Tape-6996-Flamingo-Turbo-Heat-Transfer-Vinyl","0","HEX #AA4B59, RGB 170 75 89, CMYK 25 78 48 17, PANTONE 18-1629 TCX, RAL 020 50 40, POLI FLEX TURBO, POLI TAPE, HEAT TRANSFER VINYL, HTV, 6996, FLAMINGO","","","1691078014","0","","0","","CHECKBOX"
"6997-Light-Apricot","Light Apricot Turbo Heat Transfer Vinyl","6997","Poli-Tape","70","6","DEFAULT","","","","","0","Poli-Tape 6997 Light Apricot Turbo Heat Transfer Vinyl. 500mm wide","<html>

<title><head>Poli-Flex Turbo</head></title>

<body>
<p>Poli-Flex Turbo is a polyurethane transfer film equipped with a special hotmelt for fast application at low temperature.</p>
<p>With super-fast heat pressing times as little as 3 seconds, the Poli-Flex® Turbo is recognised as being the best in class when it comes to coloured HTV.</p>
<p>This super soft PU film can be used on a variety of textiles such as cotton, polyester and blended fabrics such as polyester / acrylic as well as uncoated nylon. Also suitable for smooth wood, leather, cardboard and glass. With its brilliant level of stretch, this range is also perfect for leisure and activewear but the special thing about all products in the Turbo range is the speed and temperature of heat pressing. This dramatically cuts down on the application time, improving both productivity and profitability. This material also comes with an adhesive polyester 100µm liner to aid with safe positioning.</p>
<p>Poli-Flex Turbo is tested to Oeko-Tex 100, which is an international standard that guarantees the safety of apparel decoration, making it safe for use on childrens and pets clothing.</p>
<p><a href=""media/ecom/pdfs/datasheets/TDS_POLI-FLEX TURBO GB.pdf"" target=""_blank""><img style=""border: 0px solid ; width: 200px; height: 60px;"" alt=""Poli-Flex Turbo Datasheet"" src=""media/ecom/onpagegraphics/Datasheet.png""></a></p>

<img style=""margin: 5px; width: 100px; height: 123px;"" alt=""vegan logo""
src=""media/ecom/onpagegraphics/vegan.png"">

<img style=""margin: 5px; width: 200px; height: 117px;"" alt=""oeko-tex logo""
src=""media/ecom/onpagegraphics/Oeko-Tex.png"">

</body>

</html>","6997_Light_Apricot.png","6997_Light_Apricot.png","INVITEMS","DEFAULT-6997-Light-Apricot-DEFAULT-6997-Light-Apricot","","","0","0","0","","1","REGONLY","0","0","0","0","","","","SELECT","SELECT","0","","","","","0","0","","income-service","","","0","0","","","","","Poli_Flex_Turbo","Poli_Flex_Turbo","","","0","Hotronix-Auto-Open-Clam-Heatpress, Weeding_Hook, EZ_LED_Weeder, FLEXOFF, Weeding_Tweezers, Heat_Tape, Tygaflor_Sheet, Olfa_Cutting_Matt_A3, Yellow_Ruler, ","Weeding_Hook, EZ_LED_Weeder, FLEXOFF, Weeding_Tweezers, Heat_Tape, Tygaflor_Sheet, Olfa_Cutting_Matt_A3, Yellow_Ruler, ","A","","","","","Colours, Beiges","Satin","Application & Aftercare Instructions","<style>

table {

margin: 0 auto 0 auto;
}

table, th, td {
  
  border-collapse: collapse;
padding: 5px;
}
th, td {
  padding: 5px;
  text-align: center; 
  width: 100px;
  height: 50px;
  background-color:#009ee3;
  color: white;
  border-left: 5px solid white;
  border-right: 5px solid white;
}

th {
  border-top-color: white;
  font-size: 15px;
}

td {

padding-bottom: 1em;
border-bottom: 5px solid white;
font-size: 20px;
  
</style>



<table id=""data"">
  <tbody><tr>
    <th>PRESS TEMP</th>
<th>PRESS TIME</th>
<th>PRESSURE</th>
<th>EASY WEED</th>
<th>PEEL</th>
  </tr>
  <tr>
    <td>130<sup>o</sup>C<br>150<sup>o</sup>C<br>160<sup>o</sup>C</td>
<td>5 secs<br>4 secs<br>3 secs</td>
<td>Medium<br></td>
<td><span style=""font-size:30px;"">&#10003;</span></td>
<td>Warm</td>
  </tr>

<tr>
    <th>LAYER</th>
<th>REVERSE IMAGE</th>
<th>WASH</th>
<th>TUMBLE DRY</th>
<th>DRY CLEAN</th>
  </tr>
  <tr>
    <td><span style=""font-size:30px;"">&#10003;</span></td>
<td><span style=""font-size:30px;"">&#10003;</span></td>
<td>60<sup>o</sup>C</td>
<td><span style=""font-size:30px; color: white;"">&#10003;</span></td>
<td><span style=""font-size:30px;"">&#10003;</span></td>
  </tr>
  </tbody></table>
","Colour References","<style>

table {

margin: 0 auto 0 auto;
}

table, th, td {
  
  border-collapse: collapse;
padding: 5px;
}
th, td {
  padding: 5px;
  text-align: center; 
  width: 100px;
  height: 50px;
  background-color:#009ee3;
  color: white;
  border-left: 5px solid white;
  border-right: 5px solid white;
}

th {
  border-top-color: white;
  font-size: 15px;
}

td {

padding-bottom: 1em;
border-bottom: 5px solid white;
font-size: 20px;
  
</style>

<table id=""data"">
  <tbody><tr>
    <th>HEX</th>
<th>RGB</th>
<th>CMYK</th>
<th>PANTONE</th>
<th>RAL</th>
  </tr>
  <tr>
    <td>#F5D0B2</td>
<td>245, 208, 178</td>
<td>3, 22, 32, 0</td>
<td>475 C</td>
<td>060 90 15</td>
  </tr>

  </tbody></table>
","","","","","Poli-Tape-6997-Light-Apricot-Turbo-Heat-Transfer-Vinyl","0","HEX #F5D0B2, RGB 245 208 178, CMYK 3 22 32 0, PANTONE 475 C, 060 90 15, POLI FLEX TURBO, POLI TAPE, HEAT TRANSFER VINYL, HTV, 6997, LIGHT APRICOT
","","","1691076686","0","","0","","CHECKBOX"
"6998-Coffee","Coffee Turbo Heat Transfer Vinyl","6998","Poli-Tape","350","6","DEFAULT","","","","","0","Poli-Tape 6998 Coffee Turbo Heat Transfer Vinyl. 500mm wide","<html>

<title><head>Poli-Flex Turbo</head></title>

<body>
<p>Poli-Flex Turbo is a polyurethane transfer film equipped with a special hotmelt for fast application at low temperature.</p>
<p>With super-fast heat pressing times as little as 3 seconds, the Poli-Flex® Turbo is recognised as being the best in class when it comes to coloured HTV.</p>
<p>This super soft PU film can be used on a variety of textiles such as cotton, polyester and blended fabrics such as polyester / acrylic as well as uncoated nylon. Also suitable for smooth wood, leather, cardboard and glass. With its brilliant level of stretch, this range is also perfect for leisure and activewear but the special thing about all products in the Turbo range is the speed and temperature of heat pressing. This dramatically cuts down on the application time, improving both productivity and profitability. This material also comes with an adhesive polyester 100µm liner to aid with safe positioning.</p>
<p>Poli-Flex Turbo is tested to Oeko-Tex 100, which is an international standard that guarantees the safety of apparel decoration, making it safe for use on childrens and pets clothing.</p>
<p><a href=""media/ecom/pdfs/datasheets/TDS_POLI-FLEX TURBO GB.pdf"" target=""_blank""><img style=""border: 0px solid ; width: 200px; height: 60px;"" alt=""Poli-Flex Turbo Datasheet"" src=""media/ecom/onpagegraphics/Datasheet.png""></a></p>

<img style=""margin: 5px; width: 100px; height: 123px;"" alt=""vegan logo""
src=""media/ecom/onpagegraphics/vegan.png"">

<img style=""margin: 5px; width: 200px; height: 117px;"" alt=""oeko-tex logo""
src=""media/ecom/onpagegraphics/Oeko-Tex.png"">

</body>

</html>","6998_Coffee.png","6998_Coffee.png","INVITEMS","DEFAULT-6998-Coffee-DEFAULT-6998-Coffee","","","0","0","0","","1","REGONLY","0","0","0","0","","","","SELECT","SELECT","0","","","","","0","0","","income-service","","","0","0","","","","","Poli_Flex_Turbo","Poli_Flex_Turbo","","","0","Hotronix-Auto-Open-Clam-Heatpress, Weeding_Hook, EZ_LED_Weeder, FLEXOFF, Weeding_Tweezers, Heat_Tape, Tygaflor_Sheet, Olfa_Cutting_Matt_A3, Yellow_Ruler, ","Weeding_Hook, EZ_LED_Weeder, FLEXOFF, Weeding_Tweezers, Heat_Tape, Tygaflor_Sheet, Olfa_Cutting_Matt_A3, Yellow_Ruler, ","A","","","","","Colours, Browns","Satin","Application & Aftercare Instructions","<style>

table {

margin: 0 auto 0 auto;
}

table, th, td {
  
  border-collapse: collapse;
padding: 5px;
}
th, td {
  padding: 5px;
  text-align: center; 
  width: 100px;
  height: 50px;
  background-color:#009ee3;
  color: white;
  border-left: 5px solid white;
  border-right: 5px solid white;
}

th {
  border-top-color: white;
  font-size: 15px;
}

td {

padding-bottom: 1em;
border-bottom: 5px solid white;
font-size: 20px;
  
</style>



<table id=""data"">
  <tbody><tr>
    <th>PRESS TEMP</th>
<th>PRESS TIME</th>
<th>PRESSURE</th>
<th>EASY WEED</th>
<th>PEEL</th>
  </tr>
  <tr>
    <td>130<sup>o</sup>C<br>150<sup>o</sup>C<br>160<sup>o</sup>C</td>
<td>5 secs<br>4 secs<br>3 secs</td>
<td>Medium<br></td>
<td><span style=""font-size:30px;"">&#10003;</span></td>
<td>Warm</td>
  </tr>

<tr>
    <th>LAYER</th>
<th>REVERSE IMAGE</th>
<th>WASH</th>
<th>TUMBLE DRY</th>
<th>DRY CLEAN</th>
  </tr>
  <tr>
    <td><span style=""font-size:30px;"">&#10003;</span></td>
<td><span style=""font-size:30px;"">&#10003;</span></td>
<td>60<sup>o</sup>C</td>
<td><span style=""font-size:30px; color: white;"">&#10003;</span></td>
<td><span style=""font-size:30px;"">&#10003;</span></td>
  </tr>
  </tbody></table>
","Colour References","<style>

table {

margin: 0 auto 0 auto;
}

table, th, td {
  
  border-collapse: collapse;
padding: 5px;
}
th, td {
  padding: 5px;
  text-align: center; 
  width: 100px;
  height: 50px;
  background-color:#009ee3;
  color: white;
  border-left: 5px solid white;
  border-right: 5px solid white;
}

th {
  border-top-color: white;
  font-size: 15px;
}

td {

padding-bottom: 1em;
border-bottom: 5px solid white;
font-size: 20px;
  
</style>

<table id=""data"">
  <tbody><tr>
    <th>HEX</th>
<th>RGB</th>
<th>CMYK</th>
<th>PANTONE</th>
<th>RAL</th>
  </tr>
  <tr>
    <td>#916F57</td>
<td>145, 111, 87</td>
<td>33, 48, 58, 29</td>
<td>4715 C</td>
<td>330-M</td>
  </tr>

  </tbody></table>
","","","","","Poli-Tape-6998-Coffee-Turbo-Heat-Transfer-Vinyl","0","HEX #916F57, RGB 145 111 87, CMYK 33 48 58 29, PANTONE 4715 C, RAL 330-M, POLI FLEX TURBO, POLI TAPE, HEAT TRANSFER VINYL, HTV, 6998, COFFEE
","","","1691077771","0","","0","","CHECKBOX"
"700-Black","Black Flock Heat Transfer Vinyl","700","Poli-Tape","20","11","DEFAULT","","","","","0","Black Flock Heat Transfer Vinyl 500mm wide. Price per metre:","","700_Black.png","700_Black.png","INVITEMS","DEFAULT-700-Black-DEFAULT-700-Black","","","0","0","0","","1","REGONLY","0","0","0","0","","","","SELECT","SELECT","0","","","","","0","0","","income-service","","","0","0","","","","","3602_Flock","3602_Flock","","","0","Hotronix-Auto-Open-Clam-Heatpress, Weeding_Hook, EZ_LED_Weeder, FLEXOFF, Weeding_Tweezers, Heat_Tape, Tygaflor_Sheet, Olfa_Cutting_Matt_A3, Yellow_Ruler, ","Weeding_Hook, EZ_LED_Weeder, FLEXOFF, Weeding_Tweezers, Heat_Tape, Tygaflor_Sheet, Olfa_Cutting_Matt_A3, Yellow_Ruler, ","A","","","","","","","Application & Aftercare Instructions","<style>

table {

margin: 0 auto 0 auto;
}

table, th, td {
  
  border-collapse: collapse;
padding: 5px;
}
th, td {
  padding: 5px;
  text-align: center; 
  width: 100px;
  height: 50px;
  background-color:#009ee3;
  color: white;
  border-left: 5px solid white;
  border-right: 5px solid white;
}

th {
  border-top-color: white;
  font-size: 15px;
}

td {

padding-bottom: 1em;
border-bottom: 5px solid white;
font-size: 20px;
  
</style>



<table id=""data"">
  <tbody><tr>
    <th>PRESS TEMP</th>
<th>PRESS TIME</th>
<th>PRESSURE</th>
<th>EASY WEED</th>
<th>PEEL</th>
  </tr>
  <tr>
    <td>160<sup>o</sup>C</td>
<td>15 secs press</td>
<td>Medium<br></td>
<td><span style=""font-size:30px;"">&#10003;</span></td>
<td>Warm</td>
  </tr>

<tr>
    <th>LAYER</th>
<th>REVERSE IMAGE</th>
<th>WASH</th>
<th>TUMBLE DRY</th>
<th>DRY CLEAN</th>
  </tr>
  <tr>
    <td><span style=""font-size:30px; color: white;"">&#10005;</span></td>
<td><span style=""font-size:30px;"">&#10003;</span></td>
<td>60<sup>o</sup>C</td>
<td><span style=""font-size:30px; color: white;"">&#10005;</span></td>
<td><span style=""font-size:30px;"">&#10005;</span></td>
  </tr>
  </tbody></table>
","","","","","","","","0","","","","1592213581","0","","0","","CHECKBOX"
"730-Grey","Grey Flock Heat Transfer Vinyl","730","Poli-Tape","140","11","DEFAULT","","","","","0","Grey Flock Heat Transfer Vinyl 500mm wide. Price per metre:","","730_Grey.png","730_Grey.png","INVITEMS","DEFAULT-730-Grey-DEFAULT-730_Grey","","","0","0","0","","1","REGONLY","0","0","0","0","","","","SELECT","SELECT","0","","","","","0","0","","income-service","","","0","0","","","","","3602_Flock","3602_Flock","","","0","Hotronix-Auto-Open-Clam-Heatpress, Weeding_Hook, EZ_LED_Weeder, FLEXOFF, Weeding_Tweezers, Heat_Tape, Tygaflor_Sheet, Olfa_Cutting_Matt_A3, Yellow_Ruler, ","Weeding_Hook, EZ_LED_Weeder, FLEXOFF, Weeding_Tweezers, Heat_Tape, Tygaflor_Sheet, Olfa_Cutting_Matt_A3, Yellow_Ruler, ","A","","","","","","","Application & Aftercare Instructions","<style>

table {

margin: 0 auto 0 auto;
}

table, th, td {
  
  border-collapse: collapse;
padding: 5px;
}
th, td {
  padding: 5px;
  text-align: center; 
  width: 100px;
  height: 50px;
  background-color:#009ee3;
  color: white;
  border-left: 5px solid white;
  border-right: 5px solid white;
}

th {
  border-top-color: white;
  font-size: 15px;
}

td {

padding-bottom: 1em;
border-bottom: 5px solid white;
font-size: 20px;
  
</style>



<table id=""data"">
  <tbody><tr>
    <th>PRESS TEMP</th>
<th>PRESS TIME</th>
<th>PRESSURE</th>
<th>EASY WEED</th>
<th>PEEL</th>
  </tr>
  <tr>
    <td>160<sup>o</sup>C</td>
<td>15 secs press</td>
<td>Medium<br></td>
<td><span style=""font-size:30px;"">&#10003;</span></td>
<td>Warm</td>
  </tr>

<tr>
    <th>LAYER</th>
<th>REVERSE IMAGE</th>
<th>WASH</th>
<th>TUMBLE DRY</th>
<th>DRY CLEAN</th>
  </tr>
  <tr>
    <td><span style=""font-size:30px; color: white;"">&#10005;</span></td>
<td><span style=""font-size:30px;"">&#10003;</span></td>
<td>60<sup>o</sup>C</td>
<td><span style=""font-size:30px; color: white;"">&#10005;</span></td>
<td><span style=""font-size:30px;"">&#10005;</span></td>
  </tr>
  </tbody></table>
","","","","","","","","0","","","","1592236475","0","","0","","CHECKBOX"
"7357_Diamond","Diamond","7357","Ritrama","11","11","DEFAULT","","","","","0","Diamond Gemstone Metallic self-adhesive vinyl","Diamond Gemstone Metallic self-adhesive vinyl","7357-Diamond.png","7357-Diamond.png","INVITEMS","DEFAULT-7357_Diamond-DEFAULT-7357_Diamond","","","0","0","0","","1","REGONLY","0","0","0","0","","","","SELECT","SELECT","0","","","","","0","0","","income-service","","","0","0","","","","","Gemstone","Gemstone","","","0","","","N","","","","","","","","","","","","","","","","0","gemstone, metallic, ritrama, 640","","","1782136472","0","","0","","CHECKBOX"
"7510","Yellow Fluorescent","7510","Orafol","10","10","DEFAULT","","","","","0","Oracal 7510 High performance cast 3 year yellow fluorescent vinyl.

","<html>

<head><title>Oracal 7510 High performance cast 3 year yellow fluorescent vinyl.</title></head>
<body>


<style>
.responsive {
  width: 50%;
  height: auto;
}
</style>

<img style=""height: 98px; width: 225px;"" alt=""Orafol logo"" src=""media/ecom/onpagegraphics/Orafol_Logo.png"" class=""responsive"">

<p>Oracal 7510 High performance cast 3 year yellow fluorescent vinyl is designed for high impact vehicle marking.</p>

<span style=""font-weight: bold; color: #d7328a;"">Structure:</span><br>
<ul><li>150<span>&#181;</span>m Cast vinyl</li>
<li>Solvent based adhesive - Permanent</li>
<li>Silicone coated paper liner - 137g/m<sup>2</sup>
</li></ul>

<span style=""font-weight: bold; color: #d7328a;"">Suitability:</span><br>
<ul><li>Ideal for warning signs</li>
<li>Perfect for fluorescent vehicle and bus advertising</li>
<li>Excellent for high impact visibility graphics</li>
<li>Outdoor durability of up to 3 years
</li></ul>

<span style=""font-weight: bold; color: #d7328a;"">Advantages:</span><br>
<ul><li>Longest durability of any fluorescent vinyl</li>
<li>High level of visibility when illuminated in daylight</li>
<li>Especially effective during twilight and bad sight conditions</li>
<li>Cuts and weeds well and conforms over vehicle contours
</li></ul>

<span style=""font-weight: bold; color: #d7328a;"">Technical Information:</span>
<ul>
<a href=""media/ecom/pdfs/datasheets/7510_Fluorescent_Cast_Vinyl.pdf"" target=""_blank""><img
style=""border: 0px solid ; width: 200px; height: 60px;"" alt=""pdf""
src=""media/ecom/onpagegraphics/Datasheet.png""></a></ul>

</body>
</html>","7510-Yellow.png","7510-Yellow.png","INVITEMS","DEFAULT-7510-DEFAULT-7510","","","0","0","0","","1","REGONLY","0","0","0","0","","","","SELECT","SELECT","0","","","","","0","0","","income-service","","","0","0","","","","","Oracal_Cast_Fluorescent","Oracal_Cast_Fluorescent","","","0","Aslan_Red_Devil_Squeegee, Olfa_X_Design_Heavy_Duty_Knife, Lint-Free-Gloves, Masking_Tape_25mm, Aslan-Gold-Soft-Squeegee, Olfa_Graphic_Cutter, Swann_Morton_3_Handle, Swann_Morton_10A_Blades, Aslan_Squeegee, Float_On","Aslan_Red_Devil_Squeegee, Olfa_X_Design_Heavy_Duty_Knife, Lint-Free-Gloves, Masking_Tape_25mm, Aslan-Gold-Soft-Squeegee, Olfa_Graphic_Cutter, Swann_Morton_3_Handle, Swann_Morton_10A_Blades, Aslan_Squeegee, Float_On","A","superuser","ADHESIVE_SEMI_PERMANENT","GRADE_POLYPROPYLENE","","","","","","","","","","","","Oracal-7510-Yellow-Cast-Fluorescent","0","oracal, oralite, fluorescent, flourescent, fluoro, dayglo, dayglow, daybright, 7510, orafol, 


","","","1594127977","0","","0","","CHECKBOX"
"7591_Smoky_Quartz","Smoky Quartz","7591","Ritrama","5","11","DEFAULT","","","","","0","Smoky Quartz Gemstone Metallic self-adhesive vinyl","Smoky Quartz Gemstone Metallic self-adhesive vinyl","7591-Smoky-Quartz.png","7591-Smoky-Quartz.png","INVITEMS","DEFAULT-7591_Smoky_Quartz-DEFAULT-7591_Smoky_Quartz","","","0","0","0","","1","REGONLY","0","0","0","0","","","","SELECT","SELECT","0","","","","","0","0","","income-service","","","0","0","","","","","Gemstone","Gemstone","","","0","","","A","","","","","","","","","","","","","","","","0","gemstone, metallic, ritrama, 640","","","1583758810","0","","0","",""
"7667_Azurite","Azurite","7667","Ritrama","6","11","DEFAULT","","","","","0","Azurite Gemstone Metallic self-adhesive vinyl","Azurite Gemstone Metallic self-adhesive vinyl","7667-Azurite.png","7667-Azurite.png","INVITEMS","DEFAULT-7667_Azurite-DEFAULT-7667_Azurite","","","0","0","0","","1","REGONLY","0","0","0","0","","","","SELECT","SELECT","0","","","","","0","0","","income-service","","","0","0","","","","","Gemstone","Gemstone","","","0","","","A","","","","","","","","","","","","","","","","0","gemstone, metallic, ritrama, 640","","","","0","","0","",""
"7668_Beryl","Beryl","7668","Ritrama","12","11","DEFAULT","","","","","0","Beryl Gemstone Metallic self-adhesive vinyl","Beryl Gemstone Metallic self-adhesive vinyl","7668-Beryl.png","7668-Beryl.png","INVITEMS","DEFAULT-7668_Beryl-DEFAULT-7668_Beryl","","","0","0","0","","1","REGONLY","0","0","0","0","","","","SELECT","SELECT","0","","","","","0","0","","income-service","","","0","0","","","","","Gemstone","Gemstone","","","0","","","A","","","","","","","","","","","","","","","","0","gemstone, metallic, ritrama, 640","","","","0","","0","",""
"7669_Rose_Quartz","Rose Quartz","7669","Ritrama","13","11","DEFAULT","","","","","0","Rose Quartz Gemstone Metallic self-adhesive vinyl","Rose Quartz Gemstone Metallic self-adhesive vinyl","7669-Rose-Quartz.png","7669-Rose-Quartz.png","INVITEMS","DEFAULT-7669_Rose_Quartz-DEFAULT-7669_Rose_Quartz","","","0","0","0","","1","REGONLY","0","0","0","0","","","","SELECT","SELECT","0","","","","","0","0","","income-service","","","0","0","","","","","Gemstone","Gemstone","","","0","","","A","","","","","","","","","","","","","","","","0","gemstone, metallic, ritrama, 640","","","","0","","0","",""
"7671_Cinnabar","Cinnabar","7671","Ritrama","7","11","DEFAULT","","","","","0","Cinnabar Gemstone Metallic self-adhesive vinyl","Cinnabar Gemstone Metallic self-adhesive vinyl","7671-Cinnabar.png","7671-Cinnabar.png","INVITEMS","DEFAULT-7671_Cinnabar-DEFAULT-7671_Cinnabar","","","0","0","0","","1","REGONLY","0","0","0","0","","","","SELECT","SELECT","0","","","","","0","0","","income-service","","","0","0","","","","","Gemstone","Gemstone","","","0","","","A","","","","","","","","","","","","","","","","0","gemstone, metallic, ritrama, 640","","","","0","","0","",""
"7672_Sapphire_Blue","Sapphire Blue","7672","Ritrama","3","11","DEFAULT","","","","","0","Sapphire Blue Gemstone Metallic self-adhesive vinyl","Sapphire Blue Gemstone Metallic self-adhesive vinyl","7672-Sapphire-Blue.png","7672-Sapphire-Blue.png","INVITEMS","DEFAULT-7672_Sapphire_Blue-DEFAULT-7672_Sapphire_Blue","","","0","0","0","","1","REGONLY","0","0","0","0","","","","SELECT","SELECT","0","","","","","0","0","","income-service","","","0","0","","","","","Gemstone","Gemstone","","","0","","","A","","","","","","","","","","","","","","","","0","gemstone, metallic, ritrama, 640","","","","0","","0","",""
"7673_Amethyst","Amethyst","7673","Ritrama","4","11","DEFAULT","","","","","0","Amethyst Gemstone Metallic self-adhesive vinyl","Amethyst Gemstone Metallic self-adhesive vinyl","7673-Amethyst.png","7673-Amethyst.png","INVITEMS","DEFAULT-7673_Amethyst-DEFAULT-7673_Amethyst","","","0","0","0","","1","REGONLY","0","0","0","0","","","","SELECT","SELECT","0","","","","","0","0","","income-service","","","0","0","","","","","Gemstone","Gemstone","","","0","","","A","","","","","","","","","","","","","","","","0","gemstone, metallic, ritrama, 640","","","1583758876","0","","0","",""
"7684_Topaz","Topaz","7684","Ritrama","2","11","DEFAULT","","","","","0","Topaz Gemstone Metallic self-adhesive vinyl","Topaz Gemstone Metallic self-adhesive vinyl","7684-Topaz.png","7684-Topaz.png","INVITEMS","DEFAULT-7684_Topaz-DEFAULT-7684_Topaz","","","0","0","0","","1","REGONLY","0","0","0","0","","","","SELECT","SELECT","0","","","","","0","0","","income-service","","","0","0","","","","","Gemstone","Gemstone","","","0","","","A","","","","","","","","","","","","","","","","0","gemstone, metallic, ritrama, 640","","","1561633396","0","","0","",""
"7945_Fire_Opal","Fire Opal","7945","Ritrama","10","11","DEFAULT","","","","","0","Fire Opal Gemstone Metallic self-adhesive vinyl","Fire Opal Gemstone Metallic self-adhesive vinyl","7945-Fire-Opal.png","7945-Fire-Opal.png","INVITEMS","DEFAULT-7945_Fire_Opal-DEFAULT-7945_Fire_Opal","","","0","0","0","","1","REGONLY","0","0","0","0","","","","SELECT","SELECT","0","","","","","0","0","","income-service","","","0","0","","","","","Gemstone","Gemstone","","","0","","","A","","","","","","","","","","","","","","","","0","gemstone, metallic, ritrama, 640","","","","0","","0","",""
"7946_Cobalt_Blue","Cobalt Blue","7946","Ritrama","1","11","DEFAULT","","","","","0","Cobalt Blue Gemstone Metallic self-adhesive vinyl","Cobalt Blue Gemstone Metallic self-adhesive vinyl","7946-Cobalt-Blue.png","7946-Cobalt-Blue.png","INVITEMS","DEFAULT-7946_Cobalt_Blue-DEFAULT-7946_Cobalt_Blue","","","0","0","0","","1","REGONLY","0","0","0","0","","","","SELECT","SELECT","0","","","","","0","0","","income-service","","","0","0","","","","","Gemstone","Gemstone","","","0","","","A","","","","","","","","","","","","","","","","0","gemstone, metallic, ritrama, 640","","","","0","","0","",""
"8220_Emerald_Green","Emerald Green","8220","Ritrama","9","11","DEFAULT","","","","","0","Emerald Green Gemstone Metallic self-adhesive vinyl","Emerald Green Gemstone Metallic self-adhesive vinyl","8220-Emerald-Green.png","8220-Emerald-Green.png","INVITEMS","DEFAULT-8220_Emerald_Green-DEFAULT-8220_Emerald_Green","","","0","0","0","","1","REGONLY","0","0","0","0","","","","SELECT","SELECT","0","","","","","0","0","","income-service","","","0","0","","","","","Gemstone","Gemstone","","","0","","","A","","","","","","","","","","","","","","","","0","gemstone, metallic, ritrama, 640","","","","0","","0","",""
"85K0625","ASLAN 85K :: 625mm Width","85K","Aslan","10","3","DEFAULT","","","","","0","ASLAN 85K stencil film is flexible and conformable making it suitable for spraying and painting.  Easy to cut and weed, tear-resistant and easily removable. Prices per linear metre","<html>

<head><title>ASLAN 85K Stencil Film</title>

<style>
.responsive {
  width: 50%;
  height: auto;
}
</style>
</head>
<body>
<img style=""height: 50px; width: 236px;"" alt=""Aslan logo""
src=""media/ecom/onpagegraphics/ASLAN_Logo_New.png"" class=""responsive""><br><br>

<p>ASLAN 85K stencil film is flexible and conformable making it suitable for spraying and painting.</p>

<span style=""font-weight: bold; color: #d7328a;"">Structure:</span><br>
<ul><li>80<span>&#181;</span>m Soft PVC</li>
<li>Water based adhesive - Removable</li>
<li>Silicon cardboard backing liner - 140gm<sup>2</sup>
</li></ul>

<span style=""font-weight: bold; color: #d7328a;"">Suitability:</span><br>
<ul><li>For overlapping paints and multi-colour works</li>
<li>Suitable for lacquering works in high temperatures</li>
<li>Adapts ideally to curved surfaces, edges and curves</li>
<li>Suitable for dry application only
</li></ul>

<span style=""font-weight: bold; color: #d7328a;"">Advantages:</span><br>
<ul><li>Tear-resistant and easily removable</li>
<li>Green-grey colour, reduced reflection</li>
<li>Suitable for the cutting plotter, easy to weed</li>
<li>Resistant to aggressive solvent based colours</li>
<li>Especially flexible stencil film</li>
<li>Ensures sharp and clear contours
</li></ul>

<span style=""font-weight: bold; color: #d7328a;"">Technical Information:</span>
<ul><a href=""media/ecom/pdfs/datasheets/PremiumMask_ASLAN_85K_e.pdf"" target=""_blank""><img
style=""border: 0px solid ; width: 200px; height: 60px;"" alt=""Aslan 85K Datasheet""
src=""media/ecom/onpagegraphics/Datasheet.png""></a></ul>

<p style=""font-weight: bold; font-size: 0.9em;"">Prices shown are per linear metre at 625mm wide</p>
</body>

</html>
","ASLAN_85K.jpg","ASLAN_85K.jpg","INVITEMS","DEFAULT-85K0625-DEFAULT-85K0625","","","0","0","0","","1","REGONLY","0","0","0","0","","","","SELECT","SELECT","0","","","","","0","0","","income-service","","","0","0","","","","","Aslan_85K","Aslan_85K","","","0","85K1250, EZ_Weeder, Weeding_Tweezers, Masking_Tape_50mm, 900EMT1220, 3M_Gold_Squeegee, Aslan_Red_Devil_Squeegee, Aslan_Squeegee, Olfa_X_Design_Heavy_Duty_Knife, Olfa_Graphic_Cutter,","EZ_Weeder, Weeding_Tweezers, Masking_Tape_50mm, 900EMT1220, 3M_Gold_Squeegee, Aslan_Red_Devil_Squeegee, Aslan_Squeegee, Olfa_X_Design_Heavy_Duty_Knife, Olfa_Graphic_Cutter","A","","","","","","","","","","","","","","","ASLAN-85K-Stencil-Film-625mm","0","aslan, 85k, stencil, mask, paintmask, paint mask, spraymask, spray mask","","ASLAN 85K stencil film is flexible and conformable making it suitable for spraying and painting.  Easy to cut and weed, tear-resistant and easily removable. Prices per linear metre","1545304818","0","","0","","CHECKBOX"
"85K1250","ASLAN 85K :: 1250mm Width","85K","Aslan","30","6","DEFAULT","","","","","0","ASLAN 85K stencil film is flexible and conformable making it suitable for spraying and painting.  Easy to cut and weed, tear-resistant and easily removable. Prices per linear metre","<html>

<head><title>ASLAN 85K Stencil Film</title>

<style>
.responsive {
  width: 50%;
  height: auto;
}
</style>
</head>
<body>
<img style=""height: 50px; width: 236px;"" alt=""Aslan logo""
src=""media/ecom/onpagegraphics/ASLAN_Logo_New.png"" class=""responsive""><br><br>

<p>ASLAN 85K stencil film is flexible and conformable making it suitable for spraying and painting.</p>

<span style=""font-weight: bold; color: #d7328a;"">Structure:</span><br>
<ul><li>80<span>&#181;</span>m Soft PVC</li>
<li>Water based adhesive - Removable</li>
<li>Silicon cardboard backing liner - 140gm<sup>2</sup>
</li></ul>

<span style=""font-weight: bold; color: #d7328a;"">Suitability:</span><br>
<ul><li>For overlapping paints and multi-colour works</li>
<li>Suitable for lacquering works in high temperatures</li>
<li>Adapts ideally to curved surfaces, edges and curves</li>
<li>Suitable for dry application only
</li></ul>

<span style=""font-weight: bold; color: #d7328a;"">Advantages:</span><br>
<ul><li>Tear-resistant and easily removable</li>
<li>Green-grey colour, reduced reflection</li>
<li>Suitable for the cutting plotter, easy to weed</li>
<li>Resistant to aggressive solvent based colours</li>
<li>Especially flexible stencil film</li>
<li>Ensures sharp and clear contours
</li></ul>

<span style=""font-weight: bold; color: #d7328a;"">Technical Information:</span>
<ul><a href=""media/ecom/pdfs/datasheets/PremiumMask_ASLAN_85K_e.pdf"" target=""_blank""><img
style=""border: 0px solid ; width: 200px; height: 60px;"" alt=""Aslan 85K Datasheet""
src=""media/ecom/onpagegraphics/Datasheet.png""></a></ul>

<p style=""font-weight: bold; font-size: 0.9em;"">Prices shown are per linear metre at 1250mm wide</p>
</body>

</html>","ASLAN_85K.jpg","ASLAN_85K.jpg","INVITEMS","DEFAULT-85K1250-DEFAULT-85K1250","","","0","0","0","","1","REGONLY","0","0","0","0","","","","SELECT","SELECT","0","","","","","0","0","","income-service","","","0","0","","","","","Aslan_85K","Aslan_85K","","","0","85K0625, EZ_Weeder, Weeding_Tweezers, Masking_Tape_50mm, 900EMT1220, 3M_Gold_Squeegee, Aslan_Red_Devil_Squeegee, Aslan_Squeegee, Olfa_X_Design_Heavy_Duty_Knife, Olfa_Graphic_Cutter","EZ_Weeder, Weeding_Tweezers, Masking_Tape_50mm, 900EMT1220, 3M_Gold_Squeegee, Aslan_Red_Devil_Squeegee, Aslan_Squeegee, Olfa_X_Design_Heavy_Duty_Knife, Olfa_Graphic_Cutter","A","","","","","","","","","","","","","","","ASLAN-85K-Stencil-Film-1250mm","0","aslan, 85k, stencil, mask, paintmask, paint mask, spraymask, spray mask","","ASLAN 85K stencil film is flexible and conformable making it suitable for spraying and painting.  Easy to cut and weed, tear-resistant and easily removable. Prices per linear metre","1545304890","0","","0","","CHECKBOX"
"8774_Light_Onyx","Light Onyx","8774","Ritrama","8","11","DEFAULT","","","","","0","Light Onyx Gemstone Metallic self-adhesive vinyl","Light Onyx Gemstone Metallic self-adhesive vinyl","8774-Light-Onyx.png","8774-Light-Onyx.png","INVITEMS","DEFAULT-8774_Light_Onyx-DEFAULT-8774_Light_Onyx","","","0","0","0","","1","REGONLY","0","0","0","0","","","","SELECT","SELECT","0","","","","","0","0","","income-service","","","0","0","","","","","Gemstone","Gemstone","","","0","","","A","","","","","","","","","","","","","","","","0","gemstone, metallic, ritrama, 640","","","","0","","0","",""
"900EMT1220","900E Medium Tack Paper Application Tape. Roll size 1220mm x 91.4m","900E","Doro_Tape","60","120","DEFAULT","","","","","0","900E is an excellent value medium tack application tape suitable for all medium to large sized graphics and lettering. Ideal for wet or dry applications.












","<html>

<head><title>900E Application Tape</title>

<style>
.responsive {
  width: 20%;
  height: auto;
}
</style>

</head>
<body>

<img src=""media/ecom/onpagegraphics/Natural_Choice.png"" alt=""Natural Choice Logo"" class=""responsive"">

<p>900E is an excellent value medium tack application tape suitable for all medium to large sized graphics and lettering. Ideal for wet or dry applications.</p>

<span style=""font-weight: bold; color: #d7328a;"">Structure:</span><br>
<ul><li>100<span>&#181;</span>m Paper</li>
<li>Medium tack rubber based adhesive</li>
</ul>

<span style=""font-weight: bold; color: #d7328a;"">Suitability:</span><br>
<ul><li>Excellent choice for medium to large graphics</li>
<li>Perfect for wet application but can be used dry if preferred</li>
<li>Adequate adhesion to gloss signmaking vinyl</li>
</ul>

<span style=""font-weight: bold; color: #d7328a;"">Advantages:</span><br>
<ul><li>Standard grade paper is easy to handle and has a smooth finish</li>
<li>Can be cut with a knife or torn by hand</li>
<li>Pulls apart easily without stringing if the tape accidentally folds onto itself</li>
<li>Unwinds effortlessly all the way to the core</li>
<li>Translucent when applied to graphics to aid application</li>
<li>Easily removes in one piece</li><br>
<img style=""border: 0px solid ; width: 50px; height: 50px; alt=""reward points logo""
src=""media/ecom/onpagegraphics/Reward_Logo.png""><span style=""font-weight: bold; color: #ef7d00;"">Earn Reward Points every time you buy this product</span></ul>

<a ><img style=""border: 0px solid ; width: 50px; height: 50px;"" alt=""fyi""
src=""media/ecom/onpagegraphics/FYI.png""></a>
<p style=""color:rgb(244,7,138)""><i>Did you know that our cut service is free of charge - just enter your cut sizes in the box below</i></p>
<br>

<p><a href=""https://www.dorotape.co.uk/Article/Application-Tape"" target=""_blank""><img style=""border: 0px solid ; width: 50px; height: 50px;"" alt=""link to our blog""
src=""media/ecom/onpagegraphics/Blog.png"">
<span style=""color:#d7328a""><b>Learn more about the different types of Application Tape by reading about it in our Blog</b></a></span></p>
<br>

<span style=""font-weight: bold; color: #d7328a;"">Technical Information:</span><br>
<ul>
<a href=""media/ecom/pdfs/datasheets/900E-Application-Tape.pdf"" target=""_blank""><img style=""border: 0px solid ; width: 200px; height: 60px;"" alt=""900E Application Tape Datasheet""
src=""media/ecom/onpagegraphics/Datasheet.png""></a>
<a href=""https://www.dorotape.co.uk/Item/900EMTPART""><img
style=""border: 0px solid ; width: 200px; height: 60px; float: right;"" alt=""pdf""
src=""media/ecom/onpagegraphics/Measure.png""></a></ul>

<p style=""font-weight: bold; font-size: 0.9em;"">Prices shown are per 91.4 metre roll at 1220mm wide</p>
</body>

</html>","900E.jpg","900E.jpg","INVITEMS","DEFAULT-900EMT1220-DEFAULT-900EMT1220","","","0","0","0","","1","REGONLY","0","0","0","0","","","","SELECT","SELECT","0","","","","","0","0","","income-service","","","0","0","","","","","Paper_Application_Tape","Paper_Application_Tape","","","0","APPFLUID, 908HT1220, 4075CT1220, 3M_Gold_Squeegee, Aslan_Red_Devil_Squeegee, Olfa_X_Design_Heavy_Duty_Knife, Olfa_Graphic_Cutter, Masking_Tape_25mm, Blue_Masking_Tape_50mm","3M_Gold_Squeegee, Aslan_Red_Devil_Squeegee, Olfa_X_Design_Heavy_Duty_Knife, Olfa_Graphic_Cutter, Masking_Tape_25mm, Blue_Masking_Tape_50mm","A","","","","","","","","","","","","","","","900E-Paper-Application-Tape","0","application tape, transfer tape, paper application tape, perfect tear, appo tape, 900e, perfect tear, perfecttear, masking tape












","","","1490355700","0","","0","","CHECKBOX"
"900EMTPART","900E Medium Tack Application Tape :: Part Roll","900E","Doro_Tape","10","0","DEFAULT","","","","","0","900E Medium Tack Application Tape :: Part Roll Service. Prices per roll
","Don't want a full roll?  No problem just buy what you need here.<br>
<br>
Other widths available. Please <a href=""https://www.dorotape.co.uk/Contact-Us""><font color=""#d7328a""><b>contact us</a></b></font> for details.","900E.jpg","900E.jpg","INVITEMS","DEFAULT-900EMTPART-DEFAULT-900EMTPART","","","0","0","0","","1","REGONLY","0","0","0","0","","","","SELECT","SELECT","0","","","","","0","0","","income-service","","","0","0","","","","","Application-Tape","","","","0","3M_Gold_Squeegee, Aslan_Red_Devil_Squeegee, Olfa_X_Design_Heavy_Duty_Knife, Olfa_Graphic_Cutter, Masking_Tape_25mm, Blue_Masking_Tape_50mm","3M_Gold_Squeegee, Aslan_Red_Devil_Squeegee, Olfa_X_Design_Heavy_Duty_Knife, Olfa_Graphic_Cutter, Masking_Tape_25mm, Blue_Masking_Tape_50mm","A","","","","","","","","","","","","","","","","0","application tape, transfer tape, paper application tape, perfect tear, appo tape, 900e, perfect tear, perfecttear, masking tape, aplitape, ","","","1506344238","0","","0","","CHECKBOX"
"903C1220","903 Medium Tack Clear Filmic Application Tape","903","Doro_Tape","10","115","DEFAULT","","","","","0","903 is a medium tack filmic application tape comprises of a transparent LDPE film coated with an acrylic adhesive. It has very good clarity and will lay flat when applied to vinyl decals. Suitable for most general signage work. Roll size: 1220mm x 100yds","<html>

<head><title>903 Application Tape</title></head>
<body>
<p>903 is a medium tack clear filmic application tape suitable for dry application of small to medium sized graphics.</p>

<span style=""font-weight: bold; color: #d7328a;"">Structure:</span><br>
<ul><li>110<span>&#181;</span>m Transparent LDPE (Low density polyethylene)</li>
<li>Medium tack acrylic adhesive</li>
</ul>

<span style=""font-weight: bold; color: #d7328a;"">Suitability:</span><br>
<ul><li>Excellent transparency for easy alignment</li>
<li>Excellent choice for small to medium sized graphics and lettering</li>
<li>Perfect when overlaying multiple layers</li>
<li>Dry use only</li>
<li>Lays flat when applied to graphics
</li></ul>

<span style=""font-weight: bold; color: #d7328a;"">Advantages:</span><br>
<ul><li>Very easy to handle and has a smooth finish</li>
<li>Strong initial tack to all types of vinyl and film</li>
<li>Excellent transparency for easy alignment</li>
<li>Cuts with knife or scissors</li>
<li>Unwinds effortlessly all the way to the core</li>
<li>The adhesive is coated in a way to eliminate static during handling</li>
<li>Wrinkle free application</li>
<li>Easily removes in one piece without leaving any residue</li><br>
<img style=""border: 0px solid ; width: 50px; height: 50px; alt=""reward points logo""
src=""media/ecom/onpagegraphics/Reward_Logo.png""><span style=""font-weight: bold; color: #ef7d00;"">Earn Reward Points every time you buy this product</span></ul>

<a ><img style=""border: 0px solid ; width: 50px; height: 50px;"" alt=""fyi""
src=""media/ecom/onpagegraphics/FYI.png""></a>
<p style=""color: #d7328a""><i>Did you know that our cut service is free of charge - just enter your cut sizes in the box below</i></p>
<br>

<p><a href=""https://www.dorotape.co.uk/Article/Application-Tape"" target=""_blank""><img style=""border: 0px solid ; width: 50px; height: 50px;"" alt=""link to our blog""
src=""media/ecom/onpagegraphics/Blog.png"">
<span style=""color: #d7328a""><b>Learn more about the different types of Application Tape by reading about it in our Blog</b></a></span></p>
<br>

<span style=""font-weight: bold; color: #d7328a;"">Technical Information:</span><br>
<ul>
<a href=""media/ecom/pdfs/datasheets/903-Application-Tape.pdf"" target=""_blank""><img style=""border: 0px solid ; width: 200px; height: 60px;"" alt=""903 Application Tape Datasheet""
src=""media/ecom/onpagegraphics/Datasheet.png""></a>
<a href=""https://www.dorotape.co.uk/Item/903CPART""><img
style=""border: 0px solid ; width: 200px; height: 60px; float: right;"" alt=""903 Part Rollsf"" src=""media/ecom/onpagegraphics/Measure.png""></a></ul>
<p style=""font-weight: bold; font-size: 0.9em;"">Prices shown are per 100yd roll at 1220mm wide</p>
</body>
</html>","903.png","903.png","INVITEMS","DEFAULT-903C1220-DEFAULT-903C1220","","","0","0","0","","1","REGONLY","0","0","0","0","","","","SELECT","SELECT","0","","","","","0","0","","income-service","","","0","0","","","","","Clear_Application_Tape","Clear_Application_Tape","","","0","3M_Gold_Squeegee, Aslan_Red_Devil_Squeegee, Olfa_X_Design_Heavy_Duty_Knife, Olfa_Graphic_Cutter, Masking_Tape_25mm, Blue_Masking_Tape_50mm","3M_Gold_Squeegee, Aslan_Red_Devil_Squeegee, Olfa_X_Design_Heavy_Duty_Knife, Olfa_Graphic_Cutter, Masking_Tape_25mm, Blue_Masking_Tape_50mm","A","","","","","","","","","","","","","","","903-Application-Tape","0","application tape, transfer tape, app tape, pt100, 903
","","903 is a medium tack filmic application tape comprises of a transparent LDPE film coated with an acrylic adhesive. It has very good clarity and will lay flat when applied to vinyl decals. Suitable for most general signage work. Dry apply only.","1490356216","0","","0","","CHECKBOX"
"903CPART","903 Clear 100 micron Application Tape :: Part Roll","903","Doro_Tape","10","0","DEFAULT","","","","","0","903 Clear 100 micron Application Tape :: Part Roll Service. Prices per roll","Don't want a full roll?  No problem just buy what you need here.<br>
<br>
Other widths available. Please <a href=""https://www.dorotape.co.uk/Contact-Us""><font color=""#d7328a""><b> contact us</a></b></font> for details.
","903.png","903.png","INVITEMS","DEFAULT-903CPART-DEFAULT-903CPART","","","0","0","0","","1","REGONLY","0","0","0","0","","","","SELECT","SELECT","0","","","","","0","0","","income-service","","","0","0","","","","","Application-Tape","","","","0","3M_Gold_Squeegee, Aslan_Red_Devil_Squeegee, Olfa_X_Design_Heavy_Duty_Knife, Olfa_Graphic_Cutter, Masking_Tape_25mm, Blue_Masking_Tape_50mm","3M_Gold_Squeegee, Aslan_Red_Devil_Squeegee, Olfa_X_Design_Heavy_Duty_Knife, Olfa_Graphic_Cutter, Masking_Tape_25mm, Blue_Masking_Tape_50mm","A","","","","","","","","","","","","","","","","0","application tape, transfer tape, app tape, pt100, 903, part roll, ","","","1506344330","0","","0","","CHECKBOX"
"90521260","Doro 9052 White Matt Magnetic Vinyl :: 1260mm x 10m","9052","Doro_Tape","25","129","DEFAULT","","","","","0","9052 is a thinner 0.6mm and very flexible white matt magnetic vinyl with a holding force of 28g/cm2. Perfect for interchangable displays in retail POS, advertising promotions and other temporary signage. Fire Rated to Euroclass DIN EN 13501-1:2019-05 with classification B-s1-d0 so perfect for public spaces. Price is per roll.

","<html>

<head><title>Doro 9052 White Matt Magnetic Vinyl - 1260mm Wide</title>
</head>
<body>


<p>9052 is a thin and very flexible white matt magnetic vinyl with a holding force of 28g/cm2.  Fire Rated to Euroclass DIN EN 13501-1:2019-05 with classification B-s1-d0.</p>


<span style=""font-weight: bold; color: #d7328a;"">Structure:</span>
<ul><li>0.6mm flexible magnetic sheet with matt white PVC face</li>
<li>Magnetic sheeting has durable UV coating on the reverse</li>
<li>28g/cm&sup2; magnetic pull
</li></ul>

<span style=""font-weight: bold; color: #d7328a;"">Suitability:</span>
<ul><li>Suitable for internal applications</li>
<li>Perfect for interchangable displays in retail POS and advertising promotions</li>
<li>Ideal for in-store fridge and freezer advertising</li>
<li>Suitable for temporary signage where a strong magnetic attraction is required</li>
<li>Digitally printable for stunning all-in-one magnetic solutions
</li></ul>

<span style=""font-weight: bold; color: #d7328a;"">Advantages:</span>
<ul><li>Magnetic holding strength does not reduce over time</li>
<li>Can be quickly removed and re-applied again and again</li>
<li>Easy to cut with scissors, knives or die-cutting</li>
<li>Matt finish for reflection and glare free in-store advertising</li>
<li>Fire Rated to Euroclass DIN EN 13501-1:2019-05 with classification B-s1-d0
</li></ul>

<span style=""font-weight: bold; color: #d7328a;"">Ink Compatibility:</span><br>
<ul>
<img style=""margin: 0px 5px 0px 0px; width: 22px; height: 37px;"" alt=""Eco-Sol Ink""
src=""media/ecom/onpagegraphics/Ink-EcoSol.png"">Eco-solvent &nbsp;&nbsp;
<img style=""margin: 0px 5px 0px 0px; width: 22px; height: 37px;"" alt=""UV Ink""
src=""media/ecom/onpagegraphics/Ink-UV.png"">UV</ul>

<span style=""font-weight: bold; color: #d7328a;"">Technical Information:</span><br><br>
<ul>
<a href=""media/ecom/pdfs/datasheets/9000-series-magnetic.pdf"" target=""_blank""><img
style=""border: 0px solid ; width: 200px; height: 60px;"" alt=""9052 Magnetic Datasheet""
src=""media/ecom/onpagegraphics/Datasheet.png""></a>
<a href=""media/ecom/pdfs/firecertificates/EN 13501-1_9052_Magnetic_class B-s1 d0.pdf"" target=""_blank""><img
style=""border: 0px solid ; width: 200px; height: 60px;"" alt=""9052 Magnetic Fire Certificate""
src=""media/ecom/onpagegraphics/Fire.png""></a></ul>

<p><a href=https://www.dorotape.co.uk/Article/MagvFerro target=""_blank""><img style=""border: 0px solid ; width: 50px; height: 50px;"" alt=""link to our blog""
src=""media/ecom/onpagegraphics/Blog.png""></p>
<span style=""color:#d7328a""><b>Learn more about magnetic vinyl and ferrous film by reading about it in our Blog</b></span></a></p>


<p style=""font-weight: bold; font-size: 0.9em;"">Prices shown are per 10 metre roll at 1260mm wide</p>

</body>

</html>","9052_Magnetic.jpg","9052_Magnetic.jpg","INVITEMS","DEFAULT-90521260-DEFAULT-90521260","","","0","0","0","","1","REGONLY","0","0","0","0","","","","SELECT","SELECT","0","","","","","0","0","","income-service","","","0","0","","","","","Magnetic_Ferrous","Magnetic_Ferrous, Digital_Print_Magnetic_Ferrous","","","0","FF4001000","","A","","ADHESIVE_NON","GRADE_MAGNETIC","SUITABILITY_FLAT, SUITABILITY_VEHICLE","","","","","","","","","","","9052-Matt-Magnetic-1260mm","0","Magnetic, magnet, printable, mag, matt white mag, gloss magnetic, 9052, 90521260, 1260mm, 1270mm, 0.6, 0.6mm, ","","","1517574146","0","","0","","CHECKBOX"
"90561270","Doro 9056 Magnetic Vinyl :: 1270mm x 30m","9056","Doro_Tape","30","263","DEFAULT","","","","","0","Doro 9056 is a 0.3mm white matt PET (PVC Free) magnetic film used to produce easily changeable graphics and displays. Being lighter and wider than traditional magnetic vinyl it reduces transport costs and speeds up fitting. Price per roll.


","<html>

<head><title>Doro 9056 Magnetic Vinyl - 1270mm x 30m</title>
</head>
<body>


<p>Doro 9056 is a 0.3mm white matt PET (PVC Free) magnetic film used to produce easily changeable graphics and displays. Being lighter and wider than traditional magnetic vinyl it reduces transport costs and speeds up fitting.</p>


<span style=""font-weight: bold; color: #d7328a;"">Structure:</span>
<ul><li>0.3mm flexible magnetic sheet</li>
<li>8-10g/cm&sup2; magnetic pull - Magnetic sheeting has a durable UV coating on the reverse
</li></ul>

<a><img style=""border: 0px solid ; width: 75px; height: 75px; float: right;"" alt=""pvc free""
src=""media/ecom/onpagegraphics/PVC_free_logo.png""></a>

<span style=""font-weight: bold; color: #d7328a;"">Suitability:</span>
<ul><li>Suitable for internal applications</li>
<li>Flexible material for smooth flat surfaces and slightly curved panels</li>
<li>Suitable for retail POS, posters and other signage where a magnetic surface is required</li>
<li>Use in conjunction with a self-adhesive ferrous film such as <a href=""https://www.dorotape.co.uk/Item/ASLAN-Ferrosoft-FF410-1370"" target=""_blank""><font color=""#d7328a""><b>ASLAN FF410</b></font></a> for quick-change graphics and promotion
</li></ul>

<span style=""font-weight: bold; color: #d7328a;"">Advantages:</span>
<ul><li>Magnetic holding strength does not reduce over time</li>
<li>Magnetic side has UV coating to protect material in-situ</li>
<li>Recyclable and eco-friendly PET surface</li>
<li>Easy to cut with scissors, knives or die-cutting</li>
<li>Suitable for UV & Latex printing</li>
<li>Lighter and wider than traditional magnetic vinyl - reducing transport costs and speeds up handling and fitting
</li></ul>

<span style=""font-weight: bold; color: #d7328a;"">Ink Compatibility:</span><br>
<ul>
<img style=""margin: 0px 5px 0px 0px; width: 22px; height: 37px;"" alt=""UV Ink""
src=""media/ecom/onpagegraphics/Ink-UV.png"">UV
<img style=""margin: 0px 5px 0px 0px; width: 22px; height: 37px;"" alt=""Latex Ink""
src=""media/ecom/onpagegraphics/Ink-Latex.png"">Latex</ul>


<span style=""font-weight: bold; color: #d7328a;"">Technical Information:</span><br>
<ul>
<a href=""media/ecom/pdfs/datasheets/9056_0.3mm_Magnetic.pdf"" target=""_blank""><img
style=""border: 0px solid ; width: 200px; height: 60px;"" alt=""9056 Magnetic Datasheet""
src=""media/ecom/onpagegraphics/Datasheet.png""></a>

</ul>

<p><a href=https://www.dorotape.co.uk/Article/MagvFerro target=""_blank""><img style=""border: 0px solid ; width: 50px; height: 50px;"" alt=""link to our blog""
src=""media/ecom/onpagegraphics/Blog.png""></p>
<span style=""color:#d7328a""><b>Learn more about magnetic vinyl and ferrous film by reading about it in our Blog</b></span></a></p>

<p style=""font-weight: bold; font-size: 0.9em;"">Prices shown are per 30 metre roll at 1270mm wide</p>

</body>

</html>


","9056_Magnetic.jpg","9056_Magnetic.jpg","INVITEMS","DEFAULT-90561270-DEFAULT-90561270","","","0","0","0","","1","REGONLY","0","0","0","0","","","","SELECT","SELECT","0","","","","","0","0","","income-service","","","0","0","","","","","Magnetic_Ferrous","Magnetic_Ferrous, Digital_Print_Magnetic_Ferrous","","","0","FF4101370, Ferrous-Film, FF4101010","","A","","ADHESIVE_NON","GRADE_MAGNETIC","SUITABILITY_WALL_DECORATION, SUITABILITY_FLAT","","","","","","","","","","","Doro-9056","0","magnetic, magnet, magnet vinyl, magnetic vinyl, 9056, doro 9056, dorotape 9056, 0.3mm magnet, 0.3mm magnetic, PET, PET magnetic, PET magnet, printable magnet, printable magnetic, printable PET, matt white, PET printable magnet, PET printable magnetic","","","1738590890","0","","0","","CHECKBOX"
"907CT1220","907 Medium Tack Clear Filmic Tearable Application Tape","907","Doro_Tape","40","119","DEFAULT","","","","","0","907 is an embossed PP film that will not stretch or curl making it suitable for use onto large graphics.  Suitable for all types of vinyl films, the adhesive level will not increase when applied to vinyl graphics for extended periods of time. Can be used for wet or dry application. Roll size: 1220mm x 91.4m","<html>

<head><title>907</title></head>
<body>
<p>907 is an embossed PP film that will not stretch or curl making it suitable for use onto large graphics.</p>

<span style=""font-weight: bold; color: #d7328a;"">Structure:</span><br>
<ul><li>110<span>&#181;</span>m PP (Polypropylene)</li>
<li>Medium tack acrylic adhesive
</li></ul>

<span style=""font-weight: bold; color: #d7328a;"">Suitability:</span><br>
<ul><li>Suitable for all types of vinyl films</li>
<li>Excellent transparency for easy alignment</li>
<li>Excellent choice for small to medium sized graphics and lettering</li>
<li>Perfect when overlaying multiple layers</li>
<li>Can be used for wet or dry application</li>
<li>Lays flat when applied to graphics
</li></ul>

<span style=""font-weight: bold; color: #d7328a;"">Advantages:</span><br>
<ul><li>Very easy to unwind from the roll due to embossed (orange peel like) surface</li>
<li>Strong initial tack to all types of vinyl and film</li>
<li>Will not curl or stretch</li>
<li>Excellent transparency for easy alignment</li>
<li>The adhesive level will not increase when applied to vinyl graphics for extended periods of time</li>
<li>Cuts with knife or scissors and can be hand torn in one direction</li>
<li>Unwinds effortlessly all the way to the core</li>
<li>The adhesive is coated in a way to eliminate static during handling</li>
<li>Wrinkle free application</li>
<li>Easily removes in one piece without leaving any residue</li><br>
<img style=""border: 0px solid ; width: 50px; height: 50px; alt=""reward points logo""
src=""media/ecom/onpagegraphics/Reward_Logo.png""><span style=""font-weight: bold; color: #ef7d00;"">Earn Reward Points every time you buy this product</span></ul>

<a><img style=""border: 0px solid ; width: 50px; height: 50px;"" alt=""fyi""
src=""media/ecom/onpagegraphics/FYI.png""></a>
<p style=""color: #d7328a""><i>Did you know that our cut service is free of charge - just enter your cut sizes in the box below</i></p>
<br>

<p><a href=""https://www.dorotape.co.uk/Article/Application-Tape"" target=""_blank""><img style=""border: 0px solid ; width: 50px; height: 50px;"" alt=""link to our blog""
src=""media/ecom/onpagegraphics/Blog.png"">
<span style=""color: #d7328a""><b>Learn more about the different types of Application Tape by reading about it in our Blog</b></span></a></p>
<br>

<span style=""font-weight: bold; color: #d7328a;"">Technical Information:</span><br>
<ul>
<a href=""media/ecom/pdfs/datasheets/907-Application-Tape.pdf"" target=""_blank""><img style=""border: 0px solid ; width: 200px; height: 60px;"" alt=""907 Application Tape Datasheet""
src=""media/ecom/onpagegraphics/Datasheet.png""></a></ul>
<p style=""font-weight: bold; font-size: 0.9em;"">Prices shown are per 91.4 metre roll at 1220mm wide</p>
</body>
</html>","907.png","907.png","INVITEMS","DEFAULT-907CT1220-DEFAULT-907CT1220","","","0","0","0","","1","REGONLY","0","0","0","0","","","","SELECT","SELECT","0","","","","","0","0","","income-service","","","0","0","","","","","Clear_Application_Tape","Clear_Application_Tape","","","0","3M_Gold_Squeegee, Aslan_Red_Devil_Squeegee, Olfa_X_Design_Heavy_Duty_Knife, Olfa_Graphic_Cutter, Masking_Tape_25mm, Blue_Masking_Tape_50mm","3M_Gold_Squeegee, Aslan_Red_Devil_Squeegee, Olfa_X_Design_Heavy_Duty_Knife, Olfa_Graphic_Cutter, Masking_Tape_25mm, Blue_Masking_Tape_50mm","A","","","","","","","","","","","","","","","907-Application-Tape","0","application tape, application, 907, app tape, backing tape, poli tape pt160, pt160, embossed","","907 is an embossed PP film that will not stretch or curl making it suitable for use onto large graphics.  Suitable for all types of vinyl films, the adhesive level will not increase when applied to vinyl graphics for extended periods of time.  Can be used dry or wet.","1490356316","0","","0","","CHECKBOX"
"908HT1220","908 Medium/High Tack Paper Application Tape. Roll size 1220mm x 91.4m","908","Doro_Tape","70","120","DEFAULT","","","","","0","908 application tape is coated with a high tack adhesive and is suitable for all small to medium sized graphics and is the preferred choice for signshops using reflective vinyl. Ideal for wet or dry applications.












","<html>

<head><title>908 Application Tape</title>

<style>
.responsive {
  width: 20%;
  height: auto;
}
</style>

</head>
<body>

<img src=""media/ecom/onpagegraphics/Natural_Choice.png"" alt=""Natural Choice Logo"" class=""responsive"">

<p>908 application tape is coated with a high tack adhesive and is suitable for all small to medium sized graphics and is the preferred choice for signshops using reflective vinyl. Ideal for wet or dry applications.</p>

<span style=""font-weight: bold; color: #d7328a;"">Structure:</span><br>
<ul><li>100<span>&#181;</span> Paper</li>
<li>High tack rubber based adhesive
</li></ul>

<span style=""font-weight: bold; color: #d7328a;"">Suitability:</span><br>
<ul><li>Excellent choice for small to medium sized graphics</li>
<li>Perfect for wet application but can be used dry if preferred</li>
<li>Preferred choice for signshops using reflective vinyl</li>
<li>Adequate adhesion to gloss and matt signmaking vinyl
</li></ul>

<span style=""font-weight: bold; color: #d7328a;"">Advantages:</span><br>
<ul><li>Standard grade paper is easy to handle and has a smooth finish</li>
<li>Can be cut with a knife or torn by hand</li>
<li>Pulls apart easily without stringing if the tape accidentally folds onto itself</li>
<li>Unwinds effortlessly all the way to the core</li>
<li>Translucent when applied to graphics to aid application</li>
<li>Easily removes in one piece</li><br>
<img style=""border: 0px solid ; width: 50px; height: 50px; alt=""reward points logo""
src=""media/ecom/onpagegraphics/Reward_Logo.png""><span style=""font-weight: bold; color: #ef7d00;"">Earn Reward Points every time you buy this product</span></ul>

<a><img style=""border: 0px solid ; width: 50px; height: 50px;"" alt=""fyi""
src=""media/ecom/onpagegraphics/FYI.png""></a>
<p style=""color:rgb(244,7,138)""><i>Did you know that our cut service is free of charge - just enter your cut sizes in the box below</i></p>
<br>

<p><a href=""https://www.dorotape.co.uk/Article/Application-Tape"" target=""_blank""><img style=""border: 0px solid ; width: 50px; height: 50px;"" alt=""link to our blog""
src=""media/ecom/onpagegraphics/Blog.png"">
<span style=""color:#d7328a""><b>Learn more about the different types of Application Tape by reading about it in our Blog</b></span></a></p>
<br>

<span style=""font-weight: bold; color: #d7328a;"">Technical Information:</span><br>
<ul>
<a href=""media/ecom/pdfs/datasheets/908-Application-Tape.pdf"" target=""_blank""><img style=""border: 0px solid ; width: 200px; height: 60px;"" alt=""908 Application Tape Datasheet""
src=""media/ecom/onpagegraphics/Datasheet.png""></a></ul>

<p style=""font-weight: bold; font-size: 0.9em;"">Prices shown are per 91.4 metre roll at 1220mm wide</p>

</body>

</html>","908.jpg","908.jpg","INVITEMS","DEFAULT-908HT1220-DEFAULT-908HT1220","","","0","0","0","","1","REGONLY","0","0","0","0","","","","SELECT","SELECT","0","","","","","0","0","","income-service","","","0","0","","","","","Paper_Application_Tape","Paper_Application_Tape","","","0","APPFLUID, 3M_Gold_Squeegee, Aslan_Red_Devil_Squeegee, Olfa_X_Design_Heavy_Duty_Knife, Olfa_Graphic_Cutter, Masking_Tape_25mm, Blue_Masking_Tape_50mm","3M_Gold_Squeegee, Aslan_Red_Devil_Squeegee, Olfa_X_Design_Heavy_Duty_Knife, Olfa_Graphic_Cutter, Masking_Tape_25mm, Blue_Masking_Tape_50mm","A","","","","","","","","","","","","","","","908-Paper-Application-Tape","0","app tape, application tape, transfer tape, perfect tear, transfer tape













","","","1490355838","0","","0","","CHECKBOX"
"AA14_Original_Oak","AA14 Original Oak","Cover Styl' AA14","Cover_Styl","30","25","DEFAULT","","","","","0","Cover Styl' AA14 Original Oak self-adhesive wood film. Buy it by the metre.

","<html>
<head>
<title>Cover Styl' AA14 Original Oak</title></head>
<body>
<p><img style=""height: 76px; width: 300px;"" alt=""Cover Styl' logo""
src=""media/ecom/onpagegraphics/Coverstyl_Logo.png""></p>
<span style=""font-weight: bold; color: #588ec6;"">SUITABILITY:</span>
<p>This product is designed for interior application only and offers exceptional resistance to water, dirt, abrasion, UV rays and wear (yellowing, cracking, scaling, delamination). </p>
<span style=""font-weight: bold; color: #588ec6;"">MATERIAL CHARACTERISTICS:</span>
<ul><li>Grade: Polymeric</li>
<li>Thickness: 250 micron</li>
<li>Adhesive: Easy Apply Air Release</li>
<li>Appearance: Matt</li>
<li>Stretchable: Yes</li>
<li>Scratch Proof: Low</li>
</ul>
<p>Prices shown are per linear metre at 1220mm wide</p>
</body>
</html>","AA14_Original_Oak.jpg","AA14_Original_Oak.jpg, AA14_Original_Oak_Store.jpg","INVITEMS","DEFAULT-AA14_Original_Oak-DEFAULT-AA14_Original_Oak","","","0","0","0","","1","REGONLY","0","0","0","0","","","","SELECT","SELECT","0","","","","","0","0","","income-service","","","0","0","","","","","Cover_Styl_Wood","Cover_Styl_Wood","","","0","Olfa_Graphic_Cutter, Olfa_X_Design_Heavy_Duty_Knife, Lint-Free-Gloves, Masking_Tape_25mm, Aslan_Squeegee, Swann_Morton_3_Handle, Swann_Morton_10A_Blades, Lint-Free-Cloths, Heavy-Duty-Application-Roller, Rollepro, 4075CT1220, Cover-Styl-Colour-Selector-Box","Olfa_Graphic_Cutter, Olfa_X_Design_Heavy_Duty_Knife, Lint-Free-Gloves, Masking_Tape_25mm, Aslan_Squeegee, Swann_Morton_3_Handle, Swann_Morton_10A_Blades, Lint-Free-Cloths, Heavy-Duty-Application-Roller, Rollepro, 4075CT1220, Cover-Styl-Colour-Selector-Box","A","superuser","ADHESIVE_SEMI_PERMANENT","GRADE_POLYPROPYLENE","","","","","","","","","","","","Cover-Styl'-AA14-Original-Oak","0","coverstyle, cover style, cover styl, cover styl'


","","","1626966315","0","","0","","CHECKBOX"
"AA15_Grey_Line_Oak_Structured","AA15 Grey Line Oak","Cover Styl' AA15","Cover_Styl","40","25","DEFAULT","","","","","0","Cover Styl' AA15 Grey Line Oak self-adhesive wood film. Buy it by the metre.

","<html>
<head>
<title>Cover Styl' AA15 Grey Line Oak</title></head>
<body>
<p><img style=""height: 76px; width: 300px;"" alt=""Cover Styl' logo""
src=""media/ecom/onpagegraphics/Coverstyl_Logo.png""></p>
<span style=""font-weight: bold; color: #588ec6;"">SUITABILITY:</span>
<p>This product is designed for interior application only and offers exceptional resistance to water, dirt, abrasion, UV rays and wear (yellowing, cracking, scaling, delamination). </p>
<span style=""font-weight: bold; color: #588ec6;"">MATERIAL CHARACTERISTICS:</span>
<ul><li>Grade: Polymeric</li>
<li>Thickness: 250 micron</li>
<li>Adhesive: Easy Apply Air Release</li>
<li>Appearance: Matt</li>
<li>Stretchable: Yes</li>
<li>Scratch Proof: Average</li>
</ul>
<p>Prices shown are per linear metre at 1220mm wide</p>
</body>
</html>","AA15_Grey_Line_Oak_Structured.jpg","AA15_Grey_Line_Oak_Structured.jpg, AA15_Grey_Line_Oak_Structured_Bar.jpg","INVITEMS","DEFAULT-AA15_Grey_Line_Oak_Structured-DEFAULT-AA15_Grey_Line_Oak_Structured","","","0","0","0","","1","REGONLY","0","0","0","0","","","","SELECT","SELECT","0","","","","","0","0","","income-service","","","0","0","","","","","Cover_Styl_Wood","Cover_Styl_Wood","","","0","Olfa_Graphic_Cutter, Olfa_X_Design_Heavy_Duty_Knife, Lint-Free-Gloves, Masking_Tape_25mm, Aslan_Squeegee, Swann_Morton_3_Handle, Swann_Morton_10A_Blades, Lint-Free-Cloths, Heavy-Duty-Application-Roller, Rollepro, 4075CT1220, Cover-Styl-Colour-Selector-Box","Olfa_Graphic_Cutter, Olfa_X_Design_Heavy_Duty_Knife, Lint-Free-Gloves, Masking_Tape_25mm, Aslan_Squeegee, Swann_Morton_3_Handle, Swann_Morton_10A_Blades, Lint-Free-Cloths, Heavy-Duty-Application-Roller, Rollepro, 4075CT1220, Cover-Styl-Colour-Selector-Box","A","superuser","ADHESIVE_SEMI_PERMANENT","GRADE_POLYPROPYLENE","","","","","","","","","","","","Cover-Styl-AA15-Grey-Line-Oak","0","coverstyle, cover style, cover styl, cover styl'


","","","1626966893","0","","0","","CHECKBOX"
"AB","A Board","AB1","DEFAULT","10","92","DEFAULT","","","","","0","Tried & tested classic A Board with aluminium panels.
","<html>
<title>A Board</title>

<head>
Tried and tested A-Board with aluminium panels.
</head>
<body>

<ul>
  <li>White powder coated 32mm diameter steel tube frame construction</li>
  <li>Aluminium panels are ideal for vinyl graphic application as well as screen and digital print</li>
  <li>Folds flat for easy storage and portability</li>
  <li>Chrome oval chain maintains optimum leg angle</li>
  <li>Rounded corners for style and safety</li>
<li>Supplied pre-assembled</li></ul>
<br>


<style>
/* mouse over link */
a:hover {
  color: white;
}

#data {
    border-collapse: collapse;
    width: 100%;
}

#data td, #customers th {
    border: 1px solid #525252;
    padding: 5px;
}

#data tr:nth-child(even){background-color: #cccccc;}

#data tr:hover {background-color: #009ee3; color: white;}

#data th {
    padding-top: 5px;
    padding-bottom: 5px;
    text-align: left;
    background-color: #525252;
    color: white;
}

.responsive {
  width: 100%;
  height: auto;
}
</style>
<table id=""data"">
  <tr>
    <td><b>Graphic area (W x H)</b></td>
    <td>500mm x 700mm</td>
    </tr>
  <tr>
    <td><b>Overall dimensions (W x H x D)</b></td>
    <td>564mm x 860mm x 700mm</td>
    </tr>
  <tr>
    <td><b>Frame colour</b></td>
    <td>White</td>
    </tr>
  <tr>
    <td><b>Panel colour</b></td>
    <td>White</td>
    </tr>
  <tr>
    <td><b>Weight</b></td>
    <td>9kg</td>
    </tr>
</table>
</body>
</html>","AB.jpg","AB.jpg","INVITEMS","DEFAULT-AB-DEFAULT-AB","","","0","0","0","","1","REGONLY","0","0","0","0","","","","SELECT","SELECT","0","","","","","0","0","","income-service","","","0","0","","","","","Pavement_Signs","Pavement_Signs","","","0","ABSM1, ABSW1, ABSW2","","A","superuser","","","","","","","","","","","","","","","0","a board, a, board, aluminium, standing board, display board, street sign, street board, street, pavement sign, sign, ","","","1538564052","0","","0","","CHECKBOX"
"AB05_Blue_Ebony","AB05 Blue Ebony","Cover Styl' AB05","Cover_Styl","50","25","DEFAULT","","","","","0","Cover Styl' AAB05 Blue Ebony self-adhesive wood film. Buy it by the metre.

","<html>
<head>
<title>Cover Styl' AB05 Blue Ebony</title></head>
<body>
<p><img style=""height: 76px; width: 300px;"" alt=""Cover Styl' logo""
src=""media/ecom/onpagegraphics/Coverstyl_Logo.png""></p>
<span style=""font-weight: bold; color: #588ec6;"">SUITABILITY:</span>
<p>This product is designed for interior application only and offers exceptional resistance to water, dirt, abrasion, UV rays and wear (yellowing, cracking, scaling, delamination). </p>
<span style=""font-weight: bold; color: #588ec6;"">MATERIAL CHARACTERISTICS:</span>
<ul><li>Grade: Polymeric</li>
<li>Thickness: 250 micron</li>
<li>Adhesive: Easy Apply Air Release</li>
<li>Appearance: Matt</li>
<li>Stretchable: Yes</li>
<li>Scratch Proof: Low</li>
</ul>
<p>Prices shown are per linear metre at 1220mm wide</p>
</body>
</html>","AB05_Blue_Ebony.jpg","AB05_Blue_Ebony.jpg, AB05_Blue_Ebony_Bathroom.jpg","INVITEMS","DEFAULT-AB05_Blue_Ebony-DEFAULT-AB05_Blue_Ebony","","","0","0","0","","1","REGONLY","0","0","0","0","","","","SELECT","SELECT","0","","","","","0","0","","income-service","","","0","0","","","","","Cover_Styl_Wood","Cover_Styl_Wood","","","0","Olfa_Graphic_Cutter, Olfa_X_Design_Heavy_Duty_Knife, Lint-Free-Gloves, Masking_Tape_25mm, Aslan_Squeegee, Swann_Morton_3_Handle, Swann_Morton_10A_Blades, Lint-Free-Cloths, Heavy-Duty-Application-Roller, Rollepro, 4075CT1220, Cover-Styl-Colour-Selector-Box","Olfa_Graphic_Cutter, Olfa_X_Design_Heavy_Duty_Knife, Lint-Free-Gloves, Masking_Tape_25mm, Aslan_Squeegee, Swann_Morton_3_Handle, Swann_Morton_10A_Blades, Lint-Free-Cloths, Heavy-Duty-Application-Roller, Rollepro, 4075CT1220, Cover-Styl-Colour-Selector-Box","A","superuser","ADHESIVE_SEMI_PERMANENT","GRADE_POLYPROPYLENE","","","","","","","","","","","","Cover-Styl'-AB05-Blue-Ebony","0","coverstyle, cover style, cover styl, cover styl'


","","","1626976464","0","","0","","CHECKBOX"
"ABBOOSTER","Booster","BOO","Doro_Tape","20","130","DEFAULT","","","","","0","Attractive poster A Board with semi circular header.
","<html>
<title>Booster</title>

<head>
Attractive poster A Board with semi circular header.
</head>
<body>

<ul>
  <li>White steel tube frame (25mm diameter) and steel back panels</li>
  <li>Double sided with additional header area – ideal for vinyl application</li>
  <li>Anti-glare PET poster covers with magnetic seals, excellent poster security and weather resistance </li>
  <li>Poster release: simply push poster cover out of frame via hidden release hole in back panel</li>
  <li>Locking side arms and protective feet ensure stability</li>
<li>Supplied pre-assembled</li></ul>
<br>


<style>
/* mouse over link */
a:hover {
  color: white;
}

#data {
    border-collapse: collapse;
    width: 100%;
}

#data td, #customers th {
    border: 1px solid #525252;
    padding: 5px;
}

#data tr:nth-child(even){background-color: #cccccc;}

#data tr:hover {background-color: #009ee3; color: white;}

#data th {
    padding-top: 5px;
    padding-bottom: 5px;
    text-align: left;
    background-color: #525252;
    color: white;
}

.responsive {
  width: 100%;
  height: auto;
}
</style>
<table id=""data"">
  <tr>
    <td><b>Graphic area (W x H)</b></td>
    <td>506mm x 760mm</td>
    </tr>
  <tr>
    <td><b>Overall dimensions (W x H x D)</b></td>
    <td>615mm x 1237mm x 680mm</td>
    </tr>
  <tr>
    <td><b>Header area (W x H)</b></td>
    <td>498mm x 274mm</td>
    </tr>
  <tr>
    <td><b>Frame colour</b></td>
    <td>White</td>
    </tr>
  <tr>
    <td><b>Panel colour</b></td>
    <td>White</td>
    </tr>
  <tr>
    <td><b>Weight</b></td>
    <td>17.7kg</td>
    </tr>
</table>
</body>
</html>","ABBOOSTER.jpg","ABBOOSTER.jpg","INVITEMS","DEFAULT-ABBOOSTER-DEFAULT-ABBOOSTER","","","0","0","0","","1","REGONLY","0","0","0","0","","","","SELECT","SELECT","0","","","","","0","0","","income-service","","","0","0","","","","","Pavement_Signs","Pavement_Signs","","","0","ABSM1, ABSW1, ABSW2","","A","superuser","","","","","","","","","","","","","","","0","a, a board, aboard, a frame, aframe, booster, ab booster, abooster, semi circle board, standalone board, advertising board, pavement board, advertising sign, pavement sign, rounded sign, standalone sign, ","","","1519669954","0","","0","","CHECKBOX"
"ABCHALK","Chalk A-Board","CAB","DEFAULT","80","125","DEFAULT","","","","","0","Classic, stylish A Board with gloss black steel frame and HPL chalkboard panels.


","<html>
<title>Chalk A Board</title>
<body>
<head>
Classic, stylish A Board with gloss black steel frame and HPL chalkboard panels.
</head>
<ul>
  <li>Reversible high pressure laminate panel with a tough writing surface suitable for all chalk and chalk pens so possible to have 4 separate messages / adverts</li>
<li>50 x 50mm black powder coated steel frames</li>
<li>Hard wearing rubber hinges allow feet to self level on uneven surfaces</li>
  <li>Stylish locking side arms ensure stability</li>
  <li>Supplied fully assembled and individually boxed with instructions</li>
  <li>Suitable for soft chalk pens and liquid chalk pens</li>
</ul>
<br>


<style>
/* mouse over link */
a:hover {
  color: white;
}

#data {
    border-collapse: collapse;
    width: 100%;
}

#data td, #customers th {
    border: 1px solid #525252;
    padding: 5px;
}

#data tr:nth-child(even){background-color: #cccccc;}

#data tr:hover {background-color: #009ee3; color: white;}

#data th {
    padding-top: 5px;
    padding-bottom: 5px;
    text-align: left;
    background-color: #525252;
    color: white;
}

.responsive {
  width: 100%;
  height: auto;
}
</style>
<table id=""data"">
  <tr>
    <td><b>Graphic area (W x H)</b></td>
    <td>542mm x 813mm</td>
    </tr>
  <tr>
    <td><b>Overall dimensions (W x H x D)</b></td>
    <td>645mm x 905mm x 670mm</td>
    </tr>
  <tr>
    <td><b>Frame colour</b></td>
    <td>Black</td>
    </tr>
  <tr>
    <td><b>Panel colour</b></td>
    <td>Black</td>
    </tr>
  <tr>
    <td><b>Weight</b></td>
    <td>12kg</td>
    </tr>
</table>
</body>
</html>","ABCHALK.jpg","ABCHALK.jpg","INVITEMS","DEFAULT-ABCHALK-DEFAULT-ABCHALK","","","0","0","0","","1","REGONLY","0","0","0","0","","","","SELECT","SELECT","0","","","","","0","0","","income-service","","","0","0","","","","","Pavement_Signs","Pavement_Signs","","","0","ABSM1, ABSW1, ABSW2","","A","superuser","","","","","","","","","","","","","","","0","a, a board, aboard, a frame, aframe, booster, ab booster, abooster, semi circle board, standalone board, advertising board, pavement board, advertising sign, pavement sign, rounded sign, standalone sign, chalkboard, chalk sign, chalksign, ","","","1538564108","0","","0","","CHECKBOX"
"ABECOFLEX","Eco Flex","ECO-W","DEFAULT","30","51","DEFAULT","","","","","0","The Nations No.1 pavement board with white aluminium panel.
","<html>
<title>Eco Flex</title>

<head>
The Nations No.1 pavement board with white aluminium panel.
</head>
<body>

<ul>
  <li>The top selling individual pavement sign in the UK</li>
  <li>Aluminium panels are ideal for vinyl graphic application as well as screen and digital print</li>
  <li>Recycled PVC base provides great stability</li>
 <li>Easy to assemble</li></ul>
<br>


<style>
/* mouse over link */
a:hover {
  color: white;
}

#data {
    border-collapse: collapse;
    width: 100%;
}

#data td, #customers th {
    border: 1px solid #525252;
    padding: 5px;
}

#data tr:nth-child(even){background-color: #cccccc;}

#data tr:hover {background-color: #009ee3; color: white;}

#data th {
    padding-top: 5px;
    padding-bottom: 5px;
    text-align: left;
    background-color: #525252;
    color: white;
}

.responsive {
  width: 100%;
  height: auto;
}
</style>
<table id=""data"">
  <tr>
    <td><b>Graphic area (W x H)</b></td>
    <td>460mm x 818mm</td>
    </tr>
  <tr>
    <td><b>Overall dimensions (W x H x D)</b></td>
    <td>465mm x 867mm x 540mm</td>
    </tr>
  <tr>
    <td><b>Base colour</b></td>
    <td>Black</td>
    </tr>
  <tr>
    <td><b>Panel colour</b></td>
    <td>White</td>
    </tr>
  <tr>
    <td><b>Weight</b></td>
    <td>7.8kg</td>
    </tr>
</table>
</body>
</html>","ABECOFLEX.jpg","ABECOFLEX.jpg","INVITEMS","DEFAULT-ABECOFLEX-DEFAULT-ABECOFLEX","","","0","0","0","","1","REGONLY","0","0","0","0","","","","SELECT","SELECT","0","","","","","0","0","","income-service","","","0","0","","","","","Pavement_Signs","Pavement_Signs","","","0","ABSM1, ABSW1, ABSW2","","A","superuser","","","","","","","","","","","","","","","0","eco flex, swing sign, ecoflex, pavement sign
","","","1538563926","0","","0","","CHECKBOX"
"ABECOSWING","Eco Swinger","ECOS","Doro_Tape","40","51","DEFAULT","","","","","0","The best value swing sign available. Solid black PVC base.
","<html>
<title>Eco Swinger</title>

<head>
The best value swing sign available. Solid black PVC base.
</head>
<body>

<ul>
  <li>White powder coated 32mm diameter steel tube frame construction</li>
  <li>Aluminium panels are ideal for vinyl graphic application as well as screen and digital print</li>
  <li>Patented ‘D-Flex’ panel hangers make panel fitting quick and easy</li>
  <li>Solid black recycled PVC base provides excellent stability</li>
<li>Easy to assemble</li></ul>
<br>


<style>
/* mouse over link */
a:hover {
  color: white;
}

#data {
    border-collapse: collapse;
    width: 100%;
}

#data td, #customers th {
    border: 1px solid #525252;
    padding: 5px;
}

#data tr:nth-child(even){background-color: #cccccc;}

#data tr:hover {background-color: #009ee3; color: white;}

#data th {
    padding-top: 5px;
    padding-bottom: 5px;
    text-align: left;
    background-color: #525252;
    color: white;
}

.responsive {
  width: 100%;
  height: auto;
}
</style>
<table id=""data"">
  <tr>
    <td><b>Graphic area (W x H)</b></td>
    <td>430mm x 625mm</td>
    </tr>
  <tr>
    <td><b>Overall dimensions (W x H x D)</b></td>
    <td>534mm x 811mm x 490mm</td>
    </tr>
  <tr>
    <td><b>Frame colour</b></td>
    <td>White</td>
    </tr>
  <tr>
    <td><b>Base colour</b></td>
    <td>Black</td>
    </tr>
  <tr>
    <td><b>Panel colour</b></td>
    <td>White</td>
    </tr>
  <tr>
    <td><b>Weight</b></td>
    <td>12kg</td>
    </tr>
</table>
</body>
</html>
","ABECOSWING.jpg","ABECOSWING.jpg","INVITEMS","DEFAULT-ABECOSWING-DEFAULT-ABECOSWING","","","0","0","0","","1","REGONLY","0","0","0","0","","","","SELECT","SELECT","0","","","","","0","0","","income-service","","","0","0","","","","","Pavement_Signs","Pavement_Signs","","","0","","","A","superuser","","","","","","","","","","","","","","","0","eco, swinger, eco swinger, ecoswinger, swing sign, swinging sign, swingsign, swingingsign, standing sign, stand sign, standsign, standingsign, ","","","1519729125","0","","0","","CHECKBOX"
"ABPOSTERSWINGER","Poster Swinger 2","SW2P","Doro_Tape","60","85","DEFAULT","","","","","0","Swing sign with top opening poster pockets and a solid black PVC base.
","<html>
<title>Poster Swinger 2</title>
<body>
<head>
Swing sign with top opening poster pockets and a solid black PVC base.
</head>
<ul>
  <li>Black powder coated 32mm diameter steel tube frame construction</li>
  <li>Top opening polycarbonate poster pockets with magnetic seals</li>
  <li>Patented D-Flex panel hangers make panel fitting quick and easy</li>
  <li>Solid black recycled PVC base provides excellent stability</li>
  <li>Option of clip-on tactical header</li>
<li>Easy to assemble</li></ul>
<br>


<style>
/* mouse over link */
a:hover {
  color: white;
}

#data {
    border-collapse: collapse;
    width: 100%;
}

#data td, #customers th {
    border: 1px solid #525252;
    padding: 5px;
}

#data tr:nth-child(even){background-color: #cccccc;}

#data tr:hover {background-color: #009ee3; color: white;}

#data th {
    padding-top: 5px;
    padding-bottom: 5px;
    text-align: left;
    background-color: #525252;
    color: white;
}

.responsive {
  width: 100%;
  height: auto;
}
</style>
<table id=""data"">
  <tr>
    <td><b>Graphic area (W x H)</b></td>
    <td>500mm x 750mm</td>
    </tr>
  <tr>
    <td><b>Overall dimensions (W x H x D)</b></td>
    <td>602mm x 926mm x 525mm</td>
    </tr>
  <tr>
    <td><b>Frame colour</b></td>
    <td>Black</td>
    </tr>
  <tr>
    <td><b>Base colour</b></td>
    <td>Black</td>
    </tr>
  <tr>
    <td><b>Panel colour</b></td>
    <td>Black</td>
    </tr>
  <tr>
    <td><b>Weight</b></td>
    <td>15kg</td>
    </tr>
</table>
</body>
</html>","Swinger2.png","Swinger2.png","INVITEMS","DEFAULT-ABPOSTERSWINGER-DEFAULT-ABPOSTERSWINGER","","","0","0","0","","1","REGONLY","0","0","0","0","","","","SELECT","SELECT","0","","","","","0","0","","income-service","","","0","0","","","","","Pavement_Signs","Pavement_Signs","","","0","2018","2018","A","superuser","","","","","","","","","","","","","","","0","","","","1519321793","0","","0","","CHECKBOX"
"ABSWINGER","Swinger 2","SW2","DEFAULT","50","70","DEFAULT","","","","","0","Our best selling swing sign with an aluminium panel and a solid black PVC base.
","<html>
<title>Swinger 2</title>

<head>
Our best selling swing sign with an aluminium panel and a solid black PVC base.
</head>
<body>

<ul>
  <li>White powder coated 32mm diameter steel tube frame construction</li>
  <li>Aluminium panels are ideal for vinyl graphic application as well as screen and digital print</li>
  <li>Patented D-Flex panel hangers make panel fitting quick and easy</li>
  <li>Solid black recycled PVC base provides excellent stability</li>
  <li>Option of clip-on tactical header</li>
<li>East to assemble</li></ul>
<br>


<style>
/* mouse over link */
a:hover {
  color: white;
}

#data {
    border-collapse: collapse;
    width: 100%;
}

#data td, #customers th {
    border: 1px solid #525252;
    padding: 5px;
}

#data tr:nth-child(even){background-color: #cccccc;}

#data tr:hover {background-color: #009ee3; color: white;}

#data th {
    padding-top: 5px;
    padding-bottom: 5px;
    text-align: left;
    background-color: #525252;
    color: white;
}

.responsive {
  width: 100%;
  height: auto;
}
</style>
<table id=""data"">
  <tr>
    <td><b>Graphic area (W x H)</b></td>
    <td>500mm x 750mm</td>
    </tr>
  <tr>
    <td><b>Overall dimensions (W x H x D)</b></td>
    <td>602mm x 926mm x 525mm</td>
    </tr>
  <tr>
    <td><b>Frame colour</b></td>
    <td>White</td>
    </tr>
  <tr>
    <td><b>Base colour</b></td>
    <td>Black</td>
    </tr>
  <tr>
    <td><b>Panel colour</b></td>
    <td>White</td>
    </tr>
  <tr>
    <td><b>Weight</b></td>
    <td>15kg</td>
    </tr>
</table>
</body>
</html>
","Swinger_2.jpg","Swinger_2.jpg","INVITEMS","DEFAULT-ABSWINGER-DEFAULT-ABSWINGER","","","0","0","0","","1","REGONLY","0","0","0","0","","","","SELECT","SELECT","0","","","","","0","0","","income-service","","","0","0","","","","","Pavement_Signs","Pavement_Signs","","","0","2018","2018","A","superuser","","","","","","","","","","","","","","","0","eco, swinger, eco swinger, ecoswinger, swing sign, swinging sign, swingsign, swingingsign, standing sign, stand sign, standsign, standingsign, swing2, swinging 2, 2, ","","","1538471479","0","","0","","CHECKBOX"
"AF03_Line_Beige_Pine","AF03 Line Beige Pine","Cover Styl' AF03","Cover_Styl","60","25","DEFAULT","","","","","0","Cover Styl' AF03 Line Beige Pine self-adhesive wood film. Buy it by the metre.

","<html>
<head>
<title>Cover Styl' AF03 Line Beige Pine</title></head>
<body>
<p><img style=""height: 76px; width: 300px;"" alt=""Cover Styl' logo""
src=""media/ecom/onpagegraphics/Coverstyl_Logo.png""></p>
<span style=""font-weight: bold; color: #588ec6;"">SUITABILITY:</span>
<p>This product is designed for interior application only and offers exceptional resistance to water, dirt, abrasion, UV rays and wear (yellowing, cracking, scaling, delamination). </p>
<span style=""font-weight: bold; color: #588ec6;"">MATERIAL CHARACTERISTICS:</span>
<ul><li>Grade: Polymeric</li>
<li>Thickness: 250 micron</li>
<li>Adhesive: Easy Apply Air Release</li>
<li>Appearance: Matt</li>
<li>Stretchable: Yes</li>
<li>Scratch Proof: Low</li>
</ul>
<p>Prices shown are per linear metre at 1220mm wide</p>
</body>
</html>","AF03_Line_Beige_Pine.jpg","AF03_Line_Beige_Pine.jpg, AF03_Line_Beige_Pine_Bedroom.jpg","INVITEMS","DEFAULT-AF03_Line_Beige_Pine-DEFAULT-AF03_Line_Beige_Pine","","","0","0","0","","1","REGONLY","0","0","0","0","","","","SELECT","SELECT","0","","","","","0","0","","income-service","","","0","0","","","","","Cover_Styl_Wood","Cover_Styl_Wood","","","0","Olfa_Graphic_Cutter, Olfa_X_Design_Heavy_Duty_Knife, Lint-Free-Gloves, Masking_Tape_25mm, Aslan_Squeegee, Swann_Morton_3_Handle, Swann_Morton_10A_Blades, Lint-Free-Cloths, Heavy-Duty-Application-Roller, Rollepro, 4075CT1220, Cover-Styl-Colour-Selector-Box","Olfa_Graphic_Cutter, Olfa_X_Design_Heavy_Duty_Knife, Lint-Free-Gloves, Masking_Tape_25mm, Aslan_Squeegee, Swann_Morton_3_Handle, Swann_Morton_10A_Blades, Lint-Free-Cloths, Heavy-Duty-Application-Roller, Rollepro, 4075CT1220, Cover-Styl-Colour-Selector-Box","A","superuser","ADHESIVE_SEMI_PERMANENT","GRADE_POLYPROPYLENE","","","","","","","","","","","","Cover-Styl'-AF03-Line-Beige-Pine","0","coverstyle, cover style, cover styl, cover styl'


","","","1626976712","0","","0","","CHECKBOX"
"AF08_Light_Grey_Oak","AF08 Walnut Oak","Cover Styl' AF08","Cover_Styl","70","25","DEFAULT","","","","","0","Cover Styl' AF08 Walnut Oak self-adhesive wood film. Buy it by the metre.

","<html>
<head>
<title>Cover Styl' AF08 Walnut Oak</title></head>
<body>
<p><img style=""height: 76px; width: 300px;"" alt=""Cover Styl' logo""
src=""media/ecom/onpagegraphics/Coverstyl_Logo.png""></p>
<span style=""font-weight: bold; color: #588ec6;"">SUITABILITY:</span>
<p>This product is designed for interior application only and offers exceptional resistance to water, dirt, abrasion, UV rays and wear (yellowing, cracking, scaling, delamination). </p>
<span style=""font-weight: bold; color: #588ec6;"">MATERIAL CHARACTERISTICS:</span>
<ul><li>Grade: Polymeric</li>
<li>Thickness: 250 micron</li>
<li>Adhesive: Easy Apply Air Release</li>
<li>Appearance: Matt</li>
<li>Stretchable: Yes</li>
<li>Scratch Proof: Low</li>
</ul>
<p>Prices shown are per linear metre at 1220mm wide</p>
</body>
</html>","AF08_Light_Grey_Oak.jpg","AF08_Light_Grey_Oak.jpg, AF08_Light_Grey_Oak_Reception.jpg","INVITEMS","DEFAULT-AF08_Light_Grey_Oak-DEFAULT-AF08_Light_Grey_Oak","","","0","0","0","","1","REGONLY","0","0","0","0","","","","SELECT","SELECT","0","","","","","0","0","","income-service","","","0","0","","","","","Cover_Styl_Wood","Cover_Styl_Wood","","","0","Olfa_Graphic_Cutter, Olfa_X_Design_Heavy_Duty_Knife, Lint-Free-Gloves, Masking_Tape_25mm, Aslan_Squeegee, Swann_Morton_3_Handle, Swann_Morton_10A_Blades, Lint-Free-Cloths, Heavy-Duty-Application-Roller, Rollepro, 4075CT1220, Cover-Styl-Colour-Selector-Box","Olfa_Graphic_Cutter, Olfa_X_Design_Heavy_Duty_Knife, Lint-Free-Gloves, Masking_Tape_25mm, Aslan_Squeegee, Swann_Morton_3_Handle, Swann_Morton_10A_Blades, Lint-Free-Cloths, Heavy-Duty-Application-Roller, Rollepro, 4075CT1220, Cover-Styl-Colour-Selector-Box","A","superuser","ADHESIVE_SEMI_PERMANENT","GRADE_POLYPROPYLENE","","","","","","","","","","","","Cover-Styl-AF08-Walnut-Oak","0","coverstyle, cover style, cover styl, cover styl'


","","","1627047480","0","","0","","CHECKBOX"
"AF10_Walnut_Cream","AF10 Hazelnut Cream","Cover Styl' AF10","Cover_Styl","80","25","DEFAULT","","","","","0","Cover Styl' AF10 Hazelnut Cream self-adhesive wood film. Buy it by the metre.

","<html>
<head>
<title>Cover Styl' AF10 Hazelnut Cream</title></head>
<body>
<p><img style=""height: 76px; width: 300px;"" alt=""Cover Styl' logo""
src=""media/ecom/onpagegraphics/Coverstyl_Logo.png""></p>
<span style=""font-weight: bold; color: #588ec6;"">SUITABILITY:</span>
<p>This product is designed for interior application only and offers exceptional resistance to water, dirt, abrasion, UV rays and wear (yellowing, cracking, scaling, delamination). </p>
<span style=""font-weight: bold; color: #588ec6;"">MATERIAL CHARACTERISTICS:</span>
<ul><li>Grade: Polymeric</li>
<li>Thickness: 250 micron</li>
<li>Adhesive: Easy Apply Air Release</li>
<li>Appearance: Matt</li>
<li>Stretchable: Yes</li>
<li>Scratch Proof: Average</li>
</ul>
<p>Prices shown are per linear metre at 1220mm wide</p>
</body>
</html>","AF10_Walnut_Cream.jpg","AF10_Walnut_Cream.jpg, AF10_Walnut_Cream_Bathroom.jpg","INVITEMS","DEFAULT-AF10_Walnut_Cream-DEFAULT-AF10_Walnut_Cream","","","0","0","0","","1","REGONLY","0","0","0","0","","","","SELECT","SELECT","0","","","","","0","0","","income-service","","","0","0","","","","","Cover_Styl_Wood","Cover_Styl_Wood","","","0","Olfa_Graphic_Cutter, Olfa_X_Design_Heavy_Duty_Knife, Lint-Free-Gloves, Masking_Tape_25mm, Aslan_Squeegee, Swann_Morton_3_Handle, Swann_Morton_10A_Blades, Lint-Free-Cloths, Heavy-Duty-Application-Roller, Rollepro, 4075CT1220, Cover-Styl-Colour-Selector-Box","Olfa_Graphic_Cutter, Olfa_X_Design_Heavy_Duty_Knife, Lint-Free-Gloves, Masking_Tape_25mm, Aslan_Squeegee, Swann_Morton_3_Handle, Swann_Morton_10A_Blades, Lint-Free-Cloths, Heavy-Duty-Application-Roller, Rollepro, 4075CT1220, Cover-Styl-Colour-Selector-Box","A","superuser","ADHESIVE_SEMI_PERMANENT","GRADE_POLYPROPYLENE","","","","","","","","","","","","Cover-Styl-AF10-Hazelnut-Cream","0","coverstyle, cover style, cover styl, cover styl'


","","","1627047626","0","","0","","CHECKBOX"
"AG14_Cream_Golden_Oak","AG14 Cream Golden Oak","Cover Styl' AG14","Cover_Styl","90","25","DEFAULT","","","","","0","Cover Styl' AG14 Cream Golden Oak self-adhesive wood film. Buy it by the metre.

","<html>
<head>
<title>Cover Styl' AG14 Cream Golden Oak</title></head>
<body>
<p><img style=""height: 76px; width: 300px;"" alt=""Cover Styl' logo""
src=""media/ecom/onpagegraphics/Coverstyl_Logo.png""></p>
<span style=""font-weight: bold; color: #588ec6;"">SUITABILITY:</span>
<p>This product is designed for interior application only and offers exceptional resistance to water, dirt, abrasion, UV rays and wear (yellowing, cracking, scaling, delamination). </p>
<span style=""font-weight: bold; color: #588ec6;"">MATERIAL CHARACTERISTICS:</span>
<ul><li>Grade: Polymeric</li>
<li>Thickness: 250 micron</li>
<li>Adhesive: Easy Apply Air Release</li>
<li>Appearance: Matt</li>
<li>Stretchable: Yes</li>
<li>Scratch Proof: Average</li>
</ul>
<p>Prices shown are per linear metre at 1220mm wide</p>
</body>
</html>","AG14_Cream_Golden_Oak.jpg","AG14_Cream_Golden_Oak.jpg, AG14_Cream_Golden_Oak_Study.jpg","INVITEMS","DEFAULT-AG14_Cream_Golden_Oak-DEFAULT-AG14_Cream_Golden_Oak","","","0","0","0","","1","REGONLY","0","0","0","0","","","","SELECT","SELECT","0","","","","","0","0","","income-service","","","0","0","","","","","Cover_Styl_Wood","Cover_Styl_Wood","","","0","Olfa_Graphic_Cutter, Olfa_X_Design_Heavy_Duty_Knife, Lint-Free-Gloves, Masking_Tape_25mm, Aslan_Squeegee, Swann_Morton_3_Handle, Swann_Morton_10A_Blades, Lint-Free-Cloths, Heavy-Duty-Application-Roller, Rollepro, 4075CT1220, Cover-Styl-Colour-Selector-Box","Olfa_Graphic_Cutter, Olfa_X_Design_Heavy_Duty_Knife, Lint-Free-Gloves, Masking_Tape_25mm, Aslan_Squeegee, Swann_Morton_3_Handle, Swann_Morton_10A_Blades, Lint-Free-Cloths, Heavy-Duty-Application-Roller, Rollepro, 4075CT1220, Cover-Styl-Colour-Selector-Box","A","superuser","ADHESIVE_SEMI_PERMANENT","GRADE_POLYPROPYLENE","","","","","","","","","","","","Cover-Styl'-AG14-Cream-Golden-Oak","0","coverstyle, cover style, cover styl, cover styl'


","","","1627492414","0","","0","","CHECKBOX"
"AG20_Light_Cream_Beech","AG20 Cream Pine","Cover Styl' AG20","Cover_Styl","100","25","DEFAULT","","","","","0","Cover Styl' AG20 Cream Pine self-adhesive wood film. Buy it by the metre.

","<html>
<head>
<title>Cover Styl' AG20 Cream Pine</title></head>
<body>
<p><img style=""height: 76px; width: 300px;"" alt=""Cover Styl' logo""
src=""media/ecom/onpagegraphics/Coverstyl_Logo.png""></p>
<span style=""font-weight: bold; color: #588ec6;"">SUITABILITY:</span>
<p>This product is designed for interior application only and offers exceptional resistance to water, dirt, abrasion, UV rays and wear (yellowing, cracking, scaling, delamination). </p>
<span style=""font-weight: bold; color: #588ec6;"">MATERIAL CHARACTERISTICS:</span>
<ul><li>Grade: Polymeric</li>
<li>Thickness: 250 micron</li>
<li>Adhesive: Easy Apply Air Release</li>
<li>Appearance: Matt</li>
<li>Stretchable: Yes</li>
<li>Scratch Proof: Average</li>
</ul>
<p>Prices shown are per linear metre at 1220mm wide</p>
</body>
</html>","AG20_Light_Cream_Beech.jpg","AG20_Light_Cream_Beech.jpg, AG20_Light_Cream_Beech_Wall.jpg","INVITEMS","DEFAULT-AG20_Light_Cream_Beech-DEFAULT-AG20_Light_Cream_Beech","","","0","0","0","","1","REGONLY","0","0","0","0","","","","SELECT","SELECT","0","","","","","0","0","","income-service","","","0","0","","","","","Cover_Styl_Wood","Cover_Styl_Wood","","","0","Olfa_Graphic_Cutter, Olfa_X_Design_Heavy_Duty_Knife, Lint-Free-Gloves, Masking_Tape_25mm, Aslan_Squeegee, Swann_Morton_3_Handle, Swann_Morton_10A_Blades, Lint-Free-Cloths, Heavy-Duty-Application-Roller, Rollepro, 4075CT1220, Cover-Styl-Colour-Selector-Box","Olfa_Graphic_Cutter, Olfa_X_Design_Heavy_Duty_Knife, Lint-Free-Gloves, Masking_Tape_25mm, Aslan_Squeegee, Swann_Morton_3_Handle, Swann_Morton_10A_Blades, Lint-Free-Cloths, Heavy-Duty-Application-Roller, Rollepro, 4075CT1220, Cover-Styl-Colour-Selector-Box","A","superuser","ADHESIVE_SEMI_PERMANENT","GRADE_POLYPROPYLENE","","","","","","","","","","","","Cover-Styl-AG20-Cream-Pine","0","coverstyle, cover style, cover styl, cover styl'


","","","1627492630","0","","0","","CHECKBOX"
"AL09_Gold_Antique","AL09 Gold Antique","Cover Styl' AL09","Cover_Styl","30","33","DEFAULT","","","","","0","Cover Styl' AL09 Gold Antique self-adhesive metal effect film. Buy it by the metre.

","<html>
<head>
<title>Cover Styl' AL09 Gold Antique</title></head>
<body>
<p><img style=""height: 76px; width: 300px;"" alt=""Cover Styl' logo""
src=""media/ecom/onpagegraphics/Coverstyl_Logo.png""></p>
<span style=""font-weight: bold; color: #588ec6;"">SUITABILITY:</span>
<p>This product is designed for interior application only and offers exceptional resistance to water, dirt, abrasion, UV rays and wear (yellowing, cracking, scaling, delamination). </p>
<span style=""font-weight: bold; color: #588ec6;"">MATERIAL CHARACTERISTICS:</span>
<ul><li>Grade: Polymeric</li>
<li>Thickness: 250 micron</li>
<li>Adhesive: Easy Apply Air Release</li>
<li>Appearance: Matt</li>
<li>Stretchable: Yes</li>
<li>Scratch Proof: Average</li>
</ul>
<p>Prices shown are per linear metre at 1220mm wide</p>
</body>
</html>","AL09_Gold_Antique.jpg","AL09_Gold_Antique.jpg","INVITEMS","DEFAULT-AL09_Gold_Antique-DEFAULT-AL09_Gold_Antique","","","0","0","0","","1","REGONLY","0","0","0","0","","","","SELECT","SELECT","0","","","","","0","0","","income-service","","","0","0","","","","","Cover_Styl_Metallic","Cover_Styl_Metallic","","","0","Olfa_Graphic_Cutter, Olfa_X_Design_Heavy_Duty_Knife, Lint-Free-Gloves, Masking_Tape_25mm, Aslan_Squeegee, Swann_Morton_3_Handle, Swann_Morton_10A_Blades, Lint-Free-Cloths, Heavy-Duty-Application-Roller, Rollepro, 4075CT1220, Cover-Styl-Colour-Selector-Box","Olfa_Graphic_Cutter, Olfa_X_Design_Heavy_Duty_Knife, Lint-Free-Gloves, Masking_Tape_25mm, Aslan_Squeegee, Swann_Morton_3_Handle, Swann_Morton_10A_Blades, Lint-Free-Cloths, Heavy-Duty-Application-Roller, Rollepro, 4075CT1220, Cover-Styl-Colour-Selector-Box","A","superuser","ADHESIVE_SEMI_PERMANENT","GRADE_POLYPROPYLENE","","","","","","","","","","","","Cover-Styl-AL09-Gold-Antique","0","coverstyle, cover style, cover styl, cover styl'


","","","1709552963","0","","0","","CHECKBOX"
"AL11_Silver_Metal_Weaving","AL11 Silver Metal Weaving","Cover Styl' AL11","Cover_Styl","10","33","DEFAULT","","","","","0","Cover Styl' AL11 Silver Metal Weaving self-adhesive textile effect film. Buy it by the metre.

","<html>
<head>
<title>Cover Styl' AL11 Silver Metal Weaving</title></head>
<body>
<p><img style=""height: 76px; width: 300px;"" alt=""Cover Styl' logo""
src=""media/ecom/onpagegraphics/Coverstyl_Logo.png""></p>
<span style=""font-weight: bold; color: #588ec6;"">SUITABILITY:</span>
<p>This product is designed for interior application only and offers exceptional resistance to water, dirt, abrasion, UV rays and wear (yellowing, cracking, scaling, delamination). </p>
<span style=""font-weight: bold; color: #588ec6;"">MATERIAL CHARACTERISTICS:</span>
<ul><li>Grade: Polymeric</li>
<li>Thickness: 250 micron</li>
<li>Adhesive: Easy Apply Air Release</li>
<li>Appearance: Matt</li>
<li>Stretchable: Yes</li>
<li>Scratch Proof: Average</li>
</ul>
<p>Prices shown are per linear metre at 1220mm wide</p>
</body>
</html>","AL11_Silver_Metal_Weaving.jpg","AL11_Silver_Metal_Weaving.jpg, AL11_Silver_Metal_Weaving_Bathroom.jpg","INVITEMS","DEFAULT-AL11_Silver_Metal_Weaving-DEFAULT-AL11_Silver_Metal_Weaving","","","0","0","0","","1","REGONLY","0","0","0","0","","","","SELECT","SELECT","0","","","","","0","0","","income-service","","","0","0","","","","","Cover_Styl_Fabric","Cover_Styl_Fabric, Silver-Films","","","0","Olfa_Graphic_Cutter, Olfa_X_Design_Heavy_Duty_Knife, Lint-Free-Gloves, Masking_Tape_25mm, Aslan_Squeegee, Swann_Morton_3_Handle, Swann_Morton_10A_Blades, Lint-Free-Cloths, Heavy-Duty-Application-Roller, Rollepro, 4075CT1220, Cover-Styl-Colour-Selector-Box","Olfa_Graphic_Cutter, Olfa_X_Design_Heavy_Duty_Knife, Lint-Free-Gloves, Masking_Tape_25mm, Aslan_Squeegee, Swann_Morton_3_Handle, Swann_Morton_10A_Blades, Lint-Free-Cloths, Heavy-Duty-Application-Roller, Rollepro, 4075CT1220, Cover-Styl-Colour-Selector-Box","A","superuser","ADHESIVE_SEMI_PERMANENT","GRADE_POLYPROPYLENE","","","","","","","","","","","","Cover-Styl-AL11-Silver-Metal-Weaving","0","coverstyle, cover style, cover styl, cover styl', al11, silver, metal, weaving, 


","","","1647534656","0","","0","","CHECKBOX"
"AL14_Traditional_Oak","AL14 Traditional Oak","Cover Styl' AL14","Cover_Styl","110","25","DEFAULT","","","","","0","Cover Styl' AL14 Traditional Oak self-adhesive wood film. Buy it by the metre.

","<html>
<head>
<title>Cover Styl' AL14 Traditional Oak</title></head>
<body>
<p><img style=""height: 76px; width: 300px;"" alt=""Cover Styl' logo""
src=""media/ecom/onpagegraphics/Coverstyl_Logo.png""></p>
<span style=""font-weight: bold; color: #588ec6;"">SUITABILITY:</span>
<p>This product is designed for interior application only and offers exceptional resistance to water, dirt, abrasion, UV rays and wear (yellowing, cracking, scaling, delamination). </p>
<span style=""font-weight: bold; color: #588ec6;"">MATERIAL CHARACTERISTICS:</span>
<ul><li>Grade: Polymeric</li>
<li>Thickness: 250 micron</li>
<li>Adhesive: Easy Apply Air Release</li>
<li>Appearance: Matt</li>
<li>Stretchable: Yes</li>
<li>Scratch Proof: Average</li>
</ul>
<p>Prices shown are per linear metre at 1220mm wide</p>
</body>
</html>","AL14_Traditional_Oak.jpg","AL14_Traditional_Oak.jpg, AL14_Traditional_Oak_Kitchen.jpg","INVITEMS","DEFAULT-AL14_Traditional_Oak-DEFAULT-AL14_Traditional_Oak","","","0","0","0","","1","REGONLY","0","0","0","0","","","","SELECT","SELECT","0","","","","","0","0","","income-service","","","0","0","","","","","Cover_Styl_Wood","Cover_Styl_Wood","","","0","Olfa_Graphic_Cutter, Olfa_X_Design_Heavy_Duty_Knife, Lint-Free-Gloves, Masking_Tape_25mm, Aslan_Squeegee, Swann_Morton_3_Handle, Swann_Morton_10A_Blades, Lint-Free-Cloths, Heavy-Duty-Application-Roller, Rollepro, 4075CT1220, Cover-Styl-Colour-Selector-Box","Olfa_Graphic_Cutter, Olfa_X_Design_Heavy_Duty_Knife, Lint-Free-Gloves, Masking_Tape_25mm, Aslan_Squeegee, Swann_Morton_3_Handle, Swann_Morton_10A_Blades, Lint-Free-Cloths, Heavy-Duty-Application-Roller, Rollepro, 4075CT1220, Cover-Styl-Colour-Selector-Box","A","superuser","ADHESIVE_SEMI_PERMANENT","GRADE_POLYPROPYLENE","","","","","","","","","","","","Cover-Styl'-AL14-Traditional-Oak","0","coverstyle, cover style, cover styl, cover styl'


","","","1627548629","0","","0","","CHECKBOX"
"AL15_Dark_Gold_Fabric","AL15 Yellow Gold","Cover Styl' AL15","Cover_Styl","20","33","DEFAULT","","","","","0","Cover Styl' AL15 Yellow Gold self-adhesive fabric effect film. Buy it by the metre.

","<html>
<head>
<title>Cover Styl' AL15 Yellow Gold</title></head>
<body>
<p><img style=""height: 76px; width: 300px;"" alt=""Cover Styl' logo""
src=""media/ecom/onpagegraphics/Coverstyl_Logo.png""></p>
<span style=""font-weight: bold; color: #588ec6;"">SUITABILITY:</span>
<p>This product is designed for interior application only and offers exceptional resistance to water, dirt, abrasion, UV rays and wear (yellowing, cracking, scaling, delamination). </p>
<span style=""font-weight: bold; color: #588ec6;"">MATERIAL CHARACTERISTICS:</span>
<ul><li>Grade: Polymeric</li>
<li>Thickness: 250 micron</li>
<li>Adhesive: Easy Apply Air Release</li>
<li>Appearance: Matt</li>
<li>Stretchable: Yes</li>
<li>Scratch Proof: Average</li>
</ul>
<p>Prices shown are per linear metre at 1220mm wide</p>
</body>
</html>","AL15_Dark_Gold_Fabric.jpg","AL15_Dark_Gold_Fabric.jpg, AL15_Dark_Gold_Fabric_Hallway.jpg","INVITEMS","DEFAULT-AL15_Dark_Gold_Fabric-DEFAULT-AL15_Dark_Gold_Fabric","","","0","0","0","","1","REGONLY","0","0","0","0","","","","SELECT","SELECT","0","","","","","0","0","","income-service","","","0","0","","","","","Cover_Styl_Fabric","Cover_Styl_Fabric","","","0","Olfa_Graphic_Cutter, Olfa_X_Design_Heavy_Duty_Knife, Lint-Free-Gloves, Masking_Tape_25mm, Aslan_Squeegee, Swann_Morton_3_Handle, Swann_Morton_10A_Blades, Lint-Free-Cloths, Heavy-Duty-Application-Roller, Rollepro, 4075CT1220, Cover-Styl-Colour-Selector-Box","Olfa_Graphic_Cutter, Olfa_X_Design_Heavy_Duty_Knife, Lint-Free-Gloves, Masking_Tape_25mm, Aslan_Squeegee, Swann_Morton_3_Handle, Swann_Morton_10A_Blades, Lint-Free-Cloths, Heavy-Duty-Application-Roller, Rollepro, 4075CT1220, Cover-Styl-Colour-Selector-Box","A","superuser","ADHESIVE_SEMI_PERMANENT","GRADE_POLYPROPYLENE","","","","","","","","","","","","Cover-Styl-AL15-Yellow-Gold","0","coverstyle, cover style, cover styl, cover styl', al15, yellow, gold, 


","","","1647536271","0","","0","","CHECKBOX"
"AL24_Basic_Beige_Bao","AL24 Bleach Ash","Cover Styl' AL24","Cover_Styl","120","25","DEFAULT","","","","","0","Cover Styl' AL24 Bleach Ash self-adhesive wood film. Buy it by the metre.

","<html>
<head>
<title>Cover Styl' AL24 Bleach Ash</title></head>
<body>
<p><img style=""height: 76px; width: 300px;"" alt=""Cover Styl' logo""
src=""media/ecom/onpagegraphics/Coverstyl_Logo.png""></p>
<span style=""font-weight: bold; color: #588ec6;"">SUITABILITY:</span>
<p>This product is designed for interior application only and offers exceptional resistance to water, dirt, abrasion, UV rays and wear (yellowing, cracking, scaling, delamination). </p>
<span style=""font-weight: bold; color: #588ec6;"">MATERIAL CHARACTERISTICS:</span>
<ul><li>Grade: Polymeric</li>
<li>Thickness: 250 micron</li>
<li>Adhesive: Easy Apply Air Release</li>
<li>Appearance: Matt</li>
<li>Stretchable: Yes</li>
<li>Scratch Proof: Average</li>
</ul>
<p>Prices shown are per linear metre at 1220mm wide</p>
</body>
</html>","AL24_Basic_Beige_Bao.jpg","AL24_Basic_Beige_Bao.jpg, AL24_Basic_Beige_Bao_Kitchen.jpg","INVITEMS","DEFAULT-AL24_Basic_Beige_Bao-DEFAULT-AL24_Basic_Beige_Bao","","","0","0","0","","1","REGONLY","0","0","0","0","","","","SELECT","SELECT","0","","","","","0","0","","income-service","","","0","0","","","","","Cover_Styl_Wood","Cover_Styl_Wood","","","0","Olfa_Graphic_Cutter, Olfa_X_Design_Heavy_Duty_Knife, Lint-Free-Gloves, Masking_Tape_25mm, Aslan_Squeegee, Swann_Morton_3_Handle, Swann_Morton_10A_Blades, Lint-Free-Cloths, Heavy-Duty-Application-Roller, Rollepro, 4075CT1220, Cover-Styl-Colour-Selector-Box","Olfa_Graphic_Cutter, Olfa_X_Design_Heavy_Duty_Knife, Lint-Free-Gloves, Masking_Tape_25mm, Aslan_Squeegee, Swann_Morton_3_Handle, Swann_Morton_10A_Blades, Lint-Free-Cloths, Heavy-Duty-Application-Roller, Rollepro, 4075CT1220, Cover-Styl-Colour-Selector-Box","A","superuser","ADHESIVE_SEMI_PERMANENT","GRADE_POLYPROPYLENE","","","","","","","","","","","","Cover-Styl-AL24-Bleach-Ash","0","coverstyle, cover style, cover styl, cover styl'


","","","1627548744","0","","0","","CHECKBOX"
"AL29_White_Structured_Line_Bao","AL29 Pale White Oak","Cover Styl' AL29","Cover_Styl","130","25","DEFAULT","","","","","0","Cover Styl' AL29 Pale White Oak self-adhesive wood film. Buy it by the metre.

","<html>
<head>
<title>Cover Styl' AL29 Pale White Oak</title></head>
<body>
<p><img style=""height: 76px; width: 300px;"" alt=""Cover Styl' logo""
src=""media/ecom/onpagegraphics/Coverstyl_Logo.png""></p>
<span style=""font-weight: bold; color: #588ec6;"">SUITABILITY:</span>
<p>This product is designed for interior application only and offers exceptional resistance to water, dirt, abrasion, UV rays and wear (yellowing, cracking, scaling, delamination). </p>
<span style=""font-weight: bold; color: #588ec6;"">MATERIAL CHARACTERISTICS:</span>
<ul><li>Grade: Polymeric</li>
<li>Thickness: 250 micron</li>
<li>Adhesive: Easy Apply Air Release</li>
<li>Appearance: Matt</li>
<li>Stretchable: Yes</li>
<li>Scratch Proof: Average</li>
</ul>
<p>Prices shown are per linear metre at 1220mm wide</p>
</body>
</html>","AL29_White_Structured_Line_Bao.jpg","AL29_White_Structured_Line_Bao.jpg, AL29_White_Structured_Line_Bao_Wall.jpg","INVITEMS","DEFAULT-AL29_White_Structured_Line_Bao-DEFAULT-AL29_White_Structured_Line_Bao","","","0","0","0","","1","REGONLY","0","0","0","0","","","","SELECT","SELECT","0","","","","","0","0","","income-service","","","0","0","","","","","Cover_Styl_Wood","Cover_Styl_Wood","","","0","Olfa_Graphic_Cutter, Olfa_X_Design_Heavy_Duty_Knife, Lint-Free-Gloves, Masking_Tape_25mm, Aslan_Squeegee, Swann_Morton_3_Handle, Swann_Morton_10A_Blades, Lint-Free-Cloths, Heavy-Duty-Application-Roller, Rollepro, 4075CT1220, Cover-Styl-Colour-Selector-Box","Olfa_Graphic_Cutter, Olfa_X_Design_Heavy_Duty_Knife, Lint-Free-Gloves, Masking_Tape_25mm, Aslan_Squeegee, Swann_Morton_3_Handle, Swann_Morton_10A_Blades, Lint-Free-Cloths, Heavy-Duty-Application-Roller, Rollepro, 4075CT1220, Cover-Styl-Colour-Selector-Box","A","superuser","ADHESIVE_SEMI_PERMANENT","GRADE_POLYPROPYLENE","","","","","","","","","","","","Cover-Styl-AL29-Pale-White-Oak","0","coverstyle, cover style, cover styl, cover styl'


","","","1627548868","0","","0","","CHECKBOX"
"Aluminium_Composite","A4 Sheets 5 pack - White Aluminium Composite Sheet","12055","Perspex","230","6","DEFAULT","","","","","0","Pack of 5 sheets of A4 White Aluminium Composite Panel.","Pack of 5 sheets of A4 Aluminium Composite Panel.","ACP.jpg","ACP.jpg","INVITEMS","DEFAULT-Aluminium_Composite-DEFAULT-Aluminium_Composite","","","0","0","0","","1","REGONLY","0","0","0","0","","","","SELECT","SELECT","0","","","","","0","0","","income-service","","","0","0","","","","","Aluminium-Composite","Aluminium-Composite","","","0","","","A","superuser","","","","","Boards","","","","","","","","","","0","aluminium, board, rigid, 3mm","","","1521052616","0","","0","","CHECKBOX"
"Anti_Graffiti_Laminate","Ritrama PET20 Anti-Graffiti Laminate","6480","Ritrama","40","276","DEFAULT","","","","","0","Ritrama PET20 is an ultra thin polyester laminate features a special anti-graffiti coating and is ideal for covering digital prints that are to be positioned in public areas such as public transport vehicles and stations, shopping centres and airports. Permanent marker pen is removable using Isopropyl alcohol or other suitable solvent cleaners.



























","<html>

<title><head>Ritrama PET20 Anti-Graffiti Laminate</title></head>

<style>
.responsive {
  width: 50%;
  height: auto;
}
</style>



<img style=""height: 80px; width: 450px;"" alt=""Fedrigoni Logo""
src=""media/ecom/onpagegraphics/Fedrigoni_Logo.jpg"" class=""responsive"">
<br><br>

<body>
<p>Ritrama PET20 is an ultra thin polyester laminate features a special anti-graffiti coating and is ideal for covering digital prints that are to be positioned in public areas such as public transport vehicles and stations, shopping centres and airports.</p>
<a><img style=""border: 0px solid ; width: 75px; height: 75px; float: right;"" alt=""pvc free""
src=""media/ecom/onpagegraphics/PVC_free_logo.png""></a>

<span style=""font-weight: bold; color: #d7328a;"">Structure:</span><br>
<ul><li>20<span>&#181;</span>m Optically clear PET</li>
<li>Transparent solvent based acrylic adhesive - Permanent</li>
<li>30<span>&#181;</span>m PET
</li></ul>

<span style=""font-weight: bold; color: #d7328a;"">Suitability:</span><br>
<ul><li>Short term indoor and outdoor lamination requiring a high gloss finish</li>
<li>Applications requiring graffiti removability</li>
<li>Protect digital prints from abrasion
</li></ul>

<span style=""font-weight: bold; color: #d7328a;"">Advantages:</span><br>
<ul><li>High level of gloss</li>
<li>Dimensionally stable</li>
<li>Uniform surface</li>
<li>Solvent based adhesive
</li><br>
<img style=""border: 0px solid ; width: 50px; height: 50px; alt=""reward points logo""
src=""media/ecom/onpagegraphics/Reward_Logo.png""><span style=""font-weight: bold; color: #ef7d00;"">Earn Reward Points every time you buy this product</span></ul>

<span style=""font-weight: bold; color: #d7328a;"">Technical Information:</span><br>
<ul>
<a href=""media/ecom/pdfs/datasheets/TDS___Ri_Lam_PET20_anti_graffiti.pdf"" target=""_blank""><img
style=""border: 0px solid ; width: 200px; height: 60px;"" alt=""Ritrama-PET20-Anti-Graffiti-Laminate-Datasheet""
src=""media/ecom/onpagegraphics/Datasheet.png""></a></ul>

<p style=""font-weight: bold; font-size: 1.0em;"">Prices shown are per roll</p>
</body>

</html>","Ritrama_6480.png","6480.jpg","INVITEMS","DEFAULT-Anti_Graffiti_Laminate-DEFAULT-Anti_Graffiti_Laminate","","","0","0","0","","1","REGONLY","0","0","0","0","","","","SELECT","SELECT","0","","","","","0","0","","income-service","","","0","0","","","","","Anti_Graffiti_laminate","Anti_Graffiti_laminate, PVC_Free_Laminates, UVC-Laminates","","","0","Olfa_Graphic_Cutter, Olfa_X_Design_Heavy_Duty_Knife, Lint-Free-Gloves, Masking_Tape_25mm, Aslan_Squeegee, Swann_Morton_3_Handle, Swann_Morton_10A_Blades, Lint-Free-Cloths, Heavy-Duty-Application-Roller, 4075CT1220,","Olfa_Graphic_Cutter, Olfa_X_Design_Heavy_Duty_Knife, Lint-Free-Gloves, Masking_Tape_25mm, Aslan_Squeegee, Swann_Morton_3_Handle, Swann_Morton_10A_Blades, Lint-Free-Cloths, Heavy-Duty-Application-Roller, Rollepro, 4075CT1220,","A","superuser","","","","","","","","","","","","","","Ritrama-6480-Anti-Graffiti-Laminate","0","anti, graffitti, graffiti, grafitti, 6480, laminate, ritrama, pet 20, pet20






xerox,d-jet 100,




























","","","1490033937","0","","0","","CHECKBOX"
"Anti_Static_Cleaner","Anti-static Cleaner","ANT","Doro_Tape","50","10","DEFAULT","","","","","0","Anti-static cleaner leaves surfaces static free for up to 3 months. First rate for cleaning most plastics windows, glass, computer and TV screens. Supplied in a 500ml plastic container with a trigger spray head.","<html>

<title><head>Anti-static Cleaner</title></head>
<body>
<p>Anti-static cleaner leaves surfaces static free for up to 3 months. First rate for cleaning most plastics windows, glass, computer and TV screens. Supplied in a plastic container with a spray head.</p>
<a href=""media/ecom/pdfs/MSDS/MSDS-Anti-Static-Cleaner.pdf"" target=""_blank""><img
style=""border: 0px solid ; width: 200px; height: 60px;"" alt=""Anti Static Cleaner Safety Data Sheet""
src=""media/ecom/onpagegraphics/Coshh.png""></a>
</body>
</html>
","Anti-Static.jpg","Anti-Static.jpg","INVITEMS","DEFAULT-Anti_Static_Cleaner-DEFAULT-Anti_Static_Cleaner","","","0","0","0","","1","REGONLY","0","0","0","0","","","","SELECT","SELECT","0","","","","","0","0","","income-service","","","0","0","","","","","Cleaners_Cleaning_Tools","Cleaners_Cleaning_Tools","","","0","Panel_Wipe, Right_Off, 4G_Cleaner, IPA_100","","A","","","","","","","","","","","","","","","","0","anti, static, cleaner, anti-static","","Anti-static cleaner leaves surfaces static free for up to 3 months. First rate for cleaning most plastics windows, glass, computer and TV screens. Supplied in a 500ml plastic container with a trigger spray head.","1490109113","0","","0","","CHECKBOX"
"Application_Gloves","Application Gloves (1 Pair Size:L)","APP","SOTT","250","2","DEFAULT","","","","","0","Seamless white elasticated dust free gloves for applying graphics to contoured vehicle surfaces. Size: Large","<html>

<title><head>Application Gloves (1 Pair Size:L)</title></head>

<body>

<p>Seamless white elasticated dust free gloves for applying graphics to contoured vehicle surfaces.</p>
<p>Size: Large.</p>

</body>

</html>","Application_gloves.jpg","Application_gloves.jpg","INVITEMS","DEFAULT-Application_Gloves-DEFAULT-Application_Gloves","","","0","0","0","","1","REGONLY","0","0","0","0","","","","SELECT","SELECT","0","","","","","0","0","","income-service","","","0","0","","","","","Vehicle_Wrap_Tools","Application_Tools, Vehicle_Wrap_Tools","","","0","","","A","","","","","","","","","","","","","","","Application-Gloves","0","gloves, wrap, seamless, elasticated","","","1547647405","0","","0","","CHECKBOX"
"Application_Rollers","Application Rollers","AR","Doro_Tape","110","0","DEFAULT","","","","","0","A popular alternative to squeegees, especially when flood coating. Made from a durable polypropylene, this strong, sturdy and versatile hard-rubber roller has self-lubricating nylon bearings and rigid steel brackets making this a tough and trustworthy tool. Available in four sizes.","<html>

<title><head>Application Rollers</title></head>

<body>

<p>A popular alternative to squeegees, especially when flood coating.</p>
<p>Made from a durable polypropylene, this strong, sturdy and versatile hard-rubber roller has self-lubricating nylon bearings and rigid steel brackets making this a tough and trustworthy tool.</p>
<p>Available in 4 different sizes.</p>

</body>

</html>
","Application_Roller.png","Application_Roller.png","INVITEMS","DEFAULT-Application_Rollers-DEFAULT-Application_Rollers","","","0","0","0","","1","REGONLY","0","0","0","0","","","","SELECT","SELECT","0","","","","","0","0","","income-service","","","0","0","","","","","Application_Tools","Application_Tools, Stencil-Film-Accessories","","","0","PLASQBLUE, PLASQGOLD, FELTSQ, ASLANSQ, ASLANSQRD","","A","","","","","","","","","","","","","","","","0","rollers,application,","","","1490106637","0","","0","","CHECKBOX"
"Aqueous_Gloss_Vinyl","Self-adhesive Gloss Vinyl","SAV150G","DEFAULT","80","0","DEFAULT","","","","","0","Self-adhesive gloss vinyl for aqueous inks with a coating that offers instant drying and is also water resistant.  Print results are of a truly photographic quality using aqueous inks.






","<html><head><title>Gloss Vinyl</title>
</head>
<body>
<p>Self-adhesive gloss vinyl (115 micron) for aqueous inks that dries quickly after printing and is water resistant.</p>
<p>This vinyl has a strong backing liner making it easy to contour cut (270 micron with backing liner).</p>
<p>The Semi permanent adhesive allows for easy application.</p>
<p>Outstanding print results of a truly photographic quality using aqueous inks.</p>
<br>
<p><span style=""font-weight: bold; color: #d7328a;"">Suitability:</span><br></p>
Suitable for indoor and short term outdoor applications if laminated.<br>
<br>
<p><span style=""font-weight: bold; color: #d7328a;"">Ink Compatability:</span><br></p>
<img style=""margin: 0px 5px 0px 0px; width: 15px; height: 25px;"" alt=""Dye Ink""
src=""media/ecom/onpagegraphics/Ink-Dye.png"">Dye&nbsp;&nbsp;
<img style=""margin: 0px 5px 0px 0px; width: 15px; height: 25px;"" alt=""Pigment Ink""
src=""media/ecom/onpagegraphics/Ink-Pigment.png"">Pigment<br><br>

<p style=""font-weight: bold; font-size: 1.0em;"">Prices shown are per 30 metre roll</p>
</body>
</html>","SAV150G.jpg","SAV150G.jpg","INVITEMS","DEFAULT-Aqueous_Gloss_Vinyl-DEFAULT-Aqueous_Gloss_Vinyl","","","0","0","0","","1","REGONLY","0","0","0","0","","","","SELECT","SELECT","0","","","","","0","0","","income-service","","","0","0","","","","","Aqueous_Media","Aqueous_Media","","","0","","","A","superuser","","","","","","","","","","","","","","Gloss-Vinyl-Aqueous-Inks","0","vinyl, self adhesive, self-adhesive, aqueous, water based, gloss





















poster paper,semi gloss paper,200gsm paper,printable paper,




","","Self-adhesive gloss vinyl with a coating that offers instant drying and is also water resistant.  Print results are of a truly photographic quality using aqueous inks.","1490094269","0","","0","","CHECKBOX"
"Aqueous_Vinyl","Self-adhesive Matte Vinyl","104","DEFAULT","90","0","DEFAULT","","","","","0","Self-adhesive matt vinyl for aqueous inks that dries quickly after printing and is water resistant. This vinyl has a scratch resistant coating, permanent adhesive and a thick paper backing liner making it easy to contour cut. Outstanding print results using aqueous inks.





","<html><head><title>Matt Vinyl</title>
</head>
<body>
<p>Self-adhesive matt vinyl (120 micron) for aqueous inks that dries quickly after printing and is water resistant.</p>
<p>This vinyl has a permanent adhesive and a thick paper backing liner making it easy to contour cut (270 micron with backing liner).</p>
<p>Scratch resistant coating</p>
<p>Outstanding print results using aqueous inks.</p>
<br>
<p><span style=""font-weight: bold; color: #d7328a;"">Suitability:</span><br></p>
Suitable for indoor and short term outdoor applications if laminated.<br>
<br>
<p><span style=""font-weight: bold; color: #d7328a;"">Ink Compatability:</span><br></p>
<img style=""margin: 0px 5px 0px 0px; width: 15px; height: 25px;"" alt=""Dye Ink""
src=""media/ecom/onpagegraphics/Ink-Dye.png"">Dye&nbsp;&nbsp;
<img style=""margin: 0px 5px 0px 0px; width: 15px; height: 25px;"" alt=""Pigment Ink""
src=""media/ecom/onpagegraphics/Ink-Pigment.png"">Pigment
<br><br>
<p style=""font-weight: bold; font-size: 1.0em;"">Prices shown are per 30 metre roll</p>
</body>
</html>","SAV150M.jpg","SAV150M.jpg","INVITEMS","DEFAULT-Aqueous_Vinyl-DEFAULT-Aqueous_Vinyl","","","0","0","0","","1","REGONLY","0","0","0","0","","","","SELECT","SELECT","0","","","","","0","0","","income-service","","","0","0","","","","","Aqueous_Media","Aqueous_Media","","","0","","","A","superuser","","","","","","","","","","","","","","Matt-Vinyl-Aqueous-Inks","0","vinyl, self adhesive, self-adhesive, aqueous, water based, matt





















poster paper,semi gloss paper,200gsm paper,printable paper,




","","Self-adhesive matt vinyl that dries quickly after printing and is water resistant. This vinyl has a scratch resistant coating, permanent adhesive and a thick paper backing liner making it easy to contour cut. Outstanding print results using aqueous inks.","1490094419","0","","0","","CHECKBOX"
"ArtWrap-Backboard-12x12","ArtWrap QuickPro Canvas Backboard 12""x12"" (300mm x 300mm)","18009","DEFAULT","75","2","DEFAULT","","","","","0","ArtWrap Canvas Backboard 12"" x 12"" (300mm x 300mm)","<html>

<title><head>ArtWrap QuickPro Canvas Backboard 12""x12"" (300mm x 300mm)</title></head>
<body>
<p>Give your ArtWrap<sup>TM</sup> canvas the pro finish with this easy to fit black backboard.</p>
<ul><li>Just peel the tape and stick</li>
<li>Integeral hanging points for portrait and landscape</li></ul>
</body>
</html>
","QPB1216.jpg","QPB.jpg","INVITEMS","DEFAULT-ArtWrap-Backboard-12x12-DEFAULT-ArtWrap-Backboard-12x12","","","0","0","0","","1","REGONLY","0","0","0","0","","","","SELECT","SELECT","0","","","","","0","0","","income-service","","","0","0","","","","","ArtWrap-Canvas-Making","","","","0","Aqueous_Cotton_Canvas, Aqueous_Poly_Canvas, Digi_Paper_200, Universal_Canvas, Poly_Canvas","","A","","","","","","","","","","","","","","","","0","artwrap,canvas","","","1507025272","0","","0","","CHECKBOX"
"ArtWrap-Backboard-12x16","ArtWrap QuickPro Canvas Backboard 12""x16"" (300mm x 400mm)","18010","DEFAULT","75","2","DEFAULT","","","","","0","ArtWrap Canvas Backboard 12"" x 16"" (300mm x 400mm)","<html>

<title><head>ArtWrap QuickPro Canvas Backboard 12""x16"" (300mm x 400mm)</title></head>


<body>

<p>Give your ArtWrap<sup>TM</sup> canvas the pro finish with this easy to fit black backboard.</p>
<ul><li>Just peel the tape and stick</li>
<li>Integral hanging points for portrait and landscape</li></ul>
</body>
</html>
","QPB1216.jpg","QPB.jpg","INVITEMS","DEFAULT-ArtWrap-Backboard-12x16-DEFAULT-ArtWrap-Backboard-12x16","","","0","0","0","","1","REGONLY","0","0","0","0","","","","SELECT","SELECT","0","","","","","0","0","","income-service","","","0","0","","","","","ArtWrap-Canvas-Making","","","","0","","","A","","","","","","","","","","","","","","","","0","artwrap,canvas","","","1507025299","0","","0","","CHECKBOX"
"ArtWrap-Backboard-16x20","ArtWrap QuickPro Canvas Backboard 16""x20"" (400mm x 500mm)","18011","DEFAULT","75","3","DEFAULT","","","","","0","ArtWrap Canvas Backboard 16"" x 20"" (400mm x 500mm)","<html>

<title><head>ArtWrap QuickPro Canvas Backboard 16""x20"" (400mm x 500mm)</title></head>


<body>

<p>Give your ArtWrap<sup>TM</sup> canvas the pro finish with this easy to fit black backboard.</p>
<ul><li>Just peel the tape and stick</li>
<li>Integral hanging points for portrait and landscape</li></ul>
</body>
</html>","QPB1216.jpg","QPB.jpg","INVITEMS","DEFAULT-ArtWrap-Backboard-16x20-DEFAULT-ArtWrap-Backboard-16x20","","","0","0","0","","1","REGONLY","0","0","0","0","","","","SELECT","SELECT","0","","","","","0","0","","income-service","","","0","0","","","","","ArtWrap-Canvas-Making","","","","0","","","A","","","","","","","","","","","","","","","","0","artwrap,canvas","","","1507025324","0","","0","","CHECKBOX"
"ArtWrap-Backboard-20x30","ArtWrap QuickPro Canvas Backboard 20""x30"" (500mm x 760mm)","18012","DEFAULT","75","5","DEFAULT","","","","","0","ArtWrap Canvas Backboard 20"" x 30"" (500mm x 760mm)","<html>

<title><head>ArtWrap QuickPro Canvas Backboard 20""x30"" (500mm x 760mm)</title></head>


<body>

<p>Give your ArtWrap<sup>TM</sup> canvas the pro finish with this easy to fit black backboard.</p>
<ul><li>Just peel the tape and stick</li>
<li>Integral hanging points for portrait and landscape</li></ul>
</body>
</html>","QPB1216.jpg","QPB.jpg","INVITEMS","DEFAULT-ArtWrap-Backboard-20x30-DEFAULT-ArtWrap-Backboard-20x30","","","0","0","0","","1","REGONLY","0","0","0","0","","","","SELECT","SELECT","0","","","","","0","0","","income-service","","","0","0","","","","","ArtWrap-Canvas-Making","","","","0","","","A","","","","","","","","","","","","","","","","0","artwrap,canvas","","","1507025360","0","","0","","CHECKBOX"
"ArtWrap-Backboard-8x12","ArtWrap QuickPro Canvas Backboard 8""x12"" (200mm x 300mm)","18008","DEFAULT","75","2","DEFAULT","","","","","0","ArtWrap Canvas Backboard 8"" x 12"" (200mm x 300mm)","<html>

<title><head>ArtWrap QuickPro Canvas Backboard 8""x12"" (200mm x 300mm)</title></head>


<body>

<p>Give your ArtWrap<sup>TM</sup> canvas the pro finish with this easy to fit black backboard.</p>
<ul><li>Just peel the tape and stick</li>
<li>Integral hanging points for portrait and landscape</li></ul>
</body>
</html>","QPB1216.jpg","QPB.jpg","INVITEMS","DEFAULT-ArtWrap-Backboard-8x12-DEFAULT-ArtWrap-Backboard-8x12","","","0","0","0","","1","REGONLY","0","0","0","0","","","","SELECT","SELECT","0","","","","","0","0","","income-service","","","0","0","","","","","ArtWrap-Canvas-Making","","","","0","","","A","","","","","","","","","","","","","","","","0","artwrap,canvas","","","1507025252","0","","0","","CHECKBOX"
"ArtWrap-Backboard-8x8","ArtWrap QuickPro Canvas Backboard 8""x8"" (200mm x 200mm)","18007","DEFAULT","75","1","DEFAULT","","","","","0","ArtWrap Canvas Backboard 8"" x 8"" (200mm x 200mm)","<html>

<title><head>ArtWrap QuickPro Canvas Backboard 8""x8"" (200mm x 200mm)</title></head>


<body>

<p>Give your ArtWrap<sup>TM</sup> canvas the pro finish with this easy to fit black backboard.</p>
<ul><li>Just peel the tape and stick</li>
<li>Integral hanging points for portrait and landscape</li></ul>
</body>
</html>","QPB1216.jpg","QPB.jpg","INVITEMS","DEFAULT-ArtWrap-Backboard-8x8-DEFAULT-ArtWrap-Backboard-8x8","","","0","0","0","","1","REGONLY","0","0","0","0","","","","SELECT","SELECT","0","","","","","0","0","","income-service","","","0","0","","","","","ArtWrap-Canvas-Making","","","","0","","","A","","","","","","","","","","","","","","","","0","magnetic squeegee,","","","1507025227","0","","0","","CHECKBOX"
"ArtWrap-Bracket-Stand","ArtWrap QuickPro Canvas Bracket Stand","18016","DEFAULT","130","0","DEFAULT","","","","","0","ArtWrap Canvas Bracket Stand (for 8"" x 8"" & 12"" x 8"" canvases only)","<html>

<title><head>ArtWrap QuickPro Canvas Bracket Stand</title></head>
<body>
<p>Add the finishing touch with this clip in Bracket Stand (for 8"" x 8"" & 12"" x 8"" canvases only)</p>
<ul><li>Just fold and clip</li>
<li>Works for both portrait and landscape formats</li></ul>
</body>
</html>
","QPB-BB.jpg","QPB-BB.jpg","INVITEMS","DEFAULT-ArtWrap-Bracket-Stand-DEFAULT-ArtWrap-Bracket-Stand","","","0","0","0","","1","REGONLY","0","0","0","0","","","","SELECT","SELECT","0","","","","","0","0","","income-service","","","0","0","","","","","ArtWrap-Canvas-Making","","","","0","","","A","","","","","","","","","","","","","","","","0","magnetic squeegee,","","","1507025391","0","","0","","CHECKBOX"
"ArtWrap-Canvas-12x12","ArtWrap QuickPro Canvas 12""x12"" (300mm x 300mm)","18003","DEFAULT","30","3","DEFAULT","","","","","0","ArtWrap Canvas Board 12"" x 12"" (300mm x 300mm)","<html>

<title><head>ArtWrap QuickPro Canvas 12""x12"" (300mm x 300mm)</title></head>

<body>

<p>Create a professional, gallery depth 12"" x 12"" (300mm x 300mm) canvas using this quick and easy system.</p>
<ul><li>Just print your image onto any canvas or paper and cut to size (see template below)</li>
<li>Staple along sides and cut the corners before folding following the instructions (see video below)</li>
<li>Apply back board (sold seperately) for the ultimate finish</li>
<li>You're done - easy</li>
<li><p style=""color:#933639""><i>Please note: backboard, canvas / paper, stapler & scissors are not included but can be bought separately (this process requires a long neck stapler).</p></i></li>
<br>
<a href=""media/ecom/pdfs/applicationguidelines/Adventa_TemplateQP12X12.pdf""
target=""_blank""><img
style=""border: 0px solid ; width: 200px; height: 60px;"" alt=""pdf""
src=""media/ecom/onpagegraphics/Template.png""></a></ul>

</body>

</html>

","QP1212.jpg","QP1212.jpg, QP-Back.jpg, QP-Pack.jpg","INVITEMS","DEFAULT-ArtWrap-Canvas-12x12-DEFAULT-ArtWrap-Canvas-12x12","","","0","0","0","","1","REGONLY","0","0","0","0","","","","SELECT","SELECT","0","","","","","0","0","","income-service","","","0","0","","","https://www.youtube.com/embed/Urm7X-3EAJ8","","ArtWrap-Canvas-Making","ArtWrap-Canvas-Making","","","0","ArtWrap-Stapler, ArtWrap-Backboard-12x12, ArtWrap-Float-Frame-12x12","","A","","","","","","","","","","","","","","","","0","magnetic squeegee,","","","1492011140","0","","0","","CHECKBOX"
"ArtWrap-Canvas-12x16","ArtWrap QuickPro Canvas 12x16"" (300mm x 400mm)","18004","DEFAULT","40","4","DEFAULT","","","","","0","ArtWrap Canvas Board 12"" x 16"" (300mm x 400mm)","<html>

<title><head>ArtWrap QuickPro Canvas 12x16"" (300mm x 400mm)</title></head>

<body>

<p>Create a professional, gallery depth 12"" x 16"" (300mm x 400mm) canvas using this quick and easy system.</p>
<ul><li>Just print your image onto canvas or paper and cut to size (see template below)</li>
<li>Staple along sides and cut the corners before folding following the instructions (see video below)</li>
<li>Apply back board for the ultimate finish</li>
<li>You're done - easy</li>
<li><p style=""color:#933639""><i>Please note: backboard, canvas / paper, stapler & scissors are not included but can be bought separately (this process requires a long neck stapler).</p></i></li>
<br>
<a href=""media/ecom/pdfs/applicationguidelines/Adventa_TemplateQP12X16.pdf""
target=""_blank""><img
style=""border: 0px solid ; width: 200px; height: 60px;"" alt=""pdf""
src=""media/ecom/onpagegraphics/Template.png""></a></ul>

</body>

</html>","QP1216.jpg","QP1216.jpg, QP-Back.jpg, QP-Pack.jpg","INVITEMS","DEFAULT-ArtWrap-Canvas-12x16-DEFAULT-ArtWrap-Canvas-12x16","","","0","0","0","","1","REGONLY","0","0","0","0","","","","SELECT","SELECT","0","","","","","0","0","","income-service","","","0","0","","","https://www.youtube.com/embed/Urm7X-3EAJ8","","ArtWrap-Canvas-Making","ArtWrap-Canvas-Making","","","0","ArtWrap-Stapler, ArtWrap-Backboard-12x16, ArtWrap-Float-Frame-12x16","","A","","","","","","","","","","","","","","","","0","magnetic squeegee,","","","1492011249","0","","0","","CHECKBOX"
"ArtWrap-Canvas-16x20","ArtWrap QuickPro Canvas 16x20"" (400mm x 500mm)","18005","DEFAULT","50","5","DEFAULT","","","","","0","ArtWrap Canvas Board 16"" x 20"" (400mm x 500mm)","<html>

<title><head>ArtWrap QuickPro Canvas 16x20"" (400mm x 500mm)</title></head>

<body>

<p>Create a professional, gallery depth 16"" x 20"" (400mm x 500mm) canvas using this quick and easy system.</p>
<ul><li>Just print your image onto canvas or paper and cut to size (see template below)</li>
<li>Staple along sides and cut the corners before folding following the instructions (see video below)</li>
<li>Apply back board for the ultimate finish</li>
<li>You're done - easy</li>
<li><p style=""color:#933639""><i>Please note: backboard, canvas / paper, stapler & scissors are not included but can be bought separately (this process requires a long neck stapler).</p></i></li>
<br>
<a href=""media/ecom/pdfs/applicationguidelines/Adventa_TemplateQP16X20.pdf""
target=""_blank""><img
style=""border: 0px solid ; width: 200px; height: 60px;"" alt=""pdf""
src=""media/ecom/onpagegraphics/Template.png""></a></ul>

</body>

</html>","QP1620.jpg","QP1620.jpg, QP-Back.jpg, QP-Pack.jpg","INVITEMS","DEFAULT-ArtWrap-Canvas-16x20-DEFAULT-ArtWrap-Canvas-16x20","","","0","0","0","","1","REGONLY","0","0","0","0","","","","SELECT","SELECT","0","","","","","0","0","","income-service","","","0","0","","","https://www.youtube.com/embed/Urm7X-3EAJ8","","ArtWrap-Canvas-Making","ArtWrap-Canvas-Making","","","0","ArtWrap-Stapler, ArtWrap-Backboard-16x20, ArtWrap-Float-Frame-16x20","","A","","","","","","","","","","","","","","","","0","magnetic squeegee,","","","1492011394","0","","0","","CHECKBOX"
"ArtWrap-Canvas-20x30","ArtWrap QuickPro Canvas 20x30"" (500mm x 760mm)","18006","DEFAULT","60","8","DEFAULT","","","","","0","ArtWrap Canvas Board 20"" x 30"" (500mm x 760mm)","<html>

<title><head>ArtWrap QuickPro Canvas 20x30"" (500mm x 760mm)</title></head>

<body>

<p>Create a professional, gallery depth 20"" x 30"" (500mm x 760mm) canvas using this quick and easy system.</p>
<ul><li>Just print your image onto canvas or paper and cut to size (see template below)</li>
<li>Staple along sides and cut the corners before folding following the instructions (see video below)</li>
<li>Apply back board for the ultimate finish</li>
<li>You're done - easy</li>
<li><p style=""color:#933639""><i>Please note: backboard, canvas / paper, stapler & scissors are not included but can be bought separately (this process requires a long neck stapler).</p></i></li>
<br>
<a href=""media/ecom/pdfs/applicationguidelines/Adventa_TemplateQP20X30.pdf""
target=""_blank""><img
style=""border: 0px solid ; width: 200px; height: 60px;"" alt=""pdf""
src=""media/ecom/onpagegraphics/Template.png""></a></ul>

</body>

</html>","QP2030.jpg","QP2030.jpg, QP-Back.jpg, QP-Pack.jpg","INVITEMS","DEFAULT-ArtWrap-Canvas-20x30-DEFAULT-ArtWrap-Canvas-20x30","","","0","0","0","","1","REGONLY","0","0","0","0","","","","SELECT","SELECT","0","","","","","0","0","","income-service","","","0","0","","","https://www.youtube.com/embed/Urm7X-3EAJ8","","ArtWrap-Canvas-Making","ArtWrap-Canvas-Making","","","0","ArtWrap-Stapler, ArtWrap-Backboard-20x30","","A","","","","","","","","","","","","","","","","0","magnetic squeegee,","","","1492011421","0","","0","","CHECKBOX"
"ArtWrap-Canvas-8x12","ArtWrap QuickPro Canvas 8""x12"" (200mm x 300mm)","18002","DEFAULT","20","3","DEFAULT","","","","","0","ArtWrap Canvas Board 8"" x 12"" (200mm x 300mm)","<html>

<title><head>ArtWrap QuickPro Canvas 8""x12"" (200mm x 300mm)</title></head>

<body>

<p>Create a professional, gallery depth 8"" x 12"" (200mm x 300mm) canvas using this quick and easy system.</p>
<ul><li>Just print your image onto canvas or paper and cut to size (see template below)</li>
<li>Staple along sides and cut the corners before folding following the instructions (see video below)</li>
<li>Apply back board for the ultimate finish</li>
<li>You're done - easy</li>
<li><p style=""color:#933639""><i>Please note: backboard, canvas / paper, stapler & scissors are not included but can be bought separately (this process requires a long neck stapler).</p></i></li>
<br>
<a href=""media/ecom/pdfs/applicationguidelines/Adventa_TemplateQP8x12.pdf""
target=""_blank""><img
style=""border: 0px solid ; width: 200px; height: 60px;"" alt=""pdf""
src=""media/ecom/onpagegraphics/Template.png""></a></ul>

</body>

</html>","QP812.jpg","QP812.jpg, QP-Back.jpg, QP-Pack.jpg","INVITEMS","DEFAULT-ArtWrap-Canvas-8x12-DEFAULT-ArtWrap-Canvas-8x12","","","0","0","0","","1","REGONLY","0","0","0","0","","","","SELECT","SELECT","0","","","","","0","0","","income-service","","","0","0","","","https://www.youtube.com/embed/Urm7X-3EAJ8","","ArtWrap-Canvas-Making","ArtWrap-Canvas-Making","","","0","ArtWrap-Stapler, ArtWrap-Bracket-Stand, ArtWrap-Backboard-8x12","","A","","","","","","","","","","","","","","","","0","magnetic squeegee,","","","1492011446","0","","0","","CHECKBOX"
"ArtWrap-Canvas-8x8","ArtWrap QuickPro Canvas 8""x8"" (200mm x 200mm)","18001","DEFAULT","10","3","DEFAULT","","","","","0","ArtWrap Canvas Board 8"" x 8"" (200mm x 200mm)","<html>

<title><head>ArtWrap QuickPro Canvas 8""x8"" (200mm x 200mm)</title></head>

<body>

<p>Create a professional, gallery depth 8"" x 8"" (200mm x 200mm) canvas using this quick and easy system.</p>
<ul><li>Just print your image onto canvas or paper and cut to size (see template below)</li>
<li>Staple along sides and cut the corners before folding following the instructions (see video below)</li>
<li>Apply back board for the ultimate finish</li>
<li>You're done - easy</li>
<li><p style=""color:#933639""><i>Please note: backboard, canvas / paper, stapler & scissors are not included but can be bought separately (this process requires a long neck stapler).</p></i></li>
<br>
<a href=""media/ecom/pdfs/applicationguidelines/Adventa_TemplateQP8x8.pdf""
target=""_blank""><img
style=""border: 0px solid ; width: 200px; height: 60px;"" alt=""pdf""
src=""media/ecom/onpagegraphics/Template.png""></a></ul>

</body>

</html>","QP88.jpg","QP88.jpg, QP-Back.jpg, QP-Pack.jpg","INVITEMS","DEFAULT-ArtWrap-Canvas-8x8-DEFAULT-ArtWrap-Canvas-8x8","","","0","0","0","","1","REGONLY","0","0","0","0","","","","SELECT","SELECT","0","","","","","0","0","","income-service","","","0","0","","","https://www.youtube.com/embed/Urm7X-3EAJ8","","ArtWrap-Canvas-Making","ArtWrap-Canvas-Making","","","0","ArtWrap-Backboard-8x8, ArtWrap-Stapler, ArtWrap-Bracket-Stand","","A","","","","","","","","","","","","","","","","0","magnetic squeegee,","","","1492011468","0","","0","","CHECKBOX"
"ArtWrap-Float-Frame-12x12","ArtWrap QuickPro Canvas Float Frame 12""x12"" (300mm x 300mm)","18013","DEFAULT","75","13","DEFAULT","","","","","0","ArtWrap Canvas Float Frame 12"" x 12"" (300mm x 300mm)","<html>

<title><head>ArtWrap QuickPro Canvas Float Frame 12""x12"" (300mm x 300mm)</title></head>


<body>
<p>Give your ArtWrap<sup>TM</sup> canvas a truly professional look with this classy wooden frame.</p>
<ul><li>Just peel the tape and place your made up canvas inside</li>
<li>Supplied in black only</li></ul>
</body>
</html>
","Float-Frame-1.jpg","Float-Frame-1.jpg, Float-Frame-2.jpg","INVITEMS","DEFAULT-ArtWrap-Float-Frame-12x12-DEFAULT-ArtWrap-Float-Frame-12x12","","","0","0","0","","1","REGONLY","0","0","0","0","","","","SELECT","SELECT","0","","","","","0","0","","income-service","","","0","0","","","","","ArtWrap-Canvas-Making","","","","0","Aqueous_Cotton_Canvas, Aqueous_Poly_Canvas, Digi_Paper_200, Universal_Canvas, Poly_Canvas","","A","","","","","","","","","","","","","","","","0","artwrap,canvas","","","1507025461","0","","0","","CHECKBOX"
"ArtWrap-Float-Frame-12x16","ArtWrap QuickPro Canvas Float Frame 12""x16"" (300mm x 400mm)","18014","DEFAULT","75","14","DEFAULT","","","","","0","ArtWrap Canvas Float Frame 12"" x 16"" (300mm x 400mm)","<html>

<title><head>ArtWrap QuickPro Canvas Float Frame 12""x16"" (300mm x 400mm)</title></head>


<body>
<p>Give your ArtWrap<sup>TM</sup> canvas a truly professional look with this classy wooden frame.</p>
<ul><li>Just peel the tape and place your made up canvas inside</li>
<li>Supplied in black only</li></ul>
</body>
</html>
","Float-Frame-1.jpg","Float-Frame-1.jpg, Float-Frame-2.jpg","INVITEMS","DEFAULT-ArtWrap-Float-Frame-12x16-DEFAULT-ArtWrap-Float-Frame-12x16","","","0","0","0","","1","REGONLY","0","0","0","0","","","","SELECT","SELECT","0","","","","","0","0","","income-service","","","0","0","","","","","ArtWrap-Canvas-Making","","","","0","Aqueous_Cotton_Canvas, Aqueous_Poly_Canvas, Digi_Paper_200, Universal_Canvas, Poly_Canvas","","A","","","","","","","","","","","","","","","","0","artwrap,canvas","","","1507025923","0","","0","","CHECKBOX"
"ArtWrap-Float-Frame-16x20","ArtWrap QuickPro Canvas Float Frame 16""x20"" (400mm x 500mm)","18015","DEFAULT","75","16","DEFAULT","","","","","0","ArtWrap Canvas Float Frame 16"" x 20"" (400mm x 500mm)","<html>

<title><head>ArtWrap QuickPro Canvas Float Frame 16""x20"" (400mm x 500mm)</title></head>
<body>
<p>Give your ArtWrap<sup>TM</sup> canvas a truly professional look with this classy wooden frame.</p>
<ul><li>Just peel the tape and place your made up canvas inside</li>
<li>Supplied in black only</li></ul>
</body>
</html>
","Float-Frame-1.jpg","Float-Frame-1.jpg, Float-Frame-2.jpg","INVITEMS","DEFAULT-ArtWrap-Float-Frame-16x20-DEFAULT-ArtWrap-Float-Frame-16x20","","","0","0","0","","1","REGONLY","0","0","0","0","","","","SELECT","SELECT","0","","","","","0","0","","income-service","","","0","0","","","","","ArtWrap-Canvas-Making","","","","0","Aqueous_Cotton_Canvas, Aqueous_Poly_Canvas, Digi_Paper_200, Universal_Canvas, Poly_Canvas","","A","","","","","","","","","","","","","","","","0","artwrap,canvas","","","1507026089","0","","0","","CHECKBOX"
"ArtWrap-Stapler","ArtWrap QuickPro Stapler","18017","DEFAULT","140","17","DEFAULT","","","","","0","ArtWrap Canvas Stapler","<html>

<title><head>ArtWrap QuickPro Stapler</title></head>
<body>
<p>Long throat stapler for easier canvas making.</p>
</body>
</html>
","QPMSR.jpg","QPMSR.jpg","INVITEMS","DEFAULT-ArtWrap-Stapler-DEFAULT-ArtWrap-Stapler","","","0","0","0","","1","REGONLY","0","0","0","0","","","","SELECT","SELECT","0","","","","","0","0","","income-service","","","0","0","","","","","ArtWrap-Canvas-Making","","","","0","","","A","","","","","","","","","","","","","","","","0","magnetic squeegee,","","","1507025409","0","","0","","CHECKBOX"
"Aslan-CB75-Matt-Clear-Board-Film","ASLAN CB75 Matt Clear Board Film :: 1370mm Wide","CB75","Aslan","70","0","DEFAULT","","","","","0","ASLAN CB75 is an 80 micron soft self-adhesive PVC film has a special varnish coating making it the perfect covering for creating whiteboards as well as covering digital prints where dry wipe markings need to be erased easily and without ghosting. Extremely scratch resistant and easy to clean with a micro fibre cloth this film can be used in conjunction with white, coloured or digitally printed film to produce bespoke dry wipe graphics in offices, schools or hospitals.  Fire Rated to Euroclass DIN EN 13501-1:2018 with classification B-s1-d0. Prices are per roll.




























","<html>

<head><title>ASLAN CB75</title></head>
<body>
<img style=""height: 50px; width: 236px;"" alt=""Aslan logo""
src=""media/ecom/onpagegraphics/ASLAN_Logo_New.png""><br><br>
<p>ASLAN CB75 is a Soft self-adhesive PVC film has a special varnish coating making it the perfect covering for creating whiteboards as well as covering digital prints where dry wipe markings need to be erased easily and without ghosting.</p>

<span style=""font-weight: bold; color: #d7328a;"">Structure:</span><br>
<ul><li>80<span>&#181;m</span> PVC with a special varnish</li>
<li>Water based acrylic adhesive system. Semi-permanent</li>
<li>Silicone paper, PE coated on both sides - 140gm<sup>2</sup></li></ul>

<a><img style=""border: 0px solid ; width: 75px; height: 75px; float: right;"" alt=""EN 71-3 Toy Safety Logo""
src=""media/ecom/onpagegraphics/EN71-3.png""></a>

<span style=""font-weight: bold; color: #d7328a;"">Suitability:</span><br>
<ul><li>Turn any surface in to a writable surface</li>
<li>Ideal for use in schools, hospitals or in fact anywhere that a whiteboard may be used</li>
<li>Compatible with most whiteboard markers</li>
<li>Suitable for indoor use</li>
<li>Matt non reflective surface</li>
<li>Use microfibre cloths to clean</li>
<li>Accidental markings with permanent markers can be removed using alcohol or benzene</li>
<li>Outdoor durability of 5 years
</li></ul>

<span style=""font-weight: bold; color: #d7328a;"">Advantages:</span><br>
<ul><li>Easy to erase dry wipe markings</li>
<li>Doesn't leave any ghosting or smudging</li>
<li>Resistant to dirt</li>
<li>Extremely scratch resistant and easy to clean</li>
<li>Fire Rated to Euroclass DIN EN 13501-1:2018 with classification B-s1-d0</li>
<li><div title=""EN71-3 Standard asseses the migration of certain chemicals into the body if a toy or components of a toy were to be swallowed by a child"">Meets Toy Safety Standard EN 71-3</div>
</li></ul>

<a ><img style=""border: 0px solid ; width: 50px; height: 50px;"" alt=""fyi""
src=""media/ecom/onpagegraphics/FYI.png""></a><p style=""color: #d7328a""><i>Due to the nature of the special surface coating, we recommend that any dry wipe markings are erased using a micro fibre cloth.</i></p>

<span style=""font-weight: bold; color: #d7328a;"">Technical Information:</span><br>
<ul>
<a href=""media/ecom/pdfs/datasheets/ClearboardMatt_ASLAN_CB75_e.pdf""
target=""_blank""><img style=""border: 0px solid ; width: 200px; height: 60px;"" alt=""Aslan CB75 Datasheet""
src=""media/ecom/onpagegraphics/Datasheet.png""></a>
<a href=""media/ecom/pdfs/firecertificates/Classification Report ClearboardMatt ASLAN CB 75_EN 13501-1.pdf"" target=""_blank""><img
style=""border: 0px solid ; width: 200px; height: 60px;"" alt=""Aslan CB75 Fire Resistance Certificate""
src=""media/ecom/onpagegraphics/Fire.png""></a>
<a href=""media/ecom/pdfs/applicationguidelines/ASLAN_Memoboards_UseCleaning_EN.pdf"" target=""_blank""><img
style=""border: 0px solid ; width: 200px; height: 60px;"" alt=""ASLAN Memoboards UseCleaning EN""
src=""media/ecom/onpagegraphics/Hand.png""></a></ul>
<p style=""font-weight: bold; font-size: 1.0em;"">Prices shown are per roll at 1370mm wide</p>
</body>

</html>","ASLAN_CB75.jpg","ASLAN_CB75.jpg","INVITEMS","DEFAULT-Aslan-CB75-Matt-Clear-Board-Film-DEFAULT-Aslan-CB75-Matt-Clear-Board-Film","","","0","0","0","","1","REGONLY","0","0","0","0","","","","SELECT","SELECT","0","","","","","0","0","","income-service","","","0","0","","","","","Dry-Wipe-Laminate","Blackboard_Whiteboard, Dry-Wipe-Laminate","","","0","Aslan_WB995_Whiteboard_1370, Aslan_WBL995_Whiteboard_1370, Lint-Free-Cloths, Aslan_Red_Devil_Squeegee, Olfa_X_Design_Heavy_Duty_Knife, Lint-Free-Gloves, Masking_Tape_25mm, Aslan-Gold-Soft-Squeegee, Olfa_Graphic_Cutter, Swann_Morton_3_Handle, Swann_Morton_10A_Blades, Aslan_Squeegee, Application_Gloves,","Lint-Free-Cloths, Aslan_Red_Devil_Squeegee, Olfa_X_Design_Heavy_Duty_Knife, Lint-Free-Gloves, Masking_Tape_25mm, Aslan-Gold-Soft-Squeegee, Olfa_Graphic_Cutter, Swann_Morton_3_Handle, Swann_Morton_10A_Blades, Aslan_Squeegee, Application_Gloves,","A","superuser","ADHESIVE_PERMANENT","","SUITABILITY_CLEARBOARD","","","","","","","","","","","ASLAN-CB75-Matt-Drywipe-Film","0","aslan, cb75, dry wipe, erase, anti graffitti, dry erase, whiteboard","","","1490034687","0","","0","","CHECKBOX"
"Aslan-CB90-Clear-Board-Film","ASLAN CB90 Clear Board Film :: 1370mm Wide","CB90","Aslan","50","0","DEFAULT","","","","","0","ASLAN CB90 Transparent Drywipe Film is a 50-micron self-adhesive polyester film with a permanent adhesive, designed for creating durable whiteboards across a wide range of environments—from schools, colleges, universities, and academies to hospitals, clinics, and surgeries. Its versatility also makes it ideal for corporate and commercial spaces, including offices, meeting rooms, hotels, sports facilities, and retail centres—essentially anywhere a high-quality whiteboard surface is needed. Additionally, it is suitable for laminating digital prints where drywipe markings need to be erased easily and without ghosting. Fire Rated to Euroclass DIN EN 13501-1:2018 with classification B-s1-d0. Prices are per roll




























","<html>

<head><title>ASLAN CB90</title></head>
<body>
<img style=""width: 236px; height: 50px;"" alt=""Aslan Logo""
 src=""media/ecom/onpagegraphics/ASLAN_Logo_New.jpg""><br><br>

<p>ASLAN CB90 Transparent Drywipe Film is a 50-micron self-adhesive polyester film with a permanent adhesive, designed for creating durable whiteboards across a wide range of environments—from schools, colleges, universities, and academies to hospitals, clinics, and surgeries. Its versatility also makes it ideal for corporate and commercial spaces, including offices, meeting rooms, hotels, sports facilities, and retail centres—essentially anywhere a high-quality whiteboard surface is needed. Additionally, it is suitable for laminating digital prints where drywipe markings need to be erased easily and without ghosting.</p>

<a><img style=""border: 0px solid ; width: 75px; height: 75px; float: right;"" alt=""pvc free logo""
src=""media/ecom/onpagegraphics/PVC_free_logo.png""></a>

<span style=""font-weight: bold; color: #d7328a;"">Structure:</span><br>
<ul><li>50<span>&#181;</span>m Gloss polyester film with a special varnish</li>
<li>Water based acrylic adhesive system - Permanent</li>
<li>Siliconised PET - 35gm<sup>2</sup></li></ul>

<span style=""font-weight: bold; color: #d7328a;"">Suitability:</span><br>
<ul><li>Extremely scratch resistant making it ideal for use in schools,
hospitals, offices and meeting rooms or in fact anywhere that a whiteboard may be used</li>
<li>Best dry erase quality on the market based on long term usage</li>
<li>Suitable for all popular whiteboard markers</li>
<li>Permanent markers can be removed easily using an alcohol based cleaner</li>
<li>Perfect for over lamination of digital prints and can also be combined with coloured films or ASLAN Ferro films for memoboard use</li>
<li>High dimensional stability</li>
<li>Outdoor durability of 5 years</li></ul>

<a><img style=""border: 0px solid ; width: 75px; height: 75px; float: right;"" alt=""EN 71-3 Toy Safety Logo""
src=""media/ecom/onpagegraphics/EN71-3.png""></a>

<span style=""font-weight: bold; color: #d7328a;"">Advantages:</span><br>
<ul><li>High gloss finish</li>
<li>No shadowing or ghosting</li>
<li>Fire Rated to Euroclass DIN EN 13501-1:2018 with classification B-s1-d0</li>
<li><div title=""EN71-3 Standard asseses the migration of certain chemicals into the body if a toy or components of a toy were to be swallowed by a child"">Meets Toy Safety Standard EN 71-3</div></li></ul>

<span style=""font-weight: bold; color: #d7328a;"">Technical Information:</span><br>
<ul>
<a href=""media/ecom/pdfs/datasheets/Clearboard_ASLAN_CB90_e.pdf""
target=""_blank""><img style=""border: 0px solid ; width: 200px; height: 60px;"" alt=""ASLAN CB90 Datasheet""
src=""media/ecom/onpagegraphics/Datasheet.png""></a>
<a href=""media/ecom/pdfs/firecertificates/Classification Report Clearboard ASLAN CB 90_EN 13501-1.pdf""
target=""_blank""><img style=""border: 0px solid ; width: 200px; height: 60px;"" alt=""ASLAN CB90 Fire Resistance Certificate""
src=""media/ecom/onpagegraphics/Fire.png""></a>
<a href=""media/ecom/pdfs/applicationguidelines/ASLAN_Memoboards_UseCleaning_EN.pdf"" target=""_blank""><img
style=""border: 0px solid ; width: 200px; height: 60px;"" alt=""ASLAN Memoboards UseCleaning EN""
src=""media/ecom/onpagegraphics/Hand.png""></a></ul>
<p style=""font-weight: bold; font-size: 1.0em;"">Prices shown are per roll at 1370mm wide</p>
</body>
</html>
","ASLAN_CB90.png","ASLAN_CB90.jpg","INVITEMS","DEFAULT-Aslan-CB90-Clear-Board-Film-DEFAULT-Aslan-CB90-Clear-Board-Film","","","0","0","0","","1","REGONLY","0","0","0","0","","","","SELECT","SELECT","0","","","","","0","0","","income-service","","","0","0","","","","","Dry-Wipe-Laminate","Blackboard_Whiteboard, Dry-Wipe-Laminate, PVC_Free_Materials","","","0","Aslan_WB995_Whiteboard_1370, Aslan_WBL995_Whiteboard_1370, Lint-Free-Cloths, Aslan_Red_Devil_Squeegee, Olfa_X_Design_Heavy_Duty_Knife, Lint-Free-Gloves, Masking_Tape_25mm, Aslan-Gold-Soft-Squeegee, Olfa_Graphic_Cutter, Swann_Morton_3_Handle, Swann_Morton_10A_Blades, Aslan_Squeegee, Application_Gloves,","Lint-Free-Cloths, Aslan_Red_Devil_Squeegee, Olfa_X_Design_Heavy_Duty_Knife, Lint-Free-Gloves, Masking_Tape_25mm, Aslan-Gold-Soft-Squeegee, Olfa_Graphic_Cutter, Swann_Morton_3_Handle, Swann_Morton_10A_Blades, Aslan_Squeegee, Application_Gloves,","A","superuser","ADHESIVE_PERMANENT","","SUITABILITY_CLEARBOARD","","","","","","","","","","","ASLAN-CB90-Drywipe-Film","0","aslan, cb90, dry wipe, erase, anti graffitti, dry erase, whiteboard, drywipe, clearboard, drywipe, dryerase, laminating, no ghosting, cv90, ","","ASLAN CB90 Transparent drywipe film is a 50 micron self-adhesive polyester film with a permanent adhesive, ideal for creating durable whiteboards across a wide range of environments. Fire Rated to Euroclass DIN EN 13501-1:2018 with classification B-s1-d0.","1490034456","0","","0","","CHECKBOX"
"ASLAN-CRB91-Clear-Board-Film","ASLAN CRB91 rPET Clear Board Film","CRB91","Aslan","60","13","DEFAULT","","","","","0","ASLAN CRB91 Transparent Drywipe Film is the latest addition to the LoopPET series, crafted from recycled polyester. This 50-micron self-adhesive film features a permanent adhesive and offers superior scratch resistance compared to the original ASLAN CB90, making it ideal for creating durable whiteboards in a wide range of environments, from schools, colleges, universities, and academies to hospitals, clinics, and surgeries. Its versatility also makes it perfect for corporate and commercial spaces, including offices, meeting rooms, hotels, sports facilities, and retail centres—essentially anywhere a high-quality whiteboard surface is needed. Fire Rated to Euroclass DIN EN 13501-1:2018 with classification B-s1-d0. Prices are per roll.




























","<html>

<head><title>ASLAN CRB91</title>
</head>
<body>
<img style=""height: 50px; width: 236px;"" alt=""Aslan logo""
src=""media/ecom/onpagegraphics/ASLAN_Logo_New.png""><br><br>

<p>ASLAN CRB91 Transparent Drywipe Film is the latest addition to the LoopPET series, crafted from recycled polyester. This 50-micron self-adhesive film features a permanent adhesive and offers superior scratch resistance compared to the original ASLAN CB90, making it ideal for creating durable whiteboards in a wide range of environments, from schools, colleges, universities, and academies to hospitals, clinics, and surgeries. Its versatility also makes it perfect for corporate and commercial spaces, including offices, meeting rooms, hotels, sports facilities, and retail centres—essentially anywhere a high-quality whiteboard surface is needed.</p>

<img style=""border: 0px solid ; width: 50px; height: 50px;"" alt=""fyi""
src=""media/ecom/onpagegraphics/FYI.png"">
<p style=""color: #d7328a""><i>ASLAN CRB91 is part of the ASLAN LoopPET series of materials made from post-consumer recycled polyester.<br>
This range offers a more sustainable choice with less reliance on fossil resource consumption, reduced CO<sub>2</sub> emissions,  less water requirement and an overall lower volume of waste.</i></p>

<a><img style=""margin: 5px; width: 85px; height: 85px; float: right;"" alt=""rPET material""
src=""media/ecom/onpagegraphics/rPET_Logo.png""></a>
<a><img style=""margin: 5px; width: 75px; height: 75px; float: right;"" alt=""pvc free""
src=""media/ecom/onpagegraphics/PVC_free_logo.png""></a>

<span style=""font-weight: bold; color: #d7328a;"">Structure:</span>
<ul><li>50<span>&#181;m</span> Gloss polyester</li>
<li>Contains 70% shredded and cleaned Post Consumer Recycled PET - equivalent to 120 1.5L water bottles per 50m roll</li>
<li>Special water-based adhesive ensures eco-friendly combination of film and adhesive. Permanent</li>
<li>Siliconised PET - 35gm<sup>2</sup></li></ul>

<span style=""font-weight: bold; color: #d7328a;"">Suitability:</span>
<ul><li>Perfect for creating whiteboards in schools, hospitals, office and meeting rooms or in fact anywhere that a whiteboard may be used</li>
<li>ASLAN CRB91 is suitable for laminating digital prints including UV curable inks to give an easily erasable surface and no ghosting</li>
<li>Best dry erase quality on the market based on long term usage</li></ul>

<span style=""font-weight: bold; color: #d7328a;"">Advantages:</span>
<ul><li>PVC Free and made from post consumer recycled plastics</li>
<li>High gloss finish</li>
<li>Extremely scratch resistant</li>
<li>No shadowing or ghosting</li>
<li>Up to 5 years outdoor durability</li>
<li>High dimensional stability and no shrinkage</li>
<li>Suitable for all popular whiteboard markers</li>
<li>Accidental use of permanent markers can be erased using an alcohol based cleaner without damaging the special coating</li>
<li>PVC, VOC and solvent free sustainable combination</li>
<li>Fire Rated to Euroclass DIN EN 13501-1:2018 with classification B-s1-d0
</li></ul>

<span style=""font-weight: bold; color: #d7328a;"">Technical Information:</span><br>
<ul><a href=""media/ecom/pdfs/datasheets/LoopPET_Clearboard_ASLAN_CRB_91_e.pdf""
target=""_blank""><img style=""border: 0px solid ; width: 200px; height: 60px;"" alt=""ASLAN CRB91 Datasheet""
src=""media/ecom/onpagegraphics/Datasheet.png""></a>
<a href=""media/ecom/pdfs/firecertificates/Classification Report LoopPET Clearboard ASLAN CRB 91.pdf""
target=""_blank""><img style=""border: 0px solid ; width: 200px; height: 60px;"" alt=""ASLAN CRB91 Fire Resistance Certificate""
src=""media/ecom/onpagegraphics/Fire.png""></a>
<a href=""media/ecom/pdfs/applicationguidelines/ASLAN_Memoboards_UseCleaning_EN.pdf"" target=""_blank""><img
style=""border: 0px solid ; width: 200px; height: 60px;"" alt=""ASLAN Memoboards UseCleaning EN""
src=""media/ecom/onpagegraphics/Hand.png""></a></ul>
<p style=""font-weight: bold; font-size: 1.0em;"">Prices shown are per roll</p>
</body>

</html>
","ASLAN_CRB91.jpg","ASLAN_CRB91.jpg","INVITEMS","DEFAULT-ASLAN-CRB91-Clear-Board-Film-DEFAULT-ASLAN-CRB91-Clear-Board-Film","","","0","0","0","","1","REGONLY","0","0","0","0","","","","SELECT","SELECT","0","","","","","0","0","","income-service","","","0","0","","","","","Dry-Wipe-Laminate","Blackboard_Whiteboard, Dry-Wipe-Laminate, PVC_Free_Laminates, UVC-Laminates, Recycled-Materials, Recycled-Laminates","","","0","Aslan_WB995_Whiteboard_1370, Aslan_WBL995_Whiteboard_1370, Lint-Free-Cloths, Aslan_Red_Devil_Squeegee, Olfa_X_Design_Heavy_Duty_Knife, Lint-Free-Gloves, Masking_Tape_25mm, Aslan-Gold-Soft-Squeegee, Olfa_Graphic_Cutter, Swann_Morton_3_Handle, Swann_Morton_10A_Blades, Aslan_Squeegee, Application_Gloves,","Lint-Free-Cloths, Aslan_Red_Devil_Squeegee, Olfa_X_Design_Heavy_Duty_Knife, Lint-Free-Gloves, Masking_Tape_25mm, Aslan-Gold-Soft-Squeegee, Olfa_Graphic_Cutter, Swann_Morton_3_Handle, Swann_Morton_10A_Blades, Aslan_Squeegee, Application_Gloves,","A","superuser","ADHESIVE_PERMANENT","","SUITABILITY_CLEARBOARD","","","","","","","","","","","ASLAN-CRB91","0","aslan, crb91, dry wipe, erase, anti graffitti, dry erase, whiteboard, drywipe, looppet, environment, sustainable, corporate, meeting, healthcare, education, signage, polyester, schools, hospital, offices, whiteboard pen,","","ASLAN CRB91 Transparent Drywipe Film is the latest addition to the LoopPET range made from recycled polyester. This 50-micron self-adhesive film is ideal for creating whiteboards in schools, hospitals, offices, meeting rooms—anywhere a drywipe surface is needed. It can laminate digital prints, including UV-curable inks, for an easy-erase, no-ghosting finish. ","1694510527","0","","0","","CHECKBOX"
"Aslan-Glassline-Colour-Selectors","ASLAN Glassline Series Colour Selectors","COLSELGLASSLINE","Aslan","1060","1","DEFAULT","","","","","0","Full colour sample selectors featuring every colour in the ASLAN Glassline Series of Etch, Transparent and Dichroic films.","<html>

<title><head>ASLAN Glassline Series Colour Selectors</title></head>

<body>

<p>Full colour sample selectors featuring every colour in the ASLAN Glassline Series of Etch, Transparent and Dichroic films.</p>
<p>Colourcard is multi page A4 sized and also features technical specifications, usage information and application instructions.</p>
<p>Colour Swatch is pocket sized and features technical specifications.</p>

</body>

</html>","Aslan_Glassline_Colour_Selector.png","Aslan_Glassline_Colour_Selector.png, Aslan_Glassline_Colour_Selector_Open.png","INVITEMS","DEFAULT-Aslan-Glassline-Colour-Selectors-DEFAULT-Aslan-Glassline-Colour-Cards, DEFAULT-Aslan-Glassline-Colour-Selectors-DEFAULT-Aslan-Glassline-Pocket-Swatch","","","0","0","0","","1","REGONLY","0.00","0","0.00","0","","","","QUANMULT","RADIO","0","","","","","0","0","","income-service","","","0","0","","","","","Marketing","Marketing, Aslan_CT113_Transparent, Dry_Apply_Glass_Etch, Colour_Change_Films","","","0","","","A","","","","","","","","","","","","","","","ASLAN-Glassline-Colour-Selectors","0","","","","1686851298","0.00","","0","","QUANMULT"
"Aslan-Gold-Soft-Squeegee","ASLAN Gold Soft Squeegee with Felt Edge","ASLFELT2","Aslan","20","4","DEFAULT","","","","","0","Soft and flexible ASLAN Gold squeegee with a felt edge.","<html>

<title><head>ASLAN Gold Soft Squeegee with Felt Edge</title></head>

<body>

<p>Soft and flexible ASLAN Gold squeegee with a felt edge.</p>
<p>One sided felt edge and one sided soft plastic</p>
<p>Size: 100mm x 75mm</p>

</body>
</html>","Aslan_Gold_Flexible_Squeegee.png","Aslan_Gold_Flexible_Squeegee.png","INVITEMS","DEFAULT-Aslan-Gold-Soft-Squeegee-DEFAULT-Aslan-Gold-Soft-Squeegee","","","0","0","0","","1","REGONLY","0","0","0","0","","","","SELECT","SELECT","0","","","","","0","0","","income-service","","","0","0","","","","","Application_Tools","Application_Tools","","","0","PLASQBLUE, PLASQGOLD, FELTSQ, ASLANSQ, APPROLL","","A","","","","","","","","","","","","","","","","0","aslan, krf1, squeegee, white, universal, felt, edge","","","1670954797","0","","0","","CHECKBOX"
"ASLAN-Magic-Pro-Cleaner","ASLAN MagicPro Cleaner","MPC","Aslan","90","31","DEFAULT","","","","","0","ASLAN MagicPro Cleaner is an easy to use, highly effective graffiti cleaning gel made from biodegradable components. 1 litre bottle.","<html><head><title>ASLAN MagicPro Cleaner</title></head>
<body>
<p>ASLAN MagicPro Cleaner is an easy to use, highly effective graffiti cleaning gel made from biodegradable components.</p>

<p>It is ideal for removing paints and varnishes quickly and in an environmentally friendly manner. Perfect for easy cleaning of MagicProtect Matt ASLAN SL 99 or the AntiGraffiti ASLAN SL 95 when it is applied to textured surfaces.</p>

<p>ASLAN MagicPro Cleaner is easy to apply as it is non drip and has a mild odour.</p>

<p>We recommend the use of gloves and safety glasses to prevent any reaction to the skin or eyes.</p>

<p>ASLAN MagicPro Cleaner gel is available in 1.0 litre bottle.</p>

<span style=""font-weight: bold; color: #d7328a;"">Technical Information:</span><br>
<ul><a href=""media/ecom/pdfs/datasheets/ASLAN_MagicPro_Cleaner_e.pdf"" target=""_blank""><img
style=""border: 0px solid ; width: 200px; height: 60px;"" alt=""ASLAN MagicPro Cleaner Datasheet""
src=""media/ecom/onpagegraphics/Datasheet.png""></a></ul>
</body>
</html>
","ASLAN_Magic_Pro_Cleaner.jpg","ASLAN_Magic_Pro_Cleaner.jpg","INVITEMS","DEFAULT-ASLAN-Magic-Pro-Cleaner-DEFAULT-ASLAN-Magic-Pro-Cleaner","","","0","0","0","","1","REGONLY","0","0","0","0","","","","SELECT","SELECT","0","","","","","0","0","","income-service","","","0","0","","","","","Cleaners_Cleaning_Tools","Cleaners_Cleaning_Tools, Anti_Graffiti_laminate","","","0","","","A","","","","","","","","","","","","","","","","0","aslan, magic, magicpro, cleaner, sl99, sl95","","","1659086772","0","","0","","CHECKBOX"
"Aslan-Memoboard-Colour-Selectors","ASLAN Memoboard Series Colour Selectors","COLSELMEMOBOARD","Aslan","1070","1","DEFAULT","","","","","0","Full colour sample selectors featuring every colour in the ASLAN Memoboard Series of dry wipe, ferrous and writable films.","<html>

<title><head>ASLAN Memoboard Series Colour Selectors</title></head>

<body>

<p>Full colour sample selectors featuring every colour in the ASLAN Memoboard Series of dry wipe, ferrous and writable films.</p>
<p>Colourcard is multi page A4 sized and also features technical specifications, usage information and application instructions.</p>

</body>

</html>
","Aslan_Memoboard_Colour_Selector.png","Aslan_Memoboard_Colour_Selector.png, Aslan_Memoboard_Colour_Selector_Open.png","INVITEMS","DEFAULT-Aslan-Memoboard-Colour-Selectors-DEFAULT-Aslan-Memoboard-Colour-Cards","","","0","0","0","","1","REGONLY","0.00","0","0.00","0","","","","QUANMULT","RADIO","0","","","","","0","0","","income-service","","","0","0","","","","","Marketing","Marketing, Blackboard_Whiteboard, Magnetic_Ferrous","","","0","","","A","","","","","","","","","","","","","","","ASLAN-Memoboard-Colour-Selectors","0","","","","1687257615","0.00","","0","","QUANMULT"
"Aslan-MetalEffect-Colour-Selectors","ASLAN MetalEffect Series Colour Selectors","COLSELMETALEFFECT","Aslan","1050","1","DEFAULT","","","","","0","Full colour sample selectors featuring every colour in the ASLAN Series of MetalEffect films.","<html>

<title><head>ASLAN MetalEffect Series Colour Selectors</title></head>

<body>

<p>Full colour sample selectors featuring every colour in the ASLAN Series of MetalEffect films.</p>
<p>Colourcard is multi page A4 sized and also features technical specifications, usage information and application instructions.</p>
<p>Colour Swatch is pocket sized and features technical specifications.</p>

</body>

</html>","Aslan_Metallised_Colour_Selector.png","Aslan_Metallised_Colour_Selector.png, Aslan_Metallised_Colour_Selector_Open.png","INVITEMS","DEFAULT-Aslan-MetalEffect-Colour-Selectors-DEFAULT-Aslan-MetalEffect-Colour-Cards, DEFAULT-Aslan-MetalEffect-Colour-Selectors-DEFAULT-Aslan-MetalEffect-Pocket-Swatch","","","0","0","0","","1","REGONLY","0.00","0","0.00","0","","","","QUANMULT","RADIO","0","","","","","0","0","","income-service","","","0","0","","","","","Marketing","Marketing, Aslan_CA23, Aslan_CA24, Aslan_CA25, Aslan_SE50, Colour_Change_Films, ASLAN-SE72-Holographic, Aslan-CA30","","","0","","","A","","","","","","","","","","","","","","","ASLAN-MetalEffect-Colour-Selectors","0","","","","1686765394","0.00","","0","","QUANMULT"
"Aslan-MP300","Premium Floor Protect ASLAN MP300 Wet Floor Laminate","MP300","Aslan","90","557","DEFAULT","","","","","0","ASLAN MP300 Floor graphic laminate has a rough textured anti-slip surface and is designed for the protection of floor graphics both outdoors and indoors. This 140 micron film is slip resistant according to DIN 51130 R12. Fire Rated to Euroclass DIN EN 13501-1:2018 with classification Bfl-s1 when used in conjuction with the DFP46, DFP47 & DFP49.




","<html>

<head><title>ASLAN MP300</title></head>
<style>
.responsive {
  width: 50%;
  height: auto;
}
</style>



<img style=""width: 250px; height: 53px;"" alt=""Aslan Logo"" src=""media/ecom/onpagegraphics/ASLAN_Logo_New.jpg"" class=""responsive""><br><br>

<body>

<p>ASLAN MP300 Floor graphic laminate has a rough textured anti-slip surface and is designed for the protection of floor graphics both outdoors and indoors.</p>

<span style=""font-weight: bold; color: #d7328a;"">Structure:</span><br>
<ul><li>140<span>&#181;</span>m Transparent polymeric textured PVC</li>
<li>Water based acrylic adhesive (solvent free) - Permanent</li>
<li>Silicone paper liner, PE coated on both sides - 140g/m<sup>2</sup>
</li></ul>

<span style=""font-weight: bold; color: #d7328a;"">Suitability:</span><br>
<ul><li>Meets anti-slip class R12 according to DIN 51130. <a href=""https://www.dorotape.co.uk/Slip-Resistance-Ratings"" target=""_blank""><font color=""#d7328a""><b>Learn more about slip ratings</b></font></a></li>

<li>Meets DIN 51097 standard for slip resistance in wet barefoot areas</li>
<li>Can be used indoors and outdoors</li>
<li>Ideal solution for floor graphic advertising in leisure centres, sports clubs as well as entrances to retail stores, hotels and restaurants</li>
<li>Perfect for use in kitchens and canteens as well as on ramped areas and steps</li>
<li>Fire Rated to Euroclass DIN EN 13501-1:2018 with classification Bfl-s1 when used in conjunction with the DFP46, DFP47 & DFP49</li>
<li>All ASLAN Floor graphics materials are designed for promotional use i.e. 6 months outdoor durability depending on mechanical load</li></ul>

<span style=""font-weight: bold; color: #d7328a;"">Advantages:</span><br>
<ul><li>Very rough textured surface</li>
<li>Water resistant adhesive</li>
<li>Insurance cover against potential personal injury</li><br>
<img style=""border: 0px solid ; width: 50px; height: 50px; alt=""reward points logo""
src=""media/ecom/onpagegraphics/Reward_Logo.png""><span style=""font-weight: bold; color: #ef7d00;"">Earn Reward Points every time you buy this product</span></ul>


<span style=""font-weight: bold; color: #d7328a;"">Technical Information:</span><br>
<ul>
<a href=""media/ecom/pdfs/datasheets/Premium_FloorProtect_ASLAN_MP_300_e.pdf"" target=""_blank""><img
style=""border: 0px solid ; width: 200px; height: 60px;"" alt=""Aslan MP300 Datasheet""
src=""media/ecom/onpagegraphics/Datasheet.png""></a>
<a href=""media/ecom/pdfs/firecertificates/Certificate DIN EN_13501-1_Aslan_Floor_Graphic_Films.pdf"" target=""_blank"">
<img style=""border: 0px solid ; width: 200px; height: 60px;"" alt=""Aslan MP300 Fire Certificate""
src=""media/ecom/onpagegraphics/Fire.png""></a>
<a href=""media/ecom/pdfs/slipcertificates/MP300-Slip-Test.pdf"" target=""_blank"">
<img style=""border: 0px solid ; width: 200px; height: 60px;"" alt=""Aslan MP300 Slip Resistance Certificate"" src=""media/ecom/onpagegraphics/Slip.png""></a></ul>

<p style=""font-weight: bold; font-size: 0.9em;"">Prices shown are per linear metre at 1370mm wide</p>
</body>

</html>","ASLAN_MP300.jpg","ASLAN_MP300.jpg","INVITEMS","DEFAULT-Aslan-MP300-DEFAULT-Aslan-MP300","","","0","0","0","","1","REGONLY","0","0","0","0","","","","SELECT","SELECT","0","","","","","0","0","","income-service","","","0","0","","FREESHIPPING","","","Textured_laminate","Floor_laminate, Textured_laminate, Covid_Kit, Floor_Laminate_October_Offers","","","0","DFP_46, DFP_47, DFP_49, RJ75HG, Olfa_Graphic_Cutter, Olfa_X_Design_Heavy_Duty_Knife, Lint-Free-Gloves, Masking_Tape_25mm, Aslan_Squeegee, Swann_Morton_3_Handle, Swann_Morton_10A_Blades, Lint-Free-Cloths, Heavy-Duty-Application-Roller, Rollepro, 4075CT1220,","Olfa_Graphic_Cutter, Olfa_X_Design_Heavy_Duty_Knife, Lint-Free-Gloves, Masking_Tape_25mm, Aslan_Squeegee, Swann_Morton_3_Handle, Swann_Morton_10A_Blades, Lint-Free-Cloths, Heavy-Duty-Application-Roller, Rollepro, 4075CT1220,","A","superuser","ADHESIVE_PERMANENT","FloorLam","SUITABILITY_FIRE, SUITABILITY_FLOOR_GRAPHICS, SUITABILITY_OUTDOOR_SHORT","","R12","","","","","","","","","ASLAN-MP300 ","0","aslan, mp300, floor graphic, floor, floor vinyl, outdoor floor graphics, aslan mp300, r12 certificate, slip resistant, anti slip, anti-slip","","","1489930971","0","","0","","CHECKBOX"
"Aslan-S62-1250","ASLAN S62 :: 1250mm x 10m","S62","Aslan","30","240","DEFAULT","","","","","0","ASLAN S62 is a heavy duty yet soft pliable stencil film designed primarily for the memorial industry as it is perfect for deep sandblasting onto all types of stone. Prices are per roll.
","<head><title>ASLAN S62</title>

<style>
.responsive {
  width: 50%;
  height: auto;
}
</style>
</head>

<img style=""height: 50px; width: 236px;"" alt=""Aslan logo""
src=""media/ecom/onpagegraphics/ASLAN_Logo_New.png"" class=""responsive""><br><br>

<p>ASLAN S62 is a heavy duty, yet soft pliable stencil film designed primarily for the memorial industry as it is perfect for deep sandblasting onto all types of stone.</p>

<span style=""font-weight: bold; color: #d7328a;"">Structure:</span><br>
<ul><li>600<span>&#181;</span>m PVC
<li>Water based adhesive - Removable
<li>Silicone polyester liner - 75<span>&#181;</span>m
</li></ul>

<span style=""font-weight: bold; color: #d7328a;"">Suitability:</span><br>
<ul>
<li>Perfect for deep sandblasting applications onto all types of stone
<li>Ideal for plotter or hand cutting
<li>Can be applied with or without stencil filler
<li>Clear backing liner to assist application
<li>Suitable for dry application only
</li></ul>

<span style=""font-weight: bold; color: #d7328a;"">Advantages:</span><br>
<ul>
<li>High performance film gives clean, crisp edges
<li>Removable adhesive for clean, easy removal
<li>Can be drawn on by pencil or marker
<li>Very conformable even in cooler temperatures
<li>Has a shelf life of 3 years and stays nice and soft unlike rubber based stencil films
<li>Supplied in 10 metre long rolls so 10% more than rubber based films
<li>Offering excellent adhesion levels while maintaining its removability this film guarantees sharp outlines even on the most intricate designs
</li></ul>

<span style=""font-weight: bold; color: #d7328a;"">Technical Information:</span>
<ul><a href=""media/ecom/pdfs/datasheets/Sandblast_600_ASLAN_S62_e.pdf""
target=""_blank""><img style=""border: 0px solid ; width: 200px; height: 60px;"" alt=""Aslan S62 Datasheet""
src=""media/ecom/onpagegraphics/Datasheet.png""></a></ul>
</ul>
<p><p style=""font-weight: bold; font-size: 0.9em;"">Prices shown are per 10 metre roll at 1250mm wide</p>
</body>","S62.jpg","S62.jpg, S62-PE.jpg","INVITEMS","DEFAULT-Aslan-S62-1250-DEFAULT-Aslan-S62-1250","","","0","0","0","","1","REGONLY","0","0","0","0","","","","SELECT","SELECT","0","","","","","0","0","","income-service","","","0","0","","","","","Aslan-S62","Aslan-S62","","","0","Aslan-S62-416, Aslan-S62-625, Aslan-S62HT-1250, EZ_Weeder, Weeding_Tweezers, Masking_Tape_50mm, 900EMT1220, 3M_Gold_Squeegee, Aslan_Red_Devil_Squeegee, Aslan_Squeegee, Olfa_X_Design_Heavy_Duty_Knife, Olfa_Graphic_Cutter","EZ_Weeder, Weeding_Tweezers, Masking_Tape_50mm, 900EMT1220, 3M_Gold_Squeegee, Aslan_Red_Devil_Squeegee, Aslan_Squeegee, Olfa_X_Design_Heavy_Duty_Knife, Olfa_Graphic_Cutter","A","","","","","","","","","","","","","","","ASLAN-S62-1250mm","0","Aslan S62, S62, anchor tape, anchor stonemask, stencil, stencil mask, masking, sandblastmask, sandblast mask, stencil film, masking film, stone mask, stonemask, sandblast film, sand blast film","","ASLAN S62 is a heavy duty yet soft pliable stencil film designed primarily for the memorial industry as it is perfect for deep sandblasting onto all types of stone.","1545309376","0","","0","","CHECKBOX"
"Aslan-S62-416","ASLAN S62 :: 416mm x 10m","S62","Aslan","10","80","DEFAULT","","","","","0","ASLAN S62 is a heavy duty yet soft pliable stencil film designed primarily for the memorial industry as it is perfect for deep sandblasting onto all types of stone. Prices are per roll.
","<head><title>ASLAN S62</title>

<style>
.responsive {
  width: 50%;
  height: auto;
}
</style>
</head>

<img style=""height: 50px; width: 236px;"" alt=""Aslan logo""
src=""media/ecom/onpagegraphics/ASLAN_Logo_New.png"" class=""responsive""><br><br>

<p>ASLAN S62 is a heavy duty, yet soft pliable stencil film designed primarily for the memorial industry as it is perfect for deep sandblasting onto all types of stone.</p>

<span style=""font-weight: bold; color: #d7328a;"">Structure:</span><br>
<ul><li>600<span>&#181;</span>m PVC
<li>Water based adhesive - Removable
<li>Silicone polyester liner - 75<span>&#181;</span>m
</li></ul>

<span style=""font-weight: bold; color: #d7328a;"">Suitability:</span><br>
<ul>
<li>Perfect for deep sandblasting applications onto all types of stone
<li>Ideal for plotter or hand cutting
<li>Can be applied with or without stencil filler
<li>Clear backing liner to assist application
<li>Suitable for dry application only
</li></ul>

<span style=""font-weight: bold; color: #d7328a;"">Advantages:</span><br>
<ul>
<li>High performance film gives clean, crisp edges
<li>Removable adhesive for clean, easy removal
<li>Can be drawn on by pencil or marker
<li>Very conformable even in cooler temperatures
<li>Has a shelf life of 3 years and stays nice and soft unlike rubber based stencil films
<li>Supplied in 10 metre long rolls so 10% more than rubber based films
<li>Offering excellent adhesion levels while maintaining its removability this film guarantees sharp outlines even on the most intricate designs
</li></ul>

<span style=""font-weight: bold; color: #d7328a;"">Technical Information:</span>
<ul><a href=""media/ecom/pdfs/datasheets/Sandblast_600_ASLAN_S62_e.pdf""
target=""_blank""><img style=""border: 0px solid ; width: 200px; height: 60px;"" alt=""Aslan S62 Datasheet""
src=""media/ecom/onpagegraphics/Datasheet.png""></a></ul>
</ul>
<p><p style=""font-weight: bold; font-size: 0.9em;"">Prices shown are per 10 metre roll at 416mm wide</p>
</body>
","S62.jpg","S62.jpg, S62-PE.jpg","INVITEMS","DEFAULT-Aslan-S62-416-DEFAULT-Aslan-S62-416","","","0","0","0","","1","REGONLY","0","0","0","0","","","","SELECT","SELECT","0","","","","","0","0","","income-service","","","0","0","","","","","Aslan-S62","Aslan-S62","","","0","Aslan-S62-1250, Aslan-S62-625, Aslan-S62HT-1250, EZ_Weeder, Weeding_Tweezers, Masking_Tape_50mm, 900EMT1220, 3M_Gold_Squeegee, Aslan_Red_Devil_Squeegee, Aslan_Squeegee, Olfa_X_Design_Heavy_Duty_Knife, Olfa_Graphic_Cutter","EZ_Weeder, Weeding_Tweezers, Masking_Tape_50mm, 900EMT1220, 3M_Gold_Squeegee, Aslan_Red_Devil_Squeegee, Aslan_Squeegee, Olfa_X_Design_Heavy_Duty_Knife, Olfa_Graphic_Cutter","A","","","","","","","","","","","","","","","ASLAN-S62-416mm","0","Aslan S62, S62, anchor tape, anchor stonemask, stencil, stencil mask, masking, sandblastmask, sandblast mask, stencil film, masking film, stone mask, stonemask, sandblast film, sand blast film","","ASLAN S62 is a heavy duty yet soft pliable stencil film designed primarily for the memorial industry as it is perfect for deep sandblasting onto all types of stone.","1545309328","0","","0","","CHECKBOX"
"Aslan-S62-625","ASLAN S62 :: 625mm x 10m","S62","Aslan","20","120","DEFAULT","","","","","0","ASLAN S62 is a heavy duty yet soft pliable stencil film designed primarily for the memorial industry as it is perfect for deep sandblasting onto all types of stone. Prices are per roll.
","<head><title>ASLAN S62</title>

<style>
.responsive {
  width: 50%;
  height: auto;
}
</style>
</head>

<img style=""height: 50px; width: 236px;"" alt=""Aslan logo""
src=""media/ecom/onpagegraphics/ASLAN_Logo_New.png"" class=""responsive""><br><br>

<p>ASLAN S62 is a heavy duty, yet soft pliable stencil film designed primarily for the memorial industry as it is perfect for deep sandblasting onto all types of stone.</p>

<span style=""font-weight: bold; color: #d7328a;"">Structure:</span><br>
<ul><li>600<span>&#181;</span>m PVC
<li>Water based adhesive - Removable
<li>Silicone polyester liner - 75<span>&#181;</span>m
</li></ul>

<span style=""font-weight: bold; color: #d7328a;"">Suitability:</span><br>
<ul>
<li>Perfect for deep sandblasting applications onto all types of stone
<li>Ideal for plotter or hand cutting
<li>Can be applied with or without stencil filler
<li>Clear backing liner to assist application
<li>Suitable for dry application only
</li></ul>

<span style=""font-weight: bold; color: #d7328a;"">Advantages:</span><br>
<ul>
<li>High performance film gives clean, crisp edges
<li>Removable adhesive for clean, easy removal
<li>Can be drawn on by pencil or marker
<li>Very conformable even in cooler temperatures
<li>Has a shelf life of 3 years and stays nice and soft unlike rubber based stencil films
<li>Supplied in 10 metre long rolls so 10% more than rubber based films
<li>Offering excellent adhesion levels while maintaining its removability this film guarantees sharp outlines even on the most intricate designs
</li></ul>

<span style=""font-weight: bold; color: #d7328a;"">Technical Information:</span>
<ul><a href=""media/ecom/pdfs/datasheets/Sandblast_600_ASLAN_S62_e.pdf""
target=""_blank""><img style=""border: 0px solid ; width: 200px; height: 60px;"" alt=""Aslan S62 Datasheet""
src=""media/ecom/onpagegraphics/Datasheet.png""></a></ul>
</ul>
<p><p style=""font-weight: bold; font-size: 0.9em;"">Prices shown are per 10 metre roll at 625mm wide</p>
</body>
","S62.jpg","S62.jpg, S62-PE.jpg","INVITEMS","DEFAULT-Aslan-S62-625-DEFAULT-Aslan-S62-625","","","0","0","0","","1","REGONLY","0","0","0","0","","","","SELECT","SELECT","0","","","","","0","0","","income-service","","","0","0","","","","","Aslan-S62","Aslan-S62","","","0","Aslan-S62-1250, Aslan-S62-625, Aslan-S62HT-1250, EZ_Weeder, Weeding_Tweezers, Masking_Tape_50mm, 900EMT1220, 3M_Gold_Squeegee, Aslan_Red_Devil_Squeegee, Aslan_Squeegee, Olfa_X_Design_Heavy_Duty_Knife, Olfa_Graphic_Cutter","EZ_Weeder, Weeding_Tweezers, Masking_Tape_50mm, 900EMT1220, 3M_Gold_Squeegee, Aslan_Red_Devil_Squeegee, Aslan_Squeegee, Olfa_X_Design_Heavy_Duty_Knife, Olfa_Graphic_Cutter","A","","","","","","","","","","","","","","","ASLAN-S62-625mm","0","Aslan S62, S62, anchor tape, anchor stonemask, stencil, stencil mask, masking, sandblastmask, sandblast mask, stencil film, masking film, stone mask, stonemask, sandblast film, sand blast film","","ASLAN S62 is a heavy duty yet soft pliable stencil film designed primarily for the memorial industry as it is perfect for deep sandblasting onto all types of stone.","1545309354","0","","0","","CHECKBOX"
"Aslan-S62HT-1250","ASLAN S62 High Tack :: 1250mm Wide ","S62HT","Aslan","30","275","DEFAULT","","","","","0","ASLAN S62HT heavy duty stencil masking film is soft and pliable with a high tack, high grab adhesive. This special adhesive makes S62HT perfect for use with uneven stone surfaces, reducing the need to pre-apply a filler. It will also adhere well to cold stone surfaces so is the preferred product for outside use all year round. The special adhesive properties of ASLAN S62HT enable it to be used as a stencil masking protection for pumps, valves and seals in the water, oil and gas industries that require maintenance, cleaning, repairing or are being prepared for painting. This cad-cutable stencil masking film is also ideal for high intensity shot peening protection of critical components in the automotive, aerospace and other industries. Prices are per roll.
","<html>
<head><title>ASLAN S62 High Tack Stencil Film</title></head>
<body>
<img style=""height: 50px; width: 236px;"" alt=""Aslan logo""
src=""media/ecom/onpagegraphics/ASLAN_Logo_New.png"">
<p>ASLAN S62HT heavy duty stencil masking film is soft and pliable with a high tack, high grab adhesive. This special adhesive makes S62HT perfect for use on a wide variety of hard to adhere to surfaces.</p>

<span style=""font-weight: bold; color: #d7328a;"">Structure:</span><br>
<ul><li>600<span>&#181;</span>m PVC</li>
<li>Water based adhesive - High tack removable</li>
<li>Silicone polyester liner - 75<span>&#181;</span>m
</li></ul>

<span style=""font-weight: bold; color: #d7328a;"">Suitability</span>
<ul><li>Suitable for use with uneven stone surfaces, reducing the need to pre-apply a filler</li>
<li>Adheres well to cold stone surfaces so is the preffered choice for outside use all year round</li>
<li>The special adhesive properties of ASLAN S62HT enable it to be used as a stencil masking protection for pumps, valves and seals in the water, oil and gas industries that require maintenance, cleaning, repairing or are being prepared for painting</li>
<li>This cad-cutable stencil masking film is also ideal for high intensity shot peening protection of critical components in the automotive, aerospace and other industries</li></ul>

<span style=""font-weight: bold; color: #d7328a;"">Advantages:</span>
<ul><li>Heavy Duty 600 micron film</li>
<li>Special high tack adhesive but with the same clean removability</li>
<li>High performance film gives clean, crisp edges</li>
<li>Will stay adhered even if applied in cold temperatures</li>
<li>Easily cut by plotter or by hand</li>
<li>Has a shelf life of 3 years and stays nice and soft unlike rubber based stencil films</li>
<li>Supplied in 12.5 metre long rolls</li></ul>
<span style=""font-weight: bold; color: #d7328a;"">Technical Information:</span><ul>
<a href=""media/ecom/pdfs/datasheets/Sandblast_600_ASLAN_S62_e.pdf""
target=""_blank""><img style=""border: 0px solid ; width: 200px; height: 60px;"" alt=""Aslan S62HT Datasheet""
src=""media/ecom/onpagegraphics/Datasheet.png""></a></ul>

<p style=""font-weight: bold; font-size: 0.9em;"">Prices shown are per roll at 1250mm wide</p>
</body>
</html>","S62HT.jpg","S62HT.jpg, S62HT_Valve.jpg","INVITEMS","DEFAULT-Aslan-S62HT-1250-DEFAULT-Aslan-S62HT-1250","","","0","0","0","","1","REGONLY","0","0","0","0","","","","SELECT","SELECT","0","","","","","0","0","","income-service","","","0","0","","","","","Aslan-S62HT","Aslan-S62HT, Shot-Peening-Stencil-Films","","","0","Aslan-S62-1250, EZ_Weeder, Weeding_Tweezers, 3M_Gold_Squeegee, Aslan_Red_Devil_Squeegee, Aslan_Squeegee, Olfa_X_Design_Heavy_Duty_Knife, Olfa_Graphic_Cutter, Blue_Masking_Tape_50mm, 4075CT1220","EZ_Weeder, Weeding_Tweezers, Masking_Tape_50mm, 4075CT1220, 3M_Gold_Squeegee, Aslan_Red_Devil_Squeegee, Aslan_Squeegee, Olfa_X_Design_Heavy_Duty_Knife, Olfa_Graphic_Cutter","A","","","","","","","","","","","","","","","ASLAN-S62HT-1250","0","Aslan S62, S62, anchor tape, anchor stonemask, stencil, stencil mask, masking, sandblastmask, sandblast mask, stencil film, masking film, stone mask, stonemask, sandblast film, sand blast film","","ASLAN S62 is a heavy duty yet soft pliable stencil film designed primarily for the memorial industry as it is perfect for deep sandblasting onto all types of stone.","1676484785","0","","0","","CHECKBOX"
"Aslan-S69-0625","ASLAN S69 :: 625mm Width","S69","Aslan","10","0","DEFAULT","","","","","0","ASLAN S69 is the thinnest stencil film in the ASLAN range, offering adequate protection for light sandblasting onto glass and other smooth surfaces.  Prices are per roll.","<head><title>ASLAN S69</title>

<style>
.responsive {
  width: 50%;
  height: auto;
}
</style>
</head>

<img style=""height: 50px; width: 236px;"" alt=""Aslan logo""
src=""media/ecom/onpagegraphics/ASLAN_Logo_New.png"" class=""responsive""><br><br>

<p>ASLAN S69 is the thinnest stencil film in the ASLAN range, offering adequate protection for light sandblasting onto glass and other smooth surfaces.</p>

<span style=""font-weight: bold; color: #d7328a;"">Structure:</span><br>
<ul><li>80<span>&#181;</span>m Double PVC film
<li>Water based adhesive - Removable
<li>Silicon cardboard backing liner - 140gm<sup>2</sup>
</li></ul>

<span style=""font-weight: bold; color: #d7328a;"">Suitability:</span><br>
<ul>
<li>Designed for sandblasting onto glass and other smooth surfaces
<li><li>Perfect for different glass creation applications such as relief structures, letterings, logos or satin finish of surface
<li>Ideal for computerised cuttings of letters, logos etc
<li>Suitable for dry application only
</li></ul>

<span style=""font-weight: bold; color: #d7328a;"">Advantages:</span><br>
<ul>
<li>High level of transparency for easy alignment
<li>Removable adhesive for clean, easy removal
<li>Easily cut by plotter or by hand
<li>High performance film gives clean, crisp edges
<li>Tear-resistant film can be removed easily in one piece without leaving any residue
<li>Can be drawn on by pencil or marker
</li></ul>

<span style=""font-weight: bold; color: #d7328a;"">Technical Information:</span>
<ul><a href=""media/ecom/pdfs/datasheets/Sandblast_80_ASLAN_S69_e.pdf""
target=""_blank""><img style=""border: 0px solid ; width: 200px; height: 60px;"" alt=""Aslan S69 Datasheet""
src=""media/ecom/onpagegraphics/Datasheet.png""></a></ul>
</ul>
<p><p style=""font-weight: bold; font-size: 1.0em;"">Prices shown are per roll at 625mm wide</p>
</body>","ASLAN_S69.jpg","ASLAN_S69.jpg, ASLAN_S69_b.jpg","INVITEMS","DEFAULT-Aslan-S69-0625-DEFAULT-Aslan-S69-0625","","","0","0","0","","1","REGONLY","0","0","0","0","","","","SELECT","SELECT","0","","","","","0","0","","income-service","","","0","0","","","","","Aslan-S69","Aslan-S69","","","0","Aslan-S69-1250, EZ_Weeder, Weeding_Tweezers, Masking_Tape_50mm, 900EMT1220, 3M_Gold_Squeegee, Aslan_Red_Devil_Squeegee, Aslan_Squeegee, Olfa_X_Design_Heavy_Duty_Knife, Olfa_Graphic_Cutter","EZ_Weeder, Weeding_Tweezers, Masking_Tape_50mm, 900EMT1220, 3M_Gold_Squeegee, Aslan_Red_Devil_Squeegee, Aslan_Squeegee, Olfa_X_Design_Heavy_Duty_Knife, Olfa_Graphic_Cutter","A","","","","","","","","","","","","","","","ASLAN-S69-625mm","0","sandblast stencil film, sandblast stencil films, sandblast mask, sand blast mask, blasting film, blasting mask, aslan, s69, anchor, anchor tape","","ASLAN S69 is the thinnest stencil film in the Aslan range, offering adequate protection for light sandblasting onto glass and other smooth surfaces.","1593522839","0","","0","","CHECKBOX"
"Aslan-S69-1250","ASLAN S69 :: 1250mm Width","S69","Aslan","10","0","DEFAULT","","","","","0","ASLAN S69 is the thinnest stencil film in the ASLAN range, offering adequate protection for light sandblasting onto glass and other smooth surfaces. Prices are per roll.
","<head><title>ASLAN S69</title>

<style>
.responsive {
  width: 50%;
  height: auto;
}
</style>
</head>

<img style=""height: 50px; width: 236px;"" alt=""Aslan logo""
src=""media/ecom/onpagegraphics/ASLAN_Logo_New.png"" class=""responsive""><br><br>

<p>ASLAN S69 is the thinnest stencil film in the ASLAN range, offering adequate protection for light sandblasting onto glass and other smooth surfaces.</p>

<span style=""font-weight: bold; color: #d7328a;"">Structure:</span><br>
<ul><li>80<span>&#181;</span>m Double PVC film
<li>Water based adhesive - Removable
<li>Silicon cardboard backing liner - 140gm<sup>2</sup>
</li></ul>

<span style=""font-weight: bold; color: #d7328a;"">Suitability:</span><br>
<ul>
<li>Designed for sandblasting onto glass and other smooth surfaces
<li><li>Perfect for different glass creation applications such as relief structures, letterings, logos or satin finish of surface
<li>Ideal for computerised cuttings of letters, logos etc
<li>Suitable for dry application only
</li></ul>

<span style=""font-weight: bold; color: #d7328a;"">Advantages:</span><br>
<ul>
<li>High level of transparency for easy alignment
<li>Removable adhesive for clean, easy removal
<li>Easily cut by plotter or by hand
<li>High performance film gives clean, crisp edges
<li>Tear-resistant film can be removed easily in one piece without leaving any residue
<li>Can be drawn on by pencil or marker
</li></ul>

<span style=""font-weight: bold; color: #d7328a;"">Technical Information:</span>
<ul><a href=""media/ecom/pdfs/datasheets/Sandblast_80_ASLAN_S69_e.pdf""
target=""_blank""><img style=""border: 0px solid ; width: 200px; height: 60px;"" alt=""Aslan S69 Datasheet""
src=""media/ecom/onpagegraphics/Datasheet.png""></a></ul>
</ul>
<p><p style=""font-weight: bold; font-size: 1.0em;"">Prices shown are per roll at 1250mm wide</p>
</body>","ASLAN_S69.jpg","ASLAN_S69.jpg, ASLAN_S69_b.jpg","INVITEMS","DEFAULT-Aslan-S69-1250-DEFAULT-Aslan-S69-1250","","","0","0","0","","1","REGONLY","0","0","0","0","","","","SELECT","SELECT","0","","","","","0","0","","income-service","","","0","0","","","","","Aslan-S69","Aslan-S69","","","0","Aslan-S69-0625, EZ_Weeder, Weeding_Tweezers, Masking_Tape_50mm, 900EMT1220, 3M_Gold_Squeegee, Aslan_Red_Devil_Squeegee, Aslan_Squeegee, Olfa_X_Design_Heavy_Duty_Knife, Olfa_Graphic_Cutter","EZ_Weeder, Weeding_Tweezers, Masking_Tape_50mm, 900EMT1220, 3M_Gold_Squeegee, Aslan_Red_Devil_Squeegee, Aslan_Squeegee, Olfa_X_Design_Heavy_Duty_Knife, Olfa_Graphic_Cutter","A","","","","","","","","","","","","","","","ASLAN-S69-1250mm","0","sandblast stencil film, sandblast stencil films, sandblast mask, sand blast mask, blasting film, blasting mask, aslan, s69, anchor, anchor tape","","ASLAN S69 is the thinnest stencil film in the ASLAN range, offering adequate protection for light sandblasting onto glass and other smooth surfaces.","1608210168","0","","0","","CHECKBOX"
"ASLAN-SL05","ASLAN SL05 Monster Lam","SL05","Aslan","10","12","DEFAULT","","","","","0","ASLAN SL05 Monster Lam offers the ultimate hard wearing protection due to its 300 micron thickness. The gloss film protects against stone chips and abrasion making it ideal for use on high octane motosports as well as plant machinery. Match it with ASLAN DFP05 Monster Tack for ultimate heavy duty durability. Prices are per roll.




","<html>

<head><title>ASLAN SL05</title></head>

<body><img style=""height: 53px; width: 250px;"" alt=""Aslan logo""
src=""media/ecom/onpagegraphics/ASLAN_Logo_New.jpg""><br><br>

<p>ASLAN SL05 Monster Lam offers the ultimate hard wearing protection for the most gruelling applications.</p>

<span style=""font-weight: bold; color: #d7328a;"">Structure:</span><br>
<ul><li>300<span>&#181;</span>m Transparent gloss PVC</li>
<li>Water based acrylic adhesive (solvent free) - Permanent with extra strong adhesion</li>
<li>Two sided PE coated kraft paper liner - 144g/m<sup>2</sup>
</li></ul>

<span style=""font-weight: bold; color: #d7328a;"">Suitability:</span><br>
<ul><li>Hard-wearing; impact and abrasion-resistant; heavy-duty and robust protection</li>
<li>The gloss film protects against stone chips and abrasion making it ideal for use on high octane and off road motorsports as well as plant machinery</li>
<li>Use it where surfaces are likely to be contaminated with oils such as petrol pumps</li>
<li>Special high tack adhesive is perfect for quad bikes, motocross, bmx bikes, scooters, karts, jet skis</li>
<li>For flat and slightly curved surfaces</li>
<li>Can also be applied in temperatures as low as -10<sup>o</sup>C</li>
<li>Match it with <a href=""https://www.dorotape.co.uk/Item/ASLAN-Monster-Tack-DFP05"" target=""_blank""><font color=""#d7328a"">ASLAN DFP05 Monster Tack</font></a> digital print vinyl with an ultra high tack adhesive for ultimate heavy duty durability</li>
<li>Up to 2 years durability (unprinted)</li></ul>

<span style=""font-weight: bold; color: #d7328a;"">Advantages:</span><br>
<ul><li>Solvent and oil resistant adhesive</li>
<li>Thick and tough protection from abrasion and stone chips</li>
<li>Suitable to protect prints made using UV curable inks
</li><br>
<img style=""border: 0px solid ; width: 50px; height: 50px; alt=""reward points logo""
src=""media/ecom/onpagegraphics/Reward_Logo.png""><span style=""font-weight: bold; color: #ef7d00;"">Earn Reward Points every time you buy this product</span></ul>

<span style=""font-weight: bold; color: #d7328a;"">Technical Information:</span><br>
<ul>
<a href=""media/ecom/pdfs/datasheets/MonsterLAM_ASLAN_SL_05_e_0.pdf"" target=""_blank""><img
style=""border: 0px solid ; width: 200px; height: 60px;"" alt=""ASLAN SL05 Datasheet""
src=""media/ecom/onpagegraphics/Datasheet.png""></a></ul>

<p style=""font-weight: bold; font-size: 1.0em;"">Prices shown are per roll at 1220mm wide</p>
</body>


</html>","ASLAN_SL05_Monster_Lam.jpg","ASLAN_SL05_Monster_Lam.jpg","INVITEMS","DEFAULT-ASLAN-SL05-DEFAULT-ASLAN-SL05","","","0","0","0","","1","REGONLY","0","0","0","0","","","","SELECT","SELECT","0","","","","","0","0","","income-service","","","0","0","FEAT1","","","","Gloss_laminate","Gloss_laminate, UVC-Laminates","","","0","DFP05, Olfa_Graphic_Cutter, Olfa_X_Design_Heavy_Duty_Knife, Lint-Free-Gloves, Masking_Tape_25mm, Aslan_Squeegee, Swann_Morton_3_Handle, Swann_Morton_10A_Blades, Lint-Free-Cloths, Heavy-Duty-Application-Roller, 4075CT1220,","Olfa_Graphic_Cutter, Olfa_X_Design_Heavy_Duty_Knife, Lint-Free-Gloves, Masking_Tape_25mm, Aslan_Squeegee, Swann_Morton_3_Handle, Swann_Morton_10A_Blades, Lint-Free-Cloths, Heavy-Duty-Application-Roller, 4075CT1220,","A","","ADHESIVE_PERMANENT","GRADE_POLYPROPYLENE","SUITABILITY_INDOOR","","","","","","","","","","","ASLAN-SL05","0","aslan, sl05, monster, laminate, motox, motocross, quad bike, jet ski","","","1693575301","0","","0","","CHECKBOX"
"Aslan-SL109","ASLAN SL109 Soft Touch Laminate","SL109","Aslan","30","0","DEFAULT","","","","","0","ASLAN SL109 PVC Free laminating film with a truly luxurious soft touch feel for high end displays and packaging requiring a tactile finish. Fire Rated to Euroclass DIN EN 13501-1:2018 with classification C-s1-d0. Prices are per roll.




","<html>

<head><title>ASLAN SL109</title></head>

<style>
.responsive {
  width: 50%;
  height: auto;
}
</style>


<body>
<img style=""width: 250px; height: 53px;"" alt=""Aslan Logo"" src=""media/ecom/onpagegraphics/ASLAN_Logo_New.jpg"" class=""responsive""><br><br>

<p>ASLAN SL109 PVC Free laminating film with a truly luxurious soft touch feel for high end displays and packaging requiring a tactile finish.</p>

<a><img style=""border: 0px solid ; width: 75px; height: 75px; float: right;"" alt=""pvc free""
src=""media/ecom/onpagegraphics/PVC_free_logo.png""></a>

<span style=""font-weight: bold; color: #d7328a;"">Structure:</span><br>
<ul><li>36<span>&#181;</span>m Polypropylene</li>
<li>Water based adhesive - Permanent</li>
<li>Double sided PE coated paper liner - 140gm<sup>2</sup>
</li></ul>

<span style=""font-weight: bold; color: #d7328a;"">Suitability:</span><br>
<ul><li>Perfect for large format prints and other smooth surfaces</li>
<li>Significantly increased colour brilliance</li>
<li>Ideal for protecting roll up and pop up systems</li>
<li>Suitable for finishing packaging and interior display applications
</li></ul>

<span style=""font-weight: bold; color: #d7328a;"">Advantages:</span><br>
<ul><li>Soft opulent finish for a luxurious feel</li>
<li>Scratch resistant and can be re-surfaced by wiping with a microfibre cloth</li>
<li>PVC free for environmentally friendly applications</li>
<li>Fire Rated to Euroclass DIN EN 13501-1:2018 with classification C-s1-d0
</li></ul>

<span style=""font-weight: bold; color: #d7328a;"">Technical Information:</span>
<ul><a href=""media/ecom/pdfs/datasheets/SoftTouch_ASLAN_SL_109_e_0.pdf"" target=""_blank""><img
style=""border: 0px solid ; width: 200px; height: 60px;"" alt=""ASLAN SL109 Datasheet""
src=""media/ecom/onpagegraphics/Datasheet.png""></a>
<a href=""media/ecom/pdfs/firecertificates/Classification Report SoftTouch ASLAN SL 109.pdf""
target=""_blank""><img style=""border: 0px solid ; width: 200px; height: 60px;"" alt=""ASLAN SL109 Fire Resistance Certificate""
src=""media/ecom/onpagegraphics/Fire.png""></a></ul>

<p style=""font-weight: bold; font-size: 1.0em;"">Prices shown are per roll at 1370mm wide</p>

</body>

</html>
","SL109.jpg","SL109.jpg","INVITEMS","DEFAULT-Aslan-SL109-DEFAULT-Aslan-SL109","","","0","0","0","","1","REGONLY","0","0","0","0","","","","SELECT","SELECT","0","","","","","0","0","","income-service","","","0","0","FEAT1","","","","Soft-Touch-Laminate","Soft-Touch-Laminate, PVC_Free_Laminates","","","0","Olfa_Graphic_Cutter, Olfa_X_Design_Heavy_Duty_Knife, Lint-Free-Gloves, Masking_Tape_25mm, Aslan_Squeegee, Swann_Morton_3_Handle, Swann_Morton_10A_Blades, Lint-Free-Cloths, Heavy-Duty-Application-Roller, 4075CT1220,","Olfa_Graphic_Cutter, Olfa_X_Design_Heavy_Duty_Knife, Lint-Free-Gloves, Masking_Tape_25mm, Aslan_Squeegee, Swann_Morton_3_Handle, Swann_Morton_10A_Blades, Lint-Free-Cloths, Heavy-Duty-Application-Roller, 4075CT1220,","A","","ADHESIVE_PERMANENT","GRADE_POLYPROPYLENE","SUITABILITY_INDOOR","","","","","","","","","","","ASLAN-SL109","0","aslan, sl109, soft touch laminate, soft, tactile","","","1524057633","0","","0","","CHECKBOX"
"Aslan-SL95-Dry-Wipe-Laminate","ASLAN SL95 Anti Graffiti Laminate","SL95","Aslan","50","0","DEFAULT","","","","","0","ASLAN SL95 ultra thin polyester laminate is a great anti graffiti laminate and is also a perfect covering for creating whiteboards as well as covering digital prints where dry wipe markings need to be erased easily and without ghosting. Ideal for use in schools, hospitals or in fact anywhere that a whiteboard may be used.  Fire Rated to Euroclass DIN EN 13501-1:2018 with classification B-s1-d0.  Prices are per roll.




























","<html>

<head><title>ASLAN SL95 Anti Graffiti Laminate</title></head>

<style>
.responsive {
  width: 50%;
  height: auto;
}
</style>


<body>
<img style=""width: 250px; height: 53px;"" alt=""Aslan Logo"" src=""media/ecom/onpagegraphics/ASLAN_Logo_New.jpg"" class=""responsive""><br><br>

<p>ASLAN SL95 ultra thin polyester laminate is a great anti graffiti laminate and is also a perfect covering for creating whiteboards as well as covering digital prints where dry wipe markings needs to be erased easily and without ghosting.</p>

<span style=""font-weight: bold; color: #d7328a;"">Structure:</span><br>
<ul><li>50<span>&#181;</span>m PET film with special varnish</li>
<li>Water based adhesive - Permanent</li>
<li>Siliconised PE release liner - 64gm<sup>2</sup>
</li></ul>

<a><img style=""border: 0px solid ; width: 75px; height: 75px; float: right;"" alt=""pvc free""
src=""media/ecom/onpagegraphics/PVC_free_logo.png""></a>
<a><img style=""border: 0px solid ; width: 75px; height: 75px; float: right;"" alt=""fire rated""
src=""media/ecom/onpagegraphics/Fire-Rated.png""></a>
<a><img style=""border: 0px solid ; width: 75px; height: 75px; float: right;"" alt=""EN71-3""
src=""media/ecom/onpagegraphics/EN71-3.png""></a>

<span style=""font-weight: bold; color: #d7328a;"">Suitability:</span><br>
<ul><li>Ideal for both internal and external use</li>
<li>Perfect for turning digital prints into dry wipe surfaces</li>
<li>Prevents graffiti and vandalism to signage as well as smooth surfaces</li>
<li>Dry apply only</li>
<li>Outdoor durability of up to 5 years
</li></ul>

<span style=""font-weight: bold; color: #d7328a;"">Advantages:</span><br>
<ul><li>Any residue can easily be wiped with a damp microfibre cloth or rubbed if dried on over several hours</li>
<li>Offers massive cost savings compared to the graffiti removal blasting by specialist companies</li>
<li>Highly transparent laminate also repels dirt from prints</li>
<li>Eco-friendly option as made from PET
</li></ul>

<span style=""font-weight: bold; color: #d7328a;"">Technical Information:</span>

<ul><a href=""media/ecom/pdfs/datasheets/ASLAN_SL95.pdf"" target=""_blank""><img
style=""border: 0px solid ; width: 200px; height: 60px;"" alt=""Aslan SL95 Datasheet""
src=""media/ecom/onpagegraphics/Datasheet.png""></a>
<a href=""media/ecom/pdfs/firecertificates/Classification Report AntiGraffiti ASLAN SL 95_EN 13501-1.pdf""
target=""_blank""><img style=""border: 0px solid ; width: 200px; height: 60px;"" alt=""Aslan SL95 Fire Resistance Certificate""
src=""media/ecom/onpagegraphics/Fire.png""></a></ul><br>
<p style=""font-weight: bold; font-size: 1.0em;"">Prices shown are per roll at 1370mm wide</p>
</body>

</html>","SL95.jpg","SL95.jpg","INVITEMS","DEFAULT-Aslan-SL95-Dry-Wipe-Laminate-DEFAULT-Aslan-SL95-Dry-Wipe-Laminate","","","0","0","0","","1","REGONLY","0","0","0","0","","","","SELECT","SELECT","0","","","","","0","0","","income-service","","","0","0","","","https://www.youtube.com/embed/1RX_6_CrNkU","","Anti_Graffiti_laminate","Anti_Graffiti_laminate, PVC_Free_Laminates, Dry-Wipe-Laminate","","","0","Olfa_Graphic_Cutter, Olfa_X_Design_Heavy_Duty_Knife, Lint-Free-Gloves, Masking_Tape_25mm, Aslan_Squeegee, Swann_Morton_3_Handle, Swann_Morton_10A_Blades, Lint-Free-Cloths, Heavy-Duty-Application-Roller, 4075CT1220,","Olfa_Graphic_Cutter, Olfa_X_Design_Heavy_Duty_Knife, Lint-Free-Gloves, Masking_Tape_25mm, Aslan_Squeegee, Swann_Morton_3_Handle, Swann_Morton_10A_Blades, Lint-Free-Cloths, Heavy-Duty-Application-Roller, 4075CT1220,","A","superuser","","","","","","","","","","","","","","ASLAN-SL95-Anti-Graffiti-Laminate","0","anti graffiti laminate, graffiti, anti-graffiti, anti graffiti, dry wipe, sl95, aslan, grafitti, dry wipe laminate, aslan sl95,","","","1490034101","0","","0","","CHECKBOX"
"ASLAN-SL98","ASLAN SL98 Gallery Laminate","SL98","Aslan","10","18","DEFAULT","","","","","0","ASLAN SL98 Gallery Laminate is a super-high gloss 125 micron polyester laminate that offers a glass like finish for high end prints and displays. Easy to clean and resistant to many chemicals, grease, scratches and heat, this laminate is also perfect for uses such as kitchen splashbacks. Fire Rated to Euroclass DIN EN 13501-1:2018 with classification C-s1-d0. Prices are per roll.




","<html>

<head><title>ASLAN SL98 Gallery Laminate</title>

<style>
.responsive {
  width: 50%;
  height: auto;
}
</style>
</head>

<body>
<img style=""width: 250px; height: 53px;"" alt=""Aslan Logo"" src=""media/ecom/onpagegraphics/ASLAN_Logo_New.jpg"" class=""responsive""><br><br>

<p>ASLAN SL98 Gallery Laminate is an ultra-gloss 125µ polyester laminate that offers a glass like finish for high end prints and displays.</p>

<a><img style=""border: 0px solid ; width: 75px; height: 75px; float: right;"" alt=""pvc free""
src=""media/ecom/onpagegraphics/PVC_free_logo.png""></a>

<span style=""font-weight: bold; color: #d7328a;"">Structure:</span><br>
<ul><li>125<span>&#181;</span>m Polyester film with special varnish</li>
<li>Water based adhesive - Permanent</li>
<li>Siliconised polyester liner - 35gm<sup>2</sup>
</li></ul>

<span style=""font-weight: bold; color: #d7328a;"">Suitability:</span><br>
<ul><li>Perfect for high quality displays in galleries and museums as well as prestige retail advertising</li>
<li>Ideal for kitchen splashbacks</li>
<li>Suitable for outdoor uses with a durability of 3-5 years</li>
<li>Recommended for Dry Application only and we advise to take precautions to avoid static attraction of dust</li>
<li>Also compatible to laminate on to UV-curable inks</li></ul>

<span style=""font-weight: bold; color: #d7328a;"">Advantages:</span><br>
<ul><li>Optically clear film due to siliconized polyester liner</li>
<li>Glass like finish due to special ultra-gloss hardcoat varnish</li>
<li>Easy to clean and resistant to many chemicals, grease, scratches and heat</li>
<li>Highly scratch resistant</li>
<li>Fire Rated to Euroclass DIN EN 13501-1:2018 with classification. C-s1-d0
</li></ul>

<span style=""font-weight: bold; color: #d7328a;"">Technical Information:</span><br><br>
<ul><a href=""media/ecom/pdfs/datasheets/GalleryLAM_ASLAN_SL_98.pdf"" target=""_blank""><img
style=""border: 0px solid ; width: 200px; height: 60px;"" alt=""ASLAN SL98 Datasheet""
src=""media/ecom/onpagegraphics/Datasheet.png""></a>
<a href=""media/ecom/pdfs/firecertificates/Classification Report GalleryLAM ASLAN SL 98_EN 13501-1.pdf"" target=""_blank""><img
style=""border: 0px solid ; width: 200px; height: 60px;"" alt=""ASLAN SL98 Fire Certificate""
src=""media/ecom/onpagegraphics/Fire.png""></a></ul>

<p style=""font-weight: bold; font-size: 1.0em;"">Prices shown are per roll at 1250mm wide</p>
</body>

</html>

","ASLAN_SL98_Gallery_Lam.jpg","ASLAN_SL98_Gallery_Lam.jpg, ASLAN_SL98_Gallery_Lam_Gallery.jpg","INVITEMS","DEFAULT-ASLAN-SL98-DEFAULT-ASLAN-SL98","","","0","0","0","","1","REGONLY","0","0","0","0","","","","SELECT","SELECT","0","","","","","0","0","","income-service","","","0","0","FEAT1","","","","Gloss_laminate","Gloss_laminate, UVC-Laminates","","","0","Olfa_Graphic_Cutter, Olfa_X_Design_Heavy_Duty_Knife, Lint-Free-Gloves, Masking_Tape_25mm, Aslan_Squeegee, Swann_Morton_3_Handle, Swann_Morton_10A_Blades, Lint-Free-Cloths, Heavy-Duty-Application-Roller, 4075CT1220,","Olfa_Graphic_Cutter, Olfa_X_Design_Heavy_Duty_Knife, Lint-Free-Gloves, Masking_Tape_25mm, Aslan_Squeegee, Swann_Morton_3_Handle, Swann_Morton_10A_Blades, Lint-Free-Cloths, Heavy-Duty-Application-Roller, 4075CT1220,","A","","ADHESIVE_PERMANENT","GRADE_POLYPROPYLENE","SUITABILITY_INDOOR","","","","","","","","","","","ASLAN-SL98-Gallery-Laminate","0","aslan, sl98, gallery, laminate, gallerylam, gloss, high gloss, aslan sl98, high gloss laminate, glass laminate, ","","","1691486207","0","","0","","CHECKBOX"
"ASLAN-SL99","ASLAN SL99 Graffiti Repellent Laminate","SL99","Aslan","10","17","DEFAULT","","","","","0","ASLAN SL99 Magic Protect is a transparent matt laminate with special coating to prevent paint, permanent ink and even high tack stickers keying on to the surface and enabling any residue to be easily removed without causing damage. Fire Rated to Euroclass DIN EN 13501-1:2018 with classification B-s1-d0. Prices are per roll.




","<html>

<head><title>ASLAN SL99 Graffiti Repellent Laminate</title></head>

<style>
.responsive {
  width: 50%;
  height: auto;
}
</style>


<body>
<img style=""width: 250px; height: 53px;"" alt=""Aslan Logo"" src=""media/ecom/onpagegraphics/ASLAN_Logo_New.jpg"" class=""responsive""><br><br>

<p>ASLAN SL99 Magic Protect is a transparent matt laminate with special coating to prevent paint, permanent ink and even high tack stickers keying on to the surface and enabling any residue to be easily removed without causing damage.</p>

<span style=""font-weight: bold; color: #d7328a;"">Structure:</span><br>
<ul><li>80<span>&#181;</span>m PVC film with special coating</li>
<li>Water based adhesive - Permanent</li>
<li>Double sided PE coated paper - 140gm<sup>2</sup>
</li></ul>

<span style=""font-weight: bold; color: #d7328a;"">Suitability:</span><br>
<ul><li>Ideal for both internal and external use</li>
<li>Easily prevents graffiti and vandalism to signage as well as smooth and rough surfaces</li>
<li>Can be applied wet or dry. If laminating digital prints we recommend applying dry. If applying wet, a whitening of the adhesive may occur but will fade away after a couple of days</li>
<li>Outdoor durability of up to 3 years</li>
<li>Also compatible to laminate on to UV-curable inks</li></ul>

<span style=""font-weight: bold; color: #d7328a;"">Advantages:</span><br>
<ul><li>Any residue can easily be wiped with a damp microfibre cloth or rubbed if dried on over several hours</li>
<li>Offers massive cost savings compared to the graffiti removal blasting by specialist companies</li>
<li>Due to the way that this laminate turns any paint in to random globules of colour, anyone trying to spray their 'tag' will soon get fed up and move on</li>
<li>A study reveals that prompt removal leaving a graffiti free surface deters further taggers. Removal within 48 hours lowers the risk of further spraying to 1-10%</li>
<li>Fire Rated to Euroclass DIN EN 13501-1:2018 with classification B-s1-d0</li>
<li>Also classified to flame retardant standard DIN EN 45545-2 R1/R7/R17 on railway vehicles (Germany)
</li></ul>

<span style=""font-weight: bold; color: #d7328a;"">Technical Information:</span><br><br>
<ul><a href=""media/ecom/pdfs/datasheets/MagicProtect_Matt_ASLAN_SL_99_e.pdf"" target=""_blank""><img
style=""border: 0px solid ; width: 200px; height: 60px;"" alt=""ASLAN SL99 Datasheet""
src=""media/ecom/onpagegraphics/Datasheet.png""></a>
<a href=""media/ecom/pdfs/firecertificates/Classification Report MagicProtect ASLAN SL 99_EN 13501-1.pdf"" target=""_blank""><img
style=""border: 0px solid ; width: 200px; height: 60px;"" alt=""ASLAN SL99 Fire Certificate""
src=""media/ecom/onpagegraphics/Fire.png""></a>
<a href=""media/ecom/pdfs/firecertificates/Classification Report MagicProtect Matt ASLAN SL 99_DIN EN 45545-2_R1_R7_R17.pdf"" target=""_blank""><img
style=""border: 0px solid ; width: 200px; height: 60px;"" alt=""ASLAN SL99 Railway Fire Certificate""
src=""media/ecom/onpagegraphics/Fire.png""></a></ul>
<p style=""font-weight: bold; font-size: 1.0em;"">Prices shown are per roll at 1370mm wide</p>

</body>

</html>

","ASLAN_SL99.jpg","ASLAN_SL99.jpg","INVITEMS","DEFAULT-ASLAN-SL99-DEFAULT-ASLAN-SL99","","","0","0","0","","1","REGONLY","0","0","0","0","","","","SELECT","SELECT","0","","","","","0","0","","income-service","","","0","0","FEAT1","FREESHIPPING","https://www.youtube.com/embed/lbhVwVHt9to?si=_jJSdBsIoG8Hot_5","","Anti_Graffiti_laminate","Anti_Graffiti_laminate, UVC-Laminates","","","0","Olfa_Graphic_Cutter, Olfa_X_Design_Heavy_Duty_Knife, Lint-Free-Gloves, Masking_Tape_25mm, Aslan_Squeegee, Swann_Morton_3_Handle, Swann_Morton_10A_Blades, Lint-Free-Cloths, Heavy-Duty-Application-Roller, 4075CT1220,","Olfa_Graphic_Cutter, Olfa_X_Design_Heavy_Duty_Knife, Lint-Free-Gloves, Masking_Tape_25mm, Aslan_Squeegee, Swann_Morton_3_Handle, Swann_Morton_10A_Blades, Lint-Free-Cloths, Heavy-Duty-Application-Roller, 4075CT1220,","A","","ADHESIVE_PERMANENT","GRADE_POLYPROPYLENE","SUITABILITY_INDOOR","","","","","","","","","","","","0","aslan, sl99, paint repellent, graffiti repellent, anti vandalism, laminate, magic, protect, aslan sl99, anti graffiti, spray paint, print protect,  ","","","1635960142","0","","0","","CHECKBOX"
"Aslan-Sparkle-Caress-Colour-Selectors","ASLAN Sparkle & Caress Series Colour Selectors","COLSELSPARKLE","Aslan","1065","1","DEFAULT","","","","","0","Full colour sample selectors featuring every colour in the ASLAN Sparkle Colour and Caress Colour series.","<html>

<title><head>ASLAN Sparkle & Caress Series Colour Selectors</title></head>

<body>

<p>Full colour sample selectors featuring every colour in the ASLAN Sparkle Colour and Caress Colour series.</p>
<p>Colourcard is single page A4 sized and also features technical specifications, usage information and application instructions.</p>

</body>

</html>
","Aslan_Sparkle_Caress_Colour_Selector.png","Aslan_Sparkle_Caress_Colour_Selector.png, Aslan_Sparkle_Caress_Colour_Selector_Open.png","INVITEMS","DEFAULT-Aslan-Sparkle-Caress-Colour-Selectors-DEFAULT-Aslan-Sparkle-Caress-Colour-Cards","","","0","0","0","","1","REGONLY","0.00","0","0.00","0","","","","QUANMULT","RADIO","0","","","","","0","0","","income-service","","","0","0","","","","","Marketing","ASLAN-SC123-Sparkle-Colour, ASLAN-CC124-Caress-Colour, Marketing","","","0","","","A","","","","","","","","","","","","","","","ASLAN-Sparkle-Caress-Colour-Selectors","0","","","","1709918373","0.00","","0","","QUANMULT"
"ASLAN-SRL96-Anti-Graffiti-Laminate","ASLAN SRL96 rPET Anti-Graffiti Laminate","SRL96","Aslan","60","13","DEFAULT","","","","","0","ASLAN SRL96 Anti-graffiti laminate is the newest addition to the LoopPET series of materials made from recycled polyester. This 50 micron self-adhesive polyester film with a permanent adhesive is even more graffiti resistant than the original ASLAN SL95, making it perfect for covering hoardings on construction sites, public transport hubs and in other public areas.  Fire Rated to Euroclass DIN EN 13501-1:2018 with classification B-s1-d0. Prices are per roll



























","<html>

<head><title>ASLAN SRL96</title>
</head>
<body>
<img style=""height: 50px; width: 236px;"" alt=""Aslan logo""
src=""media/ecom/onpagegraphics/ASLAN_Logo_New.png""><br><br>

<p>ASLAN SRL96 Anti-graffiti laminate is the newest addition to the LoopPET series of materials made from recycled polyester.</p>

<img style=""border: 0px solid ; width: 50px; height: 50px;"" alt=""fyi""
src=""media/ecom/onpagegraphics/FYI.png"">
<p style=""color: #d7328a""><i>ASLAN SRL96 is part of the ASLAN LoopPET series of materials made from post-consumer recycled polyester.<br>
This range offers a more sustainable choice with less reliance on fossil resource consumption, reduced CO<sub>2</sub> emissions,  less water requirement and an overall lower volume of waste.</i></p>

<a><img style=""margin: 5px; width: 85px; height: 85px; float: right;"" alt=""rPET material""
src=""media/ecom/onpagegraphics/rPET_Logo.png""></a>
<a><img style=""margin: 5px; width: 75px; height: 75px; float: right;"" alt=""pvc free""
src=""media/ecom/onpagegraphics/PVC_free_logo.png""></a>

<span style=""font-weight: bold; color: #d7328a;"">Structure:</span>
<ul><li>50<span>&#181;</span>m Transparent gloss polyester</li>
<li>Contains 70% shredded and cleaned post-consumer recycled PET - equivalent to 120 1.5L water bottles per 50m roll</li>
<li>Special water-based high-tack adhesive ensures eco-friendly combination of film and adhesive. Permanent</li>
<li>Siliconised PET release liner - 35g/m<sup>2</sup>
</li></ul>

<span style=""font-weight: bold; color: #d7328a;"">Suitability:</span>
<ul><li>Perfect for covering hoardings on construction sites, public transport hubs and in other public areas</li>
<li>Can be applied to smooth, flat and slightly curved surfaces</li>
<li>Due to the high tack adhesive, ASLAN SRL96 is suitable for laminating on top of UV curable digital prints</li>
<li>50% Post Consumer Recycled Plastic content when used with <a href=""https://www.dorotape.co.uk/Item/ASLAN_DRL19"" target=""_blank""><font color=""#d7328a"">ASLAN DRL19</font></a> digital print film</li></ul>

<span style=""font-weight: bold; color: #d7328a;"">Advantages:</span>
<ul><li>PVC Free and made from post consumer recycled plastics</li>
<li>Highly transparent with a gloss finish</li>
<li>Extremely graffiti resistant</li>
<li>Up to 5 years outdoor durability</li>
<li>High dimensional stability and no shrinkage</li>
<li>Excellent cleaning properties. Alcohol based cleaners can be used without damaging the special coating</li>
<li>Scratch resistant</li>
<li>Solvent free adhesive</li>
<li>Suitable for laser cutting</li>
<li>ASLAN SRL96 is a PVC, VOC and solvent free sustainable combination</li>
<li>Fire Rated to Euroclass DIN EN 13501-1:2018 with classification B-s1-d0</li><br>
<img style=""border: 0px solid ; width: 50px; height: 50px; alt=""reward points logo""
src=""media/ecom/onpagegraphics/Reward_Logo.png""><span style=""font-weight: bold; color: #ef7d00;"">Earn Reward Points every time you buy this product</span></ul>

<span style=""font-weight: bold; color: #d7328a;"">Technical Information:</span><br>
<ul><a href=""media/ecom/pdfs/datasheets/LoopPET_AntiGraffiti_ASLAN_SRL_96_e.pdf""
target=""_blank""><img style=""border: 0px solid ; width: 200px; height: 60px;"" alt=""ASLAN CRB91 Datasheet""
src=""media/ecom/onpagegraphics/Datasheet.png""></a>
<a href=""media/ecom/pdfs/firecertificates/Classification_Report_LoopPET_AntiGraffiti_ASLAN_SRL_96_0.pdf""
target=""_blank""><img style=""border: 0px solid ; width: 200px; height: 60px;"" alt=""ASLAN CRB91 Fire Resistance Certificate""
src=""media/ecom/onpagegraphics/Fire.png""></a></ul>
<p style=""font-weight: bold; font-size: 1.0em;"">Prices shown are per roll at 1370mm wide</p>
</body>

</html>","ASLAN_SRL96.jpg","ASLAN_SRL96.jpg","INVITEMS","DEFAULT-ASLAN-SRL96-Anti-Graffiti-Laminate-DEFAULT-ASLAN-SRL96-Anti-Graffiti-Laminate","","","0","0","0","","1","REGONLY","0","0","0","0","","","","SELECT","SELECT","0","","","","","0","0","","income-service","","","0","0","","","","","Anti_Graffiti_laminate","PVC_Free_Laminates, UVC-Laminates, Anti_Graffiti_laminate, Recycled-Materials, Recycled-Laminates","","","0","Aslan_WB995_Whiteboard_1370, Aslan_WBL995_Whiteboard_1370, Olfa_Graphic_Cutter, Olfa_X_Design_Heavy_Duty_Knife, Lint-Free-Gloves, Masking_Tape_25mm, Aslan_Squeegee, Swann_Morton_3_Handle, Swann_Morton_10A_Blades, Lint-Free-Cloths, Heavy-Duty-Application-Roller, 4075CT1220,","Olfa_Graphic_Cutter, Olfa_X_Design_Heavy_Duty_Knife, Lint-Free-Gloves, Masking_Tape_25mm, Aslan_Squeegee, Swann_Morton_3_Handle, Swann_Morton_10A_Blades, Lint-Free-Cloths, Heavy-Duty-Application-Roller, 4075CT1220,","A","superuser","ADHESIVE_PERMANENT","","SUITABILITY_CLEARBOARD","","","","","","","","","","","","0","aslan, srl96, erase, anti graffiti, graffiti, looppet, environment, sustainable","","","1716548602","0","","0","","CHECKBOX"
"ASLAN-TF200","ASLAN TF200 Clear PET Super Tack Application Tape","TF200","Aslan","50","39","DEFAULT","","","","","0","This clear glossy PET application tape offers a high level of adhesion making it ideal for the positioning and application of vinyl cut lettering and graphics of vinyl and films that have a textured surface. It is supplied on a liner and if used carefully this film is re-usable. Dry use only.  1370mm x 10m.","<head><title>ASLAN TF200</title></head>
<body>
<p>This clear glossy PET application tape offers a high level of adhesion making it ideal for the positioning and application of vinyl cut lettering and graphics of vinyl and films that have a textured surface.</p>

<span style=""font-weight: bold; color: #d7328a;"">Structure:</span><br>
<ul><li>50<span>&#181;</span>m PET (Polyester)
<li>High tack acrylic adhesive
<li>Transparent siliconised PET liner 36g m<sup>2</sup>
</li></ul>

<span style=""font-weight: bold; color: #d7328a;"">Suitability:</span><br>
<ul><li>Transparent film and release liner allows for exact positioning
<li>Excellent choice for use with textured materials and materials with a high level of adhesion
<li>Perfect when overlaying multiple layers
<li>Dry use only
<li>Dimensionally stable so will not stretch or curl
<li>Lays flat when applied to graphics
</li></ul>

<span style=""font-weight: bold; color: #d7328a;"">Advantages:</span><br>
<ul><li>Very easy to handle and has a smooth finish
<li>Strong initial tack to all types of vinyl and film
<li>Excellent transparency for easy alignment
<li>Cuts with knife or scissors
<li>Wrinkle free application
<li>Reusable depending on application
<li>Easily removes in one piece without leaving any residue</li><br>
<img style=""border: 0px solid ; width: 50px; height: 50px; alt=""reward points logo""
src=""media/ecom/onpagegraphics/Reward_Logo.png""><span style=""font-weight: bold; color: #ef7d00;"">Earn Reward Points every time you buy this product</span></ul>

<a ><img style=""border: 0px solid ; width: 50px; height: 50px;"" alt=""fyi""
src=""media/ecom/onpagegraphics/FYI.png""></a>
<p style=""color: #d7328a""><i>Did you know that our cut service is free of charge - just enter your cut sizes in the box below</i></p>
<br>

<p><a href=""https://www.dorotape.co.uk/Article/Application-Tape"" target=""_blank""><img style=""border: 0px solid ; width: 50px; height: 50px;"" alt=""link to our blog""
src=""media/ecom/onpagegraphics/Blog.png"">
<span style=""color: #d7328a""><b>Learn more about the different types of Application Tape by reading about it in our Blog</b></a></p>
<br>

<span style=""font-weight: bold; color: #d7328a;"">Technical Information:</span><br>
<ul>
<a href=""media/ecom/pdfs/datasheets/TDS_SuperTackTape_ASLAN_TF_200_e.pdf"" target=""_blank""><img
style=""border: 0px solid ; width: 200px; height: 60px;"" alt=""ASLAN TF200 TDS""
src=""media/ecom/onpagegraphics/Datasheet.png""></a></ul>
<p><p style=""font-weight: bold; font-size: 0.9em;"">Prices shown are per 10 metre roll at 1370mm wide</p>

","ASLAN_TF_200.jpg","ASLAN_TF_200.jpg","INVITEMS","DEFAULT-ASLAN-TF200-DEFAULT-ASLAN-TF200","","","0","0","0","","1","REGONLY","0","0","0","0","","","","SELECT","SELECT","0","","","","","0","0","","income-service","","","0","0","","","","","Clear_Application_Tape","Clear_Application_Tape","","","0","3M_Gold_Squeegee, Aslan_Red_Devil_Squeegee, Olfa_X_Design_Heavy_Duty_Knife, Olfa_Graphic_Cutter, Masking_Tape_25mm, Blue_Masking_Tape_50mm","3M_Gold_Squeegee, Aslan_Red_Devil_Squeegee, Olfa_X_Design_Heavy_Duty_Knife, Olfa_Graphic_Cutter, Masking_Tape_25mm, Blue_Masking_Tape_50mm","A","superuser","","","","","","","","","","","","","","","0","pet, clear application tape, clear, application, tape, supertack, super tack, high tack, high, tack, specialist application, line, application tape liner, ","","","1674758139","0","","0","","CHECKBOX"
"Aslan_BB910_Blackboard_Vinyl","ASLAN BB910 Blackboard Vinyl for Liquid Chalk Pens:: 1250mm Wide","BB910","Aslan","100","25","DEFAULT","","","","","0","With a smoother surface than the CR62, this self-adhesive film is designed for use with liquid chalk pens (chalk can be used as well).  Suitable for restaurants, schools and offices as well as outdoor use due to the excellent exterior life.  B1 Fire Rated. Buy it by the metre.","<html>
<body>

<title><head>ASLAN BB910</head></title>
<img style=""width: 250px; height: 53px;"" alt=""Aslan Logo""
 src=""media/ecom/onpagegraphics/ASLAN_Logo_New.jpg""><br><br>
<p>ASLAN BB910 has a smooth blackboard surface making it perfect for use with liquid chalk pens as well as traditional chalk.</p>

<span style=""font-weight: bold; color: #d7328a;"">Structure:</span><br>
<ul><li>130<span>&#181;m</span> PVC</li>
<li>Water based acrylic adhesive system. Semi-permanent</li>
<li>Siliconised paper - 140gm<sup>2</sup>
</li></ul>

<span style=""font-weight: bold; color: #d7328a;"">Suitability:</span><br>
<ul><li>Transform any surface in to a blackboard, writable with chalk or liquid chalk pens</li>
<li>Suitable for restaurants, cafes, leisure venues, schools and offices</li>
<li>Perfect for outdoor use due to the excellent exterior life
</li></ul>

<a><img style=""border: 0px solid ; width: 75px; height: 75px; float: right;"" alt=""EN 71-3 Toy Safety Logo""
src=""media/ecom/onpagegraphics/EN71-3.png""></a>

<span style=""font-weight: bold; color: #d7328a;"">Advantages:</span><br>
<ul><li>Very hard wearing</li>
<li>Excellent scratch and solvent resistance allows endless decoration to be wiped clean without leaving any ghosting or shadows</li>
<li>Fire Rated to Euroclass DIN EN 13501-1:2019-05 with classification B-s1-d0</li>
<li><div title=""EN71-3 Standard asseses the migration of certain chemicals into the body if a toy or components of a toy were to be swallowed by a child"">Meets Toy Safety Standard EN 71-3</div>
</li></ul>

<span style=""font-weight: bold; color: #d7328a;"">Technical Information:</span><br>
<ul>
<a href=""media/ecom/pdfs/datasheets/PremiumBlackboard_ASLAN_BB910_e.pdf""
target=""_blank""><img style=""border: 0px solid ; width: 200px; height: 60px;"" alt=""Aslan BB910 Datasheet""
src=""media/ecom/onpagegraphics/Datasheet.png""></a>
<a href=""media/ecom/pdfs/firecertificates/PremiumBlackboard ASLAN BB 910.pdf"" target=""_blank""><img
style=""border: 0px solid ; width: 200px; height: 60px;"" alt=""Aslan BB910 Fire Certificate""
src=""media/ecom/onpagegraphics/Fire.png""></a>
<a href=""media/ecom/pdfs/applicationguidelines/ASLAN_Memoboards_UseCleaning_EN.pdf"" target=""_blank""><img
style=""border: 0px solid ; width: 200px; height: 60px;"" alt=""ASLAN Memoboards UseCleaning EN""
src=""media/ecom/onpagegraphics/Hand.png""></a></ul><p style=""font-weight: bold; font-size: 0.9em;"">Prices shown are per linear metre at 1250mm wide</p>


</body>
</html>


","ASLAN_BB_910.jpg","ASLAN_BB_910.jpg","INVITEMS","DEFAULT-Aslan_BB910_Blackboard_Vinyl-DEFAULT-Aslan_BB910_Blackboard_Vinyl","","","0","0","0","","1","REGONLY","0","0","0","0","","","","SELECT","SELECT","0","","","","","0","0","","income-service","","","0","0","","","https://www.youtube.com/embed/tfgn1aZ78t4","","Blackboard_Whiteboard","Blackboard_Whiteboard","","","0","Liquid-Chalk-Pen, Olfa_X_Design_Heavy_Duty_Knife, Lint-Free-Gloves, Aslan-Gold-Soft-Squeegee, Olfa_Graphic_Cutter,","Liquid-Chalk-Pen, Olfa_X_Design_Heavy_Duty_Knife, Lint-Free-Gloves, Aslan-Gold-Soft-Squeegee, Olfa_Graphic_Cutter,","A","","ADHESIVE_PERMANENT","","SUITABILITY_BLACKBOARD","","","","","","","","","","","ASLAN-BB910","0","blackboard, chalkboard, chalk, writable, memo, blackboard vinyl","","","1491482292","0","","0","","CHECKBOX"
"Aslan_C61_Blackboard_Vinyl","ASLAN C61 Blackboard Vinyl for Chalk:: 1250mm Wide","C61","Aslan","80","15","DEFAULT","","","","","0","ASLAN C61 self-adhesive blackboard film transforms a wide variety of rigid and smooth surfaces into a classic black chalkboard in an instant. You can write on it with chalk as often as you like without leaving any shadows or ghosting. In places like offices, nurseries, schools and restaurants, you can turn walls, furniture or doors into versatile blackboards for frequently changed messages. Buy it by the metre.","<html>

<head><title>ASLAN C61 Blackboard Vinyl</title>
</head>
<body>
<img style=""height: 50px; width: 236px;"" alt=""Aslan logo""
src=""media/ecom/onpagegraphics/ASLAN_Logo_New.png""><br><br>
<p>ASLAN C61 self-adhesive blackboard film transforms a wide variety of rigid and smooth surfaces into a classic black chalkboard in an instant.</p>

<span style=""font-weight: bold; color: #d7328a;"">Structure:</span><br>
<ul><li>160<span>&#181;m</span> PVC</li>
<li>Water based acrylic adhesive system. Semi-permanent</li>
<li>Siliconised paper - 63gm<sup>2</sup>
</li></ul>

<span style=""font-weight: bold; color: #d7328a;"">Suitability:</span><br>
<ul><li>Transform walls, doors and furniture into versatile blackboards for menus and messages</li>
<li>Ideal for offices, schools, bars and restaurants
</li></ul>

<span style=""font-weight: bold; color: #d7328a;"">Advantages:</span><br>
<ul><li>Easy to cut to any shape and size</li>
<li>Easy to clean with a damp cloth without leaving any shadows or ghosting</li>
<li>Printable with UV Curable inks
</li></ul>

<span style=""font-weight: bold; color: #d7328a;"">Ink Compatibility:</span><br>
<ul><img style=""margin: 0px 5px 0px 0px; width: 15px; height: 25px;"" alt=""UV Ink""
src=""media/ecom/onpagegraphics/Ink-UV.png"">UV
</ul>

<span style=""font-weight: bold; color: #d7328a;"">Technical Information:</span><br>
<ul>
<a href=""media/ecom/pdfs/datasheets/Blackboard_ASLAN_C61_e.pdf""
target=""_blank""><img style=""border: 0px solid ; width: 200px; height: 60px;"" alt=""pdf""
src=""media/ecom/onpagegraphics/Datasheet.png""></a></ul>

<p style=""font-weight: bold; font-size: 0.9em;"">Prices shown are per linear metre at 1250mm wide</p>

</body>

</html>","C61.jpg","C61.jpg","INVITEMS","DEFAULT-Aslan_C61_Blackboard_Vinyl-DEFAULT-Aslan_C61_Blackboard_Vinyl","","","0","0","0","","1","REGONLY","0","0","0","0","","","","SELECT","SELECT","0","","","","","0","0","","income-service","","","0","0","","","","","Blackboard_Whiteboard","Blackboard_Whiteboard","","","0","Lint-Free-Cloths, Aslan_Red_Devil_Squeegee, Olfa_X_Design_Heavy_Duty_Knife, Lint-Free-Gloves, Masking_Tape_25mm, Aslan-Gold-Soft-Squeegee, Olfa_Graphic_Cutter, Swann_Morton_3_Handle, Swann_Morton_10A_Blades, Aslan_Squeegee, Application_Gloves,","Liquid-Chalk-Pen, Lint-Free-Cloths, Aslan_Red_Devil_Squeegee, Olfa_X_Design_Heavy_Duty_Knife, Lint-Free-Gloves, Masking_Tape_25mm, Aslan-Gold-Soft-Squeegee, Olfa_Graphic_Cutter, Swann_Morton_3_Handle, Swann_Morton_10A_Blades, Aslan_Squeegee, Application_Gloves,","A","","ADHESIVE_PERMANENT","","SUITABILITY_BLACKBOARD","","","","","","","","","","","ASLAN-C61-Blackboard-Vinyl","0","blackboard chalkboard chalk board memo ","","","1508936201","0","","0","","CHECKBOX"
"Aslan_CR62_Blackboard_Vinyl","ASLAN CR62 Blackboard Vinyl for Chalk:: 1370mm Wide","CR62","Aslan","90","10","DEFAULT","","","","","0","ASLAN CR62 Blackboard film has a textured surface making it ideal for use with chalk. It is hard wearing and can be wiped clean without leaving any ghosting or shadows making it perfect for use in the office or children's rooms.  Buy it by the metre.","<html>

<head><title>ASLAN CR62</title>
</head>
<body>
<img style=""height: 50px; width: 236px;"" alt=""Aslan logo""
src=""media/ecom/onpagegraphics/ASLAN_Logo_New.png""><br><br>
<p>ASLAN CR62 Blackboard film has a textured surface making it ideal for use with chalk. It is hard wearing and can be wiped clean without leaving any ghosting or shadows making it perfect for use in the office or children's rooms.</p>

<span style=""font-weight: bold; color: #d7328a;"">Structure:</span><br>
<ul><li>130<span>&#181;m</span> Textured PVC</li>
<li>Water based acrylic adhesive system - Semi-permanent</li>
<li>Siliconised paper - 63gm<sup>2</sup>
</li></ul>

<span style=""font-weight: bold; color: #d7328a;"">Suitability:</span><br>
<ul><li>Transform walls, doors and furniture into versatile blackboards for menus and messages</li>
<li>Ideal for offices, schools, bars and restaurants</li>
<li>Suitable for exterior use such as pavement signage
</li></ul>

<span style=""font-weight: bold; color: #d7328a;"">Advantages:</span><br>
<ul><li>Easy to clean with a damp cloth without leaving any shadows or ghosting</li>
<li>Printable with UV Curable inks
</li></ul>

<span style=""font-weight: bold; color: #d7328a;"">Ink Compatibility:</span><br>
<ul><img style=""margin: 0px 5px 0px 0px; width: 15px; height: 25px;"" alt=""UV Ink""
src=""media/ecom/onpagegraphics/Ink-UV.png"">UV
</ul>

<span style=""font-weight: bold; color: #d7328a;"">Technical Information:</span><br>
<ul>
<a href=""media/ecom/pdfs/datasheets/Blackboard_AntiScratch_ASLAN_CR62_e.pdf""
target=""_blank""><img style=""border: 0px solid ; width: 200px; height: 60px;"" alt=""pdf""
src=""media/ecom/onpagegraphics/Datasheet.png""></a></ul>

<p style=""font-weight: bold; font-size: 0.9em;"">Prices shown are per linear metre at 1370mm wide</p>

</body>
</html>","ASLAN_CR_62.jpg","ASLAN_CR_62.jpg, CR62-b.jpg","INVITEMS","DEFAULT-Aslan_CR62_Blackboard_Vinyl-DEFAULT-Aslan_CR62_Blackboard_Vinyl","","","0","0","0","","1","REGONLY","0","0","0","0","","","","SELECT","SELECT","0","","","","","0","0","","income-service","","","0","0","","","","","Blackboard_Whiteboard","Blackboard_Whiteboard","","","0","Lint-Free-Cloths, Aslan_Red_Devil_Squeegee, Olfa_X_Design_Heavy_Duty_Knife, Lint-Free-Gloves, Masking_Tape_25mm, Aslan-Gold-Soft-Squeegee, Olfa_Graphic_Cutter, Swann_Morton_3_Handle, Swann_Morton_10A_Blades, Aslan_Squeegee, Application_Gloves,","Lint-Free-Cloths, Aslan_Red_Devil_Squeegee, Olfa_X_Design_Heavy_Duty_Knife, Lint-Free-Gloves, Masking_Tape_25mm, Aslan-Gold-Soft-Squeegee, Olfa_Graphic_Cutter, Swann_Morton_3_Handle, Swann_Morton_10A_Blades, Aslan_Squeegee, Application_Gloves,","A","","ADHESIVE_PERMANENT","","SUITABILITY_BLACKBOARD","","","","","","","","","","","ASLAN-CR62-Blackboard-Vinyl","0","blackboard, chalkboard, chalk board, memo, memoboard, memo board, chalk, board, black board, blackboard, blackboard vinyl, chalk vinyl,  ","","","1507911318","0","","0","","CHECKBOX"
"Aslan_CR63_Clear_Chalkboard_Vinyl","ASLAN CR63 Clear Chalkboard Vinyl :: 1370mm Wide","CR63","Aslan","110","12","DEFAULT","","","","","0","The textured surface of this clear 125 micron self-adhesive film makes it ideal for use with chalk. It is hard wearing and can be wiped clean without leaving any ghosting or shadows making it perfect for use in the office, cafe or around the house.  Buy it by the metre.","<html>

<head><title>ASLAN CR63 Clear Chalkboard Vinyl</title></head>
<body>


<style>
.responsive {
  width: 50%;
  height: auto;
}
</style>


<img style=""width: 250px; height: 53px;"" alt=""Aslan Logo"" src=""media/ecom/onpagegraphics/ASLAN_Logo_New.jpg"" class=""responsive""><br><br>

<p>ASLAN CR63 Clear Chalkboard Vinyl is a self-adhesive clear chalkboard material that turns any surface into a chalkboard. This material can be applied onto plain or printable surfaces to create writeable surfaces in offices, homes and retail environments. </p>

<span style=""font-weight: bold; color: #d7328a;"">Structure:</span><br>
<ul><li>125<span>&#181;</span>m PVC</li>
<li>Water based acrylic adhesive - Permanent</li>
<li>Siliconised paper - 63g/m<sup>2</sup>
</li></ul>

<span style=""font-weight: bold; color: #d7328a;"">Suitability:</span><br>
<ul><li>Suitable for restaurants and bars, offices, home environments and retail environments</li>
<li>Ideal for regular chalk and liquid chalk pens</li>
<li>Outdoor durability of up to 2 years</li>
<li>Suitable for dry or wet application
</li></ul>

<span style=""font-weight: bold; color: #d7328a;"">Advantages:</span><br>
<ul><li>Scratch resistant surface ensures writings are wiped off easily</li>
<li>Compatible with UV printing</li>
<li>Ideal on signs and A-boards for use outside</li>
<li>Easily cleaned without leaving ghosting or shadows</li>
<li>Can be cut to any size and shape and combined with coloured or printed vinyl to create bespoke advertising and promotions
</li></ul><br>

<span style=""font-weight: bold; color: #d7328a;"">Ink Compatibility:</span><br>
<ul>
<img style=""margin: 0px 5px 0px 0px; width: 22px; height: 37px;"" alt=""UV Ink""
src=""media/ecom/onpagegraphics/Ink-UV.png"">UV</ul>

<span style=""font-weight: bold; color: #d7328a;"">Technical Information:</span><br>
<ul>
<a href=""media/ecom/pdfs/datasheets/ClearChalk_ASLAN_CR63_e.pdf ""
target=""_blank""><img style=""border: 0px solid ; width: 200px; height: 60px;"" alt=""pdf""
src=""media/ecom/onpagegraphics/Datasheet.png""></a></ul>


<p style=""font-weight: bold; font-size: 0.9em;"">Prices shown are per linear metre at 1370mm wide</p>

</body>
</html>","CR63.jpg","CR63.jpg","INVITEMS","DEFAULT-Aslan_CR63_Clear_Chalkboard_Vinyl-DEFAULT-Aslan_CR63_Clear_Chalkboard_Vinyl","","","0","0","0","","1","REGONLY","0","0","0","0","","","","SELECT","SELECT","0","","","","","0","0","","income-service","","","0","0","","","https://www.youtube.com/embed/3h5zU6YiE4o","","Blackboard_Whiteboard","Blackboard_Whiteboard","","","0","Aslan_CR62_Blackboard_Vinyl, Lint-Free-Cloths, Aslan_Red_Devil_Squeegee, Olfa_X_Design_Heavy_Duty_Knife, Lint-Free-Gloves, Masking_Tape_25mm, Aslan-Gold-Soft-Squeegee, Olfa_Graphic_Cutter, Swann_Morton_3_Handle, Swann_Morton_10A_Blades, Aslan_Squeegee, Application_Gloves,","Lint-Free-Cloths, Aslan_Red_Devil_Squeegee, Olfa_X_Design_Heavy_Duty_Knife, Lint-Free-Gloves, Masking_Tape_25mm, Aslan-Gold-Soft-Squeegee, Olfa_Graphic_Cutter, Swann_Morton_3_Handle, Swann_Morton_10A_Blades, Aslan_Squeegee, Application_Gloves,","A","","ADHESIVE_PERMANENT","","SUITABILITY_BLACKBOARD","","","","","","","","","","","ASLAN_CR63_Clear_Chalkboard_Vinyl","0","aslan, aslan cr63, cr63, clearboard, chalkboard, chalk, liquid chalk, self adhesive, clear chalkboard, aslan clearboard, ","","","1491481988","0","","0","","CHECKBOX"
"Aslan_DFL_20","ASLAN DFL20 Translucent Vinyl","DFL20","Aslan","120","8","DEFAULT","","","","","0","ASLAN DFL20 white universally printable self-adhesive vinyl with air release technology.  Perfect for creating vibrant backlit displays.













","<html>
<head><title>ASLAN DFL20</title></head>
<body>
<img style=""width: 250px; height: 53px;"" alt=""Aslan Logo""
 src=""media/ecom/onpagegraphics/ASLAN_Logo_New.jpg""><br><br>

<p>ASLAN DFL20 Dry apply printable translucent film for creating outstanding backlit displays and lightboxes.</p>

<span style=""font-weight: bold; color: #d7328a;"">Structure:</span><br>
<ul><li>90<span>&#181;</span>m Translucent polymeric PVC</li>
<li>46% Light transmittance</li>
<li>Solvent based acrylic adhesive - Semi-permanent</li>
<li>Embossed silicon liner, PE coated on both sides - 144g/m<sup>2</sup>
</li></ul>

<span style=""font-weight: bold; color: #d7328a;"">Suitability:</span><br>
<ul><li>Ideal for backlit signs, both internal and external</li>
<li>Perfect for illuminated signs and displays</li>
<li>Creates stunning light boxes</li>
<li>Easy and quick application</li>
<li>Up to 7 years durability (unprinted)</li></ul>

<span style=""font-weight: bold; color: #d7328a;"">Advantages:</span><br>
<ul><li>Highly translucent for especially brilliant colours with backlit prints</li>
<li>Materials structure ensures even, consistent illumination</li>
<li>Air release channels for exceptionally quick, easy and bubble-free dry application</li>
<li>Combination of air release channels and adhesive prevents stress whitening </li>
<li>Designed to be repositioned during application
</li></ul><br>


<span style=""font-weight: bold; color: #d7328a;"">Ink Compatibility:</span><br>
<ul>
<img style=""margin: 0px 5px 0px 0px; width: 15px; height: 25px;"" alt=""Eco-Sol Ink""
src=""media/ecom/onpagegraphics/Ink-EcoSol.png"">Eco-solvent &nbsp;&nbsp;
<img style=""margin: 0px 5px 0px 0px; width: 15px; height: 25px;"" alt=""Latex""
src=""media/ecom/onpagegraphics/Ink-Latex.png"">Latex &nbsp;&nbsp;
<img style=""margin: 0px 5px 0px 0px; width: 15px; height: 25px;"" alt=""UV Ink""
src=""media/ecom/onpagegraphics/Ink-UV.png"">UV</ul>

<span style=""font-weight: bold; color: #d7328a;"">Technical Information:</span><br>
<ul>
<a href=""media/ecom/pdfs/datasheets/LightboxPrint Dryapply_ASLAN_DFL20_e.pdf"" target=""_blank""><img
style=""border: 0px solid ; width: 200px; height: 60px;"" alt=""pdf""
src=""media/ecom/onpagegraphics/Datasheet.png""></a>
<a href=""https://www.dorotape.co.uk/Print-Profiles-User-Guide""
target=""_blank""><img style=""width: 200px; height: 60px;"" alt=""printing profile guide""
src=""media/ecom/onpagegraphics/Profile.png""></a></ul>
<p><a href=https://www.dorotape.co.uk/Article/Glass-Etch-Vinyl target=""_blank""><img style=""border: 0px solid ; width: 50px; height: 50px;"" alt=""link to our blog""
src=""media/ecom/onpagegraphics/Blog.png"">
<span style=""color:#d7328a""><b>Learn more about applying glass etch vinyl wet and dry by reading about it in our Blog</b></span></a></p>


<p style=""font-weight: bold; font-size: 1.0em;"">Prices shown are per roll</p>
</body>
</html>","ASLAN_DFL20.jpg","ASLAN_DFL20.jpg","INVITEMS","DEFAULT-Aslan_DFL_20-DEFAULT-Aslan_DFL_20","","","0","0","0","","1","REGONLY","0","0","0","0","","","","SELECT","SELECT","0","","","","","0","0","","income-service","","","0","0","","","","","Digital_Print_Backlit_Film","Digital_Print_Backlit_Film, Dry_Apply_Glass_Etch, 1440_D160T","","","0","PP_1230, ASLAN_SRL19, Blue_Max, Fusion_5, Olfa_Graphic_Cutter, Olfa_X_Design_Heavy_Duty_Knife, Lint-Free-Gloves, Masking_Tape_25mm, Aslan_Squeegee, Swann_Morton_3_Handle, Swann_Morton_10A_Blades, Float_On, IPA_100, Anti_Static_Cleaner,","Blue_Max, Fusion_5, Olfa_Graphic_Cutter, Olfa_X_Design_Heavy_Duty_Knife, Lint-Free-Gloves, Masking_Tape_25mm, Aslan_Squeegee, Swann_Morton_3_Handle, Swann_Morton_10A_Blades, Float_On, IPA_100, Anti_Static_Cleaner,","A","superuser","ADHESIVE_AIRFLOW, ADHESIVE_PERMANENT","GRADE_POLYMERIC","SUITABILITY_BACKLIT","","","","","","","","","","","ASLAN-DFL20","0","translucent, diffuser, aslan, glass, window, mirror, glass, frosted, dusted, removable, dfl20, backlit





































","","","1490010977","0","","0","","CHECKBOX"
"Aslan_DFL_200","ASLAN DFL 200 Dry Apply Printable Dusted Etch","DFL200","Aslan","100","0","DEFAULT","","","","","0","ASLAN DFL200 Dry apply printable dusted etch film for the manifestation and decoration of windows and other glass surfaces.  Designed to be repositioned during application, the small air release channels allow any air bubbles to be wiped out with ease making the application fast and easy. Dry apply only. Fire Rated to Euroclass DIN EN 13501-1:2019-05 with classification B-s1-d0.  Prices shown are per roll.














","<html>
<head><title>ASLAN DFL200</title></head>
<body>
<img style=""width: 250px; height: 53px;"" alt=""Aslan Logo""
 src=""media/ecom/onpagegraphics/ASLAN_Logo_New.jpg""><br><br>

<p>ASLAN DFL200 Dry apply printable dusted etch film for the manifestation and decoration of windows and other glass surfaces.</p>

<span style=""font-weight: bold; color: #d7328a;"">Structure:</span><br>
<ul><li>80<span>&#181;</span>m Translucent polymeric PVC</li>
<li>97% Light transmittance</li>
<li>Water based acrylic adhesive (solvent free) - Semi-permanent</li>
<li>Embossed silicon liner, PE coatedon both sides - 130g/m<sup>2</sup>
</li></ul>

<span style=""font-weight: bold; color: #d7328a;"">Suitability:</span><br>
<ul><li>Decoration and manifestation of windows and partitions</li>
<li>Perfect for use in offices, retail stores, hotels and restaurants</li>
<li>Suitable for both short and long term applications</li>
<li>Creates privacy without blocking out the light</li>
<li>Easy and quick application</li>
<li>Small air release channels allow any bubbles to be wiped out with ease making the application fast and easy</li>
<li>Up to 7 years durability (unprinted)</li></ul>

<span style=""font-weight: bold; color: #d7328a;"">Advantages:</span><br>
<ul><li>Designed to be repositioned during application</li>
<li>Easy to remove even after several years</li>
<li>High quality liner provides excellent flatness when printing</li>
<li>Dry apply only</li>
<li>Application tape can be removed immediately after application</li>
<li>Fire Rated to Euroclass DIN EN 13501-1:2018 with classification B-s1-d0
</li><br>
<img style=""border: 0px solid ; width: 50px; height: 50px; alt=""reward points logo""
src=""media/ecom/onpagegraphics/Reward_Logo.png""><span style=""font-weight: bold; color: #ef7d00;"">Earn Reward Points every time you buy this product</span></ul>

<span style=""font-weight: bold; color: #d7328a;"">Ink Compatibility:</span><br>
<ul>
<img style=""margin: 0px 5px 0px 0px; width: 15px; height: 25px;"" alt=""Eco-Sol Ink""
src=""media/ecom/onpagegraphics/Ink-EcoSol.png"">Eco-solvent &nbsp;&nbsp;
<img style=""margin: 0px 5px 0px 0px; width: 15px; height: 25px;"" alt=""Latex""
src=""media/ecom/onpagegraphics/Ink-Latex.png"">Latex &nbsp;&nbsp;
<img style=""margin: 0px 5px 0px 0px; width: 15px; height: 25px;"" alt=""UV Ink""
src=""media/ecom/onpagegraphics/Ink-UV.png"">UV</ul>

<span style=""font-weight: bold; color: #d7328a;"">Technical Information:</span><br>
<ul>
<a href=""media/ecom/pdfs/datasheets/PrintDusted_Dryapply_ASLAN_DFL200_e.pdf"" target=""_blank"">
<img style=""width: 200px; height: 60px;"" alt=""Aslan DFL200 Datasheet""
src=""media/ecom/onpagegraphics/Datasheet.png""></a>
<a href=""media/ecom/pdfs/firecertificates/Classification Report ASLAN DFL Glass Decoration Films EN 13501-1.pdf"" target=""_blank"">
<img style=""width: 200px; height: 60px;"" alt=""Aslan DFL300 Fire Resistance Certificate""
src=""media/ecom/onpagegraphics/Fire.png""></a>
<a href=""https://www.dorotape.co.uk/Print-Profiles-User-Guide""
target=""_blank""><img style=""width: 200px; height: 60px;"" alt=""printing profile guide""
src=""media/ecom/onpagegraphics/Profile.png""></a></ul>
<p><a href=https://www.dorotape.co.uk/Article/Glass-Etch-Vinyl target=""_blank""><img style=""border: 0px solid ; width: 50px; height: 50px;"" alt=""link to our blog""
src=""media/ecom/onpagegraphics/Blog.png"">
<span style=""color:#d7328a""><b>Learn more about applying glass etch vinyl wet and dry by reading about it in our Blog</b></span></a></p>


<p style=""font-weight: bold; font-size: 1.0em;"">Prices shown are per roll at 1260mm wide</p>
</body>
</html>","Aslan_DFL_200.jpg","Aslan_DFL_200.jpg","INVITEMS","DEFAULT-Aslan_DFL_200-DEFAULT-Aslan_DFL_200","","","0","0","0","","1","REGONLY","0","0","0","0","","","","SELECT","SELECT","0","","","","","0","0","","income-service","","","0","0","","","https://www.youtube.com/embed/xC4wUhTUSd8","","Dry_Apply_Glass_Etch","Digital_Print_Window_Film, Dry_Apply_Glass_Etch","","","0","Blue_Max, Fusion_5, Olfa_Graphic_Cutter, Olfa_X_Design_Heavy_Duty_Knife, Lint-Free-Gloves, Masking_Tape_25mm, Aslan_Squeegee, Swann_Morton_3_Handle, Swann_Morton_10A_Blades, Float_On, IPA_100, Anti_Static_Cleaner, Float_On","Blue_Max, Fusion_5, Olfa_Graphic_Cutter, Olfa_X_Design_Heavy_Duty_Knife, Lint-Free-Gloves, Masking_Tape_25mm, Aslan_Squeegee, Swann_Morton_3_Handle, Swann_Morton_10A_Blades, Float_On, IPA_100, Anti_Static_Cleaner, Float_On","A","superuser","ADHESIVE_AIRFLOW, ADHESIVE_REPOSITIONABLE, ADHESIVE_SEMI_PERMANENT","GRADE_POLYMERIC","SUITABILITY_WINDOW","","","","","","","","","","","ASLAN-DFL-200","0","dry apply etch, glass etch, etch glass, etched, aslan, glass, window, mirror, glass, frosted, dusted, removable, dry apply, DFL200





































","","","1720102362","0","","0","","CHECKBOX"
"Aslan_DFL_300","ASLAN DFL 300 Dry Apply Printable Etch","DFL300","Aslan","90","0","DEFAULT","","","","","0","ASLAN DFL300 Dry apply printable etch film for the manifestation and decoration of windows and other glass surfaces.  Designed to be repositioned during application, the small air release channels allow any air bubbles to be wiped out with ease making the application fast and easy. Dry apply only. Fire Rated to Euroclass DIN EN 13501-1:2019-05 with classification B-s1-d0.  Prices shown are per roll.














","<html>
<head><title>ASLAN DFL300</title></head>
<body>
<img style=""width: 250px; height: 53px;"" alt=""Aslan Logo""
 src=""media/ecom/onpagegraphics/ASLAN_Logo_New.jpg""><br><br>

<p>ASLAN DFL300 Dry apply printable etch film for the manifestation and decoration of windows and other glass surfaces.</p>

<span style=""font-weight: bold; color: #d7328a;"">Structure:</span><br>
<ul><li>80<span>&#181;</span>m Translucent polymeric PVC</li>
<li>66.5% Light transmittance</li>
<li>Water based acrylic adhesive (solvent free) - Semi-permanent</li>
<li>Embossed silicon liner, PE coated on both sides - 130g/m<sup>2</sup>
</li></ul>

<span style=""font-weight: bold; color: #d7328a;"">Suitability:</span><br>
<ul><li>Decoration and manifestation of windows and partitions</li>
<li>Perfect for use in offices, retail stores, hotels and restaurants</li>
<li>Suitable for both short and long term applications</li>
<li>Creates privacy without blocking out the light</li>
<li>Easy and quick application</li>
<li>Small air release channels allow any bubbles to be wiped out with ease making the application fast and easy</li>
<li>Up to 7 years durability (unprinted)</li></ul>

<span style=""font-weight: bold; color: #d7328a;"">Advantages:</span><br>
<ul><li>Designed to be repositioned during application</li>
<li>Easy to remove even after several years</li>
<li>High quality liner provides excellent flatness when printing</li>
<li>Dry apply only</li>
<li>Application tape can be removed immediately after application</li>
<li>Fire Rated to Euroclass DIN EN 13501-1:2018 with classification B-s1-d0
</li><br>
<img style=""border: 0px solid ; width: 50px; height: 50px; alt=""reward points logo""
src=""media/ecom/onpagegraphics/Reward_Logo.png""><span style=""font-weight: bold; color: #ef7d00;"">Earn Reward Points every time you buy this product</span></ul>

<span style=""font-weight: bold; color: #d7328a;"">Ink Compatibility:</span><br>
<ul>
<img style=""margin: 0px 5px 0px 0px; width: 15px; height: 25px;"" alt=""Eco-Sol Ink""
src=""media/ecom/onpagegraphics/Ink-EcoSol.png"">Eco-solvent &nbsp;&nbsp;
<img style=""margin: 0px 5px 0px 0px; width: 15px; height: 25px;"" alt=""Latex""
src=""media/ecom/onpagegraphics/Ink-Latex.png"">Latex &nbsp;&nbsp;
<img style=""margin: 0px 5px 0px 0px; width: 15px; height: 25px;"" alt=""UV Ink""
src=""media/ecom/onpagegraphics/Ink-UV.png"">UV</ul>

<span style=""font-weight: bold; color: #d7328a;"">Technical Information:</span><br>
<ul>
<a href=""media/ecom/pdfs/datasheets/PrintEtched_Dryapply_ASLAN_DFL300_e.pdf"" target=""_blank"">
<img style=""width: 200px; height: 60px;"" alt=""Aslan DFL300 Datasheet""
src=""media/ecom/onpagegraphics/Datasheet.png""></a>
<a href=""media/ecom/pdfs/firecertificates/Classification Report ASLAN DFL Glass Decoration Films EN 13501-1.pdf"" target=""_blank"">
<img style=""width: 200px; height: 60px;"" alt=""Aslan DFL300 Fire Resistance Certificate""
src=""media/ecom/onpagegraphics/Fire.png""></a>
<a href=""https://www.dorotape.co.uk/Print-Profiles-User-Guide""
target=""_blank""><img style=""width: 200px; height: 60px;"" alt=""printing profile guide""
src=""media/ecom/onpagegraphics/Profile.png""></a></ul>
<p><a href=https://www.dorotape.co.uk/Article/Glass-Etch-Vinyl target=""_blank""><img style=""border: 0px solid ; width: 50px; height: 50px;"" alt=""link to our blog""
src=""media/ecom/onpagegraphics/Blog.png"">
<span style=""color:#d7328a""><b>Learn more about applying glass etch vinyl wet and dry by reading about it in our Blog</b></span></a></p>


<p style=""font-weight: bold; font-size: 1.0em;"">Prices shown are per roll at 1370mm wide</p>
</body>
</html>","Aslan_DFL_300.jpg","Aslan_DFL_300.jpg","INVITEMS","DEFAULT-Aslan_DFL_300-DEFAULT-Aslan_DFL_300","","","0","0","0","","1","REGONLY","0","0","0","0","","","","SELECT","SELECT","0","","","","","0","0","","income-service","","","0","0","","","https://www.youtube.com/embed/xC4wUhTUSd8","","Dry_Apply_Glass_Etch","Digital_Print_Window_Film, Dry_Apply_Glass_Etch","","","0","Blue_Max, Fusion_5, Olfa_Graphic_Cutter, Olfa_X_Design_Heavy_Duty_Knife, Lint-Free-Gloves, Masking_Tape_25mm, Aslan_Squeegee, Swann_Morton_3_Handle, Swann_Morton_10A_Blades, Float_On, IPA_100, Anti_Static_Cleaner, Float_On","Blue_Max, Fusion_5, Olfa_Graphic_Cutter, Olfa_X_Design_Heavy_Duty_Knife, Lint-Free-Gloves, Masking_Tape_25mm, Aslan_Squeegee, Swann_Morton_3_Handle, Swann_Morton_10A_Blades, Float_On, IPA_100, Anti_Static_Cleaner, Float_On","A","superuser","ADHESIVE_AIRFLOW, ADHESIVE_REPOSITIONABLE, ADHESIVE_SEMI_PERMANENT","GRADE_POLYMERIC","SUITABILITY_WINDOW","","","","","","","","","","","ASLAN-DFL300","0","dry apply etch, glass etch, etch glass, etched, aslan, glass, window, mirror, glass, frosted, dusted, removable, dry apply, DFL300





































","","","1490010645","0","","0","","CHECKBOX"
"ASLAN_DRL19","ASLAN DRL19 White printable film made with 30% post-consumer recycled PET","DRL191370","Aslan","160","432","DEFAULT","","","","","0","ASLAN DRL19 is a white gloss printable film made of 30% post consumer recycled plastics and is part of the ASLAN LoopPet range of materials. Fire Rated to Euroclass DIN EN 13501-1:2018 with classification B-s1-d0. Price shown is for a 1370mm x 50m roll.","<html> 

<head><title>ASLAN DRL19</title>
</head>
<body>
<img style=""height: 50px; width: 236px;"" alt=""Aslan logo""
src=""media/ecom/onpagegraphics/ASLAN_Logo_New.png""><br><br>

<p>ASLAN DRL19 is a white gloss printable film made of 30% post consumer recycled plastics (rPET).  This PVC free film is environmentally friendlier than traditional vinyl and is part of the ASLAN LoopPET range of materials.</p>

<img style=""border: 0px solid ; width: 50px; height: 50px;"" alt=""fyi""
src=""media/ecom/onpagegraphics/FYI.png"">
<p style=""color: #d7328a""><i>ASLAN DRL19 is part of the ASLAN LoopPET series of materials made from post-consumer recycled polyester.<br>
This range offers a more sustainable choice with less reliance on fossil resource consumption, reduced CO<sub>2</sub> emissions,  less water requirement and an overall lower volume of waste.</i></p>

<a><img style=""margin: 5px; width: 85px; height: 85px; float: right;"" alt=""rPET material""
src=""media/ecom/onpagegraphics/rPET_Logo.png""></a>
<a><img style=""margin: 5px; width: 75px; height: 75px; float: right;"" alt=""pvc free""
src=""media/ecom/onpagegraphics/PVC_free_logo.png""></a>


<span style=""font-weight: bold; color: #d7328a;"">Structure:</span><br>
<ul><li>50<span>&#181;</span>m White gloss polyester</li>
<li>Contains 30% shredded and cleaned post-consumer recycled PET - equivalent to 50 1.5L water bottles per 50m roll</li>
<li>Special water-based adhesive ensures eco-friendly combination of film and adhesive. Semi-permanent</li>
<li>Embossed silicone paper. PE coated on both sides - 135g/m<sup>2</sup> offering Dryapply easy, bubble-free application
</li></ul>

<span style=""font-weight: bold; color: #d7328a;"">Suitability:</span><br>
<ul><li>Designed for dry application to clean, smooth and flat or 2D curved surfaces</li>
<li>Suitable for interior and exterior use</li>
<li>Up to 3 years durability (unprinted)</li>
<li>50% Post Consumer Recycled Plastic content when laminated with <a href=""https://www.dorotape.co.uk/Item/ASLAN_SRL19"" target=""_blank""><font color=""#d7328a"">ASLAN SRL19</font></a> Gloss Laminate</li></ul>

<span style=""font-weight: bold; color: #d7328a;"">Advantages:</span><br>
<ul><li>PVC Free and made from post consumer recycled polyester</li>
<li>High dimensional stability and no shrinkage</li>
<li>Printable with Latex & UV Curable Inks</li>
<li>Solvent free adhesive</li>
<li>Suitable for laser cutting</li>
<li>Fire Rated to Euroclass DIN EN 13501-1:2018 with classification B-s1-d0
</li><br>
<img style=""border: 0px solid ; width: 50px; height: 50px; alt=""reward points logo""
src=""media/ecom/onpagegraphics/Reward_Logo.png""><span style=""font-weight: bold; color: #ef7d00;"">Earn Reward Points every time you buy this product</span></ul>

<span style=""font-weight: bold; color: #d7328a;"">Ink Compatibility:</span><br>
<ul>
<img style=""margin: 0px 5px 0px 0px; width: 15px; height: 25px;"" alt=""Latex""
src=""media/ecom/onpagegraphics/Ink-Latex.png"">Latex &nbsp;&nbsp;
<img style=""margin: 0px 5px 0px 0px; width: 15px; height: 25px;"" alt=""UV Ink""
src=""media/ecom/onpagegraphics/Ink-UV.png"">UV</ul>

<span style=""font-weight: bold; color: #d7328a;"">Technical Information:</span><br>
<ul>
<a href=""media/ecom/pdfs/datasheets/LoopPet_ASLAN_DRL_19_e.pdf"" target=""_blank""><img
style=""border: 0px solid ; width: 200px; height: 60px;"" alt=""Aslan DRL19 Datasheet""
src=""media/ecom/onpagegraphics/Datasheet.png""></a>

<a href=""media/ecom/pdfs/firecertificates/Classification Report LoopPET ASLAN DRL 19 EN 13501-1.pdf""
target=""_blank""><img style=""border: 0px solid ; width: 200px; height: 60px;"" alt=""ASLAN DRL19 Fire Resistance Certificate""
src=""media/ecom/onpagegraphics/Fire.png""></a></ul>

<p style=""font-weight: bold; font-size: 0.9em;"">Prices shown are per 50 metre roll at 1370mm wide</p>
</body>

</html> ","ASLAN_DRL_19.jpg","ASLAN_DRL_19.jpg","INVITEMS","DEFAULT-ASLAN_DRL19-DEFAULT-ASLAN_DRL19","","","0","0","0","","1","REGONLY","0","0","0","0","","","","SELECT","SELECT","0","","","","","0","0","","income-service","","","0","0","FEAT1","","","","Recycled-Printable-Materials","PVC_Free_Media, Digital_Vinyl_Medium_Term, Recycled-Printable-Materials","","","0","ASLAN_SRL19, Aslan_Red_Devil_Squeegee, Olfa_X_Design_Heavy_Duty_Knife, Lint-Free-Gloves, Masking_Tape_25mm, Aslan-Gold-Soft-Squeegee, Olfa_Graphic_Cutter, Swann_Morton_3_Handle, Swann_Morton_10A_Blades, Aslan_Squeegee, Float_On","ASLAN_SRL19, Aslan_Red_Devil_Squeegee, Olfa_X_Design_Heavy_Duty_Knife, Lint-Free-Gloves, Masking_Tape_25mm, Aslan-Gold-Soft-Squeegee, Olfa_Graphic_Cutter, Swann_Morton_3_Handle, Swann_Morton_10A_Blades, Aslan_Squeegee, Float_On","A","superuser","","","","","Transparent","","","","","","","","","ASLAN-DRL19","0","environment, environmentally friendly, sustainable, sustainability, post, consumer, recycled, recycle, loop, aslan, drl19, sustainable, looppet
","","","1640003626","0","","0","","CHECKBOX"
"ASLAN_DRP07","ASLAN DRP07 UltraTack White printable film made with 30% post-consumer recycled PET","DRP071370","Aslan","160","393","DEFAULT","","","","","0","ASLAN DRP07 is a white gloss printable film made of 30% post consumer recycled plastics and with an ultra high tack adhesive. Part of the ASLAN LoopPet range of materials. Prices shown are per roll at 1370mm wide.","<html>

<head><title>ASLAN DRP07</title>
</head>
<body>
<img style=""height: 50px; width: 236px;"" alt=""Aslan logo""
src=""media/ecom/onpagegraphics/ASLAN_Logo_New.png""><br><br>

<p>ASLAN DRP07 is a white gloss printable film made of 30% post consumer recycled plastics and with an ultra high tack adhesive and is part of the ASLAN LoopPet range of materials.</p>

<img style=""border: 0px solid ; width: 50px; height: 50px;"" alt=""fyi""
src=""media/ecom/onpagegraphics/FYI.png"">
<p style=""color: #d7328a""><i>ASLAN DRP07 is part of the ASLAN LoopPET series of materials made from post-consumer recycled polyester.<br>
This range offers a more sustainable choice with less reliance on fossil resource consumption, reduced CO<sub>2</sub> emissions,  less water requirement and an overall lower volume of waste.</i></p>


<a><img style=""margin: 5px; width: 85px; height: 85px; float: right;"" alt=""rPET material""
src=""media/ecom/onpagegraphics/rPET_Logo.png""></a>
<a><img style=""margin: 5px; width: 75px; height: 75px; float: right;"" alt=""pvc free""
src=""media/ecom/onpagegraphics/PVC_free_logo.png""></a>


<span style=""font-weight: bold; color: #d7328a;"">Structure:</span><br>
<ul><li>50<span>&#181;</span>m White gloss polyester</li>
<li>Contains 30% shredded and cleaned post-consumer recycled PET - equivalent to 50 1.5L water bottles per 50m roll</li>
<li>Special water-based high-tack adhesive ensures eco-friendly combination of film and adhesive. Permanent</li>
<li>Two sided PE coated kraft paper liner - 140g/m<sup>2</sup>
</li></ul>

<span style=""font-weight: bold; color: #d7328a;"">Suitability:</span><br>
<ul><li>Designed for short to medium term applications on to low energy plastics such as PE and PP and other difficult to bond substrates like tiles, granite, marble and aluminium</li>
<li>Suitable for interior and exterior use on smooth flat surfaces</li>
<li>Up to 3 years durability (unprinted)</li>
<li>50% Post Consumer Recycled Plastic content when laminated with <a href=""https://www.dorotape.co.uk/Item/ASLAN_SRL19"" target=""_blank""><font color=""#d7328a"">ASLAN SRL19</font></a> Gloss Laminate</li></ul>

<span style=""font-weight: bold; color: #d7328a;"">Advantages:</span><br>
<ul><li>PVC Free and made from post consumer recycled polyester</li>
<li>Clean removal from low energy surfaces</li>
<li>High dimensional stability and no shrinkage</li>
<li>Printable with Latex & UV Curable Inks</li>
<li>No plasticisers, no PVC, no VOC's and solvent free adhesive</li>
<li>Can be applied at temperatures as low as 5<sup>o</sup>C</li>
<li>Ultra strong level of adhesion</li>
<li>Suitable for laser cutting
</li><br>
<img style=""border: 0px solid ; width: 50px; height: 50px; alt=""reward points logo""
src=""media/ecom/onpagegraphics/Reward_Logo.png""><span style=""font-weight: bold; color: #ef7d00;"">Earn Reward Points every time you buy this product</span></ul>

<span style=""font-weight: bold; color: #d7328a;"">Ink Compatibility:</span><br>
<ul>
<img style=""margin: 0px 5px 0px 0px; width: 15px; height: 25px;"" alt=""Latex""
src=""media/ecom/onpagegraphics/Ink-Latex.png"">Latex &nbsp;&nbsp;
<img style=""margin: 0px 5px 0px 0px; width: 15px; height: 25px;"" alt=""UV Ink""
src=""media/ecom/onpagegraphics/Ink-UV.png"">UV</ul>

<span style=""font-weight: bold; color: #d7328a;"">Technical Information:</span><br>
<ul>
<a href=""media/ecom/pdfs/datasheets/TDS_LoopPet_UltraTack_ASLAN_DRP_07_EN.pdf"" target=""_blank""><img
style=""border: 0px solid ; width: 200px; height: 60px;"" alt=""Aslan DRP07 Datasheet""
src=""media/ecom/onpagegraphics/Datasheet.png""></a></ul>

<p style=""font-weight: bold; font-size: 1.0em;"">Prices shown are per roll at 1370mm wide</p>
</body>

</html>
","ASLAN_DRP_07.jpg","ASLAN_DRP_07.jpg","INVITEMS","DEFAULT-ASLAN_DRP07-DEFAULT-ASLAN_DRP07","","","0","0","0","","1","REGONLY","0","0","0","0","","","","SELECT","SELECT","0","","","","","0","0","","income-service","","","0","0","FEAT1","","","","Recycled-Printable-Materials","PVC_Free_Media, Digital_Vinyl_Medium_Term, Recycled-Printable-Materials, High_Tack_Digital_Print_Vinyl","","","0","ASLAN_SRL19, Aslan_Red_Devil_Squeegee, Olfa_X_Design_Heavy_Duty_Knife, Lint-Free-Gloves, Masking_Tape_25mm, Aslan-Gold-Soft-Squeegee, Olfa_Graphic_Cutter, Swann_Morton_3_Handle, Swann_Morton_10A_Blades, Aslan_Squeegee, Float_On","Aslan_Red_Devil_Squeegee, Olfa_X_Design_Heavy_Duty_Knife, Lint-Free-Gloves, Masking_Tape_25mm, Aslan-Gold-Soft-Squeegee, Olfa_Graphic_Cutter, Swann_Morton_3_Handle, Swann_Morton_10A_Blades, Aslan_Squeegee, Float_On","A","superuser","","","","","Transparent","","","","","","","","","ASLAN-DRP07","0","environment, environmentally friendly, sustainable, sustainability, post, consumer, recycled, recycle, loop, aslan, drp07, drp 07, sustainable, looppet, high tack
","","","1718112451","0","","0","","CHECKBOX"
"ASLAN_DRP18","ASLAN DRP18 Transparent printable film made with 70% post-consumer recycled PET","DRP181370","Aslan","180","397","DEFAULT","","","","","0","ASLAN DRP18 is a transparent printable film (PVC Free) made of 70% post consumer recycled plastics and part of the LoopPET series of materials. Fire rated to Euroclass DIN EN 13501-1:2018 with classification B-s1-d0. Price is for a 1370mm x 50m roll.
","<html> 

<head><title>ASLAN DRP18</title>
</head>
<body>
<img style=""height: 50px; width: 236px;"" alt=""Aslan logo""
src=""media/ecom/onpagegraphics/ASLAN_Logo_New.png""><br><br>

<p>ASLAN DRP18 is a transparent printable film made of 70% post consumer recycled plastics (rPET). This PVC free film is environmentally friendlier than traditional vinyl and is part of the ASLAN LoopPET range of materials.</p>

<img style=""border: 0px solid ; width: 50px; height: 50px;"" alt=""fyi""
src=""media/ecom/onpagegraphics/FYI.png"">
<p style=""color: #d7328a""><i>ASLAN DRP18 is part of the ASLAN LoopPET series of materials made from post-consumer recycled polyester.<br>
This range offers a more sustainable choice with less reliance on fossil resource consumption, reduced CO<sub>2</sub> emissions,  less water requirement and an overall lower volume of waste.</i></p>

<a><img style=""margin: 5px; width: 85px; height: 85px; float: right;"" alt=""rPET material""
src=""media/ecom/onpagegraphics/rPET_Logo.png""></a>
<a><img style=""margin: 5px; width: 75px; height: 75px; float: right;"" alt=""pvc free""
src=""media/ecom/onpagegraphics/PVC_free_logo.png""></a>


<span style=""font-weight: bold; color: #d7328a;"">Structure:</span><br>
<ul><li>50<span>&#181;</span>m Transparent gloss polyester</li>
<li>Contains 70% shredded and cleaned post-consumer recycled PET - equivalent to 120 1.5L water bottles per 50m roll</li>
<li>Special water-based adhesive ensures eco-friendly combination of film and adhesive. Permanent</li>
<li>Silicone PET release liner - 75<span>&#181;</span>m
</li></ul>

<span style=""font-weight: bold; color: #d7328a;"">Suitability:</span><br>
<ul><li>Suitable for wet application and offering clean removability</li>
<li>Designed for interior and exterior use</li>
<li>70% Post Consumer Recycled Plastic content when laminated with <a href=""https://www.dorotape.co.uk/Item/ASLAN_SRL19"" target=""_blank""><font color=""#d7328a"">ASLAN SRL19</font></a> Gloss Laminate</li>
<li>Up to 3 years durability (unprinted)</li></ul>

<span style=""font-weight: bold; color: #d7328a;"">Advantages:</span><br>
<ul><li>PVC Free and made from post consumer recycled plastics</li>
<li>High dimensional stability and no shrinkage</li>
<li>Printable with Latex & UV Curable Inks</li>
<li>Solvent free adhesive</li>
<li>Suitable for laser cutting</li>
<li>Fire Rated to Euroclass DIN EN 13501-1:2018 with classification B-s1-d0
</li><br>
<img style=""border: 0px solid ; width: 50px; height: 50px; alt=""reward points logo""
src=""media/ecom/onpagegraphics/Reward_Logo.png""><span style=""font-weight: bold; color: #ef7d00;"">Earn Reward Points every time you buy this product</span></ul>

<span style=""font-weight: bold; color: #d7328a;"">Ink Compatibility:</span><br>
<ul><img style=""margin: 0px 5px 0px 0px; width: 15px; height: 25px;"" alt=""Latex""
src=""media/ecom/onpagegraphics/Ink-Latex.png"">Latex &nbsp;&nbsp;
<img style=""margin: 0px 5px 0px 0px; width: 15px; height: 25px;"" alt=""UV Ink""
src=""media/ecom/onpagegraphics/Ink-UV.png"">UV</ul>

<span style=""font-weight: bold; color: #d7328a;"">Technical Information:</span><ul>
<a href=""media/ecom/pdfs/datasheets/LoopPet_Clear_ASLAN_DRP_18_e.pdf"" target=""_blank""><img
style=""border: 0px solid ; width: 200px; height: 60px;"" alt=""ASLAN DRP18 Datasheet""
src=""media/ecom/onpagegraphics/Datasheet.png""></a>

<a href=""media/ecom/pdfs/firecertificates/Classification Report LoopPET Clear ASLAN DRP 18_ EN 13501-1.pdf""
target=""_blank""><img style=""border: 0px solid ; width: 200px; height: 60px;"" alt=""ASLAN DRP18 Fire Resistance Certificate""
src=""media/ecom/onpagegraphics/Fire.png""></a></ul>

<p style=""font-weight: bold; font-size: 0.9em;"">Prices shown are per 50 metre roll at 1370mm wide</p>
</body>

</html>","ASLAN_DRP18.jpg","ASLAN_DRP18.jpg","INVITEMS","DEFAULT-ASLAN_DRP18-DEFAULT-ASLAN_DRP18","","","0","0","0","","1","REGONLY","0","0","0","0","","","","SELECT","SELECT","0","","","","","0","0","","income-service","","","0","0","FEAT1","","","","Recycled-Printable-Materials","PVC_Free_Media, Digital_Vinyl_Medium_Term, Recycled-Printable-Materials","","","0","ASLAN_SRL19, Aslan_Red_Devil_Squeegee, Olfa_X_Design_Heavy_Duty_Knife, Lint-Free-Gloves, Masking_Tape_25mm, Aslan-Gold-Soft-Squeegee, Olfa_Graphic_Cutter, Swann_Morton_3_Handle, Swann_Morton_10A_Blades, Aslan_Squeegee, Float_On","Aslan_Red_Devil_Squeegee, Olfa_X_Design_Heavy_Duty_Knife, Lint-Free-Gloves, Masking_Tape_25mm, Aslan-Gold-Soft-Squeegee, Olfa_Graphic_Cutter, Swann_Morton_3_Handle, Swann_Morton_10A_Blades, Aslan_Squeegee, Float_On","A","superuser","","","","","Transparent","","","","","","","","","ASLAN-DRP18","0","environment, environmentally friendly, sustainable, sustainability, post, consumer, recycled, recycle, looppet, loop, DRP18, looppet
","","","1652185815","0","","0","","CHECKBOX"
"Aslan_E210","ASLAN E210 Milk Glass Effect :: 1260mm Width","E210","Aslan","100","12","DEFAULT","","","","","0","ASLAN E210 superb milk glass translucent etch material with a semi-permanent adhesive for creating unique visual effects onto windows, office partitions in bank, hotels, restaurants and hospitals etc. Buy it by the metre.

","<html>
<head><title>ASLAN E210 Milk Glass Effect - 1260mm Wide</title>
</head>

<style>
.responsive {
  width: 50%;
  height: auto;
}
</style>
<body>
<img style=""height: 50px; width: 236px;"" alt=""Aslan logo""
src=""media/ecom/onpagegraphics/ASLAN_Logo_New.png"" class=""responsive""><br><br>

<p>ASLAN E210 Milk Glass Effect offers a whiter, milkier effect than regular etch vinyl. It features a semi-permanent adhesive for creating unique visual effects onto windows, office partitions in bank, hotels, restaurants and hospitals etc.</p>

<span style=""font-weight: bold; color: #d7328a;"">Structure:</span>
<ul><li>80<span>&#181;</span>m Polymeric translucent PVC</li>
<li>46% Light transmittance</li>
<li>Water based  adhesive - Semi-permanent</li>
<li>Premium quality siliconized backing liner - 140g/m<sup>2</sup>
</li></ul>

<span style=""font-weight: bold; color: #d7328a;"">Suitability:</span>
<ul><li>The water based acrylic adhesive makes this range perfect for wet applying to glass, acrylic and mirrors</li>
<li>Turn an ordinary glass window into high quality corporate identity or trendy graphics with a strikingly modern look</li>
<li>Create sandblasted or frosted appearance on windows and office partitions</li>
<li>Reduces glare and creates a more elegant, modern aesthetic
</li></ul>

<span style=""font-weight: bold; color: #d7328a;"">Advantages:</span>
<ul><li>Up to 7 years outdoor durability</li>
<li>Polymeric grade film and is easy to cad-cut and weed for a professional long lasting finish</li>
<li>46% Light transmittance</li>
<li>Resistant to most petroleum based oils, greases, mild acids and salts
</li></ul>
<span style=""font-weight: bold; color: #d7328a;"">Technical Information:</span> <ul>
<p><a href=""media/ecom/pdfs/datasheets/ASLAN_E210.pdf"" target=""_blank""><img
style=""border: 0px solid ; width: 200px; height: 60px;"" alt=""pdf""
src=""media/ecom/onpagegraphics/Datasheet.png""></a></ul>

<a href=https://www.dorotape.co.uk/Article/Glass-Etch-Vinyl target=""_blank""><img style=""border: 0px solid ; width: 50px; height: 50px;"" alt=""link to our blog""
src=""media/ecom/onpagegraphics/Blog.png"">
<span style=""color:#d7328a""><b>Learn more about applying glass etch vinyl wet and dry by reading about it in our Blog</b></span></a></p>

<p style=""font-weight: bold; font-size: 0.9em;"">Prices shown are per linear metre at 1260mm wide</p>

</body>
</html>","EL210.jpg","EL210.jpg","INVITEMS","DEFAULT-Aslan_E210-DEFAULT-Aslan_E210","","","0","0","0","","1","REGONLY","0","0","0","0","","","","SELECT","SELECT","0","","","","","0","0","","income-service","","","0","0","","","","","Dusted_Glass_Etch","Dusted_Glass_Etch, Dry_Apply_Glass_Etch","","","0","Blue_Max, Fusion_5, Olfa_Graphic_Cutter, Olfa_X_Design_Heavy_Duty_Knife, Lint-Free-Gloves, Masking_Tape_25mm, Aslan_Squeegee, Swann_Morton_3_Handle, Swann_Morton_10A_Blades, Float_On, IPA_100, Anti_Static_Cleaner,","Blue_Max, Fusion_5, Olfa_Graphic_Cutter, Olfa_X_Design_Heavy_Duty_Knife, Lint-Free-Gloves, Masking_Tape_25mm, Aslan_Squeegee, Swann_Morton_3_Handle, Swann_Morton_10A_Blades, Float_On, IPA_100, Anti_Static_Cleaner,","A","","","","","","","","","","","","","","","ASLAN-E210-Dusted","0","glass etch, etch glass, etched glass, frosted glass, frosted vinyl, frosted film, etch glass vinyl, etch glass film,

","","","1506702046","0","","0","","CHECKBOX"
"Aslan_EBL300_1370","ASLAN EBL 300 Dry Apply Writable Glass Etch :: 1370mm Width","EBL300","Aslan","75","22","DEFAULT","","","","","0","ASLAN EBL300 is a re-writable self-adhesive glass decoration film that transforms any glass surface into a whiteboard. It can be written on using conventional whiteboard markers and dry-wiped with a microfibre cloth. The sophisticated etched glass look of the film creates a unique 2-in-1 effect and thanks to ASLAN Dryapply technology, the film can be dry-applied easily without any bubbles. Create presentation areas in office spaces by turning just about any transparent surface into a whiteboard! Dry apply only. Buy it by the metre.
","<html>
<head><title>ASLAN EBL 300</title>
</head>
<body>
<img style=""height: 50px; width: 236px;"" alt=""Aslan logo""
src=""media/ecom/onpagegraphics/ASLAN_Logo_New.png""><br><br>
<p>ASLAN EBL300 is a re-writable self-adhesive glass decoration film that transforms any glass surface into a whiteboard.</p>
<p>It can be written on using conventional whiteboard markers and dry-wiped with a microfibre cloth.</p>
<p>The sophisticated etched glass look of the film creates a unique 2-in-1 effect and thanks to ASLAN Dryapply technology, the film can be dry-applied easily without any bubbles.</p>

<span style=""font-weight: bold; color: #d7328a;"">Structure:</span><br>
<ul><li>80<span>&#181;m</span> PVC</li>
<li>Water based acrylic adhesive system. Semi-permanent</li>
<li>Embossed silicone paper, PE coated on both sides - 130gm<sup>2</sup></li></ul>

<span style=""font-weight: bold; color: #d7328a;"">Suitability:</span><br>
<ul><li>Create presentation areas in office spaces by turning just about any transparent surface into a whiteboard</li>
<li>Compatible with most whiteboard markers</li>
<li>Suitable for indoor use</li>
<li>Dry Apply only</li>
<li>Use smooth cloths to clean</li>
<li>Accidental markings with permanent markers can be removed using alcohol or benzene
</li></ul>

<span style=""font-weight: bold; color: #d7328a;"">Advantages:</span><br>
<ul><li>Easy to erase dry wipe markings</li>
<li>Doesn't leave any ghosting or smudging</li>
<li>Resistant to dirt</li>
<li>Easy to clean</li>
<li>Fire Rated to Euroclass DIN EN 13501-1:2018 with classification B-s1-d1
</li></ul>

<a ><img style=""border: 0px solid ; width: 50px; height: 50px;"" alt=""fyi""
src=""media/ecom/onpagegraphics/FYI.png""></a><p style=""color: #d7328a""><i>Due to the nature of the special surface coating, we recommend that any dry wipe markings are erased using a micro fibre cloth.</i></p>

<span style=""font-weight: bold; color: #d7328a;"">Technical Information:</span><br>
<ul>
<a href=""media/ecom/pdfs/datasheets/ASLAN_EBL300.pdf"" target=""_blank""><img
style=""border: 0px solid ; width: 200px; height: 60px;"" alt=""pdf""
src=""media/ecom/onpagegraphics/Datasheet.png""></a>
<a href=""media/ecom/pdfs/firecertificates/EtchedBoard Dryapply ASLAN EBL 300.pdf"" target=""_blank""><img
style=""border: 0px solid ; width: 200px; height: 60px;"" alt=""pdf""
src=""media/ecom/onpagegraphics/Fire.png""></a>
<a href=""media/ecom/pdfs/applicationguidelines/ASLAN_Memoboards_UseCleaning_EN.pdf"" target=""_blank""><img
style=""border: 0px solid ; width: 200px; height: 60px;"" alt=""ASLAN Memoboards UseCleaning EN""
src=""media/ecom/onpagegraphics/Hand.png""></a></ul>

<p><a href=https://www.dorotape.co.uk/Article/Glass-Etch-Vinyl target=""_blank""><img style=""border: 0px solid ; width: 50px; height: 50px;"" alt=""link to our blog""
src=""media/ecom/onpagegraphics/Blog.png"">
<span style=""color:#d7328a""><b>Learn more about applying glass etch vinyl wet and dry by reading about it in our Blog</b></span></a></p>


<p style=""font-weight: bold; font-size: 0.9em;"">Prices shown are per linear metre at 1370mm wide</p>
</body>
</html>","ASLAN_EBL_300.jpg","ASLAN_EBL_300.jpg","INVITEMS","DEFAULT-Aslan_EBL300_1370-DEFAULT-Aslan_EBL300_1370","","","0","0","0","","1","REGONLY","0","0","0","0","","","","SELECT","SELECT","0","","","","","0","0","","income-service","","","0","0","","","","","Dry_Apply_Glass_Etch","Dry_Apply_Glass_Etch, Blackboard_Whiteboard","","","0","DGE56D0610, FCE57_0610, Blue_Max, Fusion_5, Olfa_Graphic_Cutter, Olfa_X_Design_Heavy_Duty_Knife, Lint-Free-Gloves, Masking_Tape_25mm, Aslan_Squeegee, Swann_Morton_3_Handle, Swann_Morton_10A_Blades, IPA_100, Anti_Static_Cleaner,","Blue_Max, Fusion_5, Olfa_Graphic_Cutter, Olfa_X_Design_Heavy_Duty_Knife, Lint-Free-Gloves, Masking_Tape_25mm, Aslan_Squeegee, Swann_Morton_3_Handle, Swann_Morton_10A_Blades, IPA_100, Anti_Static_Cleaner,","A","","","","","","","","","","","","","","","ASLAN-EBL300","0","dry apply glass etch, glass etch, etched glass, dry, aslan

","","","1518715902","0","","0","","CHECKBOX"
"Aslan_EL300_1260","ASLAN EL300 Dry Apply Glass Etch :: 1260mm Width","EL300","Aslan","20","11","DEFAULT","","","","","0","ASLAN EL300 Dry Apply Etch film perfect for the decoration and manifestation of windows and other glass surfaces.  Designed to be repositioned during application but with a high final adhesive strength. Dry apply only. Fire Rated to Euroclass DIN EN 13501-1:2019-05 with classification B-s1-d0.  Buy it by the metre.

","<html>
<head><title>ASLAN EL300</title></head>
<body>
<img style=""width: 250px; height: 53px;"" alt=""Aslan Logo""
 src=""media/ecom/onpagegraphics/ASLAN_Logo_New.jpg""><br><br>

<p>ASLAN EL300 Dry apply etch film for the manifestation and decoration of windows and other glass surfaces.</p>

<span style=""font-weight: bold; color: #d7328a;"">Structure:</span><br>
<ul><li>80<span>&#181;</span>m Translucent polymeric PVC</li>
<li>66.5% Light transmittance</li>
<li>Water based acrylic adhesive (solvent free) - Semi-permanent</li>
<li>Embossed silicon liner, PE coated on both sides - 130g/m<sup>2</sup>
</li></ul>

<span style=""font-weight: bold; color: #d7328a;"">Suitability:</span><br>
<ul><li>Decoration and manifestation of windows and partitions</li>
<li>Perfect for use in offices, retail stores, hotels and restaurants</li>
<li>Suitable for both short and long term applications</li>
<li>Creates privacy without blocking out the light</li>
<li>Easy and quick application</li>
<li>Small air release channels allow any bubbles to be wiped out with ease making the application fast and easy</li>
<li>Up to 7 years durability </li></ul>

<span style=""font-weight: bold; color: #d7328a;"">Advantages:</span><br>
<ul><li>Designed to be repositioned during application</li>
<li>Easy to remove even after several years</li>
<li>High quality liner provides excellent flatness when printing</li>
<li>Dry apply only</li>
<li>Application tape can be removed immediately after application</li>
<li>Fire Rated to Euroclass DIN EN 13501-1:2019-05 with classification B-s1-d0
</li></ul><br>

<span style=""font-weight: bold; color: #d7328a;"">Technical Information:</span><br>
<ul>
<a href=""media/ecom/pdfs/datasheets/Etched_Dryapply_ASLAN_EL300.pdf"" target=""_blank""><img
style=""border: 0px solid ; width: 200px; height: 60px;"" alt=""ASLAN EL300 Datasheet""
src=""media/ecom/onpagegraphics/Datasheet.png""></a>
<a href=""media/ecom/pdfs/firecertificates/Classification Report ASLAN EL Glass Decoration Films EN 13501-1.pdf"" target=""_blank"">
<img style=""width: 200px; height: 60px;"" alt=""ASLAN EL300 Fire Certificate""
src=""media/ecom/onpagegraphics/Fire.png""></a></ul>

<p><a href=https://www.dorotape.co.uk/Article/Glass-Etch-Vinyl target=""_blank""><img style=""border: 0px solid ; width: 50px; height: 50px;"" alt=""link to our blog""
src=""media/ecom/onpagegraphics/Blog.png"">
<span style=""color:#d7328a""><b>Learn more about applying glass etch vinyl wet and dry by reading about it in our Blog</b></span></a></p>

<p style=""font-weight: bold; font-size: 0.9em;"">Prices shown are per linear metre at 1260mm wide</p>

</body>

</html>","ASLAN_EL300.jpg","ASLAN_EL300.jpg","INVITEMS","DEFAULT-Aslan_EL300_1260-DEFAULT-Aslan_EL300_1260","","","0","0","0","","1","REGONLY","0","0","0","0","","","","SELECT","SELECT","0","","","","","0","0","","income-service","","","0","0","","","https://www.youtube.com/embed/m18CYPe3oNA","","Dry_Apply_Glass_Etch","Dry_Apply_Glass_Etch","","","0","Aslan_EL300_1520, Aslan_EL300_630, Blue_Max, Fusion_5, Olfa_Graphic_Cutter, Olfa_X_Design_Heavy_Duty_Knife, Lint-Free-Gloves, Masking_Tape_25mm, Aslan_Squeegee, Swann_Morton_3_Handle, Swann_Morton_10A_Blades, IPA_100, Anti_Static_Cleaner,","Blue_Max, Fusion_5, Olfa_Graphic_Cutter, Olfa_X_Design_Heavy_Duty_Knife, Lint-Free-Gloves, Masking_Tape_25mm, Aslan_Squeegee, Swann_Morton_3_Handle, Swann_Morton_10A_Blades, IPA_100, Anti_Static_Cleaner,","A","","","","","","","","","","","","","","","ASLAN-EL300-Dry-Apply-Etch-1260mm","0","dry apply glass etch, glass etch, etched glass, dry, aslan, el300, el302, dry apply, bubble free, air escape, frosted, etch

","ASLAN EL300 Dry Apply Glass Etch","This new generation of adhesives allows air to escape easily during application. No need for wet application (in fact not recommended) this new material will significantly speed up the application process as well as being cleaner and you get a bubble free finish.","1491482380","0","","0","","CHECKBOX"
"Aslan_EL300_1520","ASLAN EL300 Dry Apply Glass Etch :: 1520mm Width","EL300","Aslan","30","14","DEFAULT","","","","","0","ASLAN EL300 Dry Apply Etch film perfect for the decoration and manifestation of windows and other glass surfaces.  Designed to be repositioned during application but with a high final adhesive strength. Dry apply only. Fire Rated to Euroclass DIN EN 13501-1:2019-05 with classification B-s1-d0.  Buy it by the metre.

","<html>
<head><title>ASLAN EL300</title></head>
<body>
<img style=""width: 250px; height: 53px;"" alt=""Aslan Logo""
 src=""media/ecom/onpagegraphics/ASLAN_Logo_New.jpg""><br><br>

<p>ASLAN EL300 Dry apply etch film for the manifestation and decoration of windows and other glass surfaces.</p>

<span style=""font-weight: bold; color: #d7328a;"">Structure:</span><br>
<ul><li>80<span>&#181;</span>m Translucent polymeric PVC</li>
<li>66.5% Light transmittance</li>
<li>Water based acrylic adhesive (solvent free) - Semi-permanent</li>
<li>Embossed silicon liner, PE coated on both sides - 130g/m<sup>2</sup>
</li></ul>

<span style=""font-weight: bold; color: #d7328a;"">Suitability:</span><br>
<ul><li>Decoration and manifestation of windows and partitions</li>
<li>Perfect for use in offices, retail stores, hotels and restaurants</li>
<li>Suitable for both short and long term applications</li>
<li>Creates privacy without blocking out the light</li>
<li>Easy and quick application</li>
<li>Small air release channels allow any bubbles to be wiped out with ease making the application fast and easy</li>
<li>Up to 7 years durability </li></ul>

<span style=""font-weight: bold; color: #d7328a;"">Advantages:</span><br>
<ul><li>Designed to be repositioned during application</li>
<li>Easy to remove even after several years</li>
<li>High quality liner provides excellent flatness when printing</li>
<li>Dry apply only</li>
<li>Application tape can be removed immediately after application</li>
<li>Fire Rated to Euroclass DIN EN 13501-1:2019-05 with classification B-s1-d0
</li></ul><br>

<span style=""font-weight: bold; color: #d7328a;"">Technical Information:</span><br>
<ul>
<a href=""media/ecom/pdfs/datasheets/Etched_Dryapply_ASLAN_EL300.pdf"" target=""_blank""><img
style=""border: 0px solid ; width: 200px; height: 60px;"" alt=""ASLAN EL300 Datasheet""
src=""media/ecom/onpagegraphics/Datasheet.png""></a>
<a href=""media/ecom/pdfs/firecertificates/Classification Report ASLAN EL Glass Decoration Films EN 13501-1.pdf"" target=""_blank"">
<img style=""width: 200px; height: 60px;"" alt=""ASLAN EL300 Fire Certificate""
src=""media/ecom/onpagegraphics/Fire.png""></a></ul>

<p><a href=https://www.dorotape.co.uk/Article/Glass-Etch-Vinyl target=""_blank""><img style=""border: 0px solid ; width: 50px; height: 50px;"" alt=""link to our blog""
src=""media/ecom/onpagegraphics/Blog.png"">
<span style=""color:#d7328a""><b>Learn more about applying glass etch vinyl wet and dry by reading about it in our Blog</b></span></a></p>

<p style=""font-weight: bold; font-size: 0.9em;"">Prices shown are per linear metre at 1520mm wide</p>

</body>

</html>
","ASLAN_EL300.jpg","ASLAN_EL300.jpg","INVITEMS","DEFAULT-Aslan_EL300_1520-DEFAULT-Aslan_EL300_1520","","","0","0","0","","1","REGONLY","0","0","0","0","","","","SELECT","SELECT","0","","","","","0","0","","income-service","","","0","0","","","https://www.youtube.com/embed/m18CYPe3oNA","","Dry_Apply_Glass_Etch","Dry_Apply_Glass_Etch","","","0","DGE56D0610, FCE57_0610, Aslan_EL300_1260, Aslan_EL300_630, Blue_Max, Fusion_5, Olfa_Graphic_Cutter, Olfa_X_Design_Heavy_Duty_Knife, Lint-Free-Gloves, Masking_Tape_25mm, Aslan_Squeegee, Swann_Morton_3_Handle, Swann_Morton_10A_Blades, IPA_100, Anti_Static_Cleaner,","Blue_Max, Fusion_5, Olfa_Graphic_Cutter, Olfa_X_Design_Heavy_Duty_Knife, Lint-Free-Gloves, Masking_Tape_25mm, Aslan_Squeegee, Swann_Morton_3_Handle, Swann_Morton_10A_Blades, IPA_100, Anti_Static_Cleaner,","A","","","","","","","","","","","","","","","ASLAN-EL300-Dry-Apply-Etch-1520mm","0","dry apply glass etch, glass etch, etched glass, dry, aslan, el300, el302, dry apply, bubble free, air escape, frosted, etch

","ASLAN EL300 Dry Apply Glass Etch","This new generation of adhesives allows air to escape easily during application. No need for wet application (in fact not recommended) this new material will significantly speed up the application process as well as being cleaner and you get a bubble free finish.","1491482587","0","","0","","CHECKBOX"
"Aslan_EL300_630","ASLAN EL300 Dry Apply Glass Etch :: 630mm Width","EL300","Aslan","15","5","DEFAULT","","","","","0","ASLAN EL300 Dry Apply Etch film perfect for the decoration and manifestation of windows and other glass surfaces.  Designed to be repositioned during application but with a high final adhesive strength. Dry apply only. Fire Rated to Euroclass DIN EN 13501-1:2019-05 with classification B-s1-d0.  Buy it by the metre.
","<html>
<head><title>ASLAN EL300</title></head>
<body>
<img style=""width: 250px; height: 53px;"" alt=""Aslan Logo""
 src=""media/ecom/onpagegraphics/ASLAN_Logo_New.jpg""><br><br>

<p>ASLAN EL300 Dry apply etch film for the manifestation and decoration of windows and other glass surfaces.</p>

<span style=""font-weight: bold; color: #d7328a;"">Structure:</span><br>
<ul><li>80<span>&#181;</span>m Translucent polymeric PVC</li>
<li>66.5% Light transmittance</li>
<li>Water based acrylic adhesive (solvent free) - Semi-permanent</li>
<li>Embossed silicon liner, PE coated on both sides - 130g/m<sup>2</sup>
</li></ul>

<span style=""font-weight: bold; color: #d7328a;"">Suitability:</span><br>
<ul><li>Decoration and manifestation of windows and partitions</li>
<li>Perfect for use in offices, retail stores, hotels and restaurants</li>
<li>Suitable for both short and long term applications</li>
<li>Creates privacy without blocking out the light</li>
<li>Easy and quick application</li>
<li>Small air release channels allow any bubbles to be wiped out with ease making the application fast and easy</li>
<li>Up to 7 years durability </li></ul>

<span style=""font-weight: bold; color: #d7328a;"">Advantages:</span><br>
<ul><li>Designed to be repositioned during application</li>
<li>Easy to remove even after several years</li>
<li>High quality liner provides excellent flatness when printing</li>
<li>Dry apply only</li>
<li>Application tape can be removed immediately after application</li>
<li>Fire Rated to Euroclass DIN EN 13501-1:2019-05 with classification B-s1-d0
</li></ul><br>

<span style=""font-weight: bold; color: #d7328a;"">Technical Information:</span><br>
<ul>
<a href=""media/ecom/pdfs/datasheets/Etched_Dryapply_ASLAN_EL300.pdf"" target=""_blank""><img
style=""border: 0px solid ; width: 200px; height: 60px;"" alt=""ASLAN EL300 Datasheet""
src=""media/ecom/onpagegraphics/Datasheet.png""></a>
<a href=""media/ecom/pdfs/firecertificates/Classification Report ASLAN EL Glass Decoration Films EN 13501-1.pdf"" target=""_blank"">
<img style=""width: 200px; height: 60px;"" alt=""ASLAN EL300 Fire Certificate""
src=""media/ecom/onpagegraphics/Fire.png""></a></ul>

<p><a href=https://www.dorotape.co.uk/Article/Glass-Etch-Vinyl target=""_blank""><img style=""border: 0px solid ; width: 50px; height: 50px;"" alt=""link to our blog""
src=""media/ecom/onpagegraphics/Blog.png"">
<span style=""color:#d7328a""><b>Learn more about applying glass etch vinyl wet and dry by reading about it in our Blog</b></span></a></p>

<p style=""font-weight: bold; font-size: 0.9em;"">Prices shown are per linear metre at 630mm wide</p>

</body>

</html>","ASLAN_EL300.jpg","ASLAN_EL300.jpg","INVITEMS","DEFAULT-Aslan_EL300_630-DEFAULT-Aslan_EL300_630","","","0","0","0","","1","REGONLY","0","0","0","0","","","","SELECT","SELECT","0","","","","","0","0","","income-service","","","0","0","","","https://www.youtube.com/embed/m18CYPe3oNA","","Dry_Apply_Glass_Etch","Dry_Apply_Glass_Etch","","","0","DGE56D0610, FCE57_0610, Aslan_EL300_1260, Aslan_EL300_1520, Blue_Max, Fusion_5, Olfa_Graphic_Cutter, Olfa_X_Design_Heavy_Duty_Knife, Lint-Free-Gloves, Masking_Tape_25mm, Aslan_Squeegee, Swann_Morton_3_Handle, Swann_Morton_10A_Blades, IPA_100, Anti_Static_Cleaner,","Blue_Max, Fusion_5, Olfa_Graphic_Cutter, Olfa_X_Design_Heavy_Duty_Knife, Lint-Free-Gloves, Masking_Tape_25mm, Aslan_Squeegee, Swann_Morton_3_Handle, Swann_Morton_10A_Blades, IPA_100, Anti_Static_Cleaner,","A","","","","","","","","","","","","","","","ASLAN-EL300-Dry-Apply-Etch-630mm","0","dry apply glass etch, glass etch, etched glass, dry, aslan, el300, el302, dry apply, bubble free, air escape, frosted, etch

","ASLAN EL300 Dry Apply Glass Etch","This new generation of adhesives allows air to escape easily during application. No need for wet application (in fact not recommended) this new material will significantly speed up the application process as well as being cleaner and you get a bubble free finish.","1491482623","0","","0","","CHECKBOX"
"Aslan_Felt_Squeegee","ASLAN Felt Squeegee","ASL200","Aslan","35","5","DEFAULT","","","","","0","Apply self-adhesive films quickly and easily with this squeegee made from synthetic felt. Suitable for wet application as the felt does not soak up water.","<html>

<title><head>ASLAN Felt Squeegee</title></head>

<body>

<p>Apply self-adhesive films quickly and easily with this squeegee made from synthetic felt.</p>

<p>Suitable for wet application as the felt does not soak up water</p>

<p>Dimensions: 200mm x W: 100mm x H: 10mm </p>
</body>

</html>
","FR20.jpg","FR20.jpg","INVITEMS","DEFAULT-Aslan_Felt_Squeegee-DEFAULT-Aslan_Felt_Squeegee","","","0","0","0","","1","REGONLY","0","0","0","0","","","","SELECT","SELECT","0","","","","","0","0","","income-service","","","0","0","","","","","Application_Tools","Application_Tools","","","0","","","A","","","","","","","","","","","","","","","","0","aslan,squeegee,oversize,large,","","","1714647545","0","","0","","CHECKBOX"
"Aslan_Red_Devil_Squeegee","ASLAN White Universal Squeegee with Felt Edge","ASLFELT","Aslan","10","3","DEFAULT","","","","","0","Everyones favourite! The classic ASLAN white universal squeegee with a felt edge.","<html>

<title><head>ASLAN White Universal Squeegee with Felt Edge</title></head>

<body>
<p>The classic ASLAN white universal squeegee with a felt edge.</p>
<p>Our most popular signmaking squeegee.</p>
<p>Versatile dual function</p>
<p>One sided felt edge and one sided soft plastic</p>
<p>Size: 100mm x 75mm</p>
<p>Everyones favourite!</p>

</body>

</html>","Aslan_White_Universal_Squeegee.png","Aslan_White_Universal_Squeegee.png","INVITEMS","DEFAULT-Aslan_Red_Devil_Squeegee-DEFAULT-Aslan_Red_Devil_Squeegee","","","0","0","0","","1","REGONLY","0","0","0","0","","","","SELECT","SELECT","0","","","","","0","0","","income-service","","","0","0","","","","","Application_Tools","Application_Tools","","","0","PLASQBLUE, PLASQGOLD, FELTSQ, ASLANSQ, APPROLL","","A","","","","","","","","","","","","","","","ASLAN-Universal-Squeegee_Felt-Edge","0","aslan, krf1, squeegee, white, universal, felt, edge","","","1519669864","0","","0","","CHECKBOX"
"Aslan_RP35_Rear_Projection_Film","ASLAN RP35 Rear Projection Film: 1350mm Wide","RP35","Aslan","80","32","DEFAULT","","","","","0","ASLAN RP35 Rear Projection Film is a self-adhesive film for glass surfaces to turn any window into a moving advertisement.  Perfect for shop windows, car dealerships, estate agents and travel agencies etc.  Buy it by the metre.","<html>

<head><title>ASLAN RP35 Rear Projection Film</title></head>
<style>
.responsive {
  width: 50%;
  height: auto;
}
</style>


<body>
<img style=""width: 250px; height: 53px;"" alt=""Aslan Logo"" src=""media/ecom/onpagegraphics/ASLAN_Logo_New.jpg"" class=""responsive""><br><br>



<p>ASLAN RP35 Rear Projection Film is a translucent self adhesive PVC film for turning any glass surface into a projection screen. This material can be used for all customary projectors such as mobile projectors, short distance projectors, full HD projectors and interactive projectors.</p>

<span style=""font-weight: bold; color: #d7328a;"">Structure:</span><br>
<ul><li>90<span>&#181;m</span> PVC</li>
<li>Water based acrylic adhesive. Semi-permanent</li>
<li>Siliconised paper - 63g/m<sup>2</sup>
</li></ul>

<span style=""font-weight: bold; color: #d7328a;"">Suitability:</span><br>
<ul><li>Designed for use on any glass surface</li>
<li>Ideal for projecting movies, presentations, or images</li>
<li>Supports interactive projections (requires a projector with interactive functionality)</li>
<li>Outdoor durability of 7 years</li>
<li>Suitable for dry or wet application
</li></ul>

<span style=""font-weight: bold; color: #d7328a;"">Advantages:</span><br>
<ul><li>Compatible with all types of projectors, including mobile, HD, short-throw, and interactive models</li>
<li>Long term durability of 7 years outdoors</li>
<li>Can be customized to any size or shape and paired with coloured or printed vinyl for unique advertising and promotional designs</li>
<li>Delivers excellent visibility from the outside, even in bright sunlight
</li></ul><br>

<a ><img style=""border: 0px solid ; width: 50px; height: 50px;"" alt=""fyi""
src=""media/ecom/onpagegraphics/FYI.png""></a><ul><p style=""color:rgb(244,7,138)""><i>The quality of the projected image depends on the lumen value of the projector and we recommend a minimum 5,000 ANSI lumens in daylight.  As with all projected images, the surrounding light conditions can also have an effect on the viewing display and direct sunlight onto the projection surface must be avoided.<br>It is also essential that the projector can play in mirror image mode.</ul></i></p>

<span style=""font-weight: bold; color: #d7328a;"">Technical Information:</span><br>
<ul>
<a href=""media/ecom/pdfs/datasheets/RearProjection_ASLAN_RP 35_e.pdf""
target=""_blank""><img
style=""border: 0px solid ; width: 200px; height: 60px;"" alt=""pdf""
src=""media/ecom/onpagegraphics/Datasheet.png""></a>
<a href=""media/ecom/pdfs/datasheets/ASLAN_RP35.pdf""
target=""_blank""></a></ul>

<p style=""font-weight: bold; font-size: 0.9em;"">Prices shown are per linear metre at 1350mm wide</p>

</body>

</html>","ASLAN_RP35.jpg","ASLAN_RP35.jpg","INVITEMS","DEFAULT-Aslan_RP35_Rear_Projection_Film-DEFAULT-Aslan_RP35_Rear_Projection_Film","","","0","0","0","","1","REGONLY","0","0","0","0","","","","SELECT","SELECT","0","","","","","0","0","","income-service","","","0","0","","","https://www.youtube.com/embed/RdT8c42QEGY","","Blackboard_Whiteboard","Blackboard_Whiteboard","","","0","Blue_Max, Fusion_5, Olfa_Graphic_Cutter, Olfa_X_Design_Heavy_Duty_Knife, Lint-Free-Gloves, Masking_Tape_25mm, Aslan_Squeegee, Swann_Morton_3_Handle, Swann_Morton_10A_Blades, Float_On, IPA_100, Anti_Static_Cleaner,","Blue_Max, Fusion_5, Olfa_Graphic_Cutter, Olfa_X_Design_Heavy_Duty_Knife, Lint-Free-Gloves, Masking_Tape_25mm, Aslan_Squeegee, Swann_Morton_3_Handle, Swann_Morton_10A_Blades, Float_On, IPA_100, Anti_Static_Cleaner,","A","","","","","","","","","","","","","","","ASLAN_RP35_Rear_Projection_Film","0","glass movie, glass, movie, projection, rear projection, aslan, rp35,

","","","1492017104","0","","0","","CHECKBOX"
"Aslan_RP36_Rear_Projection_Film","ASLAN RP36 Rear Projection Film: 1200mm Wide","RP36","Aslan","80","57","DEFAULT","","","","","0","ASLAN RP36 is a self-adhesive rear projection film that turns any window or other glass or acrylic surface into a moving advertisement. There is no shadowing and the wide viewing angle of +/- 85° makes the ASLAN RP36 perfect for displaying commercials or even sports events in situations such as shop or restaurant windows, car dealerships, glass panels in shopping centres, at exhibitions and trade fairs or in office environments.  Buy it by the metre.","<html>

<head><title>ASLAN RP36 Rear Projection Film</title></head>
<style>
.responsive {
  width: 50%;
  height: auto;
}
</style>


<body>
<img style=""width: 250px; height: 53px;"" alt=""Aslan Logo"" src=""media/ecom/onpagegraphics/ASLAN_Logo_New.jpg"" class=""responsive""><br><br>



<p>ASLAN RP36 is a self-adhesive transparent rear projection film that turns any window or other glass or acrylic surface into a moving advertisement. This material can be used for all customary projectors such as mobile projectors, short distance projectors, full HD projectors and interactive projectors.</p>

<span style=""font-weight: bold; color: #d7328a;"">Structure:</span><br>
<ul><li>50<span>&#181;m</span> Polyester (with special coating)</li>
<li>Water based acrylic adhesive - Permanent)</li>
<li>Siliconised polyester backing liner - 75<span>&#181;m</span></li></ul>

<span style=""font-weight: bold; color: #d7328a;"">Suitability:</span><br>
<ul><li>Suitable for any glass surface)</li>
<li>Ideal for projecting movies, presentations, or images)</li>
<li>Compatible for interactive projections (projector with interactive function required) )</li>
<li>Outdoor durability of 5 years)</li>
<li>Suitable for dry or wet application
</li></ul>

<span style=""font-weight: bold; color: #d7328a;"">Advantages:</span><br>
<ul><li>High level of transparency, so barely noticeable on glass)</li>
<li>Compatible with all types of projectors, including mobile, HD, short-throw, and interactive models)</li>
<a><img style=""margin: 5px; width: 75px; height: 75px; float: right;"" alt=""pvc free""
src=""media/ecom/onpagegraphics/PVC_free_logo.png""></a>
<li>Brilliant reproduction quality for high quality displays)</li>
<li>Long term durability of 5 years outdoors)</li>
<li>Projected images have a brilliant colour reproduction making the multimedia displays simply come alive)</li>
<li>Can be cut to any size and shape and combined with coloured or printed vinyl to create bespoke advertising and promotions)</li>
<li>Offers brilliant visibility from outside even in bright sunlight
</li></ul><br>

<a ><img style=""border: 0px solid ; width: 50px; height: 50px;"" alt=""fyi"" src=""media/ecom/onpagegraphics/FYI.png""></a><ul><p style=""color:rgb(244,7,138)""><i>The quality of the projected image depends on the lumen value of the projector and we recommend a minimum 5,000 ANSI lumens in daylight.  As with all projected images, the surrounding light conditions can also have an effect on the viewing display and direct sunlight onto the projection surface must be avoided.<br>It is also essential that the projector can play in mirror image mode.<br><br>Please note that although this film is described as transparent, it is necessary to have some pigment in the adhesive for the product to work effectively so it can look slightly hazy.</ul></i></p>

<span style=""font-weight: bold; color: #d7328a;"">Technical Information:</span><br>
<ul>
<a href=""media/ecom/pdfs/datasheets/ASLAN_RP36_e.pdf""
target=""_blank""><img style=""border: 0px solid ; width: 200px; height: 60px;"" alt=""pdf""
src=""media/ecom/onpagegraphics/Datasheet.png""></a>
<a href=""media/ecom/pdfs/applicationguidelines/Wet_application_Rear_Projection_transparent_ASLAN_RP36_e.pdf"" target=""_blank""><img
style=""border: 0px solid ; width: 200px; height: 60px;"" alt=""Ritrama Vinyl Application Guide""
src=""media/ecom/onpagegraphics/App.png""></a></ul>

<p style=""font-weight: bold; font-size: 0.9em;"">Prices shown are per linear metre at 1200mm wide</p>

</body>
</html>","ASLAN_RP36.png","ASLAN_RP36.jpg","INVITEMS","DEFAULT-Aslan_RP36_Rear_Projection_Film-DEFAULT-Aslan_RP36_Rear_Projection_Film","","","0","0","0","","1","REGONLY","0","0","0","0","","","","SELECT","SELECT","0","","","","","0","0","","income-service","","","0","0","","","https://www.youtube.com/embed/nDzSyQXqPvk","","Blackboard_Whiteboard","Blackboard_Whiteboard","","","0","Blue_Max, Fusion_5, Olfa_Graphic_Cutter, Olfa_X_Design_Heavy_Duty_Knife, Lint-Free-Gloves, Masking_Tape_25mm, Aslan_Squeegee, Swann_Morton_3_Handle, Swann_Morton_10A_Blades, Float_On, IPA_100, Anti_Static_Cleaner,","Blue_Max, Fusion_5, Olfa_Graphic_Cutter, Olfa_X_Design_Heavy_Duty_Knife, Lint-Free-Gloves, Masking_Tape_25mm, Aslan_Squeegee, Swann_Morton_3_Handle, Swann_Morton_10A_Blades, Float_On, IPA_100, Anti_Static_Cleaner,","A","","","","","","","","","","","","","","","ASLAN_RP36_Rear_Projection_Film","0","glass movie, glass, movie, projection, rear projection, aslan, rp35, rp36, 

","","","1518718941","0","","0","","CHECKBOX"
"Aslan_SE75_Mirror_Effect_Film","ASLAN SE75 Silver Mirror Effect Film :: 1250mm Width","13100S","Aslan","10","56","DEFAULT","","","","","0","ASLAN SE75 Silver is a self-adhesive highly brilliant true mirror effect film.  The 75 micron film has a special surface treatment that makes this mirror film anti scratch yet easy to clean.  Fire Rated to Euroclass DIN EN 13501-1:2018 with classification B-s1-d0. Buy it by the metre.","<html>

<head><title>ASLAN-SE75-Silver-Mirror-Effect-Film::1250mm-Wide</title>

<style>
.responsive {
  width: 50%;
  height: auto;
}
</style>
</head>

<body>
<img style=""width: 250px; height: 53px;"" alt=""Aslan Logo"" src=""media/ecom/onpagegraphics/ASLAN_Logo_New.jpg"" class=""responsive""><br><br>

<p>ASLAN SE75 Silver is a self-adhesive highly brilliant true mirror effect film.  The 75 micron film has a special surface treatment that makes this mirror film anti scratch yet easy to clean.</p>

<span style=""font-weight: bold; color: #d7328a;"">Structure:</span><br>
<ul><li>75<span>&#181;</span>m Polyester film (recycled aluminium coating)</li>
<li>Water based adhesive - Permanent</li>
<li>PET Liner - 140gm<sup>2</sup>
</li></ul>

<span style=""font-weight: bold; color: #d7328a;"">Suitability:</span><br>
<ul><li>Suitable for indoor and outdoor applications to smooth flat surfaces</li>
<li>Perfect for shop fitting, visual merchandising, interior design and much more</li>
<li>Suitable for outdoor uses with a durability of 3-5 years</li>
<li>Recommended for Dry Application only</li></ul>

<span style=""font-weight: bold; color: #d7328a;"">Advantages:</span><br>
<ul><li>Coated with a special anti-scratch surface making the material easy to clean</li>
<li>True mirror reflection for when traditional mirrors can't be used</li>
<li>Mirror effect can be seen both sides, so perfect for glass applications</li>
<li>Metallisation made from recycled aluminium</li>
<li>Fire Rated to Euroclass DIN EN 13501-1:2018 with classification B-s1-d0
</li></ul>

<span style=""font-weight: bold; color: #d7328a;"">Technical Information:</span><br>
<ul><a href=""media/ecom/pdfs/datasheets/Aslan_SE75_Mirror.pdf"" target=""_blank""><img
style=""border: 0px solid ; width: 200px; height: 60px;"" alt=""ASLAN SE75 Datasheet""
src=""media/ecom/onpagegraphics/Datasheet.png""></a>
<a href=""media/ecom/colselxl/Colourcard_ASLAN_Metaleffect.pdf"" target=""_blank""><img
style=""border: 0px solid ; width: 200px; height: 60px;"" alt=""Aslan Meteleffect Colour Selector""
src=""media/ecom/onpagegraphics/Colour.png""></a>
<a href=""media/ecom/pdfs/applicationguidelines/MirrorEffectAntiScratch_ASLANSE75_Wetapplication_E.pdf"" target=""_blank""><img
style=""border: 0px solid ; width: 200px; height: 60px;"" alt=""ASLAN SE75 Application Guide""
src=""media/ecom/onpagegraphics/App.png""></a>
<a href=""media/ecom/pdfs/firecertificates/Classification Report MirrorEffect AntiScratch ASLAN SE 75_EN 13501-1.pdf"" target=""_blank""><img
style=""border: 0px solid ; width: 200px; height: 60px;"" alt=""ASLAN SE75 Fire Certificate""
src=""media/ecom/onpagegraphics/Fire.png""></a></ul>
<p style=""font-weight: bold; font-size: 0.9em;"">Prices shown are per linear metre at 1250mm wide</p>
</body>

</html>","SE75_Mirror.jpg","SE75_Mirror.jpg","INVITEMS","DEFAULT-Aslan_SE75_Mirror_Effect_Film-DEFAULT-Aslan_SE75_Mirror_Effect_Film","","","0","0","0","","1","REGONLY","0","0","0","0","","","","SELECT","SELECT","0","","","","","0","0","","income-service","","","0","0","SPLASH","","https://www.youtube.com/embed/3Ic4ejFu-_4?si=D4icU7dk2pgYipzt","","Mirrored_Films","Mirrored_Films, Silver-Films","","","0","Lint-Free-Cloths, Aslan_SE75_Mirror_Effect_Film_Test_Roll, Blue_Max, Fusion_5, Olfa_Graphic_Cutter, Olfa_X_Design_Heavy_Duty_Knife, Lint-Free-Gloves, Masking_Tape_25mm, Aslan_Squeegee, Swann_Morton_3_Handle, Swann_Morton_10A_Blades, Float_On, IPA_100, Anti_Static_Cleaner,","Blue_Max, Fusion_5, Olfa_Graphic_Cutter, Olfa_X_Design_Heavy_Duty_Knife, Lint-Free-Gloves, Masking_Tape_25mm, Aslan_Squeegee, Swann_Morton_3_Handle, Swann_Morton_10A_Blades, Float_On, IPA_100, Anti_Static_Cleaner,","A","","ADHESIVE_PERMANENT","GRADE_POLYESTER","SUITABILITY_WINDOW","","","Lamination video","<head><style>
.iframecontainer {
  position: relative;
  width: 100%;
  overflow: hidden;
  padding-top: 56.25%; /* 16:9 Aspect Ratio */
}

.responsive-iframe {
  position: absolute;
  top: 0;
  left: 0;
  bottom: 0;
  right: 0;
  width: 100%;
  height: 100%;
  border: none;
}
</style></head>

<body>

<div class=""iframecontainer""> 
<iframe class=""responsive-iframe"" src=""https://www.youtube.com/embed/44Ok6i66Y9s?si=pOih7v2pWNlDyicJ"" title=""YouTube video player"" frameborder=""0"" allow=""accelerometer; autoplay; clipboard-write; encrypted-media; gyroscope; picture-in-picture; web-share"" allowfullscreen></iframe></div>","","","","","","","ASLAN-SE75-Silver-Mirror-Effect-Film","0","mirror, mirri, ASLAN, ASLAN SE75, aslan se75 mirror, se75 silver, se75 mirror, mirror gold, true mirror, mirror vinyl, true mirror vinyl, aslan mirror, aslan mirror vinyl, 

","ASLAN SE75 Mirror Effect Film","","1491234033","0","","0","","CHECKBOX"
"Aslan_SE76_Mirror_Effect_Film","ASLAN SE76 Easy Apply Silver Mirror Effect Film :: 1250mm Width","13100SA","Aslan","10","56","DEFAULT","","","","","0","ASLAN SE76 Silver self-adhesive highly brilliant true mirror effect film with an easy to apply adhesive.  The 75 micron film has a special surface treatment that makes this mirror film anti scratch yet easy to clean.  Buy it by the metre.","<html>

<head><title>ASLAN-SE76-Silver-Mirror-Effect-Film::1250mm-Wide</title>

<style>
.responsive {
  width: 50%;
  height: auto;
}
</style>
</head>

<body>
<img style=""width: 250px; height: 53px;"" alt=""Aslan Logo"" src=""media/ecom/onpagegraphics/ASLAN_Logo_New.jpg"" class=""responsive""><br><br>

<p>ASLAN SE76 Silver Mirror is an easy apply self-adhesive highly brilliant true mirror effect film.  The 75 micron film has a special surface treatment that makes this mirror film anti scratch yet easy to clean.</p>

<span style=""font-weight: bold; color: #d7328a;"">Structure:</span><br>
<ul><li>75<span>&#181;</span>m PET film (recycled aluminium coating)</li>
<li>Water based adhesive - Permanent</li>
<li>Siliconised polyester liner - 75<span>&#181;</span>m 
</li></ul>

<span style=""font-weight: bold; color: #d7328a;"">Suitability:</span><br>
<ul><li>Suitable for indoor and outdoor applications to smooth flat surfaces</li>
<li>Perfect for shop fitting, visual merchandising, interior design and much more</li>
<li>Recommended for Dry Application only</li></ul>

<span style=""font-weight: bold; color: #d7328a;"">Advantages:</span><br>
<ul><li>Coated with a special anti-scratch surface making the material easy to clean</li>
<li>True mirror reflection for when traditional mirrors can't be used</li>
<li>Mirror effect can be seen both sides, so perfect for glass applications</li>
<li>Metallisation made from recycled aluminium
</li></ul>

<span style=""font-weight: bold; color: #d7328a;"">Technical Information:</span><br><br>
<ul><a href=""media/ecom/pdfs/datasheets/MirrorEffect_SimplyApply_ASLAN_SE76_e.pdf"" target=""_blank""><img
style=""border: 0px solid ; width: 200px; height: 60px;"" alt=""pdf""
src=""media/ecom/onpagegraphics/Datasheet.png""></a></ul>

<p style=""font-weight: bold; font-size: 0.9em;"">Prices shown are per linear metre at 1250mm wide</p>
</body>

</html>","SE75_Mirror.jpg","SE75_Mirror.jpg","INVITEMS","DEFAULT-Aslan_SE76_Mirror_Effect_Film-DEFAULT-Aslan_SE76_Mirror_Effect_Film","","","0","0","0","","1","REGONLY","0","0","0","0","","","","SELECT","SELECT","0","","","","","0","0","","income-service","","","0","0","SPLASH, FEAT1","","","","Mirrored_Films","Mirrored_Films","","","0","Lint-Free-Cloths, Aslan_SE75_Mirror_Effect_Film_Test_Roll, Olfa_Graphic_Cutter, Olfa_X_Design_Heavy_Duty_Knife, Lint-Free-Gloves, Masking_Tape_25mm, Aslan_Squeegee, Swann_Morton_3_Handle, Swann_Morton_10A_Blades,  IPA_100, Anti_Static_Cleaner,","Olfa_Graphic_Cutter, Olfa_X_Design_Heavy_Duty_Knife, Lint-Free-Gloves, Masking_Tape_25mm, Aslan_Squeegee, Swann_Morton_3_Handle, Swann_Morton_10A_Blades, IPA_100, Anti_Static_Cleaner,","A","","ADHESIVE_PERMANENT","GRADE_POLYESTER","SUITABILITY_WINDOW","","","","","","","","","","","ASLAN-SE76-Silver-Mirror-Effect-Film","0","mirror, mirri, ASLAN, ASLAN SE76, aslan se76 silver, se76 silver, se76 mirror, mirror silver, true mirror, mirror vinyl, true mirror vinyl, aslan mirror, aslan mirror vinyl, easy apply mirror, 
","Aslan SE76 Mirror Effect Film","","1632150567","0","","0","","CHECKBOX"
"Aslan_Squeegee","ASLAN Squeegee","ASL","Aslan","30","0","DEFAULT","","","","","0","Robust ASLAN Squeegees. Strong plywood with a 3mm thick felt edge.","<html>

<title><head>ASLAN Squeegee</title></head>

<body>

<p>Strong plywood squeegee with a thick felt edge.</p>
<p>Available in two sizes: 160mm & 270mm.</p>

</body>

</html>","Aslan_Squeegees.png","Aslan_Squeegees.png","INVITEMS","DEFAULT-Aslan_Squeegee-DEFAULT-Aslan_Squeegee","","","0","0","0","","1","REGONLY","0","0","0","0","","","","SELECT","SELECT","0","","","","","0","0","","income-service","","","0","0","","","","","Application_Tools","Application_Tools","","","0","","","A","","","","","","","","","","","","","","","","0","aslan,squeegee,oversize,large,","","","1519298256","0","","0","","CHECKBOX"
"ASLAN_SRL19","ASLAN SRL19 Gloss Laminate made with 70% post-consumer recycled PET","SRL191370","Aslan","10","382","DEFAULT","","","","","0","ASLAN SRL19 is a gloss transparent laminate made of 70% post consumer recycled plastics. This PVC free film is environmentally friendlier than traditional vinyl for more sustainable displays. Price shown is for a 1370mm x 50m roll","<html>
<head><title>ASLAN SRL19</title>
</head>
<body>
<img style=""height: 50px; width: 236px;"" alt=""Aslan logo""
src=""media/ecom/onpagegraphics/ASLAN_Logo_New.png""><br><br>

<p>ASLAN SRL19 is a gloss transparent laminate made of 70% post consumer recycled plastics (rPET). This PVC free film is environmentally friendlier than traditional vinyl and is part of the LoopPET series of materials from ASLAN.</p>

<img style=""border: 0px solid ; width: 50px; height: 50px;"" alt=""fyi""
src=""media/ecom/onpagegraphics/FYI.png"">
<p style=""color: #d7328a""><i>ASLAN SRL19 is part of the ASLAN LoopPET series of materials made from post-consumer recycled polyester.<br>
This range offers a more sustainable choice with less reliance on fossil resource consumption, reduced CO<sub>2</sub> emissions,  less water requirement and an overall lower volume of waste.</i></p>

<a><img style=""margin: 5px; width: 85px; height: 85px; float: right;"" alt=""rPET material""
src=""media/ecom/onpagegraphics/rPET_Logo.png""></a>
<a><img style=""margin: 5px; width: 75px; height: 75px; float: right;"" alt=""pvc free""
src=""media/ecom/onpagegraphics/PVC_free_logo.png""></a>


<span style=""font-weight: bold; color: #d7328a;"">Structure:</span><br>
<ul><li>50<span>&#181;</span>m Transparent gloss post-consumer recycled Polyester</li>
<li>Contains 70% shredded and cleaned post-consumer recycled PET - equivalent to 120 1.5L water bottles per 50m roll</li>
<li>Special water-based adhesive ensures eco-friendly combination of film and adhesive. Permanent</li>
<li>Siliconised PET release liner - 36g/m<sup>2</sup>
</li></ul>

<span style=""font-weight: bold; color: #d7328a;"">Suitability:</span><br>
<ul><li>Designed for dry application to clean, smooth and flat or 2D curved surfaces</li>
<li>Suitable for interior and exterior use with a durability of up to 3 years</li>
<li>50% Post Consumer Recycled Plastic content when used with <a href=""https://www.dorotape.co.uk/Item/ASLAN_DRL19"" target=""_blank""><font color=""#d7328a"">ASLAN DRL19</font></a> digital print film</li></ul>

<span style=""font-weight: bold; color: #d7328a;"">Advantages:</span><br>
<ul><li>PVC Free and made from post consumer recycled plastics</li>
<li>Solvent free adhesive ensures eco-friendly combination of film and adhesive</li>
<li>Up to 3 years outdoor durability</li>
<li>High dimensional stability and no shrinkage</li>
<li>Solvent free adhesive</li>
<li>Suitable to protect prints made using UV curable inks</li>
<li>Suitable for laser cutting</li><br>
<img style=""border: 0px solid ; width: 50px; height: 50px; alt=""reward points logo""
src=""media/ecom/onpagegraphics/Reward_Logo.png""><span style=""font-weight: bold; color: #ef7d00;"">Earn Reward Points every time you buy this product</span></ul>

<span style=""font-weight: bold; color: #d7328a;"">Technical Information:</span><br><br>
<ul><a href=""media/ecom/pdfs/datasheets/LoopLam_ASLAN_SRL_19_e.pdf"" target=""_blank""><img style=""border: 0px solid ; width: 200px; height: 60px;"" alt=""Aslan SRL19 Datasheet""
src=""media/ecom/onpagegraphics/Datasheet.png""></a></ul>

<p style=""font-weight: bold; font-size: 1.0em;"">Prices shown are per roll at 1370mm wide</p>
</body>

</html>","ASLAN_SRL_19.jpg","ASLAN_SRL_19.jpg","INVITEMS","DEFAULT-ASLAN_SRL19-DEFAULT-ASLAN_SRL19","","","0","0","0","","1","REGONLY","0","0","0","0","","","","SELECT","SELECT","0","","","","","0","0","","income-service","","","0","0","FEAT1","","","","PVC_Free_Laminates","PVC_Free_Laminates, Gloss_laminate, Recycled-Laminates","","","0","Olfa_Graphic_Cutter, Olfa_X_Design_Heavy_Duty_Knife, Lint-Free-Gloves, Masking_Tape_25mm, Aslan_Squeegee, Swann_Morton_3_Handle, Swann_Morton_10A_Blades, Lint-Free-Cloths, Heavy-Duty-Application-Roller, 4075CT1220,","Olfa_Graphic_Cutter, Olfa_X_Design_Heavy_Duty_Knife, Lint-Free-Gloves, Masking_Tape_25mm, Aslan_Squeegee, Swann_Morton_3_Handle, Swann_Morton_10A_Blades, Lint-Free-Cloths, Heavy-Duty-Application-Roller, 4075CT1220,","A","superuser","","","","","Transparent","","","","","","","","","ASLAN-SRL19","0","environment, environmentally friendly, sustainable, sustainability, post, consumer, recycled, recycle, loop, sustainable, srl19
","","","1640012398","0","","0","","CHECKBOX"
"ASLAN_TMO","ASLAN TMO Clear PVC Application Tape","TMO","Aslan","40","341","DEFAULT","","","","","0","This clear glossy, flexible self-adhesive PVC application tape is ideal for the positioning and application of vinyl cut lettering and graphics. It is supplied on a liner which has a useful 5mm pattern print on the reverse side which not only helps in positioning graphics but also makes this flexible PVC film re-usable. Dry use only. 1350mm x 50m","<html>

<head><title>ASLAN TMO</title>

<style>
.responsive {
  width: 50%;
  height: auto;
}
</style>
</head>

<body>

<img style=""height: 50px; width: 236px;"" alt=""Aslan logo""
src=""media/ecom/onpagegraphics/ASLAN_Logo_New.png"" class=""responsive""><br><br>

<p>ASLAN TMO is a clear glossy, flexible self-adhesive PVC application tape with a release liner, ideal for the positioning and application of vinyl cut lettering and graphics.</p>
<span style=""font-weight: bold; color: #d7328a;"">Structure:</span><br>
<ul><li>70<span>&#181;</span>m PVC</li>
<li>Low tack acrylic adhesive</li>
<li>Silicone release paper - 67g/m<sup>2</sup> with grid print
</li></ul>

<span style=""font-weight: bold; color: #d7328a;"">Suitability:</span><br>
<ul><li>Excellent transparency with a useful 5mm grid pattern to aid positioning of single and multi colour graphics</li>
<li>Excellent choice for all graphics and lettering of all sizes</li>
<li>Highly flexible, perfect for use on to uneven surfaces</li>
<li>For dry application use only</li>
<li>Lays flat when applied to graphics
</li></ul>

<span style=""font-weight: bold; color: #d7328a;"">Advantages:</span><br>
<ul><li>Very easy to handle and has a smooth finish</li>
<li>Low initial tack</li>
<li>Re-usable many times</li>
<li>Excellent transparency for easy alignment</li>
<li>Cuts with knife or scissors</li>
<li>Release liner means it's easy to cut into sheets</li>
<li>The adhesive is coated in a way to eliminate static during handling</li>
<li>Wrinkle free application</li>
<li>Easily removes in one piece without leaving any residue</li><br>
<img style=""border: 0px solid ; width: 50px; height: 50px; alt=""reward points logo""
src=""media/ecom/onpagegraphics/Reward_Logo.png""><span style=""font-weight: bold; color: #ef7d00;"">Earn Reward Points every time you buy this product</span></ul>

<a ><img style=""border: 0px solid ; width: 50px; height: 50px;"" alt=""fyi""
src=""media/ecom/onpagegraphics/FYI.png""></a>
<p style=""color: #d7328a""><i>Did you know that our cut service is free of charge - just enter your cut sizes in the box below</i></p>
<br>

<p><a href=""https://www.dorotape.co.uk/Article/Application-Tape"" target=""_blank""><img style=""border: 0px solid ; width: 50px; height: 50px;"" alt=""link to our blog""
src=""media/ecom/onpagegraphics/Blog.png"">
<span style=""color: #d7328a""><b>Learn more about the different types of Application Tape by reading about it in our Blog</b></span></a></p>
<br>

<span style=""font-weight: bold; color: #d7328a;"">Technical Information:</span><br>
<ul>
<a href=""media/ecom/pdfs/datasheets/ASLAN_TMO_e.pdf"" target=""_blank""><img
style=""border: 0px solid ; width: 200px; height: 60px;"" alt=""ASLAN TMO Datasheet""
src=""media/ecom/onpagegraphics/Datasheet.png""></a></ul>
<p style=""font-weight: bold; font-size: 0.9em;"">Prices shown are per 50 metre roll at 1350mm wide</p>
</body>

</html>
","ASLAN-TMO.jpg","ASLAN-TMO.jpg","INVITEMS","DEFAULT-ASLAN_TMO-DEFAULT-TMO","","","0","0","0","","1","REGONLY","0","0","0","0","","","","SELECT","SELECT","0","","","","","0","0","","income-service","","","0","0","","","","","Clear_Application_Tape","Clear_Application_Tape","","","0","3M_Gold_Squeegee, Aslan_Red_Devil_Squeegee, Olfa_X_Design_Heavy_Duty_Knife, Olfa_Graphic_Cutter, Masking_Tape_25mm, Blue_Masking_Tape_50mm","3M_Gold_Squeegee, Aslan_Red_Devil_Squeegee, Olfa_X_Design_Heavy_Duty_Knife, Olfa_Graphic_Cutter, Masking_Tape_25mm, Blue_Masking_Tape_50mm","A","","","","","","","","","","","","","","","","0","application, tape, application tape, clear, clear application tape, application tape liner, liner, with liner, tmo, aslan, ","","","1518712509","0","","0","","CHECKBOX"
"Aslan_WB975_Matt_Whiteboard_1370","ASLAN WB 975 Matt Whiteboard Film :: 1370mm Wide","WB975","Aslan","30","31","DEFAULT","","","","","0","ASLAN WB975 is a white matt self-adhesive pvc with a special varnish coating is ideal for the creation of non-reflective whiteboards. Often used in commercial spaces such as meeting rooms and offices as well as in the education and healthcare sectors, this film is scratch resistant and leaves no 'ghosting' even after frequent use. Markings can be wiped off easily with a micro fibre cloth.  Fire Rated to Euroclass DIN EN 13501-1:2018 with classification B-s1-d0. Buy it by the metre.","<html>

<head><title>ASLAN WB975</title>
</head>
<body>
<img style=""height: 50px; width: 236px;"" alt=""Aslan logo""
src=""media/ecom/onpagegraphics/ASLAN_Logo_New.png""><br><br>
<p>ASLAN WB975 is a white matt self-adhesive pvc with a special varnish coating is ideal for the creation of non-reflective whiteboards. Often used in commercial spaces such as meeting rooms and offices as well as in the education and healthcare sectors, this film is scratch resistant and leaves no 'ghosting' even after frequent use. Markings can be wiped off easily with a micro fibre cloth.</p>

<span style=""font-weight: bold; color: #d7328a;"">Structure:</span><br>
<ul><li>80<span>&#181;m</span> Matt PVC</li>
<li>Water based acrylic adhesive system. Semi-permanent</li>
<li>Silicone paper, PE coated on both sides - 140gm<sup>2</sup></li></ul>

<span style=""font-weight: bold; color: #d7328a;"">Suitability:</span><br>
<ul><li>Turn any surface in to a writable surface</li>
<li>Compatible with most whiteboard markers</li>
<li>Suitable for indoor use</li>
<li>Use microfibre cloths to clean</li>
<li>Accidental markings with permanent markers can be removed using alcohol or benzene
</li></ul>

<a><img style=""border: 0px solid ; width: 75px; height: 75px; float: right;"" alt=""EN 71-3 Toy Safety Logo""
src=""media/ecom/onpagegraphics/EN71-3.png""></a>

<span style=""font-weight: bold; color: #d7328a;"">Advantages:</span><br>
<ul><li>Easy to erase dry wipe markings</li>
<li>Doesn't leave any ghosting or smudging</li>
<li>Resistant to dirt</li>
<li>Easy to clean</li>
<li>Matt anti-reflective surface</li>
<li>Suitable as a projection screen</li>
<li>Fire Rated to Euroclass DIN EN 13501-1:2018 with classification B-s1-d0</li>
<li><div title=""EN71-3 Standard assesses the migration of certain chemicals into the body if a toy or components of a toy were to be swallowed by a child"">Meets Toy Safety Standard EN 71-3</div>
</li></ul>

<a ><img style=""border: 0px solid ; width: 50px; height: 50px;"" alt=""fyi""
src=""media/ecom/onpagegraphics/FYI.png""></a><p style=""color: #d7328a""><i>Due to the nature of the special surface coating, we recommend that any dry wipe markings are erased using a micro fibre cloth.</i></p>

<span style=""font-weight: bold; color: #d7328a;"">Technical Information:</span><br>
<ul>
<a href=""media/ecom/pdfs/datasheets/WhiteboardMatt_ASLAN_WB975_e.pdf"" target=""_blank""><img
style=""border: 0px solid ; width: 200px; height: 60px;"" alt=""ASLAN WB975 Datasheet""
src=""media/ecom/onpagegraphics/Datasheet.png""></a>
<a href=""media/ecom/pdfs/firecertificates/Classification Report WhiteboardMatt ASLAN WB 975_EN 13501-1.pdf"" target=""_blank""><img
style=""border: 0px solid ; width: 200px; height: 60px;"" alt=""ASLAN WB975 Fire Certificate""
src=""media/ecom/onpagegraphics/Fire.png""></a>
<a href=""media/ecom/pdfs/applicationguidelines/ASLAN_Memoboards_UseCleaning_EN.pdf"" target=""_blank""><img
style=""border: 0px solid ; width: 200px; height: 60px;"" alt=""ASLAN Memoboards UseCleaning EN""
src=""media/ecom/onpagegraphics/Hand.png""></a></ul>

<p style=""font-weight: bold; font-size: 0.9em;"">Prices shown are per linear metre at 1370mm wide</p>

</body>

</html> ","Whiteboard.jpg","Whiteboard.jpg","INVITEMS","DEFAULT-Aslan_WB975_Matt_Whiteboard_1370-DEFAULT-Aslan_WB975_Matt_Whiteboard_1370","","","0","0","0","","1","REGONLY","0","0","0","0","","","","SELECT","SELECT","0","","","","","0","0","","income-service","","","0","0","","","","","Blackboard_Whiteboard","Blackboard_Whiteboard","","","0","Lint-Free-Cloths, Aslan_Red_Devil_Squeegee, Olfa_X_Design_Heavy_Duty_Knife, Lint-Free-Gloves, Masking_Tape_25mm, Aslan-Gold-Soft-Squeegee, Olfa_Graphic_Cutter, Swann_Morton_3_Handle, Swann_Morton_10A_Blades, Aslan_Squeegee, Application_Gloves,","Lint-Free-Cloths, Aslan_Red_Devil_Squeegee, Olfa_X_Design_Heavy_Duty_Knife, Lint-Free-Gloves, Masking_Tape_25mm, Aslan-Gold-Soft-Squeegee, Olfa_Graphic_Cutter, Swann_Morton_3_Handle, Swann_Morton_10A_Blades, Aslan_Squeegee, Application_Gloves,","A","","ADHESIVE_PERMANENT","","SUITABILITY_WHITEBOARD","","","","","","","","","","","ASLAN-WB975","0","Aslan, whiteboard, whiteboard film, whiteboard vinyl, WB975, Aslan WB975, 975, wb 975, whiteboard, self adhesive vinyl, self adhesive whiteboard, self-adhesive whiteboard, stick on whiteboard, stickon whiteboard, stick-on whiteboard, matt whiteboard,","","","1507910843","0","","0","","CHECKBOX"
"Aslan_WB995_Whiteboard_1370","ASLAN WB 995 Whiteboard Film :: 1370mm Wide","WB995","Aslan","10","29","DEFAULT","","","","","0","ASLAN WB995 is a self-adhesive film specifically designed for the production of whiteboards. Use with whiteboard dry wipe pens and write / erase as often as you like without degrading the film.  Often used in commercial spaces such as meeting rooms and offices as well as in the education and healthcare sectors, this film is scratch resistant and leaves no 'ghosting' even after frequent use.  Fire Rated to Euroclass DIN EN 13501-1:2018 with classification C-s1-d0. Buy it by the metre.","<html>
<head><title>ASLAN WB 995</title>
</head>
<body>
<img style=""height: 50px; width: 236px;"" alt=""Aslan logo""
src=""media/ecom/onpagegraphics/ASLAN_Logo_New.png""><br><br>
<p>ASLAN WB995 is a self-adhesive film specifically designed for the production of whiteboards. Use with whiteboard dry wipe pens and write / erase as often as you like without degrading the film.  Often used in commercial spaces such as meeting rooms and offices as well as in the education and healthcare sectors, this film is scratch resistant and leaves no 'ghosting' even after frequent use.</p>

<a><img style=""border: 0px solid ; width: 75px; height: 75px; float: right;"" alt=""EN 71-3 Toy Safety Logo""
src=""media/ecom/onpagegraphics/EN71-3.png""></a>

<span style=""font-weight: bold; color: #d7328a;"">Structure:</span><br>
<ul><li>Special 150<span>&#181;m</span> Gloss PVC/PET composite</li>
<li>Water based acrylic adhesive system - Permanent</li>
<li>Silicone paper, PE coated on both sides - 140gm<sup>2</sup></li></ul>

<span style=""font-weight: bold; color: #d7328a;"">Suitability:</span><br>
<ul><li>Turn any surface in to a writable surface</li>
<li>Compatible with most whiteboard markers</li>
<li>Suitable for indoor use</li>
<li>Dry Apply only</li>
<li>Use smooth cloths to clean</li>
<li>Accidental markings with permanent markers can be removed using alcohol or benzene
</li></ul>

<span style=""font-weight: bold; color: #d7328a;"">Advantages:</span><br>
<ul><li>Easy to erase dry wipe markings</li>
<li>Doesn't leave any ghosting or smudging</li>
<li>Resistant to dirt</li>
<li>Easy to clean</li>
<li>Fire Rated to Euroclass DIN EN 13501-1:2018 with classification C-s1-d0</li>
<li><div title=""EN71-3 Standard assesses the migration of certain chemicals into the body if a toy or components of a toy were to be swallowed by a child"">Meets Toy Safety Standard EN 71-3</div>
</li></ul>

<span style=""font-weight: bold; color: #d7328a;"">Technical Information:</span><br>
<ul>
<a href=""media/ecom/pdfs/datasheets/Whiteboard_ASLAN_WB995_e.pdf"" target=""_blank""><img
style=""border: 0px solid ; width: 200px; height: 60px;"" alt=""ASLAN WB995 Datasheet""
src=""media/ecom/onpagegraphics/Datasheet.png""></a>
<a href=""media/ecom/pdfs/firecertificates/Classification Report Whiteboard ASLAN WB 995_EN 13501-1.pdf"" target=""_blank""><img
style=""border: 0px solid ; width: 200px; height: 60px;"" alt=""ASLAN WB995 Fire Certificate""
src=""media/ecom/onpagegraphics/Fire.png""></a>
<a href=""media/ecom/pdfs/applicationguidelines/ASLAN_Memoboards_UseCleaning_EN.pdf"" target=""_blank""><img
style=""border: 0px solid ; width: 200px; height: 60px;"" alt=""ASLAN Memoboards UseCleaning EN""
src=""media/ecom/onpagegraphics/Hand.png""></a></ul>
<p style=""font-weight: bold; font-size: 0.9em;"">Prices shown are per linear metre at 1370mm wide</p>


</body>

</html>

","ASLAN_WB995.jpg","ASLAN_WB995.jpg","INVITEMS","DEFAULT-Aslan_WB995_Whiteboard_1370-DEFAULT-Aslan_WB995_Whiteboard_1370","","","0","0","0","","1","REGONLY","0","0","0","0","","","","SELECT","SELECT","0","","","","","0","0","","income-service","","","0","0","","","","","Blackboard_Whiteboard","Blackboard_Whiteboard","","","0","Lint-Free-Cloths, Aslan_Red_Devil_Squeegee, Olfa_X_Design_Heavy_Duty_Knife, Lint-Free-Gloves, Masking_Tape_25mm, Aslan-Gold-Soft-Squeegee, Olfa_Graphic_Cutter, Swann_Morton_3_Handle, Swann_Morton_10A_Blades, Aslan_Squeegee, Application_Gloves,","Lint-Free-Cloths, Aslan_Red_Devil_Squeegee, Olfa_X_Design_Heavy_Duty_Knife, Lint-Free-Gloves, Masking_Tape_25mm, Aslan-Gold-Soft-Squeegee, Olfa_Graphic_Cutter, Swann_Morton_3_Handle, Swann_Morton_10A_Blades, Aslan_Squeegee, Application_Gloves,","A","","ADHESIVE_PERMANENT","","SUITABILITY_WHITEBOARD","","","","","","","","","","","ASLAN-WB995-Whiteboard","0","Aslan, whiteboard, whiteboard film, whiteboard vinyl, WB995, dry wipe, dry erase, erase

","","ASLAN WB995 is a self-adhesive film specifically designed for the production of whiteboards. Use with whiteboard dry wipe pens and write / erase as often as you like without degrading the film.  Often used in commercial spaces such as meeting rooms and offices as well as in the education and healthcare sectors, this film is scratch resistant and leaves no 'ghosting' even after frequent use.","1507910556","0","","0","","CHECKBOX"
"Aslan_WBL995_Whiteboard_1370","ASLAN WBL 995 Dry Apply Whiteboard Film :: 1370mm Wide","WBL995","Aslan","20","0","DEFAULT","","","","","0","ASLAN WBL995 is a self-adhesive film with a Dry Apply adhesive, specifically designed for the production of whiteboards. Use with whiteboard dry wipe pens and write / erase as often as you like without degrading the film.  Often used in commercial spaces such as meeting rooms and offices as well as in the education and healthcare sectors, this film is scratch resistant and leaves no 'ghosting' even after frequent use.  Prices are per roll.","<html>
<head><title>ASLAN WBL 995</title>
</head>
<body>
<img style=""height: 50px; width: 236px;"" alt=""Aslan logo""
src=""media/ecom/onpagegraphics/ASLAN_Logo_New.png""><br><br>
<p>ASLAN WBL995 is a self-adhesive film with a Dry Apply adhesive, specifically designed for the production of whiteboards. Use with whiteboard dry wipe pens and write / erase as often as you like without degrading the film.  Often used in commercial spaces such as meeting rooms and offices as well as in the education and healthcare sectors, this film is scratch resistant and leaves no 'ghosting' even after frequent use.</p>

<span style=""font-weight: bold; color: #d7328a;"">Structure:</span><br>
<ul><li>Special 150<span>&#181;m</span> PVC/PET composite</li>
<li>Water based acrylic adhesive system. Semi-permanent</li>
<li>Embossed silicone paper, PE coated on both sides - 130gm<sup>2</sup></li></ul>

<span style=""font-weight: bold; color: #d7328a;"">Suitability:</span><br>
<ul><li>Turn any surface in to a writable surface</li>
<li>Compatible with most whiteboard markers</li>
<li>Suitable for indoor use</li>
<li>Dry Apply only</li>
<li>Use smooth cloths to clean</li>
<li>Accidental markings with permanent markers can be removed using alcohol or benzene
</li></ul>

<span style=""font-weight: bold; color: #d7328a;"">Advantages:</span><br>
<ul><li>Easy to erase dry wipe markings</li>
<li>Doesn't leave any ghosting or smudging</li>
<li>Resistant to dirt</li>
<li>Easy to clean
</li></ul>

<span style=""font-weight: bold; color: #d7328a;"">Technical Information:</span><br>
<ul>
<a href=""media/ecom/pdfs/datasheets/Whiteboard_Dryapply_ASLAN_WBL995_e.pdf"" target=""_blank""><img
style=""border: 0px solid ; width: 200px; height: 60px;"" alt=""ASLAN WBL995 Datasheet""
src=""media/ecom/onpagegraphics/Datasheet.png""></a>
<a href=""media/ecom/pdfs/applicationguidelines/ASLAN_Memoboards_UseCleaning_EN.pdf"" target=""_blank""><img
style=""border: 0px solid ; width: 200px; height: 60px;"" alt=""ASLAN Memoboards UseCleaning EN""
src=""media/ecom/onpagegraphics/Hand.png""></a></ul>
<p style=""font-weight: bold; font-size: 1.0em;"">Prices shown are per roll at 1370mm wide</p>



</body>

</html>

","ASLAN_WBL995.jpg","ASLAN_WBL995.jpg","INVITEMS","DEFAULT-Aslan_WBL995_Whiteboard_1370-DEFAULT-Aslan_WBL995_Whiteboard_1370","","","0","0","0","","1","REGONLY","0","0","0","0","","","","SELECT","SELECT","0","","","","","0","0","","income-service","","","0","0","","","https://www.youtube.com/embed/wvyWkAjAros","","Blackboard_Whiteboard","Blackboard_Whiteboard","","","0","Lint-Free-Cloths, Aslan_Red_Devil_Squeegee, Olfa_X_Design_Heavy_Duty_Knife, Lint-Free-Gloves, Masking_Tape_25mm, Aslan-Gold-Soft-Squeegee, Olfa_Graphic_Cutter, Swann_Morton_3_Handle, Swann_Morton_10A_Blades, Aslan_Squeegee, Application_Gloves,","Lint-Free-Cloths, Aslan_Red_Devil_Squeegee, Olfa_X_Design_Heavy_Duty_Knife, Lint-Free-Gloves, Masking_Tape_25mm, Aslan-Gold-Soft-Squeegee, Olfa_Graphic_Cutter, Swann_Morton_3_Handle, Swann_Morton_10A_Blades, Aslan_Squeegee, Application_Gloves,","A","","ADHESIVE_AIRFLOW","","SUITABILITY_WHITEBOARD","","","","","","","","","","","ASLAN-WBL995-Whiteboard","0","Aslan, whiteboard, whiteboard film, whiteboard vinyl, WBL995, dry wipe, dry erase, erase
","","ASLAN WBL995 is a self-adhesive film with a Dry Apply adhesive, specifically designed for the production of whiteboards. Use with whiteboard dry wipe pens and write / erase as often as you like without degrading the film. This film is scratch resistant and leaves no 'ghosting' even after frequent use. Buy it by the roll.","1491925280","0","","0","","CHECKBOX"
"AT04_Dark_Orangey_Cherry","AT04 Orangey Teak","Cover Styl' AT04","Cover_Styl","140","25","DEFAULT","","","","","0","Cover Styl' AT04 Orangey Teak self-adhesive wood film. Buy it by the metre.

","<html>
<head>
<title>Cover Styl' AT04 Orangey Teak</title></head>
<body>
<p><img style=""height: 76px; width: 300px;"" alt=""Cover Styl' logo""
src=""media/ecom/onpagegraphics/Coverstyl_Logo.png""></p>
<span style=""font-weight: bold; color: #588ec6;"">SUITABILITY:</span>
<p>This product is designed for interior application only and offers exceptional resistance to water, dirt, abrasion, UV rays and wear (yellowing, cracking, scaling, delamination). </p>
<span style=""font-weight: bold; color: #588ec6;"">MATERIAL CHARACTERISTICS:</span>
<ul><li>Grade: Polymeric</li>
<li>Thickness: 250 micron</li>
<li>Adhesive: Easy Apply Air Release</li>
<li>Appearance: Matt</li>
<li>Stretchable: Yes</li>
<li>Scratch Proof: Average</li>
</ul>
<p>Prices shown are per linear metre at 1220mm wide</p>
</body>
</html>","AT04_Dark_Orangery_Cherry.jpg","AT04_Dark_Orangery_Cherry.jpg, AT04_Dark_Orangery_Cherry_Suite.jpg","INVITEMS","DEFAULT-AT04_Dark_Orangey_Cherry-DEFAULT-AT04_Dark_Orangey_Cherry","","","0","0","0","","1","REGONLY","0","0","0","0","","","","SELECT","SELECT","0","","","","","0","0","","income-service","","","0","0","","","","","Cover_Styl_Wood","Cover_Styl_Wood","","","0","Olfa_Graphic_Cutter, Olfa_X_Design_Heavy_Duty_Knife, Lint-Free-Gloves, Masking_Tape_25mm, Aslan_Squeegee, Swann_Morton_3_Handle, Swann_Morton_10A_Blades, Lint-Free-Cloths, Heavy-Duty-Application-Roller, Rollepro, 4075CT1220, Cover-Styl-Colour-Selector-Box","Olfa_Graphic_Cutter, Olfa_X_Design_Heavy_Duty_Knife, Lint-Free-Gloves, Masking_Tape_25mm, Aslan_Squeegee, Swann_Morton_3_Handle, Swann_Morton_10A_Blades, Lint-Free-Cloths, Heavy-Duty-Application-Roller, Rollepro, 4075CT1220, Cover-Styl-Colour-Selector-Box","A","superuser","ADHESIVE_SEMI_PERMANENT","GRADE_POLYPROPYLENE","","","","","","","","","","","","Cover-Styl-AT04-Orangey-Teak","0","coverstyle, cover style, cover styl, cover styl'


","","","1627549003","0","","0","","CHECKBOX"
"ATP_GP412_Monomeric_High_Tack","ATP GP412 :: Monomeric High Tack Vinyl 1370mm x 50m ","ATP-GP412","ATP","60","236","DEFAULT","","","","","0","High Tack Digital Print Vinyl for bonding onto difficult substrates and for applying in low temperatures.  ATP GP412 is a gloss white monomeric 2 year vinyl (80 micron) with a grey high tack adhesive for indoor and outdoor use onto most surfaces including apolar plastics, wood, metal and brickwork. Price shown is for a 1370mm x 50m roll.

























","<html>

<head><title>ATP 412</title></head>
<body>
<p>High Tack Digital Print Vinyl for bonding onto difficult substrates and for applying in low temperatures.</p>

<span style=""font-weight: bold; color: #d7328a;"">Structure:</span><br>
<ul><li>80<span>&#181;</span>m White gloss PVC</li>
<li>Grey water based acrylic adhesive - Permanent</li>
<li>PE coated paper release liner  - 140g/m<sup>2</sup>
</li></ul>

<span style=""font-weight: bold; color: #d7328a;"">Suitability:</span><br>
<ul><li>Designed for use both indoors and outdoors on smooth flat surfaces</li>
<li>Adheres well to apolar surfaces such as PE and PP</li>
<li>The high tack adhesive makes it suitable for a wide variety of other substrates</li>
<li>Up to 2 years durability (unprinted)
</li></ul>

<span style=""font-weight: bold; color: #d7328a;"">Advantages:</span><br>
<ul><li>High tack but at monomeric pricing</li>
<li>Grey adhesive offer extra high opacity</li>
<li>Adheres well to hard to stick to surfaces</li>
<li>Can also be applied at low temperatures</li><br>
<img style=""border: 0px solid ; width: 50px; height: 50px; alt=""reward points logo""
src=""media/ecom/onpagegraphics/Reward_Logo.png""><span style=""font-weight: bold; color: #ef7d00;"">Earn Reward Points every time you buy this product</span></ul>

<span style=""font-weight: bold; color: #d7328a;"">Ink Compatibility:</span><br>
<ul>
<img style=""margin: 0px 5px 0px 0px; width: 15px; height: 25px;"" alt=""Eco-Sol Ink"" src=""media/ecom/onpagegraphics/Ink-EcoSol.png"">Eco-solvent &nbsp;&nbsp;
<img style=""margin: 0px 5px 0px 0px; width: 15px; height: 25px;"" alt=""Latex"" src=""media/ecom/onpagegraphics/Ink-Latex.png"">Latex &nbsp;&nbsp;
<img style=""margin: 0px 5px 0px 0px; width: 15px; height: 25px;"" alt=""UV Ink"" src=""media/ecom/onpagegraphics/Ink-UV.png"">UV</ul>

<span style=""font-weight: bold; color: #d7328a;"">Technical Information:</span><br>
<ul>
<a href=""media/ecom/pdfs/datasheets/ATP412wgHTg.pdf"" target=""_blank""><img
style=""border: 0px solid ; width: 200px; height: 60px;"" alt=""ATP412 Datasheet""
src=""media/ecom/onpagegraphics/Datasheet.png""></a>
<a href=""https://www.dorotape.co.uk/Print-Profiles-User-Guide""
target=""_blank""><img style=""width: 200px; height: 60px;"" alt=""printing profile guide""
src=""media/ecom/onpagegraphics/Profile.png""> </a></ul>
<p style=""font-weight: bold; font-size: 0.9em;"">Prices shown are per 50 metre roll at 1370mm wide</p>
</body>


</html>","Mono-High-Tack.jpg","Mono-High-Tack.jpg","INVITEMS","DEFAULT-ATP_GP412_Monomeric_High_Tack-DEFAULT-ATP_GP412_Monomeric_High_Tack","","","0","0","0","","1","REGONLY","0","0","0","0","","","","SELECT","SELECT","0","","","","","0","0","","income-service","","","0","0","","FREESHIPPING","","","Digital_Vinyl_Short_Term","Digital_Vinyl_Short_Term, Covid_Kit, High_Tack_Digital_Print_Vinyl","","","0","Boss_Gloss_Laminate, Boss_Lustre_Laminate, Aslan_Red_Devil_Squeegee, Olfa_X_Design_Heavy_Duty_Knife, Lint-Free-Gloves, Masking_Tape_25mm, Aslan-Gold-Soft-Squeegee, Olfa_Graphic_Cutter, Swann_Morton_3_Handle, Swann_Morton_10A_Blades, Aslan_Squeegee, Float_On, Essential_Gloss_Laminate","Aslan_Red_Devil_Squeegee, Olfa_X_Design_Heavy_Duty_Knife, Lint-Free-Gloves, Masking_Tape_25mm, Aslan-Gold-Soft-Squeegee, Olfa_Graphic_Cutter, Swann_Morton_3_Handle, Swann_Morton_10A_Blades, Aslan_Squeegee, Float_On","A","superuser","ADHESIVE_HIGH_TACK, ADHESIVE_GREY","GRADE_MONOMERIC","SUITABILITY_FLAT, SUITABILITY_OUTDOOR_MEDIUM","","","","","","","","","","","ATP-GP412-Monomeric-High-Tack","0","monomeric, digital vinyl, vinyl, digital, print, high tack, ATP, 412







xerox,d-jet 100,




































","","","1512477934","0","","0","","CHECKBOX"
"AZ07_Light_Golden_Oak","AZ07 Walnut Ash","Cover Styl' AZ07","Cover_Styl","150","25","DEFAULT","","","","","0","Cover Styl' AZ07 Walnut Ash self-adhesive wood film. Buy it by the metre.

","<html>
<head>
<title>Cover Styl' AZ07 Walnut Ash</title></head>
<body>
<p><img style=""height: 76px; width: 300px;"" alt=""Cover Styl' logo""
src=""media/ecom/onpagegraphics/Coverstyl_Logo.png""></p>
<span style=""font-weight: bold; color: #588ec6;"">SUITABILITY:</span>
<p>This product is designed for interior application only and offers exceptional resistance to water, dirt, abrasion, UV rays and wear (yellowing, cracking, scaling, delamination). </p>
<span style=""font-weight: bold; color: #588ec6;"">MATERIAL CHARACTERISTICS:</span>
<ul><li>Grade: Polymeric</li>
<li>Thickness: 250 micron</li>
<li>Adhesive: Easy Apply Air Release</li>
<li>Appearance: Matt</li>
<li>Stretchable: Yes</li>
<li>Scratch Proof: Average</li>
</ul>
<p>Prices shown are per linear metre at 1220mm wide</p>
</body>
</html>","AZ07_Light_Golden_Oak.jpg","AZ07_Light_Golden_Oak.jpg, AZ07_Light_Golden_Oak_Office.jpg","INVITEMS","DEFAULT-AZ07_Light_Golden_Oak-DEFAULT-AZ07_Light_Golden_Oak","","","0","0","0","","1","REGONLY","0","0","0","0","","","","SELECT","SELECT","0","","","","","0","0","","income-service","","","0","0","","","","","Cover_Styl_Wood","Cover_Styl_Wood","","","0","Olfa_Graphic_Cutter, Olfa_X_Design_Heavy_Duty_Knife, Lint-Free-Gloves, Masking_Tape_25mm, Aslan_Squeegee, Swann_Morton_3_Handle, Swann_Morton_10A_Blades, Lint-Free-Cloths, Heavy-Duty-Application-Roller, Rollepro, 4075CT1220, Cover-Styl-Colour-Selector-Box","Olfa_Graphic_Cutter, Olfa_X_Design_Heavy_Duty_Knife, Lint-Free-Gloves, Masking_Tape_25mm, Aslan_Squeegee, Swann_Morton_3_Handle, Swann_Morton_10A_Blades, Lint-Free-Cloths, Heavy-Duty-Application-Roller, Rollepro, 4075CT1220, Cover-Styl-Colour-Selector-Box","A","superuser","ADHESIVE_SEMI_PERMANENT","GRADE_POLYPROPYLENE","","","","","","","","","","","","Cover-Styl-AZ07-Walnut-Ash","0","coverstyle, cover style, cover styl, cover styl'


","","","1627549412","0","","0","","CHECKBOX"
"B1_Light_Wenge","B1 Honey Maple","Cover Styl' B1","Cover_Styl","160","25","DEFAULT","","","","","0","Cover Styl' B1 Honey Maple self-adhesive wood film. Buy it by the metre.

","<html>
<head>
<title>Cover Styl B1 Honey Maple</title></head>
<body>
<p><img style=""height: 76px; width: 300px;"" alt=""Cover Styl' logo""
src=""media/ecom/onpagegraphics/Coverstyl_Logo.png""></p>
<span style=""font-weight: bold; color: #588ec6;"">SUITABILITY:</span>
<p>This product is designed for interior application only and offers exceptional resistance to water, dirt, abrasion, UV rays and wear (yellowing, cracking, scaling, delamination). </p>
<span style=""font-weight: bold; color: #588ec6;"">MATERIAL CHARACTERISTICS:</span>
<ul><li>Grade: Polymeric</li>
<li>Thickness: 250 micron</li>
<li>Adhesive: Easy Apply Air Release</li>
<li>Appearance: Matt</li>
<li>Stretchable: Yes</li>
<li>Scratch Proof: Average</li>
</ul>
<p>Prices shown are per linear metre at 1220mm wide</p>
</body>
</html>","B1_Light_Wenge.jpg","B1_Light_Wenge.jpg, B1_Light_Wenge_Bedroom.jpg","INVITEMS","DEFAULT-B1_Light_Wenge-DEFAULT-B1_Light_Wenge","","","0","0","0","","1","REGONLY","0","0","0","0","","","","SELECT","SELECT","0","","","","","0","0","","income-service","","","0","0","","","","","Cover_Styl_Wood","Cover_Styl_Wood","","","0","Olfa_Graphic_Cutter, Olfa_X_Design_Heavy_Duty_Knife, Lint-Free-Gloves, Masking_Tape_25mm, Aslan_Squeegee, Swann_Morton_3_Handle, Swann_Morton_10A_Blades, Lint-Free-Cloths, Heavy-Duty-Application-Roller, Rollepro, 4075CT1220, Cover-Styl-Colour-Selector-Box","Olfa_Graphic_Cutter, Olfa_X_Design_Heavy_Duty_Knife, Lint-Free-Gloves, Masking_Tape_25mm, Aslan_Squeegee, Swann_Morton_3_Handle, Swann_Morton_10A_Blades, Lint-Free-Cloths, Heavy-Duty-Application-Roller, Rollepro, 4075CT1220, Cover-Styl-Colour-Selector-Box","A","superuser","ADHESIVE_SEMI_PERMANENT","GRADE_POLYPROPYLENE","","","","","","","","","","","","Cover-Styl-B1-Honey-Maple","0","coverstyle, cover style, cover styl, cover styl'


","","","1627549690","0","","0","","CHECKBOX"
"B3_Light_Beech","B3 Natural Maple","Cover Styl' B3","Cover_Styl","170","25","DEFAULT","","","","","0","Cover Styl' B3 Natural Maple self-adhesive wood film. Buy it by the metre.

","<html>
<head>
<title>Cover Styl' B3 Natural Maple</title></head>
<body>
<p><img style=""height: 76px; width: 300px;"" alt=""Cover Styl' logo""
src=""media/ecom/onpagegraphics/Coverstyl_Logo.png""></p>
<span style=""font-weight: bold; color: #588ec6;"">SUITABILITY:</span>
<p>This product is designed for interior application only and offers exceptional resistance to water, dirt, abrasion, UV rays and wear (yellowing, cracking, scaling, delamination). </p>
<span style=""font-weight: bold; color: #588ec6;"">MATERIAL CHARACTERISTICS:</span>
<ul><li>Grade: Polymeric</li>
<li>Thickness: 250 micron</li>
<li>Adhesive: Easy Apply Air Release</li>
<li>Appearance: Matt</li>
<li>Stretchable: Yes</li>
<li>Scratch Proof: Average</li>
</ul>
<p>Prices shown are per linear metre at 1220mm wide</p>
</body>
</html>","B3_Light_Beech.jpg","B3_Light_Beech.jpg, B3_Light_Beech_Wall.jpg","INVITEMS","DEFAULT-B3_Light_Beech-DEFAULT-B3_Light_Beech","","","0","0","0","","1","REGONLY","0","0","0","0","","","","SELECT","SELECT","0","","","","","0","0","","income-service","","","0","0","","","","","Cover_Styl_Wood","Cover_Styl_Wood","","","0","Olfa_Graphic_Cutter, Olfa_X_Design_Heavy_Duty_Knife, Lint-Free-Gloves, Masking_Tape_25mm, Aslan_Squeegee, Swann_Morton_3_Handle, Swann_Morton_10A_Blades, Lint-Free-Cloths, Heavy-Duty-Application-Roller, Rollepro, 4075CT1220, Cover-Styl-Colour-Selector-Box","Olfa_Graphic_Cutter, Olfa_X_Design_Heavy_Duty_Knife, Lint-Free-Gloves, Masking_Tape_25mm, Aslan_Squeegee, Swann_Morton_3_Handle, Swann_Morton_10A_Blades, Lint-Free-Cloths, Heavy-Duty-Application-Roller, Rollepro, 4075CT1220, Cover-Styl-Colour-Selector-Box","A","superuser","ADHESIVE_SEMI_PERMANENT","GRADE_POLYPROPYLENE","","","","","","","","","","","","Cover-Styl'-B3-Natural-Maple","0","coverstyle, cover style, cover styl, cover styl'


","","","1627582559","0","","0","","CHECKBOX"
"B4_Pio_Light_Oak","B4 Weathered Oak","Cover Styl' B4","Cover_Styl","180","25","DEFAULT","","","","","0","Cover Styl' B4 Weathered Oak self-adhesive wood film. Buy it by the metre.

","<html>
<head>
<title>Cover Styl' B4 Weathered Oak</title></head>
<body>
<p><img style=""height: 76px; width: 300px;"" alt=""Cover Styl' logo""
src=""media/ecom/onpagegraphics/Coverstyl_Logo.png""></p>
<span style=""font-weight: bold; color: #588ec6;"">SUITABILITY:</span>
<p>This product is designed for interior application only and offers exceptional resistance to water, dirt, abrasion, UV rays and wear (yellowing, cracking, scaling, delamination). </p>
<span style=""font-weight: bold; color: #588ec6;"">MATERIAL CHARACTERISTICS:</span>
<ul><li>Grade: Polymeric</li>
<li>Thickness: 250 micron</li>
<li>Adhesive: Easy Apply Air Release</li>
<li>Appearance: Matt</li>
<li>Stretchable: Yes</li>
<li>Scratch Proof: Average</li>
</ul>
<p>Prices shown are per linear metre at 1220mm wide</p>
</body>
</html>","B4_Pio_Light_Oak.jpg","B4_Pio_Light_Oak.jpg, B4_Pio_Light_Oak_Wall.jpg","INVITEMS","DEFAULT-B4_Pio_Light_Oak-DEFAULT-B4_Pio_Light_Oak","","","0","0","0","","1","REGONLY","0","0","0","0","","","","SELECT","SELECT","0","","","","","0","0","","income-service","","","0","0","","","","","Cover_Styl_Wood","Cover_Styl_Wood","","","0","Olfa_Graphic_Cutter, Olfa_X_Design_Heavy_Duty_Knife, Lint-Free-Gloves, Masking_Tape_25mm, Aslan_Squeegee, Swann_Morton_3_Handle, Swann_Morton_10A_Blades, Lint-Free-Cloths, Heavy-Duty-Application-Roller, Rollepro, 4075CT1220, Cover-Styl-Colour-Selector-Box","Olfa_Graphic_Cutter, Olfa_X_Design_Heavy_Duty_Knife, Lint-Free-Gloves, Masking_Tape_25mm, Aslan_Squeegee, Swann_Morton_3_Handle, Swann_Morton_10A_Blades, Lint-Free-Cloths, Heavy-Duty-Application-Roller, Rollepro, 4075CT1220, Cover-Styl-Colour-Selector-Box","A","superuser","ADHESIVE_SEMI_PERMANENT","GRADE_POLYPROPYLENE","","","","","","","","","","","","Cover-Styl'-B4-Weathered-Oak","0","coverstyle, cover style, cover styl, cover styl'


","","","1627637435","0","","0","","CHECKBOX"
"B50_Creme_Wood","B50 Creme","Cover Styl' B50","Cover_Styl","230","25","DEFAULT","","","","","0","Cover Styl' B50 Creme self-adhesive wood film. Buy it by the metre.

","<html>
<head>
<title>Cover Styl' B50 Creme</title></head>
<body>
<p><img style=""height: 76px; width: 300px;"" alt=""Cover Styl' logo""
src=""media/ecom/onpagegraphics/Coverstyl_Logo.png""></p>
<span style=""font-weight: bold; color: #588ec6;"">SUITABILITY:</span>
<p>This product is designed for interior application only and offers exceptional resistance to water, dirt, abrasion, UV rays and wear (yellowing, cracking, scaling, delamination). </p>
<span style=""font-weight: bold; color: #588ec6;"">MATERIAL CHARACTERISTICS:</span>
<ul><li>Grade: Polymeric</li>
<li>Thickness: 250 micron</li>
<li>Adhesive: Easy Apply Air Release</li>
<li>Appearance: Matt</li>
<li>Stretchable: Yes</li>
<li>Scratch Proof: Average</li>
</ul>
<p>Prices shown are per linear metre at 1220mm wide</p>
</body>
</html>","B50_Creme_Wood.jpg","B50_Creme_Wood.jpg, B50_Creme_Wood_Office.jpg","INVITEMS","DEFAULT-B50_Creme_Wood-DEFAULT-B50_Creme_Wood","","","0","0","0","","1","REGONLY","0","0","0","0","","","","SELECT","SELECT","0","","","","","0","0","","income-service","","","0","0","","","","","Cover_Styl_Wood","Cover_Styl_Wood","","","0","Olfa_Graphic_Cutter, Olfa_X_Design_Heavy_Duty_Knife, Lint-Free-Gloves, Masking_Tape_25mm, Aslan_Squeegee, Swann_Morton_3_Handle, Swann_Morton_10A_Blades, Lint-Free-Cloths, Heavy-Duty-Application-Roller, Rollepro, 4075CT1220, Cover-Styl-Colour-Selector-Box","Olfa_Graphic_Cutter, Olfa_X_Design_Heavy_Duty_Knife, Lint-Free-Gloves, Masking_Tape_25mm, Aslan_Squeegee, Swann_Morton_3_Handle, Swann_Morton_10A_Blades, Lint-Free-Cloths, Heavy-Duty-Application-Roller, Rollepro, 4075CT1220, Cover-Styl-Colour-Selector-Box","A","superuser","ADHESIVE_SEMI_PERMANENT","GRADE_POLYPROPYLENE","","","","","","","","","","","","Cover-Styl'-B50-Creme","0","coverstyle, cover style, cover styl, cover styl'


","","","1627638767","0","","0","","CHECKBOX"
"B5_Medium_Beech","B5 Golden Beech","Cover Styl' B5","Cover_Styl","190","25","DEFAULT","","","","","0","Cover Styl' B5 Golden Beech self-adhesive wood film. Buy it by the metre.

","<html>
<head>
<title>Cover Styl' B5 Golden Beech</title></head>
<body>
<p><img style=""height: 76px; width: 300px;"" alt=""Cover Styl' logo""
src=""media/ecom/onpagegraphics/Coverstyl_Logo.png""></p>
<span style=""font-weight: bold; color: #588ec6;"">SUITABILITY:</span>
<p>This product is designed for interior application only and offers exceptional resistance to water, dirt, abrasion, UV rays and wear (yellowing, cracking, scaling, delamination). </p>
<span style=""font-weight: bold; color: #588ec6;"">MATERIAL CHARACTERISTICS:</span>
<ul><li>Grade: Polymeric</li>
<li>Thickness: 250 micron</li>
<li>Adhesive: Easy Apply Air Release</li>
<li>Appearance: Matt</li>
<li>Stretchable: Yes</li>
<li>Scratch Proof: Average</li>
</ul>
<p>Prices shown are per linear metre at 1220mm wide</p>
</body>
</html>","B5_Medium_Beech.jpg","B5_Medium_Beech.jpg, B5_Medium_Beech_Cabinet.jpg","INVITEMS","DEFAULT-B5_Medium_Beech-DEFAULT-B5_Medium_Beech","","","0","0","0","","1","REGONLY","0","0","0","0","","","","SELECT","SELECT","0","","","","","0","0","","income-service","","","0","0","","","","","Cover_Styl_Wood","Cover_Styl_Wood","","","0","Olfa_Graphic_Cutter, Olfa_X_Design_Heavy_Duty_Knife, Lint-Free-Gloves, Masking_Tape_25mm, Aslan_Squeegee, Swann_Morton_3_Handle, Swann_Morton_10A_Blades, Lint-Free-Cloths, Heavy-Duty-Application-Roller, Rollepro, 4075CT1220, Cover-Styl-Colour-Selector-Box","Olfa_Graphic_Cutter, Olfa_X_Design_Heavy_Duty_Knife, Lint-Free-Gloves, Masking_Tape_25mm, Aslan_Squeegee, Swann_Morton_3_Handle, Swann_Morton_10A_Blades, Lint-Free-Cloths, Heavy-Duty-Application-Roller, Rollepro, 4075CT1220, Cover-Styl-Colour-Selector-Box","A","superuser","ADHESIVE_SEMI_PERMANENT","GRADE_POLYPROPYLENE","","","","","","","","","","","","Cover-Styl'-B5-Golden-Beech","0","coverstyle, cover style, cover styl, cover styl'


","","","1627637628","0","","0","","CHECKBOX"
"B6_Brio_Light_Aragon","B6 Cashew Beech","Cover Styl' B6","Cover_Styl","200","25","DEFAULT","","","","","0","Cover Styl' B6 Cashew Beech self-adhesive wood film. Buy it by the metre.

","<html>
<head>
<title>Cover Styl' B6 Cashew Beech</title></head>
<body>
<p><img style=""height: 76px; width: 300px;"" alt=""Cover Styl' logo""
src=""media/ecom/onpagegraphics/Coverstyl_Logo.png""></p>
<span style=""font-weight: bold; color: #588ec6;"">SUITABILITY:</span>
<p>This product is designed for interior application only and offers exceptional resistance to water, dirt, abrasion, UV rays and wear (yellowing, cracking, scaling, delamination). </p>
<span style=""font-weight: bold; color: #588ec6;"">MATERIAL CHARACTERISTICS:</span>
<ul><li>Grade: Polymeric</li>
<li>Thickness: 250 micron</li>
<li>Adhesive: Easy Apply Air Release</li>
<li>Appearance: Matt</li>
<li>Stretchable: Yes</li>
<li>Scratch Proof: Average</li>
</ul>
<p>Prices shown are per linear metre at 1220mm wide</p>
</body>
</html>","B6_Brio_Light_Aragon.jpg","B6_Brio_Light_Aragon.jpg, B6_Brio_Light_Aragon_Cabinet.jpg","INVITEMS","DEFAULT-B6_Brio_Light_Aragon-DEFAULT-B6_Brio_Light_Aragon","","","0","0","0","","1","REGONLY","0","0","0","0","","","","SELECT","SELECT","0","","","","","0","0","","income-service","","","0","0","","","","","Cover_Styl_Wood","Cover_Styl_Wood","","","0","Olfa_Graphic_Cutter, Olfa_X_Design_Heavy_Duty_Knife, Lint-Free-Gloves, Masking_Tape_25mm, Aslan_Squeegee, Swann_Morton_3_Handle, Swann_Morton_10A_Blades, Lint-Free-Cloths, Heavy-Duty-Application-Roller, Rollepro, 4075CT1220, Cover-Styl-Colour-Selector-Box","Olfa_Graphic_Cutter, Olfa_X_Design_Heavy_Duty_Knife, Lint-Free-Gloves, Masking_Tape_25mm, Aslan_Squeegee, Swann_Morton_3_Handle, Swann_Morton_10A_Blades, Lint-Free-Cloths, Heavy-Duty-Application-Roller, Rollepro, 4075CT1220, Cover-Styl-Colour-Selector-Box","A","superuser","ADHESIVE_SEMI_PERMANENT","GRADE_POLYPROPYLENE","","","","","","","","","","","","Cover-Styl-B6-Cashew-Beech","0","coverstyle, cover style, cover styl, cover styl'


","","","1627638410","0","","0","","CHECKBOX"
"B8_Golden_Oak","B8 Heritage Oak","Cover Styl' B8","Cover_Styl","210","25","DEFAULT","","","","","0","Cover Styl' B8 Heritage Oak self-adhesive wood film. Buy it by the metre.

","<html>
<head>
<title>Cover Styl' B8 Heritage Oak</title></head>
<body>
<p><img style=""height: 76px; width: 300px;"" alt=""Cover Styl' logo""
src=""media/ecom/onpagegraphics/Coverstyl_Logo.png""></p>
<span style=""font-weight: bold; color: #588ec6;"">SUITABILITY:</span>
<p>This product is designed for interior application only and offers exceptional resistance to water, dirt, abrasion, UV rays and wear (yellowing, cracking, scaling, delamination). </p>
<span style=""font-weight: bold; color: #588ec6;"">MATERIAL CHARACTERISTICS:</span>
<ul><li>Grade: Polymeric</li>
<li>Thickness: 250 micron</li>
<li>Adhesive: Easy Apply Air Release</li>
<li>Appearance: Matt</li>
<li>Stretchable: Yes</li>
<li>Scratch Proof: Average</li>
</ul>
<p>Prices shown are per linear metre at 1220mm wide</p>
</body>
</html>","B8_Golden_Oak.jpg","B8_Golden_Oak.jpg, B8_Golden_Oak_Kitchen.jpg","INVITEMS","DEFAULT-B8_Golden_Oak-DEFAULT-B8_Golden_Oak","","","0","0","0","","1","REGONLY","0","0","0","0","","","","SELECT","SELECT","0","","","","","0","0","","income-service","","","0","0","","","","","Cover_Styl_Wood","Cover_Styl_Wood","","","0","Olfa_Graphic_Cutter, Olfa_X_Design_Heavy_Duty_Knife, Lint-Free-Gloves, Masking_Tape_25mm, Aslan_Squeegee, Swann_Morton_3_Handle, Swann_Morton_10A_Blades, Lint-Free-Cloths, Heavy-Duty-Application-Roller, Rollepro, 4075CT1220, Cover-Styl-Colour-Selector-Box","Olfa_Graphic_Cutter, Olfa_X_Design_Heavy_Duty_Knife, Lint-Free-Gloves, Masking_Tape_25mm, Aslan_Squeegee, Swann_Morton_3_Handle, Swann_Morton_10A_Blades, Lint-Free-Cloths, Heavy-Duty-Application-Roller, Rollepro, 4075CT1220, Cover-Styl-Colour-Selector-Box","A","superuser","ADHESIVE_SEMI_PERMANENT","GRADE_POLYPROPYLENE","","","","","","","","","","","","Cover-Styl-B8-Heritage-Oak","0","coverstyle, cover style, cover styl, cover styl'


","","","1627638543","0","","0","","CHECKBOX"
"Backing_Cutter","Backing Cutter","BAC","SOTT","120","10","DEFAULT","","","","","0","Make applying vinyl easier by cutting away waste backing liner.  This little tool glides easily between vinyl and paper liner without sticking to the adhesive.
","<html>

<title><head>Backing Cutter></title></head>

<body>

<p>Make applying vinyl easier by cutting away waste backing liner.</p>
<p>This little tool glides easily between vinyl and paper liner without sticking to the adhesive.</p>
<p>The handle is longer than conventional slitters and provides better grip.</p>

</body>

</html>
","Backing_Cutter.jpg","Backing_Cutter.jpg","INVITEMS","DEFAULT-Backing_Cutter-DEFAULT-Backing_Cutter","","","0","0","0","","1","REGONLY","0","0","0","0","","","","SELECT","SELECT","0","","","","","0","0","","income-service","","","0","0","","","","","Knives_Cutting_Tools","Application_Tools, Vehicle_Wrap_Tools, Weeding_Handling_Tools, Knives_Cutting_Tools, Stencil-Film-Accessories","","","0","Backing_Cutter_Spare_Blades","Backing_Cutter_Spare_Blades","A","","","","","","","","","","","","","","","Backing-Cutter","0","backing, slitter, cutter","","","1640194414","0","","0","","CHECKBOX"
"Backing_Cutter_Spare_Blades","Spare Blades for Backing Cutter","BAC2","SOTT","120","2","DEFAULT","","","","","0","5 spare blades for the super handy Backing Cutter - the little tool glides easily between vinyl and paper liner without sticking to the adhesive.
","<html><head><title>Backing Cutter Spare Blades</title></head>
<body>
<p>5 spare blades for the super handy Backing Cutter - the little tool glides easily between vinyl and paper liner without sticking to the adhesive.</p>
</body></html>","Backing_Cutter_Spare_Blades.jpg","Backing_Cutter_Spare_Blades.jpg","INVITEMS","DEFAULT-Backing_Cutter_Spare_Blades-DEFAULT-Backing_Cutter_Spare_Blades","","","0","0","0","","1","REGONLY","0","0","0","0","","","","SELECT","SELECT","0","","","","","0","0","","income-service","","","0","0","","","","","Knives_Cutting_Tools","Knives_Cutting_Tools","","","0","","","A","","","","","","","","","","","","","","","","0","backing, slitter, cutter","","","1640195187","0","","0","","CHECKBOX"
"Banner_Bungees","Pack of 12 White Banner Bungees","BUNG","Doro_Tape","140","6","DEFAULT","","","","","0","Elasticated 4mm white polypropylene banner bungees for fixing and securing banners and other signage. 200mm from tip to tip when relaxed and extends up to 200% when stretched. Choose from T-Bar or Ball End. Price shown is for a pack of 12.","<html>

<title><head>Pack of 12 White Banner Bungees</title></head>

<body>

<p>Elasticated 4mm white polypropylene banner bungees for fixing and securing banners and other signage.</p>
<p> 200mm from tip to tip when relaxed and extends up to 200% when stretched.</p>
<ul><li>T-Bar End is 42mm long</li>
<li>Ball End has 19mm diameter</li></ul>

<p>Price shown is for a pack of 12.</p>

</body>

</html>","Bungees.jpg","Bungees.jpg","INVITEMS","DEFAULT-Banner_Bungees-DEFAULT-Banner_Bungees","","","0","0","0","","1","REGONLY","0","0","0","0","","","","SELECT","SELECT","0","","","","","0","0","","income-service","","","0","0","","","","","Banner_Fixings","Banner_Fixings","","","0","","","A","","","","","","","","","","","","","","","","0","banner,bungees,bungee,elasticated,","","","1519668154","0","","0","","CHECKBOX"
"Banner_Bungees_Black","Pack of 12 Black Banner Bungees","BUNG","Doro_Tape","145","6","DEFAULT","","","","","0","Elasticated 5mm black polypropylene banner bungees for fixing and securing banners and other signage. 200mm from tip to tip when relaxed and extends up to 200% when stretched. Choose from T-Bar or Ball End. Price shown is for a pack of 12.","<html>

<title><head>Pack of 12 Black Banner Bungees</title></head>

<body>

<p>Elasticated 5mm black polypropylene banner bungees for fixing and securing banners and other signage.</p>
<p> 200mm from tip to tip when relaxed and extends up to 200% when stretched.</p>
<ul><li>T-Bar End is 42mm long</li>
<li>Ball End has 19mm diameter</li></ul>

<p>Price shown is for a pack of 12.</p>

</body>

</html>","Bungees_Black.jpg","Bungees_Black.jpg","INVITEMS","DEFAULT-Banner_Bungees_Black-DEFAULT-Banner_Bungees_Black","","","0","0","0","","1","REGONLY","0","0","0","0","","","","SELECT","SELECT","0","","","","","0","0","","income-service","","","0","0","","","","","Banner_Fixings","Banner_Fixings","","","0","","","A","","","","","","","","","","","","","","","","0","banner,bungees,bungee,elasticated,","","","1717503271","0","","0","","CHECKBOX"
"Banner_Hemming_Tape","Banner Hemming Tape","46525","DEFAULT","30","12","DEFAULT","","","","","0","This double sided Hemming Tape has a high tack solvent based adhesive with excellent resistance to UV and plasticizers making it suitable for holding the folded banner edges while adding the eyelets.  Roll size: 25mm x 50m","<head><title>Banner Hemming Tape</title>

<p>Banner Hemming Tape is a high-performance multipurpose clear double-sided tape for exterior use.</p>

<span style=""font-weight: bold; color: #d7328a;"">Structure:</span><br>
<ul><li>0.215-0.225mm Transparent mylar tape
<li>High performance solvent acrylic adhesive
<li>Transparent red MOPP liner - 0.08mm
</li></ul>

<span style=""font-weight: bold; color: #d7328a;"">Suitability:</span><br>
<ul><li>Suitable for indoor and outdoor mounting applications.
<li>Great choice for hemming banners.
<li>Ideal for signs, nameplates and industrial components and extrusion made of plastics and rubber.
<li>Alternative to Tesa 4965.
</li></ul>

<span style=""font-weight: bold; color: #d7328a;"">Advantages:</span><br>
<ul><li>High grab for instant adhesion.
<li>Only 220 micron so perfect where a flush finish is required.
<li>UV, plasticiser and water resistant.
<li>Clear polyester carrier gives a high degree of transparency.
<li>High coat weight means this tape bonds quickly to flat porous and fibrous surfaces.
<li>Does not tear or fracture under stress.
<li>Service temperature range is -20°C to 120°C for all weathers and situations.
</li></ul>

<span style=""font-weight: bold; color: #d7328a;"">Technical Information:</span><br>
<ul>
<a href=""media/ecom/pdfs/datasheets/Doro-Fix-465.pdf"" target=""_blank""><img style=""border: 0px solid ; width: 200px; height: 60px;"" alt=""Doro-Fix 465 Datasheet""
src=""media/ecom/onpagegraphics/Datasheet.png""></a></ul><br>

<p><b>Prices are per 50m roll</b></p>

</body>","1880_BA_HEMTAPE.jpg","1880_BA_HEMTAPE.jpg","INVITEMS","DEFAULT-Banner_Hemming_Tape-DEFAULT-Banner_Hemming_Tape","","","0","0","0","","1","REGONLY","0","0","0","0","","","","SELECT","SELECT","0","","","","","0","0","","income-service","","","0","0","","","","","Banner_Fixings","Banner_Fixings","","","0","","","A","","","","","","","","","","","","","","","","0","Tesa, Tape, 4965, Banner Hemming Tape, Hemming Tape, Banner Tape, fix, 465, double sided tape, double-sided tape, high tack tape, ","","","1624960910","0","","0","","CHECKBOX"
"BA_EYERING","1000 Brass Eyelets and Rings 9mm","EYE","Doro_Tape","70","116","DEFAULT","","","","","0","9mm internal diameter brass eyelets & rings for use with our Eyelet Puncher for professional banner finishing.","9mm internal diameter brass eyelets & rings for use with our Eyelet Puncher for professional banner finishing.","eyelet.jpg","Eyelet.jpg","INVITEMS","DEFAULT-BA_EYERING-DEFAULT-Brass-Eyelets","","","0","0","0","","1","REGONLY","0","0","0","0","","","","SELECT","SELECT","0","","BA_EYE_ONLY_SIZE","","","0","0","","income-service","","","0","0","","","","","Banner_Fixings","","","","0","Eyelet_Press","Eyelet_Press","A","","","","","","","","","","","","","","","","0","","","","1529332962","0","","0","","CHECKBOX"
"BBL9201250","ASLAN BBL920 PVC FREE Blackboard Film :: 1250mm Wide","BBL920","Aslan","100","21","DEFAULT","","","","","0","ASLAN BBL920 'PVC Free' Blackboard Film for use with chalk and liquid chalk pens. Special easy to apply adhesive.  Buy it by the metre.","<html>

<head><title>ASLAN BBL920 PVC Free Blackboard Film</title></head>
<body>


<style>
.responsive {
  width: 50%;
  height: auto;
}
</style>


<img style=""width: 250px; height: 53px;"" alt=""Aslan Logo"" src=""media/ecom/onpagegraphics/ASLAN_Logo_New.jpg"" class=""responsive""><br><br>

<p>ASLAN BBL920 PVC Free Blackboard Film is a hard wearing, scratch and solvent resistant material allowing endless decoration and writings to be wiped clean without leaving any ghosting or shadows. </p>

<span style=""font-weight: bold; color: #d7328a;"">Structure:</span><br>
<ul><li>80<span>&#181;</span>m Polypropylene with special coating</li>
<li>Water based acrylic adhesive - Permanent</li>
<li>Embossed silicone paper liner, PE coated on both sides - 130g/m<sup>2</sup>
</li></ul>

<span style=""font-weight: bold; color: #d7328a;"">Suitability:</span><br>
<ul><li>Suitable for restaurants and bars, schools, offices, home and retail environments</li>
<li>Ideal for regular chalk and liquid chalk pens</li>
<li>Outdoor durability of up to 2 years</li>
<li>Suitable for dry application only
</li></ul>

<span style=""font-weight: bold; color: #d7328a;"">Advantages:</span><br>
<ul><li>Airflow adhesive for effortless bubble free application</li>
<a><img style=""border: 0px solid ; width: 75px; height: 75px; float: right;"" alt=""pvc free""
src=""media/ecom/onpagegraphics/PVC_free_logo.png""></a>
<li>Scratch and solvent resistance surface</li>
<li>Compatible with UV printing</li>
<li>Ideal on signs and A-boards for use outside</li>
<li>Easily cleaned without leaving ghosting or shadows</li>
<li>Can be cut to any size and shape for bespoke blackboard applications
</li></ul><br>

<span style=""font-weight: bold; color: #d7328a;"">Ink Compatibility:</span><br>
<ul>
<img style=""margin: 0px 5px 0px 0px; width: 22px; height: 37px;"" alt=""UV Ink""
src=""media/ecom/onpagegraphics/Ink-UV.png"">UV</ul>

<span style=""font-weight: bold; color: #d7328a;"">Technical Information:</span><br>
<ul>
<a href=""media/ecom/pdfs/datasheets/PremiumBlackboard_ASLAN_BBL920_e.pdf""
target=""_blank""><img style=""border: 0px solid ; width: 200px; height: 60px;"" alt=""Aslan BBL920 Datasheet""
src=""media/ecom/onpagegraphics/Datasheet.png""></a></ul>

<p style=""font-weight: bold; font-size: 0.9em;"">Prices shown are per linear metre at 1250mm wide</p>

</body>

</html>
","Blackboard-PP-Dryapply-ASLAN-BBL-920.png","Blackboard-PP-Dryapply-ASLAN-BBL-920.png","INVITEMS","DEFAULT-BBL9201250-DEFAULT-BBL9201250","","","0","0","0","","1","REGONLY","0","0","0","0","","","","SELECT","SELECT","0","","","","","0","0","","income-service","","","0","0","FEAT1","","","","Blackboard_Whiteboard","Blackboard_Whiteboard, PVC_Free_Materials","","","0","Liquid-Chalk-Pen, Olfa_X_Design_Heavy_Duty_Knife, Lint-Free-Gloves, Aslan-Gold-Soft-Squeegee, Olfa_Graphic_Cutter,","Liquid-Chalk-Pen, Olfa_X_Design_Heavy_Duty_Knife, Lint-Free-Gloves, Aslan-Gold-Soft-Squeegee, Olfa_Graphic_Cutter,","N","","ADHESIVE_AIRFLOW","GRADE_POLYPROPYLENE","SUITABILITY_BLACKBOARD","","","","","","","","","","","ASLAN-BBL920","0","blackboard,dry wipe,chalkboard,chalk, ASLAN, BBL920, PVC FREE, blackboard film, ASLAN BBL920","","","1559917531","0","","0","","CHECKBOX"
"Blue_Masking_Tape_25mm","Blue Masking Tape :: 25mm x 50m","MTBLUE1","Doro_Tape","15","0","DEFAULT","","","","","0","Easy to remove blue masking tape peels off cleanly from a wide variety of surfaces.","<html>

<head><title>Blue Masking Tape</title></head>

<body>

<p>This heat resistant and weatherproof blue masking tape is becoming the natural choice for the professional signmaker due to its ability to remove cleanly from a wide variety of surfaces.</p>

<span style=""font-weight: bold; color: #d7328a;"">Structure:</span><br>
<ul><li>Blue paper</li>
<li>Water based rubber adhesive
</li></ul>

<span style=""font-weight: bold; color: #d7328a;"">Suitability:</span><br>
<ul><li>Perfect for lining up jobs before application</li>
<li>Ideal for preventing spoil when paint spraying
</li></ul>

<span style=""font-weight: bold; color: #d7328a;"">Advantages:</span><br>
<ul>
<li>Easy to tear by hand</li>
<li>Low tack adhesive for quick, clean removal</li>
<li>Excellent UV resistant</li>
<li>Clean removability for up to 14 days
</li></ul>

<span style=""font-weight: bold; color: #d7328a;"">Technical Information:</span>
<ul><a href=""media/ecom/pdfs/datasheets/Blue-Masking-Tape.pdf"" target=""_blank""><img style=""border: 0px solid ; width: 200px; height: 60px;"" alt=""Blue masking Tape Datasheet""
src=""media/ecom/onpagegraphics/Datasheet.png""></a></ul>

<p><b>Prices are per 25mm x 50m roll</b></p>
</body>

</html>","Blue-Mask.jpg","Blue-Mask.jpg","INVITEMS","DEFAULT-Blue_Masking_Tape_25mm-DEFAULT-Blue_Masking_Tape_25mm","","","0","0","0","","1","REGONLY","0","0","0","0","","","","SELECT","SELECT","0","","","","","0","0","","income-service","","","0","0","","","","","Tapes","Tapes","","","0","","","A","","","","","","","","","","","","","","","","0","masking, tape, mask, blue mask, blue masking, blue tape, mask tape, masking tape, paint tape, painters tape, decorators tape, ","","","1513859755","0","","0","","CHECKBOX"
"Blue_Masking_Tape_50mm","Blue Masking Tape :: 50mm x 50m","MTBLUE2","Doro_Tape","20","0","DEFAULT","","","","","0","Easy to remove blue masking tape peels off cleanly from a wide variety of surfaces.","<html>

<head><title>Blue Masking Tape</title></head>

<body>

<p>This heat resistant and weatherproof blue masking tape is becoming the natural choice for the professional signmaker due to its ability to remove cleanly from a wide variety of surfaces.</p>

<span style=""font-weight: bold; color: #d7328a;"">Structure:</span><br>
<ul><li>Blue paper</li>
<li>Water based rubber adhesive
</li></ul>

<span style=""font-weight: bold; color: #d7328a;"">Suitability:</span><br>
<ul><li>Perfect for lining up jobs before application</li>
<li>Ideal for preventing spoil when paint spraying
</li></ul>

<span style=""font-weight: bold; color: #d7328a;"">Advantages:</span><br>
<ul>
<li>Easy to tear by hand</li>
<li>Low tack adhesive for quick, clean removal</li>
<li>Excellent UV resistant</li>
<li>Clean removability for up to 14 days
</li></ul>

<span style=""font-weight: bold; color: #d7328a;"">Technical Information:</span>
<ul><a href=""media/ecom/pdfs/datasheets/Blue-Masking-Tape.pdf"" target=""_blank""><img style=""border: 0px solid ; width: 200px; height: 60px;"" alt=""Blue masking Tape Datasheet""
src=""media/ecom/onpagegraphics/Datasheet.png""></a></ul>

<p><b>Prices are per 50mm x 50m roll</b></p>
</body>
</html>","Blue-Mask.jpg","Blue-Mask.jpg","INVITEMS","DEFAULT-Blue_Masking_Tape_50mm-DEFAULT-Blue_Masking_Tape_50mm","","","0","0","0","","1","REGONLY","0","0","0","0","","","","SELECT","SELECT","0","","","","","0","0","","income-service","","","0","0","","","","","Tapes","Tapes, Stencil-Film-Accessories","","","0","","","A","","","","","","","","","","","","","","","","0","masking, tape, mask, blue mask, blue masking, blue tape, mask tape, masking tape, paint tape, painters tape, decorators tape, ","","","1513859993","0","","0","","CHECKBOX"
"Blue_Max","SOTT BlueMax Squeegee","BLUEMAX","SOTT","82","9","DEFAULT","","","","","0","The SOTT BlueMax is simply the best squeegee on the market for wet application of window films. No other squeegee can rival it for removing moisture from under the film. Fits the Fusion 5 handle for the ultimate professional fitting tool.  125mm x 50mm.","<html>

<title><head>SOTT BlueMax Squeegee</title></head>

<body>

<p>The SOTT BlueMax is simply the best squeegee on the market for wet application of window films.</p>
<p>No other squeegee can rival it for removing moisture from under the film.</p>
<p>Fits the Fusion 5 handle for the ultimate professional fitting tool.</p>
<p>Size:  125mm x 50mm.</p>

</body>

</html>

","SOTT-BlueMax.jpg","SOTT-BlueMax.jpg","INVITEMS","DEFAULT-Blue_Max-DEFAULT-Blue_Max","","","0","0","0","","1","REGONLY","0","0","0","0","","","","SELECT","SELECT","0","","","","","0","0","","income-service","","","0","0","","","","","Application_Tools","Application_Tools","","","0","Fusion_5, Softline_Turbo_Squeegee","","A","","","","","","","","","","","","","","","SOTT-BlueMax","0","blue, max, bluemax, squeegee","","The Blue Max is simply the best squeegee on the market for wet application of vinyl and films.","1594393636","0","","0","","CHECKBOX"
"BN-20_Digital_Artist_Canvas","Art Grade Cotton Canvas :: 500mm x 15m","CANUNI","DEFAULT","120","53","DEFAULT","","","","","0","True artist grade cotton canvas material for Roland BN-20.  Price is per roll - 500mm x 15m









","<head><title>Universal Canvas</title>


<p>Universal Canvas is a quick drying natural cotton / polyester material designed for true art grade canvas'. </p>

<span style=""font-weight: bold; color: #d7328a;"">Structure:</span><br>
<ul><li>330gsm (70<span>&#181;</span>m) Cotton/Polyester fabric
</li></ul>

<a><img style=""border: 0px solid ; width: 75px; height: 75px; float: right;"" alt=""pvc free""
src=""media/ecom/onpagegraphics/PVC_free_logo.png""></a>

<span style=""font-weight: bold; color: #d7328a;"">Suitability:</span><br>
<ul><li>Perfect for professional canvas prints as well as a textile wallpaper
<li>Ideal for exhibition and theatre decoration
<li>Can also be used for banners
<li>Internal application only
<li>Compatible with Eco Solvent, Solvent, Latex and UV inks</ul></li>

<span style=""font-weight: bold; color: #d7328a;"">Advantages:</span><br>
<ul><li>Tearproof material
<li>High linen weave creates a rich, textured surface that adds a premium look to the fabric
<li>High opacity, matt white finish for stand out displays
<li>Doesn't fray around the edges when cut
</li></ul>

<span style=""font-weight: bold; color: #d7328a;"">Ink Compatibility:</span>
<ul>
<img style=""margin: 0px 5px 0px 0px; width: 15px; height: 25px;"" alt=""Eco-Sol Ink""
src=""media/ecom/onpagegraphics/Ink-EcoSol.png"">Eco-solvent &nbsp;&nbsp;
<img style=""margin: 0px 5px 0px 0px; width: 15px; height: 25px;"" alt=""Sol Ink""
src=""media/ecom/onpagegraphics/Ink-Sol.png"">Solvent &nbsp;&nbsp;
<img style=""margin: 0px 5px 0px 0px; width: 15px; height: 25px;"" alt=""Latex""
src=""media/ecom/onpagegraphics/Ink-Latex.png"">Latex &nbsp;&nbsp;
<img style=""margin: 0px 5px 0px 0px; width: 15px; height: 25px;"" alt=""UV Ink""
src=""media/ecom/onpagegraphics/Ink-UV.png"">UV &nbsp;&nbsp;
</ul>

<span style=""font-weight: bold; color: #d7328a;"">Technical Information:</span>
<ul><a href=""media/ecom/pdfs/datasheets/Universal-Canvas.pdf"" target=""_blank""><img
style=""border: 0px solid ; width: 200px; height: 60px;"" alt=""Universal Canvas Datasheet""
src=""media/ecom/onpagegraphics/Datasheet.png""></a>
<a href=""https://www.dorotape.co.uk/Print-Profiles-User-Guide""
target=""_blank""><img style=""width: 200px; height: 60px;"" alt=""printing profile guide""
src=""media/ecom/onpagegraphics/Profile.png""></a></ul>
<br>
<p><p style=""font-weight: bold; font-size: 1.0em;"">Prices shown are per 15 metre roll at 500mm wide</p>
</body>","Universal_Canvas.jpg","Universal_Canvas.jpg","INVITEMS","DEFAULT-BN-20_Digital_Artist_Canvas-DEFAULT-BN-20_Digital_Artist_Canvas","","","0","0","0","","1","REGONLY","0","0","0","0","","","","SELECT","SELECT","0","","","","","0","0","","income-service","","","0","0","","","","","Roland_BN-20_Media","Roland_BN-20_Media","","","0","Olfa_Rotary_Knife, Olfa_Cutting_Matt_A3, ArtWrap-Bracket-Stand, ArtWrap-Canvas-12x12, ArtWrap-Float-Frame-12x16, ArtWrap-Stapler","Olfa_Rotary_Knife, Olfa_Cutting_Matt_A3, ArtWrap-Bracket-Stand, ArtWrap-Canvas-12x12, ArtWrap-Float-Frame-12x16, ArtWrap-Stapler","A","superuser","","","","","","","","","","","","","","","0","banner,digital banner,printable banner,digitally printable banner,large format printable banner,frontlit banner,frontlit,laminated,laminated banner,440gsm banner,440gsm,

































","","","1499767761","0","","0","","CHECKBOX"
"BN-20_Digital_Banner_440gsm","440gsm Digital Print Banner :: 500mm x 30m","DIGBA440","DEFAULT","110","39","DEFAULT","","","","","0","440gsm digital print banner material for Roland BN-20.  Price is per roll - 500mm x 30m









","<html>
<head>
<meta content=""text/html; charset=ISO-8859-1"" http-equiv=""content-type"">
<title>BN-20_Banner</title>
440gsm digital print banner material for Roland BN-20
<br><b>500mm x 30m</b><br><br>
<span style=""font-weight: bold; color: rgb(159, 198, 62);"">SUITABILTY:</span><br>
Ideal for low cost digitally printed banners for use both internally
and externally.
</body>
</html>","DBBO.jpg","DBBO.jpg","INVITEMS","DEFAULT-BN-20_Digital_Banner_440gsm-DEFAULT-BN-20_Digital_Banner_440gsm","","","0","0","0","","1","REGONLY","0","0","0","0","","","","SELECT","SELECT","0","","","","","0","0","","income-service","","","0","0","","","","","Roland_BN-20_Media","Roland_BN-20_Media","","","0","Banner_Bungees, Banner_Hemming_Tape, Banner_Rope, Edge_Tabs, Power_Punch, Power_Tabs, Power_Tape, Eyelet_Press, Eyelet_Kit, Double-Sided-Edge-It-Tape","Banner_Bungees, Banner_Hemming_Tape, Banner_Rope, Edge_Tabs, Power_Punch, Power_Tabs, Power_Tape, Eyelet_Press, Eyelet_Kit, Double-Sided-Edge-It-Tape","A","superuser","","","","","","","","","","","","","","","0","banner,digital banner,printable banner,digitally printable banner,large format printable banner,frontlit banner,frontlit,laminated,laminated banner,440gsm banner,440gsm,

































","","","1507633708","0","","0","","CHECKBOX"
"BN-20_Digital_Canvas","Polyester Canvas :: 500mm x 25m","CANPOL","Doro_Tape","130","40","DEFAULT","","","","","0","Digital print polyester canvas material for Roland BN-20.  Price is per roll - 500mm x 25m









","<head><title>Polyester Canvas</title>


<p>Polyester Canvas is an economical water resistant 260gsm polyester canvas fabric with a whiter, smoother finish compared to the Universal fine art canvas.</p>

<span style=""font-weight: bold; color: #d7328a;"">Structure:</span><br>
<ul><li>260gsm (75<span>&#181;</span>m) Polyester fabric
</li></ul>

<a><img style=""border: 0px solid ; width: 75px; height: 75px; float: right;"" alt=""pvc free""
src=""media/ecom/onpagegraphics/PVC_free_logo.png""></a>

<span style=""font-weight: bold; color: #d7328a;"">Suitability:</span><br>
<ul><li>Perfect for art reproductions and displays
<li>Ideal for exhibition and theatre decoration
<li>Internal application only
<li>Compatible with Eco Solvent, Solvent, Latex and UV inks</li></ul>

<span style=""font-weight: bold; color: #d7328a;"">Advantages:</span><br>
<ul><li>Whiter, smoother finish compared to Universal fine art canvas
<li>High opacity, matt white finish for stand out displays
<li>Polyester weave can be stretched without cracking
</li></ul>

<span style=""font-weight: bold; color: #d7328a;"">Ink Compatability:</span>
<ul>
<img style=""margin: 0px 5px 0px 0px; width: 15px; height: 25px;"" alt=""Eco-Sol Ink""
src=""media/ecom/onpagegraphics/Ink-EcoSol.png"">Eco-solvent &nbsp;&nbsp;
<img style=""margin: 0px 5px 0px 0px; width: 15px; height: 25px;"" alt=""Sol Ink""
src=""media/ecom/onpagegraphics/Ink-Sol.png"">Solvent &nbsp;&nbsp;
<img style=""margin: 0px 5px 0px 0px; width: 15px; height: 25px;"" alt=""Latex""
src=""media/ecom/onpagegraphics/Ink-Latex.png"">Latex &nbsp;&nbsp;
<img style=""margin: 0px 5px 0px 0px; width: 15px; height: 25px;"" alt=""UV Ink""
src=""media/ecom/onpagegraphics/Ink-UV.png"">UV &nbsp;&nbsp;
</ul>

<span style=""font-weight: bold; color: #d7328a;"">Technical Information:</span>
<ul><a href=""media/ecom/pdfs/datasheets/Poly-Canvas.pdf"" target=""_blank""><img style=""border: 0px solid ; width: 200px; height: 60px;"" alt=""Polyester Canvas Datasheet"" src=""media/ecom/onpagegraphics/Datasheet.png""></a>
<a href=""https://www.dorotape.co.uk/Print-Profiles-User-Guide""
target=""_blank""><img style=""width: 200px; height: 60px;"" alt=""printing profile guide""
src=""media/ecom/onpagegraphics/Profile.png""></a></ul>
<br>
<p><p style=""font-weight: bold; font-size: 1.0em;"">Prices shown are per 25 metre roll at 500mm wide</p>
</body>","Poly_Canvas.jpg","Poly_Canvas.jpg","INVITEMS","DEFAULT-BN-20_Digital_Canvas-DEFAULT-BN-20_Digital_Canvas","","","0","0","0","","1","REGONLY","0","0","0","0","","","","SELECT","SELECT","0","","","","","0","0","","income-service","","","0","0","","","","","Roland_BN-20_Media","Roland_BN-20_Media","","","0","Olfa_Rotary_Knife, Olfa_Cutting_Matt_A3, ArtWrap-Bracket-Stand, ArtWrap-Canvas-12x12, ArtWrap-Float-Frame-12x16, ArtWrap-Stapler","Olfa_Rotary_Knife, Olfa_Cutting_Matt_A3, ArtWrap-Bracket-Stand, ArtWrap-Canvas-12x12, ArtWrap-Float-Frame-12x16, ArtWrap-Stapler","A","superuser","","","","","","","","","","","","","","","0","banner,digital banner,printable banner,digitally printable banner,large format printable banner,frontlit banner,frontlit,laminated,laminated banner,440gsm banner,440gsm,

































","","","1499767540","0","","0","","CHECKBOX"
"BN-20_Digital_Laminate_3YEAR","PP810 Economy Gloss Laminating Film :: 500mm x 50m","PP810","Poli-Tape","85","57","DEFAULT","","","","","0","Economy grade clear gloss laminate for protection of digitally printed 3 year vinyl.  Price is per roll - 500mm x 50m









","<html>

<head><title>Poli Print 810</title></head>
<body>
<p>Poli-Print 810 is a 4 year gloss transparent 80 micron monomeric self-adhesive digital printing vinyl with a transparent permanent adhesive. </p>

<span style=""font-weight: bold; color: #d7328a;"">Structure:</span><br>
<ul><li>80<span>&#181;</span>m gloss transparent monomeric soft PVC</li>
<li>Transparent acrylic dispersion adhesive - Permanent</li>
<li>Silicone coated paper liner  - 135g/m<sup>2</sup>
</li></ul>

<span style=""font-weight: bold; color: #d7328a;"">Suitability:</span><br>
<ul><li>Perfect for creating short to medium term graphics on flat or slightly curved surfaces</li>
<li>Suitable for indoor and outdoor signage, exhibition and event graphics as well as for short term vehicle graphics</li>
<li>A great choice for volume production of stickers and labels</li>
<li>Suitable for dry and wet application</li>
<li>Up to 4 years durability (unprinted)
</li></ul>

<span style=""font-weight: bold; color: #d7328a;"">Advantages:</span><br>
<ul><li>Soft face film means easy weeding</li>
<li>Excellent lay flat properties</li>
<li>Consistantly high quality from top name German manufacturer Poli-Tape</li>
<li>Fire Rated to Euroclass DIN EN 13501-1:2019-05 with classification B-s1-d0</li><br>
<img style=""border: 0px solid ; width: 50px; height: 50px; alt=""reward points logo""
src=""media/ecom/onpagegraphics/Reward_Logo.png""><span style=""font-weight: bold; color: #ef7d00;"">Earn Reward Points every time you buy this product</span></ul>


<span style=""font-weight: bold; color: #d7328a;"">Ink Compatibility:</span><br>
<ul>
<img style=""margin: 0px 5px 0px 0px; width: 15px; height: 25px;"" alt=""Eco-Sol Ink""
src=""media/ecom/onpagegraphics/Ink-EcoSol.png"">Eco-solvent &nbsp;&nbsp;
<img style=""margin: 0px 5px 0px 0px; width: 15px; height: 25px;"" alt=""Latex""
src=""media/ecom/onpagegraphics/Ink-Latex.png"">Latex &nbsp;&nbsp;
<img style=""margin: 0px 5px 0px 0px; width: 15px; height: 25px;"" alt=""UV Ink""
src=""media/ecom/onpagegraphics/Ink-UV.png"">UV<br>
<img style=""width: 100px; height: 48px;"" alt=""HP Latex Certified""
src=""https://www.dorotape.co.uk/media/ecom/onpagegraphics/HP-Latex-Certified.jpg""></ul>



<span style=""font-weight: bold; color: #d7328a;"">Technical Information:</span><br>
<ul>
<a href=""media/ecom/pdfs/datasheets/PP810.pdf"" target=""_blank""><img
style=""border: 0px solid ; width: 200px; height: 60px;"" alt=""Poli Print 810 Datasheet""
src=""media/ecom/onpagegraphics/Datasheet.png""></a>
<a href=""media/ecom/pdfs/firecertificates/POLI-TAPE_Monomeric_Vinyl_Fire_Certificate.pdf"" target=""_blank""><img
style=""border: 0px solid ; width: 200px; height: 60px;"" alt=""Poli Print 800 Fire Certificate""
src=""media/ecom/onpagegraphics/Fire.png""></a>
<a href=""media/ecom/pdfs/MSDS/POLI_PRINT_Saftey_Data_Sheet_GB.pdf"" target=""_blank""><img
style=""border: 0px solid ; width: 200px; height: 60px;"" alt=""Poli Tape Safety Data Sheet""
src=""media/ecom/onpagegraphics/MSDS.png""></a>
<a href=""media/ecom/pdfs/applicationguidelines/Poli_Tape_Processingandhandlinginstructions.pdf"" target=""_blank""><img
style=""border: 0px solid ; width: 200px; height: 60px;"" alt=""Poli Tape Processing and Handling Instructions""
src=""media/ecom/onpagegraphics/Hand.png""></a>
<a href=""https://www.dorotape.co.uk/Print-Profiles-User-Guide""
target=""_blank""><img style=""width: 200px; height: 60px;"" alt=""printing profile guide""
src=""media/ecom/onpagegraphics/Profile.png""></a></ul>
<p style=""font-weight: bold; font-size: 1.0em;"">Prices shown are per 50 metre roll at 500mm wide</p>
</body>

</html>
","EGL.jpg","EGL.jpg","INVITEMS","DEFAULT-BN-20_Digital_Laminate_3YEAR-DEFAULT-BN-20_Digital_Laminate_3YEAR","","","0","0","0","","1","REGONLY","0","0","0","0","","","","SELECT","SELECT","0","","","","","0","0","","income-service","","","0","0","","","","","Roland_BN-20_Media","Roland_BN-20_Media","","","0","Tool_Belt, Weeding_Tweezers, Aslan_Red_Devil_Squeegee, Backing_Slitter, Bubble_Pen, Cleaning_Cloths, Easy_Cutter, Lint-Free-Cloths, Lint-Free-Gloves, Masking_Tape_50mm, Magnetic_Squeegee, Olfa_Graphic_Cutter, Olfa_Comfort_Grip_Knife, Olfa_Heavy_Duty_Knife, Olfa_Pro_Knife, Plastic_Squeegee, Push_Stick, Roll_Storage_Wall_Rack, Scalpel_Blades, Scalpel_Handles, Sharps_Box","","A","superuser","","","","","","","","","","","","","","","0","banner,digital banner,printable banner,digitally printable banner,large format printable banner,frontlit banner,frontlit,laminated,laminated banner,440gsm banner,440gsm,

































","","","1504264317","0","","0","","CHECKBOX"
"BN-20_Digital_Laminate_7YEAR","PP1230 Premium Gloss Laminating Film :: 500mm x 50m","PP1230","Poli-Tape","90","77","DEFAULT","","","","","0","Premium grade clear gloss laminate for protection of digitally printed 5 year vinyl.  Price is per roll - 500mm x 50m









","<html>

<head><title>Poli Print 1230</title>
</head>
<body>
<p>Poli-Print 1230 is a 5 year transparent gloss 75 micron polymeric self-adhesive digital printing vinyl with a solvent based permanent adhesive.</p>

<span style=""font-weight: bold; color: #d7328a;"">Structure:</span><br>
<ul><li>75<span>&#181;</span>m transparent gloss polymeric soft PVC</li>
<li>Solvent based acrylic adhesive - Permanent</li>
<li>PE and clay coated silicone paper liner  - 144g/m<sup>2</sup>
</li></ul>

<span style=""font-weight: bold; color: #d7328a;"">Suitability:</span><br>
<ul><li>Designed for medium to long term graphics and signage both inside and outdoors</li>
<li>Excellent conformability to irregular surfaces</li>
<li>A great choice for window graphics</li>
<li>Suitable for wet application</li>
<li>Can also be used as a polymeric grade overlaminate</li>
<li>Up to 5 years durability (unprinted)
</li></ul>

<span style=""font-weight: bold; color: #d7328a;"">Advantages:</span><br>
<ul><li>Soft face film means easy weeding</li>
<li>Excellent lay flat properties and minimal shrinkage</li>
<li>Liner is printed with product name, batch number and remaining roll length (running countdown 50m - 1m) for easy job planning</li>
<li>Consistantly high quality from top name German manufacturer Poli-Tape</li>
<li>Fire Rated to Euroclass DIN EN 13501-1:2019-05 with classification C-s1-d0</li><br>
<img style=""border: 0px solid ; width: 50px; height: 50px; alt=""reward points logo""
src=""media/ecom/onpagegraphics/Reward_Logo.png""><span style=""font-weight: bold; color: #ef7d00;"">Earn Reward Points every time you buy this product</span></ul>


<span style=""font-weight: bold; color: #d7328a;"">Ink Compatibility:</span><br>
<ul>
<img style=""margin: 0px 5px 0px 0px; width: 15px; height: 25px;"" alt=""Eco-Sol Ink""
src=""media/ecom/onpagegraphics/Ink-EcoSol.png"">Eco-solvent &nbsp;&nbsp;
<img style=""margin: 0px 5px 0px 0px; width: 15px; height: 25px;"" alt=""Latex""
src=""media/ecom/onpagegraphics/Ink-Latex.png"">Latex &nbsp;&nbsp;
<img style=""margin: 0px 5px 0px 0px; width: 15px; height: 25px;"" alt=""UV Ink""
src=""media/ecom/onpagegraphics/Ink-UV.png"">UV<br>
<img style=""width: 100px; height: 48px;"" alt=""HP Latex Certified""
src=""https://www.dorotape.co.uk/media/ecom/onpagegraphics/HP-Latex-Certified.jpg""></ul>

<span style=""font-weight: bold; color: #d7328a;"">Technical Information:</span><br>
<ul>
<a href=""media/ecom/pdfs/datasheets/PP1230.pdf"" target=""_blank""><img
style=""border: 0px solid ; width: 200px; height: 60px;"" alt=""Poli Print 1230 Datasheet""
src=""media/ecom/onpagegraphics/Datasheet.png""></a>
<a href=""media/ecom/pdfs/firecertificates/PP1200 series_Fire Certificate.pdf"" target=""_blank""><img
style=""border: 0px solid ; width: 200px; height: 60px;"" alt=""Poli Print 1200 Series Fire Certificate""
src=""media/ecom/onpagegraphics/Fire.png""></a>
<a href=""media/ecom/pdfs/MSDS/POLI_PRINT_Saftey_Data_Sheet_GB.pdf"" target=""_blank""><img
style=""border: 0px solid ; width: 200px; height: 60px;"" alt=""Poli Print Material Safety Data Sheet""
src=""media/ecom/onpagegraphics/MSDS.png""></a>
<a href=""media/ecom/pdfs/applicationguidelines/Poli_Tape_Processingandhandlinginstructions.pdf"" target=""_blank""><img
style=""border: 0px solid ; width: 200px; height: 60px;"" alt=""Poli Tape Processing and Handling Instructions""
src=""media/ecom/onpagegraphics/Hand.png""></a></ul>
<p style=""font-weight: bold; font-size: 1.0em;"">Prices shown are per 50 metre roll at 500mm wide</p>
</body>

</html>

","EML.jpg","EML.jpg","INVITEMS","DEFAULT-BN-20_Digital_Laminate_7YEAR-DEFAULT-BN-20_Digital_Laminate_7YEAR","","","0","0","0","","1","REGONLY","0","0","0","0","","","","SELECT","SELECT","0","","","","","0","0","","income-service","","","0","0","","","","","Roland_BN-20_Media","Roland_BN-20_Media","","","0","Tool_Belt, Weeding_Tweezers, Aslan_Red_Devil_Squeegee, Backing_Slitter, Bubble_Pen, Cleaning_Cloths, Easy_Cutter, Lint-Free-Cloths, Lint-Free-Gloves, Masking_Tape_50mm, Magnetic_Squeegee, Olfa_Graphic_Cutter, Olfa_Comfort_Grip_Knife, Olfa_Heavy_Duty_Knife, Olfa_Pro_Knife, Plastic_Squeegee, Push_Stick, Roll_Storage_Wall_Rack, Scalpel_Blades, Scalpel_Handles, Sharps_Box, BN-20_Digital_Laminate_7YEAR","","A","superuser","","","","","","","","","","","","","","","0","banner,digital banner,printable banner,digitally printable banner,large format printable banner,frontlit banner,frontlit,laminated,laminated banner,440gsm banner,440gsm,

































","","","1504090389","0","","0","","CHECKBOX"
"BN-20_Digital_Poster_Paper","Poster Paper :: 500mm x 50m","DIGPA200","DEFAULT","140","46","DEFAULT","","","","","0","200gsm Poster Paper for Roland BN-20.  Price is per roll - 500mm x 50m









","<head><title>Digi-Paper 200</title></head>
<body>

<p>Digi-Paper 200 is a general purpose satin poster paper, great for creating photo realistic graphics for both indoor and enclosed outdoor applications.</p>

<a><img style=""margin: 5px; width: 75px; height: 75px; float: right;"" alt=""pvc free""
src=""media/ecom/onpagegraphics/PVC_free_logo.png""></a>

<a><img style=""margin: 5px; width: 75px; height: 75px; float: right;"" alt=""recyclable""
src=""media/ecom/onpagegraphics/Recyclable-Paper-Green-Logo.png""></a>

<a><img style=""margin: 5px; width: 85px; height: 85px; float: right;"" alt=""FSC""
src=""media/ecom/onpagegraphics/FSC-Logo.png""></a>




<span style=""font-weight: bold; color: #d7328a;"">Structure:</span><br>
<ul><li>200g/m<sup>2</sup> Satin (semi-matt) paper
</li></ul>

<span style=""font-weight: bold; color: #d7328a;"">Suitability:</span><br>
<ul><li>Posters, art prints, POS advertising and displays
<li>Suitable for interior and enclosed exterior use i.e. clip frames
<li>FSC&reg; Certified
</li></ul>

<span style=""font-weight: bold; color: #d7328a;"">Advantages:</span><br>
<ul><li>Quick drying
<li>High white satin finish
<li>98% opacity
<li>Uniform surface
<li>Excellent image quality with vivid colours
<li>Strong and resistant to cracking and flaking
<li>Acid free and chlorine free
<li>Recyclable
</li><br>
<img style=""border: 0px solid ; width: 50px; height: 50px; alt=""reward points logo""
src=""media/ecom/onpagegraphics/Reward_Logo.png""><span style=""font-weight: bold; color: #ef7d00;"">Earn Reward Points every time you buy this product</span></ul>


<span style=""font-weight: bold; color: #d7328a;"">Ink Compatibility:</span><br>
<ul>
<img style=""margin: 0px 5px 0px 0px; width: 15px; height: 25px;"" alt=""Eco-Sol Ink""
src=""media/ecom/onpagegraphics/Ink-EcoSol.png"">Eco-solvent &nbsp;&nbsp;
<img style=""margin: 0px 5px 0px 0px; width: 15px; height: 25px;"" alt=""Sol Ink""
src=""media/ecom/onpagegraphics/Ink-Sol.png"">Solvent &nbsp;&nbsp;
<img style=""margin: 0px 5px 0px 0px; width: 15px; height: 25px;"" alt=""Latex""
src=""media/ecom/onpagegraphics/Ink-Latex.png"">Latex &nbsp;&nbsp;
<img style=""margin: 0px 5px 0px 0px; width: 15px; height: 25px;"" alt=""UV Ink""
src=""media/ecom/onpagegraphics/Ink-UV.png"">UV</ul>

<span style=""font-weight: bold; color: #d7328a;"">Technical Information:</span><br>
<ul>
<a href=""media/ecom/pdfs/datasheets/Digi-Paper-200.pdf"" target=""_blank""><img style=""border: 0px solid ; width: 200px; height: 60px;"" alt=""Digi-Paper 200 Datasheet""
src=""media/ecom/onpagegraphics/Datasheet.png""></a>
<a href=""https://www.dorotape.co.uk/Print-Profiles-User-Guide""
target=""_blank""><img style=""width: 200px; height: 60px;"" alt=""printing profile guide""
src=""media/ecom/onpagegraphics/Profile.png""></a></ul>

<p><p style=""font-weight: bold; font-size: 0.9em;"">Prices shown are per 50 metre roll at 500mm wide</p>
</body>","D_Paper_140.jpg","d_paper_140.jpg","INVITEMS","DEFAULT-BN-20_Digital_Poster_Paper-DEFAULT-BN-20_Digital_Poster_Paper","","","0","0","0","","1","REGONLY","0","0","0","0","","","","SELECT","SELECT","0","","","","","0","0","","income-service","","","0","0","","","","","Roland_BN-20_Media","Roland_BN-20_Media","","","0","","","A","superuser","","","","","","","","","","","","","","","0","banner,digital banner,printable banner,digitally printable banner,large format printable banner,frontlit banner,frontlit,laminated,laminated banner,440gsm banner,440gsm,

































","","","1504090365","0","","0","","CHECKBOX"
"BN-20_Digital_Vinyl_4YEARGLOSS","PP800 4 Year Gloss White Digital Print Vinyl :: 500mm x 50m","PP800","Poli-Tape","60","57","DEFAULT","","","","","0","PP800 is gloss white self-adhesive digital print vinyl for the Roland BN-20. Perfect for producing stickers, labels and short term event graphics and advertising. Price is per roll - 500mm x 50m









","<html>

<head><title>Poli Print 800</title></head>
<body>
<p>Poli-Print 800 is a 4 year gloss white 80 micron monomeric self-adhesive digital printing vinyl with a transparent permanent adhesive. </p>

<span style=""font-weight: bold; color: #d7328a;"">Structure:</span><br>
<ul><li>80<span>&#181;</span>m gloss white monomeric soft PVC</li>
<li>Transparent acrylic dispersion adhesive - Permanent</li>
<li>Silicone coated paper liner  - 135g/m<sup>2</sup>
</li></ul>

<span style=""font-weight: bold; color: #d7328a;"">Suitability:</span><br>
<ul><li>Perfect for creating short to medium term graphics on flat or slightly curved surfaces</li>
<li>Suitable for indoor and outdoor signage, exhibition and event graphics as well as for short term vehicle graphics</li>
<li>A great choice for volume production of stickers and labels</li>
<li>Suitable for dry and wet application</li>
<li>Up to 4 years durability (unprinted)
</li></ul>

<span style=""font-weight: bold; color: #d7328a;"">Advantages:</span><br>
<ul><li>Soft face film means easy weeding</li>
<li>Excellent lay flat properties</li>
<li>Consistantly high quality from top name German manufacturer Poli-Tape</li>
<li>Fire Rated to Euroclass DIN EN 13501-1:2019-05 with classification B-s1-d0</li><br>
<img style=""border: 0px solid ; width: 50px; height: 50px; alt=""reward points logo""
src=""media/ecom/onpagegraphics/Reward_Logo.png""><span style=""font-weight: bold; color: #ef7d00;"">Earn Reward Points every time you buy this product</span></ul>


<span style=""font-weight: bold; color: #d7328a;"">Ink Compatibility:</span><br>
<ul>
<img style=""margin: 0px 5px 0px 0px; width: 15px; height: 25px;"" alt=""Eco-Sol Ink""
src=""media/ecom/onpagegraphics/Ink-EcoSol.png"">Eco-solvent &nbsp;&nbsp;
<img style=""margin: 0px 5px 0px 0px; width: 15px; height: 25px;"" alt=""Latex""
src=""media/ecom/onpagegraphics/Ink-Latex.png"">Latex &nbsp;&nbsp;
<img style=""margin: 0px 5px 0px 0px; width: 15px; height: 25px;"" alt=""UV Ink""
src=""media/ecom/onpagegraphics/Ink-UV.png"">UV<br>
<img style=""width: 100px; height: 48px;"" alt=""HP Latex Certified""
src=""https://www.dorotape.co.uk/media/ecom/onpagegraphics/HP-Latex-Certified.jpg""></ul>



<span style=""font-weight: bold; color: #d7328a;"">Technical Information:</span><br>
<ul>
<a href=""media/ecom/pdfs/datasheets/PP800.pdf"" target=""_blank""><img
style=""border: 0px solid ; width: 200px; height: 60px;"" alt=""Poli Print 800 Datasheet""
src=""media/ecom/onpagegraphics/Datasheet.png""></a>
<a href=""media/ecom/pdfs/firecertificates/POLI-TAPE_Monomeric_Vinyl_Fire_Certificate.pdf"" target=""_blank""><img
style=""border: 0px solid ; width: 200px; height: 60px;"" alt=""Poli Print 800 Fire Certificate""
src=""media/ecom/onpagegraphics/Fire.png""></a>
<a href=""media/ecom/pdfs/MSDS/POLI_PRINT_Saftey_Data_Sheet_GB.pdf"" target=""_blank""><img
style=""border: 0px solid ; width: 200px; height: 60px;"" alt=""Poli Tape Safety Data Sheet""
src=""media/ecom/onpagegraphics/MSDS.png""></a>
<a href=""media/ecom/pdfs/applicationguidelines/Poli_Tape_Processingandhandlinginstructions.pdf"" target=""_blank""><img
style=""border: 0px solid ; width: 200px; height: 60px;"" alt=""Poli Tape Processing and Handling Instructions""
src=""media/ecom/onpagegraphics/Hand.png""></a>
<a href=""https://www.dorotape.co.uk/Print-Profiles-User-Guide""
target=""_blank""><img style=""width: 200px; height: 60px;"" alt=""printing profile guide""
src=""media/ecom/onpagegraphics/Profile.png""></a></ul>

<p style=""font-weight: bold; font-size: 0.9em;"">Prices shown are per 50 metre roll at 500mm wide</p>
</body>

</html>

","DGCal.jpg","DGCal.jpg","INVITEMS","DEFAULT-BN-20_Digital_Vinyl_4YEARGLOSS-DEFAULT-BN-20_Digital_Vinyl_4YEARGLOSS","","","0","0","0","","1","REGONLY","0","0","0","0","","","","SELECT","SELECT","0","","","","","0","0","","income-service","","","0","0","","","","","Roland_BN-20_Media","Roland_BN-20_Media","","","0","Tool_Belt, Weeding_Tweezers, Aslan_Red_Devil_Squeegee, Backing_Slitter, Bubble_Pen, Cleaning_Cloths, Easy_Cutter, Lint-Free-Cloths, Lint-Free-Gloves, Masking_Tape_50mm, Magnetic_Squeegee, Olfa_Graphic_Cutter, Olfa_Comfort_Grip_Knife, Olfa_Heavy_Duty_Knife, Olfa_Pro_Knife, Plastic_Squeegee, Push_Stick, Roll_Storage_Wall_Rack, Scalpel_Blades, Scalpel_Handles, Sharps_Box, BN-20_Digital_Laminate_3YEAR","","A","superuser","","","","","","","","","","","","","","","0","banner,digital banner,printable banner,digitally printable banner,large format printable banner,frontlit banner,frontlit,laminated,laminated banner,440gsm banner,440gsm,

































","","","1747304353","0","","0","","CHECKBOX"
"BN-20_Digital_Vinyl_4YEARMATT","PP805 4 Year Matt White Digital Print Vinyl :: 500mm x 50m","PP805","Poli-Tape","60","57","DEFAULT","","","","","0","PP805 is matt white self-adhesive digital print vinyl for the Roland BN-20. Perfect for producing stickers, labels and short term event graphics and advertising. Price is per roll - 500mm x 50m









","<html>

<head><title>Poli Print 805</title></head>
<body>
<p>Poli-Print 805 is a 4 year matt white 80 micron monomeric self-adhesive digital printing vinyl with a transparent permanent adhesive. </p>

<span style=""font-weight: bold; color: #d7328a;"">Structure:</span><br>
<ul><li>80<span>&#181;</span>m matt white monomeric soft PVC</li>
<li>Transparent acrylic dispersion adhesive - Permanent</li>
<li>Silicone coated paper liner  - 135g/m<sup>2</sup>
</li></ul>

<span style=""font-weight: bold; color: #d7328a;"">Suitability:</span><br>
<ul><li>Perfect for creating short to medium term graphics on flat or slightly curved surfaces</li>
<li>Suitable for indoor and outdoor signage, exhibition and event graphics as well as for short term vehicle graphics</li>
<li>A great choice for volume production of stickers and labels</li>
<li>Suitable for dry and wet application</li>
<li>Up to 4 years durability (unprinted)
</li></ul>

<span style=""font-weight: bold; color: #d7328a;"">Advantages:</span><br>
<ul><li>Soft face film means easy weeding</li>
<li>Excellent lay flat properties</li>
<li>Consistantly high quality from top name German manufacturer Poli-Tape</li>
<li>Fire Rated to Euroclass DIN EN 13501-1:2019-05 with classification B-s1-d0</li><br>
<img style=""border: 0px solid ; width: 50px; height: 50px; alt=""reward points logo""
src=""media/ecom/onpagegraphics/Reward_Logo.png""><span style=""font-weight: bold; color: #ef7d00;"">Earn Reward Points every time you buy this product</span></ul>


<span style=""font-weight: bold; color: #d7328a;"">Ink Compatibility:</span><br>
<ul>
<img style=""margin: 0px 5px 0px 0px; width: 15px; height: 25px;"" alt=""Eco-Sol Ink""
src=""media/ecom/onpagegraphics/Ink-EcoSol.png"">Eco-solvent &nbsp;&nbsp;
<img style=""margin: 0px 5px 0px 0px; width: 15px; height: 25px;"" alt=""Latex""
src=""media/ecom/onpagegraphics/Ink-Latex.png"">Latex &nbsp;&nbsp;
<img style=""margin: 0px 5px 0px 0px; width: 15px; height: 25px;"" alt=""UV Ink""
src=""media/ecom/onpagegraphics/Ink-UV.png"">UV<br>
<img style=""width: 100px; height: 48px;"" alt=""HP Latex Certified""
src=""https://www.dorotape.co.uk/media/ecom/onpagegraphics/HP-Latex-Certified.jpg""></ul>



<span style=""font-weight: bold; color: #d7328a;"">Technical Information:</span><br>
<ul>
<a href=""media/ecom/pdfs/datasheets/PP800.pdf"" target=""_blank""><img
style=""border: 0px solid ; width: 200px; height: 60px;"" alt=""Poli Print 800 Datasheet""
src=""media/ecom/onpagegraphics/Datasheet.png""></a>
<a href=""media/ecom/pdfs/firecertificates/POLI-TAPE_Monomeric_Vinyl_Fire_Certificate.pdf"" target=""_blank""><img
style=""border: 0px solid ; width: 200px; height: 60px;"" alt=""Poli Print 800 Fire Certificate""
src=""media/ecom/onpagegraphics/Fire.png""></a>
<a href=""media/ecom/pdfs/MSDS/POLI_PRINT_Saftey_Data_Sheet_GB.pdf"" target=""_blank""><img
style=""border: 0px solid ; width: 200px; height: 60px;"" alt=""Poli Tape Safety Data Sheet""
src=""media/ecom/onpagegraphics/MSDS.png""></a>
<a href=""media/ecom/pdfs/applicationguidelines/Poli_Tape_Processingandhandlinginstructions.pdf"" target=""_blank""><img
style=""border: 0px solid ; width: 200px; height: 60px;"" alt=""Poli Tape Processing and Handling Instructions""
src=""media/ecom/onpagegraphics/Hand.png""></a>
<a href=""https://www.dorotape.co.uk/Print-Profiles-User-Guide""
target=""_blank""><img style=""width: 200px; height: 60px;"" alt=""printing profile guide""
src=""media/ecom/onpagegraphics/Profile.png""></a></ul>

<p style=""font-weight: bold; font-size: 0.9em;"">Prices shown are per 50 metre roll at 500mm wide</p>
</body>

</html>
","DGCal.jpg","DGCal.jpg","INVITEMS","DEFAULT-BN-20_Digital_Vinyl_4YEARMATT-DEFAULT-BN-20_Digital_Vinyl_4YEARMATT","","","0","0","0","","1","REGONLY","0","0","0","0","","","","SELECT","SELECT","0","","","","","0","0","","income-service","","","0","0","","","","","Roland_BN-20_Media","Roland_BN-20_Media","","","0","Tool_Belt, Weeding_Tweezers, Aslan_Red_Devil_Squeegee, Backing_Slitter, Bubble_Pen, Cleaning_Cloths, Easy_Cutter, Lint-Free-Cloths, Lint-Free-Gloves, Masking_Tape_50mm, Magnetic_Squeegee, Olfa_Graphic_Cutter, Olfa_Comfort_Grip_Knife, Olfa_Heavy_Duty_Knife, Olfa_Pro_Knife, Plastic_Squeegee, Push_Stick, Roll_Storage_Wall_Rack, Scalpel_Blades, Scalpel_Handles, Sharps_Box, BN-20_Digital_Laminate_3YEAR","","A","superuser","","","","","","","","","","","","","","","0","banner,digital banner,printable banner,digitally printable banner,large format printable banner,frontlit banner,frontlit,laminated,laminated banner,440gsm banner,440gsm,

































","","","1747304389","0","","0","","CHECKBOX"
"BN-20_Digital_Vinyl_7YEAR","PP1200 Gloss White 5 Year Digital Print Vinyl :: 500mm x 50m","PP1200","Poli-Tape","70","77","DEFAULT","","","","","0","5 year gloss white self-adhesive digital print vinyl for Roland BN-20.  Price is per roll - 500mm x 50m









","<head><title>Poli Print 1200</title>
</head>
<body>
<p>Poli-Print 1200 is a 5 year gloss white 75 micron polymeric self-adhesive digital printing vinyl with a grey solvent based permanent adhesive.</p>

<span style=""font-weight: bold; color: #d7328a;"">Structure:</span><br>
<ul><li>75<span>&#181;</span>m gloss white polymeric soft PVC
<li>Grey solvent based acrylic adhesive - Permanent
<li>PE and clay coated silicone paper liner  - 144g/m<sup>2</sup>
</li></ul>

<span style=""font-weight: bold; color: #d7328a;"">Suitability:</span><br>
<ul><li>Designed for medium to long term graphics and signage both inside and outdoors as well as vehicle graphics
<li>Excellent conformability to irregular surfaces 
<li>A great choice for vehicle graphics and 2D part wraps
<li>Suitable for dry and wet application
<li>Up to 5 years durability (unprinted)
</li></ul>

<span style=""font-weight: bold; color: #d7328a;"">Advantages:</span><br>
<ul><li>Soft face film means easy weeding
<li>Excellent lay flat properties and minimal shrinkage
<li>Liner is printed with product name, batch number and remaining roll length (running countdown 50m - 1m) for easy job planning
<li>Consistantly high quality from top name German manufacturer Poli-Tape
<li>Fire Rated to Euroclass DIN EN 13501-1:2019-05 with classification C-s1-d0</li><br>
<img style=""border: 0px solid ; width: 50px; height: 50px; alt=""reward points logo""
src=""media/ecom/onpagegraphics/Reward_Logo.png""><span style=""font-weight: bold; color: #ef7d00;"">Earn Reward Points every time you buy this product</span></ul>


<span style=""font-weight: bold; color: #d7328a;"">Ink Compatibility:</span><br>
<ul>
<img style=""margin: 0px 5px 0px 0px; width: 15px; height: 25px;"" alt=""Eco-Sol Ink""
src=""media/ecom/onpagegraphics/Ink-EcoSol.png"">Eco-solvent &nbsp;&nbsp;
<img style=""margin: 0px 5px 0px 0px; width: 15px; height: 25px;"" alt=""Sol Ink""
src=""media/ecom/onpagegraphics/Ink-Sol.png"">Solvent &nbsp;&nbsp;
<img style=""margin: 0px 5px 0px 0px; width: 15px; height: 25px;"" alt=""Latex""
src=""media/ecom/onpagegraphics/Ink-Latex.png"">Latex &nbsp;&nbsp;
<img style=""margin: 0px 5px 0px 0px; width: 15px; height: 25px;"" alt=""UV Ink""
src=""media/ecom/onpagegraphics/Ink-UV.png"">UV<br>
<img style=""width: 100px; height: 48px;"" alt=""HP Latex Certified""
src=""https://www.dorotape.co.uk/media/ecom/onpagegraphics/HP-Latex-Certified.jpg""></ul>



<span style=""font-weight: bold; color: #d7328a;"">Technical Information:</span><br>
<ul>
<a href=""media/ecom/pdfs/datasheets/PP1200.pdf"" target=""_blank""><img
style=""border: 0px solid ; width: 200px; height: 60px;"" alt=""Poli Print 1200 Datasheet""
src=""media/ecom/onpagegraphics/Datasheet.png""></a>
<a href=""media/ecom/pdfs/firecertificates/PP1200 series_Fire Certificate.pdf"" target=""_blank""><img
style=""border: 0px solid ; width: 200px; height: 60px;"" alt=""Poli Print 1200 Series Fire Certificate""
src=""media/ecom/onpagegraphics/Fire.png""></a>
<a href=""media/ecom/pdfs/MSDS/POLI_PRINT_Saftey_Data_Sheet_GB.pdf"" target=""_blank""><img
style=""border: 0px solid ; width: 200px; height: 60px;"" alt=""Poli Print Material Safety Data Sheet""
src=""media/ecom/onpagegraphics/MSDS.png""></a>
<a href=""media/ecom/pdfs/applicationguidelines/Poli_Tape_Processingandhandlinginstructions.pdf"" target=""_blank""><img
style=""border: 0px solid ; width: 200px; height: 60px;"" alt=""Poli Tape Processing and Handling Instructions""
src=""media/ecom/onpagegraphics/Hand.png""></a></ul>

<p><p style=""font-weight: bold; font-size: 1.0em;"">Prices shown are per 50 metre roll at 500mm wide</p>
</body>


","O-Range-COL.jpg","O-Range-COL.jpg","INVITEMS","DEFAULT-BN-20_Digital_Vinyl_7YEAR-DEFAULT-BN-20_Digital_Vinyl_7YEAR","","","0","0","0","","1","REGONLY","0","0","0","0","","","","SELECT","SELECT","0","","","","","0","0","","income-service","","","0","0","","","","","Roland_BN-20_Media","Roland_BN-20_Media","","","0","Tool_Belt, Weeding_Tweezers, Aslan_Red_Devil_Squeegee, Backing_Slitter, Bubble_Pen, Cleaning_Cloths, Easy_Cutter, Lint-Free-Cloths, Lint-Free-Gloves, Masking_Tape_50mm, Magnetic_Squeegee, Olfa_Graphic_Cutter, Olfa_Comfort_Grip_Knife, Olfa_Heavy_Duty_Knife, Olfa_Pro_Knife, Plastic_Squeegee, Push_Stick, Roll_Storage_Wall_Rack, Scalpel_Blades, Scalpel_Handles, Sharps_Box","","A","superuser","","","","","","","","","","","","","","","0","banner,digital banner,printable banner,digitally printable banner,large format printable banner,frontlit banner,frontlit,laminated,laminated banner,440gsm banner,440gsm,

































","","","1507035668","0","","0","","CHECKBOX"
"BN-20_Digital_Vinyl_High_Tack","DFP07 White Gloss High Tack Digital Print Vinyl :: 500mm x 25m","DFP07","Aslan","90","110","DEFAULT","","","","","0","High tack gloss white digital print vinyl for Roland BN-20.  Price is per roll - 500mm x 25m









","<head><title>ASLAN DFP07</title></head>
<body><img style=""height: 53px; width: 250px;"" alt=""Aslan logo""
src=""media/ecom/onpagegraphics/ASLAN_Logo_New.jpg""><br><br>

<p>ASLAN DFP07 white gloss polymeric vinyl has an UltraTack adhesive specifically designed for use on low surface energy surfaces such as polypropylene.</p>

<a><img style=""border: 0px solid ; width: 75px; height: 75px; float: right;"" alt=""EN71-3""
src=""media/ecom/onpagegraphics/EN71-3.png""></a>

<span style=""font-weight: bold; color: #d7328a;"">Structure:</span><br>
<ul><li>75<span>&#181;</span>m White gloss polymeric PVC
<li>Water based acrylic adhesive (solvent free) - Permanent with extra strong adhesion
<li>Two sided PE coated kraft paper liner - 144g/m<sup>2</sup>
</li></ul>

<span style=""font-weight: bold; color: #d7328a;"">Suitability:</span><br>
<ul>
<li>Apolar low surface energy surfaces such as polypropylene which are normally hard to stick to
<li>Perfect for long term signage, stickers, industrial labels and wall graphics
<li>The high initial grab of the adhesive also makes it suitable for use on galvanised steel
<li>Also, perfect for making domed labels and trophy centres
<li>Excellent initial adhesion on cold surfaces and can be applied from 5<sup>o</sup>C
<li>Up to 7 years durability (unprinted)</li></ul>

<span style=""font-weight: bold; color: #d7328a;"">Advantages:</span><br>
<ul><li>Extra high levels of adhesion to apolar and absorbent surfaces
<li>High quality liner provides excellent flatness when printing
<li>Fire Rated to Euroclass DIN EN 13501-1:2018 with classification B-s1-d0
<li>Classified to the standard for toy safety DIN EN 71-3
</li><br>
<img style=""border: 0px solid ; width: 50px; height: 50px; alt=""reward points logo""
src=""media/ecom/onpagegraphics/Reward_Logo.png""><span style=""font-weight: bold; color: #ef7d00;"">Earn Reward Points every time you buy this product</span></ul>

<span style=""font-weight: bold; color: #d7328a;"">Ink Compatibility:</span><br>
<ul>
<img style=""margin: 0px 5px 0px 0px; width: 15px; height: 25px;"" alt=""Eco-Sol Ink""
src=""media/ecom/onpagegraphics/Ink-EcoSol.png"">Eco-solvent &nbsp;&nbsp;
<img style=""margin: 0px 5px 0px 0px; width: 15px; height: 25px;"" alt=""Sol Ink""
src=""media/ecom/onpagegraphics/Ink-Sol.png"">Solvent &nbsp;&nbsp;
<img style=""margin: 0px 5px 0px 0px; width: 15px; height: 25px;"" alt=""Latex""
src=""media/ecom/onpagegraphics/Ink-Latex.png"">Latex &nbsp;&nbsp;
<img style=""margin: 0px 5px 0px 0px; width: 15px; height: 25px;"" alt=""UV Ink""
src=""media/ecom/onpagegraphics/Ink-UV.png"">UV</ul>

<span style=""font-weight: bold; color: #d7328a;"">Technical Information:</span><br>
<ul>
<a href=""media/ecom/pdfs/datasheets/UltaTack_ASLAN_DFP07_e.pdf"" target=""_blank""><img
style=""border: 0px solid ; width: 200px; height: 60px;"" alt=""Aslan DFP07 Datasheet""
src=""media/ecom/onpagegraphics/Datasheet.png""></a>
<a href=""media/ecom/pdfs/firecertificates/Classification Report UltraTack ASLAN DFP06-08G_ EN 13501-1.pdf"" target=""_blank""><img
style=""border: 0px solid ; width: 200px; height: 60px;"" alt=""Aslan DFP07 Fire Certificate""
src=""media/ecom/onpagegraphics/Fire.png""></a>
<a href=""https://www.dorotape.co.uk/Print-Profiles-User-Guide""
target=""_blank""><img style=""width: 200px; height: 60px;"" alt=""printing profile guide""
src=""media/ecom/onpagegraphics/Profile.png""></a></ul>

<p><p style=""font-weight: bold; font-size: 0.9em;"">Prices shown are per 25 metre roll at 500mm wide</p>
</body>




","DFP07.jpg","DFP07.jpg, Domes2.jpg, Trophies.jpg","INVITEMS","DEFAULT-BN-20_Digital_Vinyl_High_Tack-DEFAULT-BN-20_Digital_Vinyl_High_Tack","","","0","0","0","","1","REGONLY","0","0","0","0","","","","SELECT","SELECT","0","","","","","0","0","","income-service","","","0","0","","","","","Roland_BN-20_Media","Roland_BN-20_Media","","","0","Tool_Belt, Weeding_Tweezers, Aslan_Red_Devil_Squeegee, Backing_Slitter, Bubble_Pen, Cleaning_Cloths, Easy_Cutter, Lint-Free-Cloths, Lint-Free-Gloves, Masking_Tape_50mm, Magnetic_Squeegee, Olfa_Graphic_Cutter, Olfa_Comfort_Grip_Knife, Olfa_Heavy_Duty_Knife, Olfa_Pro_Knife, Plastic_Squeegee, Push_Stick, Roll_Storage_Wall_Rack, Scalpel_Blades, Scalpel_Handles, Sharps_Box","Aslan_Red_Devil_Squeegee, Olfa_X_Design_Heavy_Duty_Knife, Lint-Free-Gloves, Masking_Tape_25mm, Aslan-Gold-Soft-Squeegee, Olfa_Graphic_Cutter, Swann_Morton_3_Handle, Swann_Morton_10A_Blades, Aslan_Squeegee,","A","superuser","","","","","","","","","","","","","","","0","DFP07, ASLAN, high tack, hitack, hi-tack, high-tack, hightack, ultratack, ultra, tack, bn20, 500mm, bn2-20a, bn220, bn2, bn2-20a, 

































","","","1504264443","0","","0","","CHECKBOX"
"BN-20_Digital_Wall_Art_Vinyl","Orajet 3268 Matt White Wall Sticker Vinyl :: 500mm x 25m","3268","Orafol","80","100","DEFAULT","","","","","0","Wall Sticker vinyl for Roland BN-20.  Price is per roll - 500mm x 25m









","<html>

<head><title>Orajet 3268 Ultra Removable Matt Vinyl</title></head>
<body>


<style>
.responsive {
  width: 50%;
  height: auto;
}
</style>

<img style=""height: 98px; width: 225px;"" alt=""Orafol logo"" src=""media/ecom/onpagegraphics/Orafol_Logo.png"" class=""responsive"">

<p>Orajet 3268 is a 150 micron matt vinyl with an ultra removable adhesive that is specifically designed for interior wall graphics, stickers, promotions and advertising.</p>

<span style=""font-weight: bold; color: #d7328a;"">Structure:</span><br>
<ul><li>150<span>&#181;</span>m Extra soft PVC film</li>
<li>Water based acrylic adhesive - Removable</li>
<li>One sided silicone paper liner - 135g/m<sup>2</sup>
</li></ul>

<span style=""font-weight: bold; color: #d7328a;"">Suitability:</span><br>
<ul><li>Ideal for interior wall graphics, stickers, promotions and advertising</li>
<li>Perfect for use on any smooth painted or varnished surface</li>
<li>Indoor durability of 2 years</li>
<li>Suitable for glass and acrylic applications
</li></ul>

<span style=""font-weight: bold; color: #d7328a;"">Advantages:</span><br>
<ul><li>Removable adhesive for residue-free removal from most surfaces</li>
<li>150<span>&#181;</span> so easy to apply</li>
<li>Similar to Mactac WW200</li>
<li>Fire Rated to Euroclass DIN EN 13501-1:2010 with classification C-s2-d0
</li></ul>

<span style=""font-weight: bold; color: #d7328a;"">Ink Compatibility:</span>
<ul>
<img style=""margin: 0px 5px 0px 0px; width: 15px; height: 25px;"" alt=""Eco-Sol Ink""
src=""media/ecom/onpagegraphics/Ink-EcoSol.png"">Eco-solvent &nbsp;&nbsp;
<img style=""margin: 0px 5px 0px 0px; width: 15px; height: 25px;"" alt=""Latex""
src=""media/ecom/onpagegraphics/Ink-Latex.png"">Latex &nbsp;&nbsp;
<img style=""margin: 0px 5px 0px 0px; width: 15px; height: 25px;"" alt=""UV Ink""
src=""media/ecom/onpagegraphics/Ink-UV.png"">UV</ul>

<span style=""font-weight: bold; color: #d7328a;"">Technical Information:</span>
<ul><a href=""media/ecom/pdfs/datasheets/orajet-3268-eu-en.pdf"" target=""_blank""><img
style=""border: 0px solid ; width: 200px; height: 60px;"" alt=""Orajet 3268 data sheet""
src=""media/ecom/onpagegraphics/Datasheet.png""></a>
<a href=""media/ecom/pdfs/firecertificates/3268M-010 C-s2_d0 Mineralischer_Untergrund Klassifizierung nach DIN EN 13501-1 - en.pdf"" target=""_blank""><img
style=""border: 0px solid ; width: 200px; height: 60px;"" alt=""orajet 3268 fire certificate""
src=""media/ecom/onpagegraphics/Fire.png""></a>
<a href=""media/ecom/pdfs/applicationguidelines/ORAFOL_DIGITAL_PRINTING_GUIDE.pdf"" target=""_blank""><img
style=""border: 0px solid ; width: 200px; height: 60px;"" alt=""orafol digital printing guide""
src=""media/ecom/onpagegraphics/Hand.png""></a>
<a href=""https://www.dorotape.co.uk/Print-Profiles-User-Guide""
target=""_blank""><img style=""width: 200px; height: 60px;"" alt=""printing profile guide""
src=""media/ecom/onpagegraphics/Profile.png""></a></ul>

<p style=""font-weight: bold; font-size: 1.0em;"">Prices shown are per 25 metre roll at 500mm wide</p>

</body>

</html>","Orajet-3268.jpg","Orajet-3268.jpg","INVITEMS","DEFAULT-BN-20_Digital_Wall_Art_Vinyl-DEFAULT-BN-20_Digital_Wall_Art_Vinyl","","","0","0","0","","1","REGONLY","0","0","0","0","","","","SELECT","SELECT","0","","","","","0","0","","income-service","","","0","0","","","","","Roland_BN-20_Media","Roland_BN-20_Media","","","0","Aslan_Red_Devil_Squeegee, Olfa_X_Design_Heavy_Duty_Knife, Lint-Free-Gloves, Masking_Tape_25mm, Aslan-Gold-Soft-Squeegee, Olfa_Graphic_Cutter, Swann_Morton_3_Handle, Swann_Morton_10A_Blades, Aslan_Squeegee,","Aslan_Red_Devil_Squeegee, Olfa_X_Design_Heavy_Duty_Knife, Lint-Free-Gloves, Masking_Tape_25mm, Aslan-Gold-Soft-Squeegee, Olfa_Graphic_Cutter, Swann_Morton_3_Handle, Swann_Morton_10A_Blades, Aslan_Squeegee,","A","superuser","","","","","","","","","","","","","","","0","BN-20,BN20,wall stickers,rolsnd

































","","","1504264468","0","","0","","CHECKBOX"
"BN-20_Digital_Wall_Wrap","Digi-Fab Wallcovering and Furniture Wrap Fabric :: 500mm x 15m","DIGI-FAB","Doro_Tape","95","76","DEFAULT","","","","","0","Wallcovering / furniture wrap fabric (self-adhesive) for Roland BN-20.  Price is per roll - 500mm x 15m









","<head><title>Digi-Fab</title>
</head>
<body>


<p>Digi-Fab is a 295gsm polyester woven fabric with a removable adhesive that will stick to any smooth, non porous surface.</p>


<span style=""font-weight: bold; color: #d7328a;"">Structure:</span>
<ul><li>295gsm Polyester Fabric
<li>Acrylic adhesive - Removable
<li>Double sided PE Coated paper - 138<span>&#181;</span>m
</li></ul>

<a><img style=""border: 0px solid ; width: 75px; height: 75px; float: right;"" alt=""pvc free""
src=""media/ecom/onpagegraphics/PVC_free_logo.png""></a>
<a><img style=""border: 0px solid ; width: 90px; height: 90px; float: right;"" alt=""Digi-Fab REACH""
src=""media/ecom/onpagegraphics/REACH.png""></a>

<span style=""font-weight: bold; color: #d7328a;"">Suitability:</span>
<ul><li>Suitable for internal applications
<li>Perfect for wall coverings, furniture wraps, displays and interior decoration
<li>Can be used as a temporary solution for internal graphics and displays
<li>Ideal for application to any non-porous surface
</li></ul>

<span style=""font-weight: bold; color: #d7328a;"">Advantages:</span>
<ul><li>PVC Free for environmentally friendly applications.
<li>Removeable adhesive for clean, residue free removal
<li>Even the worst crinkles can be smoothed out 
<li>Strong fabric weave making the material tear free
<li>Effortless to apply and remove
</li></ul>

<span style=""font-weight: bold; color: #d7328a;"">Ink Compatability:</span><br>
<ul>
<img style=""margin: 0px 5px 0px 0px; width: 15px; height: 25px;"" alt=""Eco-Sol Ink""
src=""media/ecom/onpagegraphics/Ink-EcoSol.png"">Eco-solvent &nbsp;&nbsp;
<img style=""margin: 0px 5px 0px 0px; width: 15px; height: 25px;"" alt=""Sol Ink""
src=""media/ecom/onpagegraphics/Ink-Sol.png"">Solvent &nbsp;&nbsp;
<img style=""margin: 0px 5px 0px 0px; width: 15px; height: 25px;"" alt=""UV Ink""
src=""media/ecom/onpagegraphics/Ink-UV.png"">UV &nbsp;&nbsp;
<img style=""margin: 0px 5px 0px 0px; width: 15px; height: 25px;"" alt=""Latex Ink""
src=""media/ecom/onpagegraphics/Ink-Latex.png"">Latex</ul><br>

<span style=""font-weight: bold; color: #d7328a;"">Technical Information:</span><br>
<ul>
<a href=""media/ecom/pdfs/datasheets/Digi-Fab.pdf"" target=""_blank""><img
style=""border: 0px solid ; width: 200px; height: 60px;"" alt=""Digi-Fab Datasheet""
src=""media/ecom/onpagegraphics/Datasheet.png""></a><br></ul>
<p><p style=""font-weight: bold; font-size: 1.0em;"">Prices shown are per 15 metre roll at 500mm wide</p>
</p>
</body>
","Digi-Fab-at-Doro.jpg","Digi-Fab-at-Doro.jpg","INVITEMS","DEFAULT-BN-20_Digital_Wall_Wrap-DEFAULT-BN-20_Digital_Wall_Wrap","","","0","0","0","","1","REGONLY","0","0","0","0","","","","SELECT","SELECT","0","","","","","0","0","","income-service","","","0","0","","","","","Roland_BN-20_Media","Roland_BN-20_Media","","","0","Aslan_Red_Devil_Squeegee, Olfa_X_Design_Heavy_Duty_Knife, Lint-Free-Gloves, Masking_Tape_25mm, Aslan-Gold-Soft-Squeegee, Olfa_Graphic_Cutter, Swann_Morton_3_Handle, Swann_Morton_10A_Blades, Aslan_Squeegee,","Aslan_Red_Devil_Squeegee, Olfa_X_Design_Heavy_Duty_Knife, Lint-Free-Gloves, Masking_Tape_25mm, Aslan-Gold-Soft-Squeegee, Olfa_Graphic_Cutter, Swann_Morton_3_Handle, Swann_Morton_10A_Blades, Aslan_Squeegee,","A","superuser","","","","","","","","","","","","","","","0","fabric, phototex, adhesive fabric, landor, self-adhesive fabric, self-adhesive printable fabric, digi-fab, digi fab, self adhesive fabric, self adhesive printable fabric, wallcover, wall decor, decor, wallpaper



















","","","1504264499","0","","0","","CHECKBOX"
"BN-20_Metal_Effect_Vinyl","Metal Effect Vinyl :: 500mm Width","EFX","DEFAULT","150","5","DEFAULT","","","","","0","This extremely easy to use PVC film cuts well and is also printable with eco solvent inks. It is suitable for interior use but has an up to 6 month un-warranted exterior life making it perfect for POS graphics. These films have a silver adhesive side.  Buy it by the metre at 500mm wide.







","<html>
<body>
These metallised PVC films offer indefinite indoor life with proper care and handling as well as having an exterior life of up to 6 months (edge sealing is required). Perfect for creating eye catching displays these films are often used in the POS industry and can also be printed using eco / solvent inks. These films have the same effect in silver on the adhesive side.
<br><br>
<a href=""media/ecom/pdfs/datasheets/EFX-Decorative.pdf"" target=""_blank""><img
style=""border: 0px solid ; width: 200px; height: 60px;"" alt=""pdf""
src=""media/ecom/onpagegraphics/Datasheet.png""></a>
<a href=""media/ecom/pdfs/firecertificates/Vinylefx_Fire_ASTM84.pdf""
target=""_blank""><img
style=""border: 0px solid ; width: 200px; height: 60px;"" alt=""pdf""
src=""media/ecom/onpagegraphics/Fire.png""></a>
</body>
</html>","Smooth-Silver.jpg","Smooth-Silver.jpg, Matt-Silver.jpg","INVITEMS","DEFAULT-BN-20_Metal_Effect_Vinyl-DEFAULT-BN-20_Metal_Effect_Vinyl","","","0","0","0","","1","REGONLY","0","0","0","0","","","","SELECT","SELECT","0","","","","","0","0","","income-service","","","0","0","","","","","Roland_BN-20_Media","Roland_BN-20_Media","","","0","","","A","","","","","","","","","","","","","","","","0","chrome vinyl,metalized vinyl,mirror,mirror silver,mirror chrome,metallized vinyl,metallic vinyl,metal vinyl,mirror vinyl,metallised,silver chrome,silver mirror,sparkle,glitter,metal flake,multi lens,mosaic,efx,vinyl efx,r tape,










","","","1504264516","0","","0","","CHECKBOX"
"Boss_Crystal_Matt_Laminate","Boss Crystal Matt Laminate","BOSSLAMCRYSTAL","Vivid","9","46","DEFAULT","","","","","0","Boss Crystal Matt Laminate has a non-reflective, anti scratch crystal finish with a solvent acrylic adhesive. Perfect for indoor and up to 3 years outdoor applications.



















","<html>

<head><title>Boss Crystal Matt Laminate</title>

<style>
.responsive {
  width: 50%;
  height: auto;
}
</style>
</head>

<body>
<img style=""border: 0px solid ; width: 225px; height: 67px;"" alt=""Boss Logo"" src=""media/ecom/onpagegraphics/BOSS-LOGO-300.jpg"" class=""responsive""><br><br>

<p>Boss Crystal Matt Laminate has a non-reflective, anti scratch crystal finish with a solvent acrylic adhesive.</p>

<span style=""font-weight: bold; color: #d7328a;"">Structure:</span><br>
<ul><li>100<span>&#181;</span>m Calendared monomeric PVC</li>
<li>Solvent based adhesive - Permanent</li>
<li>Single sided PE coated silicone paper - 100gm<sup>2</sup>
</li></ul>

<span style=""font-weight: bold; color: #d7328a;"">Suitability:</span><br>
<ul><li>Ideal for both internal and external use</li>
<li>Designed to enhance and protect digitally printed images on a wide range of substrates</li>
<li>Outdoor durability of up to 3 years
</li></ul>

<span style=""font-weight: bold; color: #d7328a;"">Advantages:</span><br>
<ul><li>Anti scratch finish protects prints</li>
<li>Offers a non reflective crystal matt finish</li>
<li>Can be applied to a wide range of substrates</li>
<li>Suitable for Solvent, Eco-Solvent and Latex inks</li>
<li>Available in various widths
</li><br><img style=""border: 0px solid ; width: 50px; height: 50px; alt=""reward points logo""
src=""media/ecom/onpagegraphics/Reward_Logo.png""><span style=""font-weight: bold; color: #ef7d00;"">Earn Reward Points every time you buy this product</span></ul><br>

<span style=""font-weight: bold; color: #d7328a;"">Technical Information:</span><br>
<ul><a href=""media/ecom/pdfs/datasheets/Boss-Laminate.pdf"" target=""_blank""><img
style=""border: 0px solid ; width: 200px; height: 60px;"" alt=""Boss Crystal Matt Laminate Datasheet""
src=""media/ecom/onpagegraphics/Datasheet.png""></a></ul>

<p style=""font-weight: bold; font-size: 1.0em;"">Prices shown are per roll</p>
</body>

</html>
","Boss_Lam_Crystal.png","Boss_Lam_Crystal.png","INVITEMS","DEFAULT-Boss_Crystal_Matt_Laminate-DEFAULT-Boss_Crystal_Matt_Laminate","","","0","0","0","","1","REGONLY","0","0","0","0","","","","SELECT","SELECT","0","","","","","0","0","","income-service","","","0","0","","","","","Textured_laminate","Matt_laminate, Textured_laminate","","","0","Olfa_Graphic_Cutter, Olfa_X_Design_Heavy_Duty_Knife, Lint-Free-Gloves, Masking_Tape_25mm, Aslan_Squeegee, Swann_Morton_3_Handle, Swann_Morton_10A_Blades, Lint-Free-Cloths, Heavy-Duty-Application-Roller, 4075CT1220, Rollepro","Olfa_Graphic_Cutter, Olfa_X_Design_Heavy_Duty_Knife, Lint-Free-Gloves, Masking_Tape_25mm, Aslan_Squeegee, Swann_Morton_3_Handle, Swann_Morton_10A_Blades, Lint-Free-Cloths, Heavy-Duty-Application-Roller, 4075CT1220, Rollepro","A","superuser","","","","","","","","","","","","","","Boss-Crystal-Matt-Laminate","0","matt lam, bosslam, boss matt, matt laminate, laminate, crystal matt lam, crystal matt laminate










































","","","1490031629","0","","0","","CHECKBOX"
"Boss_Gloss_Laminate","Boss Gloss Laminate","BOSSLAMGLOSS","Vivid","30","46","DEFAULT","","","","","0","Boss Gloss Laminate is a vibrant 100 micron high gloss laminate with a solvent acrylic adhesive. Perfect for indoor and up to 3 years outdoor applications.

















","<html>

<head><title>Boss Gloss Laminate</title>

<style>
.responsive {
  width: 50%;
  height: auto;
}
</style>
</head>

<body>
<img style=""border: 0px solid ; width: 225px; height: 67px;"" alt=""Boss Logo"" src=""media/ecom/onpagegraphics/BOSS-LOGO-300.jpg"" class=""responsive""><br><br>

<p>Boss Gloss Laminate is a 100 micron gloss laminate that is perfect for indoor and up to 3 years outdoor applications.</p>

<span style=""font-weight: bold; color: #d7328a;"">Structure:</span><br>
<ul><li>100<span>&#181;</span>m Calendared monomeric PVC</li>
<li>Solvent based adhesive - Permanent</li>
<li>Single sided PE coated silicone paper - 100gm<sup>2</sup>
</li></ul>

<span style=""font-weight: bold; color: #d7328a;"">Suitability:</span><br>
<ul><li>Ideal for both internal and external use</li>
<li>Designed to enhance and protect digitally printed images on a wide range of substrates</li>
<li>Outdoor durability of up to 3 years
</li></ul>

<span style=""font-weight: bold; color: #d7328a;"">Advantages:</span><br>
<ul><li>Protects the image without dulling down any colour output</li>
<li>Offers a high gloss finish</li>
<li>Can be applied to a wide range of substrates</li>
<li>Suitable for Solvent, Eco-Solvent and Latex inks</li>
<li>Available in various widths
</li><br><img style=""border: 0px solid ; width: 50px; height: 50px; alt=""reward points logo""
src=""media/ecom/onpagegraphics/Reward_Logo.png""><span style=""font-weight: bold; color: #ef7d00;"">Earn Reward Points every time you buy this product</span></ul><br>

<span style=""font-weight: bold; color: #d7328a;"">Technical Information:</span><br>
<ul><a href=""media/ecom/pdfs/datasheets/Boss-Laminate.pdf"" target=""_blank""><img
style=""border: 0px solid ; width: 200px; height: 60px;"" alt=""Boss Gloss Laminate Datasheet""
src=""media/ecom/onpagegraphics/Datasheet.png""></a></ul>

<p style=""font-weight: bold; font-size: 1.0em;"">Prices shown are per roll</p>
</body>

</html>","Boss_Lam_Gloss.png","Boss_Lam_Gloss.png","INVITEMS","DEFAULT-Boss_Gloss_Laminate-DEFAULT-Boss_Gloss_Laminate","","","0","0","0","","1","REGONLY","0","0","0","0","","","","SELECT","SELECT","0","","","","","0","0","","income-service","","","0","0","","","","","Gloss_laminate","Gloss_laminate","","","0","Olfa_Graphic_Cutter, Olfa_X_Design_Heavy_Duty_Knife, Lint-Free-Gloves, Masking_Tape_25mm, Aslan_Squeegee, Swann_Morton_3_Handle, Swann_Morton_10A_Blades, Lint-Free-Cloths, Heavy-Duty-Application-Roller, 4075CT1220,","Olfa_Graphic_Cutter, Olfa_X_Design_Heavy_Duty_Knife, Lint-Free-Gloves, Masking_Tape_25mm, Aslan_Squeegee, Swann_Morton_3_Handle, Swann_Morton_10A_Blades, Lint-Free-Cloths, Heavy-Duty-Application-Roller, 4075CT1220,","A","superuser","","","","","","","","","","","","","","Boss-Gloss-Laminate","0","gloss lam, bosslam, boss gloss, gloss laminate, laminate








































","","","1490031847","0","","0","","CHECKBOX"
"Boss_Gloss_UV_Laminate","Boss Gloss Laminate for UVc Inks","BOSSLAMUVGLOSS","Vivid","30","200","DEFAULT","","","","","0","Boss Gloss UV Laminate is a vibrant 70 micron high gloss laminate with a special high tack adhesive designed for lamination on to digital media printed with UV curable inks without silvering. Perfect for indoor and up to 3 years outdoor applications.

















","<html>

<head><title>Boss Gloss UV Laminate</title>

<style>
.responsive {
  width: 50%;
  height: auto;
}
</style>
</head>

<body>
<img style=""border: 0px solid ; width: 225px; height: 67px;"" alt=""Boss Logo"" src=""media/ecom/onpagegraphics/BOSS-LOGO-300.jpg"" class=""responsive""><br><br>

<p>Boss Gloss UV Laminate is a vibrant 70 micron high gloss laminate with a special high tack adhesive designed for lamination on to digital media printed with UV curable inks without silvering.</p>

<span style=""font-weight: bold; color: #d7328a;"">Structure:</span><br>
<ul><li>70<span>&#181;</span>m Calendared monomeric PVC</li>
<li>UV acrylic hot melt adhesive - High Tack</li>
<li>Glassine silicone release liner - 62gm<sup>2</sup>
</li></ul>

<span style=""font-weight: bold; color: #d7328a;"">Suitability:</span><br>
<ul><li>Ideal for both internal and external use</li>
<li>Designed to enhance and protect digitally printed images on a wide range of substrates</li>
<li>Outdoor durability of up to 3 years
</li></ul>

<span style=""font-weight: bold; color: #d7328a;"">Advantages:</span><br>
<ul><li>Protects the image without dulling down any colour output</li>
<li>Offers a high gloss finish</li>
<li>FDA and ISEGA certified</li>
<li>Suitable for UV curable inks</li>
<li>Designed for lamination onto media printed with UV curable inks without silvering
</li><br><img style=""border: 0px solid ; width: 50px; height: 50px; alt=""reward points logo""
src=""media/ecom/onpagegraphics/Reward_Logo.png""><span style=""font-weight: bold; color: #ef7d00;"">Earn Reward Points every time you buy this product</span></ul><br>

<span style=""font-weight: bold; color: #d7328a;"">Technical Information:</span><br>
<ul><a href=""media/ecom/pdfs/datasheets/Boss-UVc-Laminate.pdf"" target=""_blank""><img
style=""border: 0px solid ; width: 200px; height: 60px;"" alt=""Boss Gloss UVc Laminate Datasheet""
src=""media/ecom/onpagegraphics/Datasheet.png""></a></ul>

<p style=""font-weight: bold; font-size: 0.9em;"">Prices shown are per 50 metre roll at 1370mm wide</p>
</body>

</html>","Boss_Lam_UV_Gloss.png","Boss_Lam_UV_Gloss.png","INVITEMS","DEFAULT-Boss_Gloss_UV_Laminate-DEFAULT-Boss_Gloss_UV_Laminate","","","0","0","0","","1","REGONLY","0","0","0","0","","","","SELECT","SELECT","0","","","","","0","0","","income-service","","","0","0","","","","","UVC-Laminates","Gloss_laminate, UVC-Laminates","","","0","Olfa_Graphic_Cutter, Olfa_X_Design_Heavy_Duty_Knife, Lint-Free-Gloves, Masking_Tape_25mm, Aslan_Squeegee, Swann_Morton_3_Handle, Swann_Morton_10A_Blades, Lint-Free-Cloths, Heavy-Duty-Application-Roller, 4075CT1220,","Olfa_Graphic_Cutter, Olfa_X_Design_Heavy_Duty_Knife, Lint-Free-Gloves, Masking_Tape_25mm, Aslan_Squeegee, Swann_Morton_3_Handle, Swann_Morton_10A_Blades, Lint-Free-Cloths, Heavy-Duty-Application-Roller, 4075CT1220,","A","superuser","","","","","","","","","","","","","","Boss-Gloss-UV-Laminate","0","gloss lam, bosslam, boss gloss, gloss laminate, laminate, uv, ul laminate, high tack, 








































","","","1648739983","0","","0","","CHECKBOX"
"BT330","Blast Tape 330 :: 1000mm x 25m","BT300","Doro_Tape","10","419","DEFAULT","","","","","0","Blast Tape 330 is the ultimate heavy duty shot peening stencil masking film. The protection is in the form of a tough strengthened paper that has a super high grip rubber adhesive and protected with a one side PE coated paper. The properties of BT330 make it the toughest product on the market today yet it is still soft enough for it to be easy to cad-cut and workable enough for it to easily conform and adhere well to both large
 and small components. Excellent adhesion levels to all substrates yet will still remove with leaving any residue. Extremely resistant to intense controlled shot peening, the adhesive will create a strong anchor to the surface to allow for maximum abrasion resistance. Blast Tape 330 is also PVC and halogen free so can be used for highly critical components in a wide variety of industries. Prices are per 25m roll.
","<html>
<head><title>Blast Tape 330</title></head>
<body>
<p>Blast Tape 330 is the ultimate heavy duty shot peening stencil masking film. The protection is in the form of a tough strengthened paper that has a super high grip rubber adhesive and protected with a one side PE coated paper.</p>

<p>The properties of BT330 make it the toughest product on the market today yet it is still soft enough for it to be easy to cad-cut and workable enough for it to easily conform and adhere well to both large
 and small components.</p>

<p>Excellent adhesion levels to all substrates yet will still remove with leaving any residue.</p>

<p>Extremely resistant to intense controlled shot peening, the adhesive will create a strong anchor to the surface to allow for maximum abrasion resistance.</p>

<p>Blast Tape 330 is also PVC and halogen free so can be used for highly critical components in a wide variety of industries.</p>

<span style=""font-weight: bold; color: #d7328a;"">Structure:</span><br>
<ul><li>330<span>&#181;</span>m Paper</li>
<li>Rubber based adhesive - High grip removable</li>
<li>One sided PE coated paper liner - 138<span>&#181;</span>m 
</li></ul>

<span style=""font-weight: bold; color: #d7328a;"">Suitability:</span>
<ul><li>Suitable for use as a protection during sandblasting and shot peening</li>
<li>Can be used on metals such as steel and titanium as well as granite and marble</li>
<li>Offers maximum protection of critical components in the automotive, aerospace and other industries during high intensity shot peening</li>
<li>This cad-cutable stencil masking film is also ideal for very deep sandblasting in to the toughest stone</li></ul>

<span style=""font-weight: bold; color: #d7328a;"">Advantages:</span>
<ul><li>Heavy Duty 330 micron strengthened paper</li>
<li>Special high tack adhesive offers excellent adhesion to all substrates</li>
<li>Withstands the toughest blasting conditions while still offering crisp clean edges</li>
<li>Clean removability without leaving any adhesive residue</li>
<li>Easily cad-cuttable and can also be cut by hand</li></ul>

<span style=""font-weight: bold; color: #d7328a;"">Technical Information:</span><br><br>
<a href=""media/ecom/pdfs/datasheets/Blast-Tape-330.pdf""
target=""_blank""><img style=""border: 0px solid ; width: 200px; height: 60px;"" alt=""Blast Tape 330 Datasheet""
src=""media/ecom/onpagegraphics/Datasheet.png""></a>

<p style=""font-weight: bold; font-size: 0.9em;"">Prices shown are per 25 metre roll at 1000mm wide</p>
</body>
</html>","BT330.jpg","BT330.jpg","INVITEMS","DEFAULT-BT330-DEFAULT-BT330","","","0","0","0","","1","REGONLY","0","0","0","0","","","","SELECT","SELECT","0","","","","","0","0","","income-service","","","0","0","","","","","Shot-Peening-Stencil-Films","Shot-Peening-Stencil-Films","","","0","EZ_Weeder, Weeding_Tweezers, Masking_Tape_50mm, 4075CT1220, 3M_Gold_Squeegee, Aslan_Red_Devil_Squeegee, Aslan_Squeegee, Olfa_X_Design_Heavy_Duty_Knife, Olfa_Graphic_Cutter","EZ_Weeder, Weeding_Tweezers, Masking_Tape_50mm, 4075CT1220, 3M_Gold_Squeegee, Aslan_Red_Devil_Squeegee, Aslan_Squeegee, Olfa_X_Design_Heavy_Duty_Knife, Olfa_Graphic_Cutter","A","superuser","","","","","","","","","","","","","","","0","Aslan S62, S62, anchor tape, anchor stonemask, stencil, stencil mask, masking, sandblastmask, sandblast mask, stencil film, masking film, stone mask, stonemask, sandblast film, sand blast film, bt330, blast, blast tape, 330, shot, peening, shot peeni","","Blast Tape 330 is the ultimate heavy duty shot peening stencil masking film. The protection is in the form of a tough strengthened paper that has a super high grip rubber adhesive and protected with a one side PE coated paper.","1676571913","0","","0","","CHECKBOX"
"Bubble_Pen","Bubble Pen","BUB","SOTT","116","11","DEFAULT","","","","","0","Air release tool that looks like a ballpoint pen. Simply click to release the sharp needle tip and click again to retract safely in tot he handle.","<html>

<head><title>Bubble Pen</head></title>

<body>

<p>Air release tool that looks like a ballpoint pen. Simply click to release the sharp needle tip and click again to retract safely in the handle.</p>
<p>Features a pocket clip for easy access.</p>
<p>Please note that the needle tip is not replaceable.</p>

</body>

</html>


","Air-Release-Tool.jpg","Air-Release-Tool.jpg","INVITEMS","DEFAULT-Bubble_Pen-DEFAULT-Bubble_Pen","","","0","0","0","","1","REGONLY","0","0","0","0","","","","SELECT","SELECT","0","","","","","0","0","","income-service","","","0","0","","","","","Vehicle_Wrap_Tools","Application_Tools, Vehicle_Wrap_Tools","","","0","Magnetic_Squeegee","","A","","","","","","","","","","","","","","","","0","magnetic squeegee,","","","1519666411","0","","0","","CHECKBOX"
"Bumper_3006","6.4mm x 1.9mm Domed Bumpers","3006","Doro_Tape","110","7","DEFAULT","","","","","0","Sheet of 720 domed bumpers 6.4mm diameter x 1.9mm high","<html>

<title><head>6.4mm x 1.9mm Domed Bumpers</title></head>

<body>

<p>Sheet of 720 domed bumpers 6.4mm diameter x 1.9mm high</p>
<img style=""border: 3px solid grey; align: left; width: 180px; height: 180px;"" alt=""pdf""
src=""media/ecom/onpagegraphics/Bumper_Small_Domed.jpg"">

</body>

</html>","Bumpers.jpg","Bumpers.jpg","INVITEMS","DEFAULT-Bumper_3006-DEFAULT-Bumper_3006","","","0","0","0","","1","REGONLY","0","0","0","0","","","","SELECT","SELECT","0","","","","","0","0","","income-service","","","0","0","","","","","Bumper_Feet","Bumper_Feet","","","0","","","A","","","","","","","","","","","","","","","","0","3M filler,filler","","","1521034698","0","","0","","CHECKBOX"
"Bumper_3008","8mm x 2.2mm Domed Bumpers","3008","Doro_Tape","120","7","DEFAULT","","","","","0","Sheet of 480 domed bumpers 8mm diameter x 2.2mm high","<html>

<title><head>8mm x 2.2mm Domed Bumpers</title></head>

<body>

<p>Sheet of 480 domed bumpers 8mm diameter x 2.2mm high</p>
<img style=""border: 3px solid grey; align: left; width: 180px; height: 180px;"" alt=""pdf""
src=""media/ecom/onpagegraphics/Bumper_Small_Domed.jpg"">

</body>

</html>
","Bumpers.jpg","Bumpers.jpg","INVITEMS","DEFAULT-Bumper_3008-DEFAULT-Bumper_3008","","","0","0","0","","1","REGONLY","0","0","0","0","","","","SELECT","SELECT","0","","","","","0","0","","income-service","","","0","0","","","","","Bumper_Feet","Bumper_Feet","","","0","","","A","","","","","","","","","","","","","","","","0","3M filler,filler","","","1520965086","0","","0","","CHECKBOX"
"Bumper_3115","11.1mm x 5mm Domed Bumpers","3115","Doro_Tape","130","7","DEFAULT","","","","","0","Sheet of 276 domed bumpers 11.1mm diameter x 5mm high","<html>

<title><head>11.1mm x 5mm Domed Bumpers</title></head>

<body>


<p>Sheet of 276 domed bumpers 11.1mm diameter x 5mm high</p>
<img style=""border: 3px solid grey; align: left; width: 180px; height: 180px;"" alt=""pdf""
src=""media/ecom/onpagegraphics/Bumper_Large_Domed.jpg"">

</body>

</html>","Bumpers.jpg","Bumpers.jpg","INVITEMS","DEFAULT-Bumper_3115-DEFAULT-Bumper_3115","","","0","0","0","","1","REGONLY","0","0","0","0","","","","SELECT","SELECT","0","","","","","0","0","","income-service","","","0","0","","","","","Bumper_Feet","Bumper_Feet","","","0","","","A","","","","","","","","","","","","","","","","0","3M filler,filler","","","1521034892","0","","0","","CHECKBOX"
"Bumper_3121","12mm x 3.2mm Flat Round Bumpers","3121","Doro_Tape","150","7","DEFAULT","","","","","0","Sheet of 264 flat round bumpers 12mm diameter x 3.2mm high","<html>

<title><head>12mm x 3.2mm Flat Round Bumpers</title></head>

<body>

<p>Sheet of 264 flat round bumpers 12mm diameter x 3.2mm high</p>
<img style=""border: 3px solid grey; align: left; width: 180px; height: 180px;"" alt=""pdf""
src=""media/ecom/onpagegraphics/Bumper_Round_Flat.jpg"">

</body>

</html>","Bumpers.jpg","Bumpers.jpg","INVITEMS","DEFAULT-Bumper_3121-DEFAULT-Bumper_3121","","","0","0","0","","1","REGONLY","0","0","0","0","","","","SELECT","SELECT","0","","","","","0","0","","income-service","","","0","0","","","","","Bumper_Feet","Bumper_Feet","","","0","","","A","","","","","","","","","","","","","","","","0","3M filler,filler","","","1521034999","0","","0","","CHECKBOX"
"Bumper_3127","12.7mm x 3.1mm Flat Square Bumpers","3127","Doro_Tape","160","7","DEFAULT","","","","","0","Sheet of 242 flat topped square bumpers 12.7mm square x 3.1mm high","<html>

<title><head>12.7mm x 3.1mm Flat Square Bumpers</title></head>

<body>

<p>Sheet of 242 flat topped square bumpers 12.7mm square x 3.1mm high</p>
<img style=""border: 3px solid grey; align: left; width: 180px; height: 180px;"" alt=""pdf""
src=""media/ecom/onpagegraphics/Bumper_Square.jpg"">

</body>

</html>","Bumpers.jpg","Bumpers.jpg","INVITEMS","DEFAULT-Bumper_3127-DEFAULT-Bumper_3127","","","0","0","0","","1","REGONLY","0","0","0","0","","","","SELECT","SELECT","0","","","","","0","0","","income-service","","","0","0","","","","","Bumper_Feet","Bumper_Feet","","","0","","","A","","","","","","","","","","","","","","","","0","3M filler,filler","","","1520959655","0","","0","","CHECKBOX"
"Bumper_3190","19mm x 9.5mm Domed Bumpers","3190","Doro_Tape","140","7","DEFAULT","","","","","0","Sheet of 90 domed bumpers 19mm diameter x 9.5mm high","<html>

<title><head>19mm x 9.5mm Domed Bumpers</title></head>

<body>

<p>Sheet of 90 domed bumpers 19mm diameter x 9.5mm high</p>
<img style=""border: 3px solid grey; align: left; width: 180px; height: 180px;"" alt=""pdf""
src=""media/ecom/onpagegraphics/Bumper_Large_Domed.jpg"">

</body>

</html>","Bumpers.jpg","Bumpers.jpg","INVITEMS","DEFAULT-Bumper_3190-DEFAULT-Bumper_3190","","","0","0","0","","1","REGONLY","0","0","0","0","","","","SELECT","SELECT","0","","","","","0","0","","income-service","","","0","0","","","","","Bumper_Feet","Bumper_Feet","","","0","","","A","","","","","","","","","","","","","","","","0","bumpers, domes, domed, dome, bump, bumps, ","","","1520962079","0","","0","","CHECKBOX"
"C11809S","ASLAN C11809 White","C11809S","Aslan","25","0","DEFAULT","","","","","0","ASLAN C11809 White self-adhesive polymeric vinyl is designed for medium to long term vehicle graphics and exterior signage.","<html>
<head><title>ASLAN C11809 White</title>

<style>
.responsive {
  width: 50%;
  height: auto;
}
</style>
</head>

<body>

<img style=""height: 50px; width: 236px;"" alt=""Aslan logo""
src=""media/ecom/onpagegraphics/ASLAN_Logo_New.png"" class=""responsive""><br><br>

<p>ASLAN C11809 White self-adhesive polymeric vinyl is designed for medium to long term vehicle graphics and exterior signage.</p>

<span style=""font-weight: bold; color: #d7328a;"">Structure:</span><br>
<ul><li>70<span>&#181;</span>m PVC</li>
<li>Water based adhesive - Permanent</li>
<li>Premium quality siliconized backing liner - 140gm<sup>2</sup>
</li></ul>

<span style=""font-weight: bold; color: #d7328a;"">Suitability:</span><br>
<ul><li>High gloss opaque vinyl is ideal for window graphics</li>
<li>Perfect for vehicle applications and outdoor signage</li>
<li>Suitable for wet or dry application
</li></ul>

<span style=""font-weight: bold; color: #d7328a;"">Advantages:</span><br>
<ul><li>Soft, flexible material offers superb conformability</li>
<li>Excellent colour stability</li>
<li>Special coated liner offers excellent weeding and lay flat properties</li>
<li>Up to 7 year outdoor durability
</li></ul>

<span style=""font-weight: bold; color: #d7328a;"">Technical Information:</span>
<ul><a href=""media/ecom/pdfs/datasheets/PremiumColour_ASLAN_C118_Soft_e.pdf"" target=""_blank""><img
style=""border: 0px solid ; width: 200px; height: 60px;"" alt=""pdf""
src=""media/ecom/onpagegraphics/Datasheet.png""></a></ul>

</body>
</html>","C11809S_White.png","C11809S_White.png","INVITEMS","DEFAULT-C11809S-DEFAULT-C11809S","","","0","0","0","","1","REGONLY","0","0","0","0","","","","SELECT","SELECT","0","","","","","0","0","","income-service","","","0","0","","","","","Aslan_C118","Aslan_C118","","","0","900EMT1220, 4075CT1220, 903C1220, Aslan_Red_Devil_Squeegee, Olfa_X_Design_Heavy_Duty_Knife, Masking_Tape_25mm, Aslan-Gold-Soft-Squeegee, Olfa_Graphic_Cutter, Swann_Morton_3_Handle, Swann_Morton_10A_Blades, Float_On","900EMT1220, 4075CT1220, 903C1220, Aslan_Red_Devil_Squeegee, Olfa_X_Design_Heavy_Duty_Knife, Masking_Tape_25mm, Aslan-Gold-Soft-Squeegee, Olfa_Graphic_Cutter, Swann_Morton_3_Handle, Swann_Morton_10A_Blades, Float_On","A","superuser","","","","","Gloss","","","","","","","","","ASLAN_C11809S_White","0","aslan, vinyl, C118, polymeric, sign vinyl, self adhesive, white, 7 year vinyl, ","","","1556724447","0","","0","","CHECKBOX"
"C11810S","ASLAN C11810 Black","C11810S","Aslan","29","0","DEFAULT","","","","","0","ASLAN C11810 Black self-adhesive polymeric vinyl is designed for medium to long term vehicle graphics and exterior signage.","<html>
<head><title>ASLAN C11810 Black</title>

<style>
.responsive {
  width: 50%;
  height: auto;
}
</style>
</head>

<body>

<img style=""height: 50px; width: 236px;"" alt=""Aslan logo""
src=""media/ecom/onpagegraphics/ASLAN_Logo_New.png"" class=""responsive""><br><br>

<p>ASLAN C11810 Black self-adhesive polymeric vinyl is designed for medium to long term vehicle graphics and exterior signage.</p>

<span style=""font-weight: bold; color: #d7328a;"">Structure:</span><br>
<ul><li>70<span>&#181;</span>m PVC</li>
<li>Water based adhesive - Permanent</li>
<li>Premium quality siliconized backing liner - 140gm<sup>2</sup>
</li></ul>

<span style=""font-weight: bold; color: #d7328a;"">Suitability:</span><br>
<ul><li>High gloss opaque vinyl is ideal for window graphics</li>
<li>Perfect for vehicle applications and outdoor signage</li>
<li>Suitable for wet or dry application
</li></ul>

<span style=""font-weight: bold; color: #d7328a;"">Advantages:</span><br>
<ul><li>Soft, flexible material offers superb conformability</li>
<li>Excellent colour stability</li>
<li>Special coated liner offers excellent weeding and lay flat properties</li>
<li>Up to 7 year outdoor durability
</li></ul>

<span style=""font-weight: bold; color: #d7328a;"">Technical Information:</span>
<ul><a href=""media/ecom/pdfs/datasheets/PremiumColour_ASLAN_C118_Soft_e.pdf"" target=""_blank""><img
style=""border: 0px solid ; width: 200px; height: 60px;"" alt=""pdf""
src=""media/ecom/onpagegraphics/Datasheet.png""></a></ul>

</body>
</html>","C11810S_Black.png","C11810S_Black.png","INVITEMS","DEFAULT-C11810S-DEFAULT-C11810S","","","0","0","0","","1","REGONLY","0","0","0","0","","","","SELECT","SELECT","0","","","","","0","0","","income-service","","","0","0","","","","","Aslan_C118","Aslan_C118","","","0","900EMT1220, 4075CT1220, 903C1220, Aslan_Red_Devil_Squeegee, Olfa_X_Design_Heavy_Duty_Knife, Masking_Tape_25mm, Aslan-Gold-Soft-Squeegee, Olfa_Graphic_Cutter, Swann_Morton_3_Handle, Swann_Morton_10A_Blades, Float_On","900EMT1220, 4075CT1220, 903C1220, Aslan_Red_Devil_Squeegee, Olfa_X_Design_Heavy_Duty_Knife, Masking_Tape_25mm, Aslan-Gold-Soft-Squeegee, Olfa_Graphic_Cutter, Swann_Morton_3_Handle, Swann_Morton_10A_Blades, Float_On","A","superuser","","","","","Gloss","","","","","","","","","ASLAN_C11810S_Black","0","aslan, vinyl, C118, polymeric, black, black vinyl, vehicle graphics, self adhesive vinyl, ","","","1556724459","0","","0","","CHECKBOX"
"C201_Silver_Metal_Flake","VinylEfx Indoor Silver Metal Flake","C201","R-Tape","16","4","DEFAULT","","","","","0","Nekoosa VinylEfx C201 Indoor Silver Metal Flake is a metallised silver vinyl with a sparkling holographic surface for eye-catching signage and displays.","<html>
<head>
    <title>VinylEfx C201 Indoor Silver Metal Flake</title>
</head>
<body>
<img style=""height: 53px; width: 250px;"" alt=""Nekoosa logo""
src=""media/ecom/onpagegraphics/Nekoosa_Logo.jpg""><br><br>


<p>Nekoosa VinylEfx® C201 Indoor Silver Metal Flake is a metallised silver vinyl with a sparkling holographic surface for eye-catching signage and displays.</p>

<span style=""font-weight: bold; color: #d7328a;"">Structure:</span>
<ul>
    <li>75<span>&#181;</span>m PVC</li>
    <li>Water-based, clear acrylic adhesive - Permanent</li>
    <li>One-sided coated white Kraft paper - 143g/m<sup>2</sup></li>
</ul>

<span style=""font-weight: bold; color: #d7328a;"">Suitability:</span>
<ul>
    <li>Sparkling holographic surface for premium-looking graphics, labels and stickers</li>
<li>VinylEfx® is ideal for producing eye-catching POS displays and promotional advertising and signage</li>
    <li>Designed for interior use on clean, smooth flat or slightly curved 2D surfaces</li>
<li>Short term outdoor durability but edge sealing recommended to optimize durability</li>
    <li>Dry apply only</li>
    <li>These films have the same effect in silver on the adhesive side</li>
</ul>

<span style=""font-weight: bold; color: #d7328a;"">Advantages:</span>
<ul><li>Cuts and weeds easily</li>
<li>Can be printed using Eco-Sol, Solvent & UV ink</li>
<li>Also suitable for new generation Latex inks (700 & 800 series)</li>
    <li>Fire rated to ASTM E-84-11a under classification 'A'</li>
</ul>

<span style=""font-weight: bold; color: #d7328a;"">Ink Compatibility:</span><br>
<ul>
        <img style=""margin: 0 5px 0 0; width: 15px; height: 25px;"" alt=""Eco-Sol Ink"" src=""media/ecom/onpagegraphics/Ink-EcoSol.png""> Eco-solvent&nbsp;&nbsp;
        <img style=""margin: 0 5px 0 0; width: 15px; height: 25px;"" alt=""UV Ink"" src=""media/ecom/onpagegraphics/Ink-UV.png""> UV&nbsp;&nbsp;
<img style=""margin: 0 5px 0 0; width: 15px; height: 25px;"" alt=""Latex Ink"" src=""media/ecom/onpagegraphics/Ink-Latex.png""> Latex (new generation only)
    
</ul>

<span style=""font-weight: bold; color: #d7328a;"">Technical Information:</span><br>
<ul>
    
        <a href=""media/ecom/pdfs/datasheets/EFX-Decorative.pdf"" target=""_blank"">
            <img style=""border: 0; width: 200px; height: 60px;"" alt=""EFX Decorative Datasheet"" src=""media/ecom/onpagegraphics/Datasheet.png"">
        </a>
        <a href=""media/ecom/pdfs/firecertificates/VinyEfx-Decorative-Fire-Certification-2023.pdf"" target=""_blank"">
            <img style=""border: 0; width: 200px; height: 60px;"" alt=""EFX Decorative Fire Certificate"" src=""media/ecom/onpagegraphics/Fire.png"">
        </a>
        <a href=""media/ecom/colselxl/Colourcard_EFX.pdf"" target=""_blank"">
            <img style=""border: 0; width: 200px; height: 60px;"" alt=""EFX Colourcard"" src=""media/ecom/onpagegraphics/Colour.png"">
        </a>
        <a href=""media/ecom/pdfs/applicationguidelines/EFX_Application_Reference_Guide.pdf"" target=""_blank"">
            <img style=""border: 0; width: 200px; height: 60px;"" alt=""Application Guide"" src=""media/ecom/onpagegraphics/App.png"">
        </a>
</ul>

</body>
</html>","C201_Silver_Metal_Flake.png","C201_Silver_Metal_Flake.png, C201_Stickers.jpg","INVITEMS","DEFAULT-C201_Silver_Metal_Flake-DEFAULT-C201_Silver_Metal_Flake","","","0","0","0","","1","REGONLY","0","0","0","0","","","","SELECT","SELECT","0","","","","","0","0","","income-service","","","0","0","","","","","VinylEfx_Decorative","VinylEfx_Decorative, Holographic_Vinyl, Silver-Films","","","0","Aslan_Red_Devil_Squeegee, Aslan-Gold-Soft-Squeegee, Aslan_Squeegee, Olfa_X_Design_Heavy_Duty_Knife, Olfa_Graphic_Cutter, Application_Gloves, Lint-Free-Gloves, Masking_Tape_25mm, Lint-Free-Cloths, ","Aslan_Red_Devil_Squeegee, Aslan-Gold-Soft-Squeegee, Aslan_Squeegee, Olfa_X_Design_Heavy_Duty_Knife, Olfa_Graphic_Cutter, Application_Gloves, Lint-Free-Gloves, Masking_Tape_25mm, Lint-Free-Cloths, ","A","","","","","","Sparkly","","","","","","","","","C201-Silver-Metal-Flake","0","metallic, efx, vinyl, vinyl efx, vinylefx, holographic, silver, metal flake, metalflake, sparkle, rtape, r-tape, r tape, nekoosa, c201, 201, ","","","1561992763","0","","0","","CHECKBOX"
"C202_Gold_Metal_Flake","VinylEfx Indoor Gold Metal Flake","C202","R-Tape","17","4","DEFAULT","","","","","0","Nekoosa VinylEfx C202 Indoor Gold Metal Flake is a metallised gold vinyl with a sparkling holographic surface for eye-catching signage and displays.","<html>
<head>
    <title>VinylEfx C202 Indoor Gold Metal Flake</title>
</head>
<body>
<img style=""height: 53px; width: 250px;"" alt=""Nekoosa logo""
src=""media/ecom/onpagegraphics/Nekoosa_Logo.jpg""><br><br>


<p>Nekoosa VinylEfx® C202 Indoor Gold Metal Flake is a metallised gold vinyl with a sparkling holographic surface for eye-catching signage and displays.</p>

<span style=""font-weight: bold; color: #d7328a;"">Structure:</span>
<ul>
    <li>75<span>&#181;</span>m PVC</li>
    <li>Water-based, clear acrylic adhesive - Permanent</li>
    <li>One-sided coated white Kraft paper - 143g/m<sup>2</sup></li>
</ul>

<span style=""font-weight: bold; color: #d7328a;"">Suitability:</span>
<ul>
    <li>Sparkling holographic surface for premium-looking graphics, labels and stickers</li>
<li>VinylEfx® is ideal for producing eye-catching POS displays and promotional advertising and signage</li>
    <li>Designed for interior use on clean, smooth flat or slightly curved 2D surfaces</li>
<li>Short term outdoor durability but edge sealing recommended to optimize durability</li>
    <li>Dry apply only</li>
    <li>These films have the same effect in silver on the adhesive side</li>
</ul>

<span style=""font-weight: bold; color: #d7328a;"">Advantages:</span>
<ul><li>Cuts and weeds easily</li>
<li>Can be printed using Eco-Sol, Solvent & UV ink</li>
<li>Also suitable for new generation Latex inks (700 & 800 series)</li>
    <li>Fire rated to ASTM E-84-11a under classification 'A'</li>
</ul>

<span style=""font-weight: bold; color: #d7328a;"">Ink Compatibility:</span><br>
<ul>
        <img style=""margin: 0 5px 0 0; width: 15px; height: 25px;"" alt=""Eco-Sol Ink"" src=""media/ecom/onpagegraphics/Ink-EcoSol.png""> Eco-solvent&nbsp;&nbsp;
        <img style=""margin: 0 5px 0 0; width: 15px; height: 25px;"" alt=""UV Ink"" src=""media/ecom/onpagegraphics/Ink-UV.png""> UV&nbsp;&nbsp;
<img style=""margin: 0 5px 0 0; width: 15px; height: 25px;"" alt=""Latex Ink"" src=""media/ecom/onpagegraphics/Ink-Latex.png""> Latex (new generation only)
    
</ul>

<span style=""font-weight: bold; color: #d7328a;"">Technical Information:</span><br>
<ul>
    
        <a href=""media/ecom/pdfs/datasheets/EFX-Decorative.pdf"" target=""_blank"">
            <img style=""border: 0; width: 200px; height: 60px;"" alt=""EFX Decorative Datasheet"" src=""media/ecom/onpagegraphics/Datasheet.png"">
        </a>
        <a href=""media/ecom/pdfs/firecertificates/VinyEfx-Decorative-Fire-Certification-2023.pdf"" target=""_blank"">
            <img style=""border: 0; width: 200px; height: 60px;"" alt=""EFX Decorative Fire Certificate"" src=""media/ecom/onpagegraphics/Fire.png"">
        </a>
        <a href=""media/ecom/colselxl/Colourcard_EFX.pdf"" target=""_blank"">
            <img style=""border: 0; width: 200px; height: 60px;"" alt=""EFX Colourcard"" src=""media/ecom/onpagegraphics/Colour.png"">
        </a>
        <a href=""media/ecom/pdfs/applicationguidelines/EFX_Application_Reference_Guide.pdf"" target=""_blank"">
            <img style=""border: 0; width: 200px; height: 60px;"" alt=""Application Guide"" src=""media/ecom/onpagegraphics/App.png"">
        </a>
</ul>

</body>
</html>","C202_Gold_Metal_Flake.png","C202_Gold_Metal_Flake.png","INVITEMS","DEFAULT-C202_Gold_Metal_Flake-DEFAULT-C202_Gold_Metal_Flake","","","0","0","0","","1","REGONLY","0","0","0","0","","","","SELECT","SELECT","0","","","","","0","0","","income-service","","","0","0","","","","","VinylEfx_Decorative","VinylEfx_Decorative, Holographic_Vinyl","","","0","Aslan_Red_Devil_Squeegee, Aslan-Gold-Soft-Squeegee, Aslan_Squeegee, Olfa_X_Design_Heavy_Duty_Knife, Olfa_Graphic_Cutter, Application_Gloves, Lint-Free-Gloves, Masking_Tape_25mm, Lint-Free-Cloths, ","Aslan_Red_Devil_Squeegee, Aslan-Gold-Soft-Squeegee, Aslan_Squeegee, Olfa_X_Design_Heavy_Duty_Knife, Olfa_Graphic_Cutter, Application_Gloves, Lint-Free-Gloves, Masking_Tape_25mm, Lint-Free-Cloths, ","A","","","","","","Sparkly","","","","","","","","","C202-Gold-Metal-Flake","0","metallic, efx, vinyl, vinyl efx, vinylefx, holographic, gold, metal flake, metalflake, sparkle, rtape, r-tape, r tape, nekoosa, c202, 202, ","","","1561993027","0","","0","","CHECKBOX"
"C203_Red_Metal_Flake","VinylEfx Indoor Red Metal Flake","C203","R-Tape","18","4","DEFAULT","","","","","0","Nekoosa VinylEfx C203 Indoor Red Metal Flake is a metallised red vinyl with a sparkling holographic surface for eye-catching signage and displays.","<head>
    <title>VinylEfx C203 Indoor Red Metal Flake</title>
</head>
<body>
<img style=""height: 53px; width: 250px;"" alt=""Nekoosa logo""
src=""media/ecom/onpagegraphics/Nekoosa_Logo.jpg""><br><br>


<p>Nekoosa VinylEfx® C203 Indoor Red Metal Flake is a metallised red vinyl with a sparkling holographic surface for eye-catching signage and displays.</p>

<span style=""font-weight: bold; color: #d7328a;"">Structure:</span>
<ul>
    <li>75<span>&#181;</span>m PVC</li>
    <li>Water-based, clear acrylic adhesive - Permanent</li>
    <li>One-sided coated white Kraft paper - 143g/m<sup>2</sup></li>
</ul>

<span style=""font-weight: bold; color: #d7328a;"">Suitability:</span>
<ul>
    <li>Sparkling holographic surface for premium-looking graphics, labels and stickers
<li>VinylEfx® is ideal for producing eye-catching POS displays and promotional advertising and signage
    <li>Designed for interior use on clean, smooth flat or slightly curved 2D surfaces
<li>Short term outdoor durability but edge sealing recommended to optimize durability
    <li>Dry apply only
    <li>These films have the same effect in silver on the adhesive side</li>
</ul>

<span style=""font-weight: bold; color: #d7328a;"">Advantages:</span>
<ul><li>Cuts and weeds easily
<li>Can be printed using Eco-Sol, Solvent & UV ink
<li>Also suitable for new generation Latex inks (700 & 800 series)
    <li>Fire rated to ASTM E-84-11a under classification 'A'</li>
</ul>

<span style=""font-weight: bold; color: #d7328a;"">Ink Compatibility:</span><br>
<ul>
        <img style=""margin: 0 5px 0 0; width: 15px; height: 25px;"" alt=""Eco-Sol Ink"" src=""media/ecom/onpagegraphics/Ink-EcoSol.png""> Eco-solvent&nbsp;&nbsp;
        <img style=""margin: 0 5px 0 0; width: 15px; height: 25px;"" alt=""UV Ink"" src=""media/ecom/onpagegraphics/Ink-UV.png""> UV&nbsp;&nbsp;
<img style=""margin: 0 5px 0 0; width: 15px; height: 25px;"" alt=""Latex Ink"" src=""media/ecom/onpagegraphics/Ink-Latex.png""> Latex (new generation only)
    
</ul>

<span style=""font-weight: bold; color: #d7328a;"">Technical Information:</span><br>
<ul>
    
        <a href=""media/ecom/pdfs/datasheets/EFX-Decorative.pdf"" target=""_blank"">
            <img style=""border: 0; width: 200px; height: 60px;"" alt=""EFX Decorative Datasheet"" src=""media/ecom/onpagegraphics/Datasheet.png"">
        </a>
        <a href=""media/ecom/pdfs/firecertificates/VinyEfx-Decorative-Fire-Certification-2023.pdf"" target=""_blank"">
            <img style=""border: 0; width: 200px; height: 60px;"" alt=""EFX Decorative Fire Certificate"" src=""media/ecom/onpagegraphics/Fire.png"">
        </a>
        <a href=""media/ecom/colselxl/Colourcard_EFX.pdf"" target=""_blank"">
            <img style=""border: 0; width: 200px; height: 60px;"" alt=""EFX Colourcard"" src=""media/ecom/onpagegraphics/Colour.png"">
        </a>
        <a href=""media/ecom/pdfs/applicationguidelines/EFX_Application_Reference_Guide.pdf"" target=""_blank"">
            <img style=""border: 0; width: 200px; height: 60px;"" alt=""Application Guide"" src=""media/ecom/onpagegraphics/App.png"">
        </a>
</ul>

</body>","C203_Red_Metal_Flake.png","C203_Red_Metal_Flake.png","INVITEMS","DEFAULT-C203_Red_Metal_Flake-DEFAULT-C203_Red_Metal_Flake","","","0","0","0","","1","REGONLY","0","0","0","0","","","","SELECT","SELECT","0","","","","","0","0","","income-service","","","0","0","","","","","VinylEfx_Decorative","VinylEfx_Decorative, Holographic_Vinyl","","","0","Aslan_Red_Devil_Squeegee, Aslan-Gold-Soft-Squeegee, Aslan_Squeegee, Olfa_X_Design_Heavy_Duty_Knife, Olfa_Graphic_Cutter, Application_Gloves, Lint-Free-Gloves, Masking_Tape_25mm, Lint-Free-Cloths, ","Aslan_Red_Devil_Squeegee, Aslan-Gold-Soft-Squeegee, Aslan_Squeegee, Olfa_X_Design_Heavy_Duty_Knife, Olfa_Graphic_Cutter, Application_Gloves, Lint-Free-Gloves, Masking_Tape_25mm, Lint-Free-Cloths, ","A","","","","","","Sparkly","","","","","","","","","C203-Red-Metal-Flake","0","metallic, efx, vinyl, vinyl efx, vinylefx, holographic, red metal flake, metalflake, sparkle, rtape, r-tape, r tape, nekoosa, c203, 203, ","","","1561993054","0","","0","","CHECKBOX"
"C204_Royal_Blue_Metal_Flake","VinylEfx Indoor Royal Blue Metal Flake","C204","R-Tape","19","4","DEFAULT","","","","","0","Nekoosa VinylEfx C204 Indoor Royal Blue Metal Flake is a metallised blue vinyl with a sparkling holographic surface for eye-catching signage and displays.","<head>
    <title>VinylEfx C204 Indoor Royal Blue Metal Flake</title>
</head>
<body>
<img style=""height: 53px; width: 250px;"" alt=""Nekoosa logo""
src=""media/ecom/onpagegraphics/Nekoosa_Logo.jpg""><br><br>


<p>Nekoosa VinylEfx® C204 Indoor Royal Blue Metal Flake is a metallised blue vinyl with a sparkling holographic surface for eye-catching signage and displays.</p>

<span style=""font-weight: bold; color: #d7328a;"">Structure:</span>
<ul>
    <li>75<span>&#181;</span>m PVC</li>
    <li>Water-based, clear acrylic adhesive - Permanent</li>
    <li>One-sided coated white Kraft paper - 143g/m<sup>2</sup></li>
</ul>

<span style=""font-weight: bold; color: #d7328a;"">Suitability:</span>
<ul>
    <li>Sparkling holographic surface for premium-looking graphics, labels and stickers
<li>VinylEfx® is ideal for producing eye-catching POS displays and promotional advertising and signage
    <li>Designed for interior use on clean, smooth flat or slightly curved 2D surfaces
<li>Short term outdoor durability but edge sealing recommended to optimize durability
    <li>Dry apply only
    <li>These films have the same effect in silver on the adhesive side</li>
</ul>

<span style=""font-weight: bold; color: #d7328a;"">Advantages:</span>
<ul><li>Cuts and weeds easily
<li>Can be printed using Eco-Sol, Solvent & UV ink
<li>Also suitable for new generation Latex inks (700 & 800 series)
    <li>Fire rated to ASTM E-84-11a under classification 'A'</li>
</ul>

<span style=""font-weight: bold; color: #d7328a;"">Ink Compatibility:</span><br>
<ul>
        <img style=""margin: 0 5px 0 0; width: 15px; height: 25px;"" alt=""Eco-Sol Ink"" src=""media/ecom/onpagegraphics/Ink-EcoSol.png""> Eco-solvent&nbsp;&nbsp;
        <img style=""margin: 0 5px 0 0; width: 15px; height: 25px;"" alt=""UV Ink"" src=""media/ecom/onpagegraphics/Ink-UV.png""> UV&nbsp;&nbsp;
<img style=""margin: 0 5px 0 0; width: 15px; height: 25px;"" alt=""Latex Ink"" src=""media/ecom/onpagegraphics/Ink-Latex.png""> Latex (new generation only)
    
</ul>

<span style=""font-weight: bold; color: #d7328a;"">Technical Information:</span><br>
<ul>
    
        <a href=""media/ecom/pdfs/datasheets/EFX-Decorative.pdf"" target=""_blank"">
            <img style=""border: 0; width: 200px; height: 60px;"" alt=""EFX Decorative Datasheet"" src=""media/ecom/onpagegraphics/Datasheet.png"">
        </a>
        <a href=""media/ecom/pdfs/firecertificates/VinyEfx-Decorative-Fire-Certification-2023.pdf"" target=""_blank"">
            <img style=""border: 0; width: 200px; height: 60px;"" alt=""EFX Decorative Fire Certificate"" src=""media/ecom/onpagegraphics/Fire.png"">
        </a>
        <a href=""media/ecom/colselxl/Colourcard_EFX.pdf"" target=""_blank"">
            <img style=""border: 0; width: 200px; height: 60px;"" alt=""EFX Colourcard"" src=""media/ecom/onpagegraphics/Colour.png"">
        </a>
        <a href=""media/ecom/pdfs/applicationguidelines/EFX_Application_Reference_Guide.pdf"" target=""_blank"">
            <img style=""border: 0; width: 200px; height: 60px;"" alt=""Application Guide"" src=""media/ecom/onpagegraphics/App.png"">
        </a>
</ul>

</body>","C204_Royal_Blue_Metal_Flake.png","C204_Royal_Blue_Metal_Flake.png","INVITEMS","DEFAULT-C204_Royal_Blue_Metal_Flake-DEFAULT-C204_Royal_Blue_Metal_Flake","","","0","0","0","","1","REGONLY","0","0","0","0","","","","SELECT","SELECT","0","","","","","0","0","","income-service","","","0","0","","","","","VinylEfx_Decorative","VinylEfx_Decorative, Holographic_Vinyl","","","0","Aslan_Red_Devil_Squeegee, Aslan-Gold-Soft-Squeegee, Aslan_Squeegee, Olfa_X_Design_Heavy_Duty_Knife, Olfa_Graphic_Cutter, Application_Gloves, Lint-Free-Gloves, Masking_Tape_25mm, Lint-Free-Cloths, ","Aslan_Red_Devil_Squeegee, Aslan-Gold-Soft-Squeegee, Aslan_Squeegee, Olfa_X_Design_Heavy_Duty_Knife, Olfa_Graphic_Cutter, Application_Gloves, Lint-Free-Gloves, Masking_Tape_25mm, Lint-Free-Cloths, ","A","","","","","","Sparkly","","","","","","","","","C204-Royal-Blue-Metal-Flake","0","metallic, efx, vinyl, vinyl efx, vinylefx, holographic, blue, royal, royal blue, royalblue, metal flake, metalflake, sparkle, rtape, r-tape, r tape, nekoosa, c204, 204, ","","","1561993077","0","","0","","CHECKBOX"
"CF01","Ritrama CF01 Pink Fluorescent","CF01","Ritrama","40","5","DEFAULT","","","","","0","Ritrama CF01 Pink Fluorescent Promotional Grade Vinyl is designed for interior high impact promotional work.

","<html>

<head><title>Ritrama CF01 Pink Fluorescent Promotional Grade Vinyl</title>

<style>
.responsive {
  width: 50%;
  height: auto;
}
</style>
</head>

<img style=""height: 54px; width: 300px;"" alt=""Fedrigoni Logo""
src=""media/ecom/onpagegraphics/Fedrigoni_Logo.jpg"" class=""responsive"">&nbsp;&nbsp;<br><br>

<body>

<p>Ritrama CF01 Pink Fluorescent Promotional Grade Vinyl is designed for interior high impact promotional work.</p>

<span style=""font-weight: bold; color: #d7328a;"">Structure:</span><br>
<ul><li>100<span>&#181;</span>m monomeric, white backed</li>
<li>Water based adhesive - Permanent</li>
<li>clay coated kraft paper liner - 120gm<sup>2</sup>
</li></ul>

<span style=""font-weight: bold; color: #d7328a;"">Suitability:</span><br>
<ul><li>Ideal for advertisement letterings and logos</li>
<li>Perfect for high attract point-of-sale displays</li>
<li>Suitable for wet or dry application
</li></ul>

<span style=""font-weight: bold; color: #d7328a;"">Advantages:</span><br>
<ul><li>High luminosity for attractive displays</li>
<li>Up to 3-6 month outdoor durability
</li></ul>

<span style=""font-weight: bold; color: #d7328a;"">Technical Information:</span>
<ul><a href=""media/ecom/pdfs/datasheets/Ritrama_CF_Fluorescent.pdf"" target=""_blank""><img
style=""border: 0px solid ; width: 200px; height: 60px;"" alt=""pdf""
src=""media/ecom/onpagegraphics/Datasheet.png""></a></ul>

</body>
</html>","CF01-Pink.png","CF01-Pink.png","INVITEMS","DEFAULT-CF01-DEFAULT-CF01-Pink","","","0","0","0","","1","REGONLY","0","0","0","0","","","","SELECT","SELECT","0","","","","","0","0","","income-service","","","0","0","","","","","Aslan_Fluorescent","Aslan_Fluorescent","","","0","Aslan_Red_Devil_Squeegee, Olfa_X_Design_Heavy_Duty_Knife, Lint-Free-Gloves, Masking_Tape_25mm, Aslan-Gold-Soft-Squeegee, Olfa_Graphic_Cutter, Swann_Morton_3_Handle, Swann_Morton_10A_Blades, Aslan_Squeegee, Float_On","Aslan_Red_Devil_Squeegee, Olfa_X_Design_Heavy_Duty_Knife, Lint-Free-Gloves, Masking_Tape_25mm, Aslan-Gold-Soft-Squeegee, Olfa_Graphic_Cutter, Swann_Morton_3_Handle, Swann_Morton_10A_Blades, Aslan_Squeegee, Float_On","A","superuser","ADHESIVE_SEMI_PERMANENT","GRADE_POLYPROPYLENE","","","","","","","","","","","","Ritrama-CF01-Pink-Fluorescent","0","fluorescent, flourescent, fluoro, dayglo, dayglow, daybright, ritrama, pink, pink fluorescent, 


","","Ritrama CF01 Pink fluorescent promotional grade vinyl.","1594133533","0","","0","","CHECKBOX"
"CF06","Ritrama CF06 Orange Fluorescent","CF06","Ritrama","20","5","DEFAULT","","","","","0","Ritrama CF06 Orange Fluorescent Promotional Grade Vinyl is designed for interior high impact promotional work.
","<html>

<head><title>Ritrama CF06 Orange Fluorescent Promotional Grade Vinyl</title>

<style>
.responsive {
  width: 50%;
  height: auto;
}
</style>
</head>

<img style=""height: 54px; width: 300px;"" alt=""Fedrigoni Logo""
src=""media/ecom/onpagegraphics/Fedrigoni_Logo.jpg"" class=""responsive"">&nbsp;&nbsp;<br><br>

<body>

<p>Ritrama CF06 Orange Fluorescent Promotional Grade Vinyl is designed for interior high impact promotional work.</p>

<span style=""font-weight: bold; color: #d7328a;"">Structure:</span><br>
<ul><li>100<span>&#181;</span>m monomeric, white backed</li>
<li>Water based adhesive - Permanent</li>
<li>clay coated kraft paper liner - 120gm<sup>2</sup>
</li></ul>

<span style=""font-weight: bold; color: #d7328a;"">Suitability:</span><br>
<ul><li>Ideal for advertisement letterings and logos</li>
<li>Perfect for high attract point-of-sale displays</li>
<li>Suitable for wet or dry application
</li></ul>

<span style=""font-weight: bold; color: #d7328a;"">Advantages:</span><br>
<ul><li>High luminosity for attractive displays</li>
<li>Up to 3-6 month outdoor durability
</li></ul>

<span style=""font-weight: bold; color: #d7328a;"">Technical Information:</span>
<ul><a href=""media/ecom/pdfs/datasheets/Ritrama_CF_Fluorescent.pdf"" target=""_blank""><img
style=""border: 0px solid ; width: 200px; height: 60px;"" alt=""pdf""
src=""media/ecom/onpagegraphics/Datasheet.png""></a></ul>

</body>
</html>","CF06-Orange.png","CF06-Orange.png","INVITEMS","DEFAULT-CF06-DEFAULT-CF06-Orange","","","0","0","0","","1","REGONLY","0","0","0","0","","","","SELECT","SELECT","0","","","","","0","0","","income-service","","","0","0","","","","","Aslan_Fluorescent","Aslan_Fluorescent","","","0","Aslan_Red_Devil_Squeegee, Olfa_X_Design_Heavy_Duty_Knife, Lint-Free-Gloves, Masking_Tape_25mm, Aslan-Gold-Soft-Squeegee, Olfa_Graphic_Cutter, Swann_Morton_3_Handle, Swann_Morton_10A_Blades, Aslan_Squeegee, Float_On","Aslan_Red_Devil_Squeegee, Olfa_X_Design_Heavy_Duty_Knife, Lint-Free-Gloves, Masking_Tape_25mm, Aslan-Gold-Soft-Squeegee, Olfa_Graphic_Cutter, Swann_Morton_3_Handle, Swann_Morton_10A_Blades, Aslan_Squeegee, Float_On","A","superuser","ADHESIVE_SEMI_PERMANENT","GRADE_POLYPROPYLENE","","","","","","","","","","","","Ritrama-CF06-Orange-Fluorescent","0","fluorescent, flourescent, fluoro, dayglo, dayglow, daybright, orange, cf06, ritrama, 


","","Ritrama CF06 Orange fluorescent promotional grade vinyl.","1594133899","0","","0","","CHECKBOX"
"Chizler_Squeegee","Chizler Squeegee","CHIZ","SOTT","72","1","DEFAULT","","","","","0","Small, thin squeegee for working those small, tricky areas when applying window films or for squeezing small air bubbles away.","<html>

<title><head>Chizler Squeegee</title></head>

<body>

<p>Small, thin squeegee for working those small, tricky areas when applying window films or for squeezing small air bubbles away.</p>

</body>

</html>","Chizler.png","Chizler.png","INVITEMS","DEFAULT-Chizler_Squeegee-DEFAULT-Chizler_Squeegee","","","0","0","0","","1","REGONLY","0","0","0","0","","","","SELECT","SELECT","0","","","","","0","0","","income-service","","","0","0","","","","","Application_Tools","Application_Tools","","","0","","","A","","","","","","","","","","","","","","","The-Chizler","0","chizler, squeegee","","","1647268471","0","","0","","CHECKBOX"
"Cleaning_Cloths","Cleaning Cloths","CLO3","Doro_Tape","110","25","DEFAULT","","","","","0","10kg pack of assorted white cotton recycled material offcuts useful as cleaning cloths.  Strong and very absorbent for a variety of purposes.","<html>

<title><head>Cleaning Cloths</title></head>

<body>

<p>10kg pack of assorted white cotton recycled material offcuts useful as cleaning cloths.</p>  

<p>Strong and very absorbent for a variety of purposes.</p>

</body>

</html>","Cloths.jpg","Cloths.jpg","INVITEMS","DEFAULT-Cleaning_Cloths-DEFAULT-Cleaning_Cloths","","","0","0","0","","1","REGONLY","0","0","0","0","","","","SELECT","SELECT","0","","","","","0","0","","income-service","","","0","0","","","","","Cleaners_Cleaning_Tools","Cleaners_Cleaning_Tools","","","0","Panel_Wipe, Right_Off, 4G_Cleaner, IPA_100, Anti_Static_Cleaner","","A","","","","","","","","","","","","","","","","0","cleaning,cloths,rags,","","","1547646401","0","","0","","CHECKBOX"
"Cleaning_Pads","Pack of 50 Cleaning Pads ","CLE2","Doro_Tape","100","14","DEFAULT","","","","","0","Pack of 50 Digital Printer Cleaning Pads so you can maintain your printer to ensure clean, crisp images every time.  Our digital printer cleaning swabs are suitable for all makes of printer, including Mimaki, Roland & Epson.","<html>

<title><head>Pack of 50 Cleaning Pads </title></head>

<body>

<p>Pack of 50 Digital Printer Cleaning Pads so you can maintain your printer to ensure clean, crisp images every time.  Our digital printer cleaning swabs are suitable for all makes of printer, including Mimaki, Roland & Epson.</p>
<p>These pads have a foam swab which are dust and lint free and can be used with solvent cleaners.</p>
<p>They are great for getting into those tricky areas such as around digital print heads and are in fact used extensively in a wide range of industries where precision cleaning is a top priority.</p> 
<p>In addition to the print industry they also meet the strict requirements of the following industries:</p>
<ul><li>Semiconductor & Microelectronics </li>
<li>Aerospace & Defense</li>
<li>University & Research</li>
<li>Automotive</li>
<li>DNA security marking</li></ul>
</body>
</html>","Cleaning_pad.jpg","Cleaning_pad.jpg","INVITEMS","DEFAULT-Cleaning_Pads-DEFAULT-Cleaning_Pads","","","0","0","0","","1","REGONLY","0","0","0","0","","","","SELECT","SELECT","0","","","","","0","0","","income-service","","","0","0","","","","","Cleaners_Cleaning_Tools","Cleaners_Cleaning_Tools","","","0","IPA_100, 4G_Cleaner","","A","","","","","","","","","","","","","","","Printer-Swabs","0","cleaning,pads,buds,swab,swabs,printer swabs,","","","1547646426","0","","0","","CHECKBOX"
"Clear_Static_Cling","Clear Static Cling Vinyl","4519","Poli-Tape","50","30","DEFAULT","","","","","0","Clear Static Cling is a non-adhesive static cling vinyl excellent for producing removable, repositionable and reusable graphics onto glass or any smooth surfaces.











","<html><head><title>Clear Static Cling</title></head>
<style>
.responsive {
  width: 50%;
  height: auto;
}
</style>

<body>

<img style=""height: 87px; width: 177px;"" alt=""Poli-Tape-Logo""
src=""media/ecom/onpagegraphics/Poli-Tape-Logo.jpg"" class=""responsive"">

<p>Clear Static Cling is a non-adhesive static cling vinyl excellent for producing removable, repositionable and reusable graphics onto glass or any smooth surfaces.</p>


<span style=""font-weight: bold; color: #d7328a;"">Structure:</span><br>
<ul><li>150<span>&#181;</span>m monomeric electrostatic PVC</li>
<li>One sided clay coated paper liner - 180g/m<sup>2</sup>
</li></ul>

<span style=""font-weight: bold; color: #d7328a;"">Suitability:</span><br>
<ul><li>Specifically designed for creating window stickers</li>
<li>Suitable for any smooth surface and slightly curved surfaces</li>
<li>Ideal for producing removable, repositionable and reusable graphics</li>
<li>Up to 1 year outdoor durability (unprinted)
</li></ul>

<span style=""font-weight: bold; color: #d7328a;"">Advantages:</span><br>
<ul><li>Very good opacity and flatness characteristics</li>
<li>Excellent dimensional stability and enhanced image brightness</li>
<li>If applied properly, no adhesive residues will be left</li>
<li>Removable and repositionable</li>
</ul>

<a ><img style=""border: 0px solid ; width: 50px; height: 50px;"" alt=""fyi""
src=""media/ecom/onpagegraphics/FYI.png""></a>
<p style=""color:rgb(244,7,138)"">Please note that if you apply the printed side of the cling to the glass surface it can lead to ink transfer resulting in the glass looking stained when the cling is removed.</p><br>

<span style=""font-weight: bold; color: #d7328a;"">Ink Compatibility:</span><br>
<ul>
<img style=""margin: 0px 5px 0px 0px; width: 15px; height: 25px;"" alt=""Eco-Sol Ink""
src=""media/ecom/onpagegraphics/Ink-EcoSol.png"">Eco-solvent &nbsp;&nbsp;
<img style=""margin: 0px 5px 0px 0px; width: 15px; height: 25px;"" alt=""UV Ink""
src=""media/ecom/onpagegraphics/Ink-UV.png"">UV
</ul>


<span style=""font-weight: bold; color: #d7328a;"">Technical Information:</span><br>
<ul>
<a href=""media/ecom/pdfs/datasheets/PP150C.pdf"" target=""_blank""><img
style=""border: 0px solid ; width: 200px; height: 60px;"" alt=""Static Cling Datasheet""
src=""media/ecom/onpagegraphics/Datasheet.png""></a>
<a href=""https://www.dorotape.co.uk/Print-Profiles-User-Guide""
target=""_blank""><img style=""width: 200px; height: 60px;"" alt=""printing profile guide""
src=""media/ecom/onpagegraphics/Profile.png""></a></ul>

<p style=""font-weight: bold; font-size: 1.0em;"">Prices shown are per roll at 1370mm wide</p>
</body>
</html>","Clear_Cling.jpg","Clear_Cling.jpg","INVITEMS","DEFAULT-Clear_Static_Cling-DEFAULT-Clear_Static_Cling","","","0","0","0","","1","REGONLY","0","0","0","0","","","","SELECT","SELECT","0","","","","","0","0","","income-service","","","0","0","","","","","Digital_Print_Window_Film","Digital_Print_Window_Film","","","0","Lint-Free-Cloths, Aslan_Red_Devil_Squeegee, Olfa_X_Design_Heavy_Duty_Knife, Lint-Free-Gloves, Masking_Tape_25mm, Aslan-Gold-Soft-Squeegee, Olfa_Graphic_Cutter, Swann_Morton_3_Handle, Swann_Morton_10A_Blades, Aslan_Squeegee, Application_Gloves,","Lint-Free-Cloths, Aslan_Red_Devil_Squeegee, Olfa_X_Design_Heavy_Duty_Knife, Lint-Free-Gloves, Masking_Tape_25mm, Aslan-Gold-Soft-Squeegee, Olfa_Graphic_Cutter, Swann_Morton_3_Handle, Swann_Morton_10A_Blades, Aslan_Squeegee, Application_Gloves,","A","superuser","ADHESIVE_NON","GRADE_MONOMERIC","SUITABILITY_WINDOW","","","","","","","","","","","Clear-Static-Cling","0","static, cling, electrostatic, suction, glass, static cling vinyl, clear cling, poli print, poli tape, poli 150, poli tape 150, poli print 150,





































","","","1490010224","0","","0","","CHECKBOX"
"Clear_Static_Cling_0685","Clear Static Cling Vinyl :: 685mm Width","4519","Poli-Tape","10","2","DEFAULT","","","","","0","Clear Static Cling Vinyl is non-adhesive and is excellent for producing removable,
repositionable and reuseable graphics onto glass or any smooth surfaces. Buy it by the metre.
","<html><head><title>Clear Static Cling</title></head>
<style>
.responsive {
  width: 50%;
  height: auto;
}
</style>
<body>

<img style=""height: 87px; width: 177px;"" alt=""Poli-Tape-Logo""
src=""media/ecom/onpagegraphics/Poli-Tape-Logo.jpg"" class=""responsive"">

<p>Clear Static Cling is a non-adhesive static cling vinyl excellent for producing removable, repositionable and reusable graphics onto glass or any smooth surfaces.</p>


<span style=""font-weight: bold; color: #d7328a;"">Structure:</span><br>
<ul><li>150<span>&#181;</span>m monomeric electrostatic PVC</li>
<li>One sided clay coated paper liner - 180g/m<sup>2</sup>
</li></ul>

<span style=""font-weight: bold; color: #d7328a;"">Suitability:</span><br>
<ul><li>Specifically designed for creating window stickers</li>
<li>Suitable for any smooth surface and slightly curved surfaces</li>
<li>Ideal for producing removable, repositionable and reusable graphics</li>
<li>Up to 1 year outdoor durability (unprinted)
</li></ul>

<span style=""font-weight: bold; color: #d7328a;"">Advantages:</span><br>
<ul><li>Very good opacity and flatness characteristics</li>
<li>Excellent dimensional stability and enhanced image brightness</li>
<li>If applied properly, no adhesive residues will be left</li>
<li>Removable and repositionable</li>
</ul>

<a ><img style=""border: 0px solid ; width: 50px; height: 50px;"" alt=""fyi""
src=""media/ecom/onpagegraphics/FYI.png""></a>
<p style=""color:rgb(244,7,138)"">Please note that if you apply the printed side of the cling to the glass surface it can lead to ink transfer resulting in the glass looking stained when the cling is removed.</p><br>

<span style=""font-weight: bold; color: #d7328a;"">Ink Compatibility:</span><br>
<ul>
<img style=""margin: 0px 5px 0px 0px; width: 15px; height: 25px;"" alt=""Eco-Sol Ink""
src=""media/ecom/onpagegraphics/Ink-EcoSol.png"">Eco-solvent &nbsp;&nbsp;
<img style=""margin: 0px 5px 0px 0px; width: 15px; height: 25px;"" alt=""UV Ink""
src=""media/ecom/onpagegraphics/Ink-UV.png"">UV
</ul>


<span style=""font-weight: bold; color: #d7328a;"">Technical Information:</span><br>
<ul>
<a href=""media/ecom/pdfs/datasheets/PP150C.pdf"" target=""_blank""><img
style=""border: 0px solid ; width: 200px; height: 60px;"" alt=""Static Cling Datasheet""
src=""media/ecom/onpagegraphics/Datasheet.png""></a>
<a href=""https://www.dorotape.co.uk/Print-Profiles-User-Guide""
target=""_blank""><img style=""width: 200px; height: 60px;"" alt=""printing profile guide""
src=""media/ecom/onpagegraphics/Profile.png""></a></ul>

<p style=""font-weight: bold; font-size: 0.9em;"">Prices shown are per linear metre at 685mm wide</p>
</body>
</html>","Clear_Cling.jpg","Clear_Cling.jpg","INVITEMS","DEFAULT-Clear_Static_Cling_0685-DEFAULT-Clear_Static_Cling_0685","","","0","0","0","","1","REGONLY","0","0","0","0","","","","SELECT","SELECT","0","","","","","0","0","","income-service","","","0","0","","","","","Static_Cling","Static_Cling","","","0","Lint-Free-Cloths, Aslan_Red_Devil_Squeegee, Olfa_X_Design_Heavy_Duty_Knife, Lint-Free-Gloves, Masking_Tape_25mm, Aslan-Gold-Soft-Squeegee, Olfa_Graphic_Cutter, Swann_Morton_3_Handle, Swann_Morton_10A_Blades, Aslan_Squeegee, Application_Gloves,","Lint-Free-Cloths, Aslan_Red_Devil_Squeegee, Olfa_X_Design_Heavy_Duty_Knife, Lint-Free-Gloves, Masking_Tape_25mm, Aslan-Gold-Soft-Squeegee, Olfa_Graphic_Cutter, Swann_Morton_3_Handle, Swann_Morton_10A_Blades, Aslan_Squeegee, Application_Gloves,","A","","","","","","","","","","","","","","","","0","static, cling, electrostatic, suction, glass, static cling vinyl, clear cling, poli print, poli tape, poli 150, poli tape 150, poli print 150,","","","1507908252","0","","0","","CHECKBOX"
"Clear_Static_Cling_1370","Clear Static Cling Vinyl :: 1370mm Width","4519","Poli-Tape","20","4","DEFAULT","","","","","0","Clear Static Cling Vinyl is non-adhesive and is excellent for producing removable,
repositionable and reuseable graphics onto glass or any smooth surfaces. Buy it by the metre.


","<html><head><title>Clear Static Cling</title></head>
<style>
.responsive {
  width: 50%;
  height: auto;
}
</style>
<body>

<img style=""height: 87px; width: 177px;"" alt=""Poli-Tape-Logo""
src=""media/ecom/onpagegraphics/Poli-Tape-Logo.jpg"" class=""responsive"">

<p>Clear Static Cling is a non-adhesive static cling vinyl excellent for producing removable, repositionable and reusable graphics onto glass or any smooth surfaces.</p>


<span style=""font-weight: bold; color: #d7328a;"">Structure:</span><br>
<ul><li>150<span>&#181;</span>m monomeric electrostatic PVC</li>
<li>One sided clay coated paper liner - 180g/m<sup>2</sup>
</li></ul>

<span style=""font-weight: bold; color: #d7328a;"">Suitability:</span><br>
<ul><li>Specifically designed for creating window stickers</li>
<li>Suitable for any smooth surface and slightly curved surfaces</li>
<li>Ideal for producing removable, repositionable and reusable graphics</li>
<li>Up to 1 year outdoor durability (unprinted)
</li></ul>

<span style=""font-weight: bold; color: #d7328a;"">Advantages:</span><br>
<ul><li>Very good opacity and flatness characteristics</li>
<li>Excellent dimensional stability and enhanced image brightness</li>
<li>If applied properly, no adhesive residues will be left</li>
<li>Removable and repositionable</li>
</ul>

<a ><img style=""border: 0px solid ; width: 50px; height: 50px;"" alt=""fyi""
src=""media/ecom/onpagegraphics/FYI.png""></a>
<p style=""color:rgb(244,7,138)"">Please note that if you apply the printed side of the cling to the glass surface it can lead to ink transfer resulting in the glass looking stained when the cling is removed.</p><br>

<span style=""font-weight: bold; color: #d7328a;"">Ink Compatibility:</span><br>
<ul>
<img style=""margin: 0px 5px 0px 0px; width: 15px; height: 25px;"" alt=""Eco-Sol Ink""
src=""media/ecom/onpagegraphics/Ink-EcoSol.png"">Eco-solvent &nbsp;&nbsp;
<img style=""margin: 0px 5px 0px 0px; width: 15px; height: 25px;"" alt=""UV Ink""
src=""media/ecom/onpagegraphics/Ink-UV.png"">UV
</ul>


<span style=""font-weight: bold; color: #d7328a;"">Technical Information:</span><br>
<ul>
<a href=""media/ecom/pdfs/datasheets/PP150C.pdf"" target=""_blank""><img
style=""border: 0px solid ; width: 200px; height: 60px;"" alt=""Static Cling Datasheet""
src=""media/ecom/onpagegraphics/Datasheet.png""></a>
<a href=""https://www.dorotape.co.uk/Print-Profiles-User-Guide""
target=""_blank""><img style=""width: 200px; height: 60px;"" alt=""printing profile guide""
src=""media/ecom/onpagegraphics/Profile.png""></a></ul>

<p style=""font-weight: bold; font-size: 0.9em;"">Prices shown are per linear metre at 1370mm wide</p>
</body>
</html>","Clear_Cling.jpg","Clear_Cling.jpg","INVITEMS","DEFAULT-Clear_Static_Cling_1370-DEFAULT-Clear_Static_Cling_1370","","","0","0","0","","1","REGONLY","0","0","0","0","","","","SELECT","SELECT","0","","","","","0","0","","income-service","","","0","0","","","","","Static_Cling","Static_Cling","","","0","Lint-Free-Cloths, Aslan_Red_Devil_Squeegee, Olfa_X_Design_Heavy_Duty_Knife, Lint-Free-Gloves, Masking_Tape_25mm, Aslan-Gold-Soft-Squeegee, Olfa_Graphic_Cutter, Swann_Morton_3_Handle, Swann_Morton_10A_Blades, Aslan_Squeegee, Application_Gloves,","Lint-Free-Cloths, Aslan_Red_Devil_Squeegee, Olfa_X_Design_Heavy_Duty_Knife, Lint-Free-Gloves, Masking_Tape_25mm, Aslan-Gold-Soft-Squeegee, Olfa_Graphic_Cutter, Swann_Morton_3_Handle, Swann_Morton_10A_Blades, Aslan_Squeegee, Application_Gloves,","A","","","","","","","","","","","","","","","","0","static, cling, electrostatic, suction, glass, static cling vinyl, clear cling, poli print, poli tape, poli 150, poli tape 150, poli print 150,

","","","1507908496","0","","0","","CHECKBOX"
"Contour_Squeegee","Contour Squeegee","S.8","SOTT","80","6","DEFAULT","","","","","0","These thin wedge shaped squeegees are excellent for applying film to inaccessible areas such as under rubber sealing strips. Available in three flex ratings.","<html>

<title><head>Contour Squeegee</title></head>

<body>

<p>These thin wedge shaped squeegees are excellent for applying film to inaccessible areas such as under rubber sealing strips.</p>
<p>Available in three flex ratings.</p>

</body>
</html>","Contour_Squeegee.jpg","Contour_Squeegee.jpg","INVITEMS","DEFAULT-Contour_Squeegee-DEFAULT-Contour_Squeegee","","","0","0","0","","1","REGONLY","0","0","0","0","","","","SELECT","SELECT","0","","","","","0","0","","income-service","","","0","0","","","","","Vehicle_Wrap_Tools","Application_Tools, Vehicle_Wrap_Tools","","","0","","","A","","","","","","","","","","","","","","","Countour-Squeegee","0","contour, squeegee","","","1547725945","0","","0","","CHECKBOX"
"ContraVision","D-View Micro Perforated Vinyl","D-VIEW","DEFAULT","115","50","DEFAULT","","","","","0","D-View is a 160 micron micro perforated vinyl for creating one way vision window displays and adverts. Buy it by the roll.













","<head><title>D-View Micro Perforated Vinyl</title>


<p>D-View is a 160 micron micro perforated vinyl for creating one way vision window displays and adverts.</p>

<span style=""font-weight: bold; color: #d7328a;"">Structure:</span><br>
<ul><li>160<span>&#181;</span>m Monomeric PVC film
<li>Clear solvent based adhesive - Removable
<li>Double sided PE coated paper - 170gm<sup>2</sup>
</li></ul>

<span style=""font-weight: bold; color: #d7328a;"">Suitability:</span><br>
<ul><li>Perfect for creating one way vision window displays
<li>Ideal for use on public transport, phone boxes and retail windows
<li>Black backed with clear adhesive blocks viewing from the outside but allows clear vision from the inside
<li>Outdoor durability of up to 1 year
<li>External application only
<li>Compatible with Eco Solvent, Solvent and Latex inks</li></ul>

<span style=""font-weight: bold; color: #d7328a;"">Advantages:</span><br>
<ul><li>Creates one way vision displays
<li>Transforms windows into advertising spaces while preserving the view of the outside
<li>Enhances privacy in rooms with exterior windows
<li>Maintains the flow of natural light into the room
</li></ul>

<span style=""font-weight: bold; color: #d7328a;"">Ink Compatibility:</span><br>
<ul><img style=""margin: 0px 5px 0px 0px; width: 15px; height: 25px;"" alt=""Eco-Sol Ink""
src=""media/ecom/onpagegraphics/Ink-EcoSol.png"">Eco-solvent &nbsp;&nbsp;
<img style=""margin: 0px 5px 0px 0px; width: 15px; height: 25px;"" alt=""Latex""
src=""media/ecom/onpagegraphics/Ink-Latex.png"">Latex &nbsp;&nbsp</ul>

<span style=""font-weight: bold; color: #d7328a;"">Technical Information:</span>
<ul><a href=""media/ecom/pdfs/datasheets/D-View.pdf"" target=""_blank""><img
style=""border: 0px solid ; width: 200px; height: 60px;"" alt=""D-View Micro Perforated Vinyl Datasheet""
src=""media/ecom/onpagegraphics/Datasheet.png""></a>
<a href=""media/ecom/pdfs/applicationguidelines/D-View-Outside-Application-Instructions.pdf"" target=""_blank""><img
style=""border: 0px solid ; width: 200px; height: 60px;"" alt=""D-View Micro Perforated Vinyl Application Guidelines""
src=""media/ecom/onpagegraphics/App.png""></a>
<a href=""https://www.dorotape.co.uk/Print-Profiles-User-Guide""
target=""_blank""><img style=""width: 200px; height: 60px;"" alt=""printing profile guide""
src=""media/ecom/onpagegraphics/Profile.png""></a></ul>
</body>","D-View.jpg","D-View.jpg, D-View-2.jpg","INVITEMS","DEFAULT-ContraVision-DEFAULT-ContraVision","","","0","0","0","","1","REGONLY","0","0","0","0","","","","SELECT","SELECT","0","","","","","0","0","","income-service","","","0","0","","","","","Digital_Print_Window_Film","Digital_Print_Window_Film","","","0","","","A","superuser","ADHESIVE_REMOVABLE","GRADE_MONOMERIC","SUITABILITY_WINDOW","","","","","","","","","","","D-View-Micro-Perforated-Vinyl","0","contravision, one-way, one way, vision, contra-vision, micro, perforated, one way vision, contra vision, d view, window graphics, window displays, printable window, printable window graphics, 




























","","","1490010540","0","","0","","CHECKBOX"
"Corner-Rounder","Corner Rounder","8004","DEFAULT","500","202","DEFAULT","","","","","0","Solid, light hand press, which easily rounds off alu-dibond, foamed pvc and other boards up to 4mm thickness. This is an easy, quick and hassle free process.","<html>

<title><head>Corner Rounder</title></head>

<body>

<p>Solid, light hand press, which easily rounds off alu-dibond, foamed pvc and other boards up to 4mm thickness. This is an easy, quick and hassle free process.</p>

</body>

</html>","Corner-Rounder.jpg","Corner-Rounder.jpg","INVITEMS","DEFAULT-Corner-Rounder-DEFAULT-Corner-Rounder","","","0","0","0","","1","REGONLY","0","0","0","0","","","","SELECT","SELECT","0","","","","","0","0","","income-service","","","0","0","","FREESHIPPING","","","Knives_Cutting_Tools","Knives_Cutting_Tools","","","0","","","A","","","","","","","","","","","","","","","","0","corner","","","1513857783","0","","0","","CHECKBOX"
"Cover-Styl-Colour-Selector-Box","Cover Styl' Colour Selector Box","COVE","Cover_Styl","1110","25","DEFAULT","","","","","0","Full colour sample selector box featuring over 200 samples from the Cover Styl' range of interior decor films.","<html>

<title><head>Cover Styl' Colour Selector Box</title></head>

<body>

<p>Full colour sample selector box featuring over 200 samples from the Cover Styl' range of interior decor films.</p>

</body>

</html>
","Coverstyl_Colour_Selector.png","Coverstyl_Colour_Selector.png","INVITEMS","DEFAULT-Cover-Styl-Colour-Selector-Box-DEFAULT-Cover-Styl-Colour-Selector-Box","","","0","0","0","","1","REGONLY","0.00","0","0.00","0","","","","QUANMULT","RADIO","0","","","","","0","0","","income-service","","","0","0","","","","","Marketing","Marketing, Cover_Styl, Cover_Styl_Fabric, Cover_Styl_Glitter, Cover_Styl_Marble, Cover_Styl_Metallic, Cover_Styl_Natural_Stone, Cover_Styl_Solid_Colour, Cover_Styl_Wood","","","0","","","A","","","","","","","","","","","","","","","","0","","","","1690372141","0.00","","0","","QUANMULT"
"CS-11210PP","Matt Black PVC FREE","11210","DEFAULT","2","0","CRAFTSTICK","","","","","0","Matt Black PVC FREE Vinyl. Cut and stick for craft decorations","<p>This is perfect for all you environmentally conscious crafters and hobbyists out there. Simply design and produce stickers for virtually anything with our PVC FREE self-adhesive film.</p>
<p>Compatible with all craft cutters such as the Cameo, Cricut, Stika and Skycut plus signmaking plotter cutters from Roland, Graphtec, Mimaki and Mutoh.</p>
<p>You can even cut this material using scissors or on a cutting mat with a scalpel too.</p>
<p>Either way you will be able to make environmentally friendlierstickers that are long lasting and durable that are suitable for use onto glassware, windows, mugs, water bottles, cards, invitations, wooden giftware, interior walls etc.</p>
<p>So get designing those beautiful creations then just cut, peel and stick to make them come alive.</p>
<b><p>•	2 year outdoor durability</p>
<p>•	Removable clear adhesive</p>
<p>•	PVC free</p>
<p>•	Suitable for smooth flat or slightly curved surfaces</p></b>","11210PP.png","11210PP.png","INVITEMS","DEFAULT-CS-11210PP-DEFAULT-CS-11210PP","","","0","0","0","","1","REGONLY","0","0","0","0","","","","SELECT","SELECT","0","","","","","0","0","","income-service","","","0","0","","","","","CS-SAV-PP112","CS-SAV-PP112","","","0","CS-Plastic_Squeegee, CS-Olfa_Art_Knife, CS-Olfa_Premium_Art_Knife, CS-Olfa_Cutting_Matt_A3, CS-Olfa_Cutting_Matt_A4, CS-Easy_Cutter, CS-Bubble_Pen, CS-Aslan_Squeegee, CS-Aslan_Red_Devil_Squeegee, CS-Weeding_Hook, CS-Weeding_Tweezers, CS-PAPER-APP-TAPE, CS-CLEAR-APP-TAPE","CS-Plastic_Squeegee, CS-Olfa_Art_Knife, CS-Olfa_Premium_Art_Knife, CS-Olfa_Cutting_Matt_A3, CS-Olfa_Cutting_Matt_A4, CS-Easy_Cutter, CS-Bubble_Pen, CS-Aslan_Squeegee, CS-Aslan_Red_Devil_Squeegee, CS-Weeding_Hook, CS-Weeding_Tweezers,CS-PAPER-APP-TAPE, CS-CLEAR-APP-TAPE","A","","","","","","Gloss","","","","","","","","","Matt_Black_PVC_FREE_Craft_Vinyl","0","vinyl, eco friendly, ecological, pvc free","","","1562835550","0","","0","",""
"CS-14215","Neon Red","14215","DEFAULT","75","0","CRAFTSTICK","","","","","0","Neon Red Vinyl. Cut and stick for craft decorations","<p>This is perfect for all you crafters and hobbyists out there. Simply design and produce stickers for virtually anything with our neon self-adhesive vinyl.</p>
<p>Compatible with all craft cutters such as the Cameo, Cricut, Stika and Skycut plus signmaking plotter cutters from Roland, Graphtec, Mimaki and Mutoh.</p>
<p>You can even cut this material using scissors or on a cutting mat with a scalpel too.</p>
<p>Either way you will be able to make stickers that are long lasting and durable, suitable for use onto glassware, windows, mugs, water bottles, cards, invitations, wooden giftware, interior walls etc.</p>
<p>So get designing those beautiful creations then just cut, peel and stick to make them come alive!</p>
<b><p>•	Suitable for indoor applications or up to 6 months outdoors </p>
<p>•	Removable clear adhesive</p>
<p>•	Suitable for smooth flat or slightly curved surfaces</p></b>
","14215-Red.png","14215-Red.png","INVITEMS","DEFAULT-CS-14215-DEFAULT-CS-14215","","","0","0","0","","1","REGONLY","0","0","0","0","","","","SELECT","SELECT","0","","","","","0","0","","income-service","","","0","0","","","","","CS-SAV-FLUORO","CS-SAV-FLUORO","","","0","CS-Plastic_Squeegee, CS-Olfa_Art_Knife, CS-Olfa_Premium_Art_Knife, CS-Olfa_Cutting_Matt_A3, CS-Olfa_Cutting_Matt_A4, CS-Easy_Cutter, CS-Bubble_Pen, CS-Aslan_Squeegee, CS-Aslan_Red_Devil_Squeegee, CS-Weeding_Hook, CS-Weeding_Tweezers, CS-PAPER-APP-TAPE, CS-CLEAR-APP-TAPE","CS-Plastic_Squeegee, CS-Olfa_Art_Knife, CS-Olfa_Premium_Art_Knife, CS-Olfa_Cutting_Matt_A3, CS-Olfa_Cutting_Matt_A4, CS-Easy_Cutter, CS-Bubble_Pen, CS-Aslan_Squeegee, CS-Aslan_Red_Devil_Squeegee, CS-Weeding_Hook, CS-Weeding_Tweezers,CS-PAPER-APP-TAPE, CS-CLEAR-APP-TAPE","A","","","","","","Satin, Fluorescent","","","","","","","","","Neon_Red_Craft_Vinyl","0","vinyl, neon, fluorescent, glow","","","1566384771","0","","0","","CHECKBOX"
"CS-14216","Neon Yellow","14216","DEFAULT","35","0","CRAFTSTICK","","","","","0","Neon Yellow Vinyl. Cut and stick for craft decorations","<p>This is perfect for all you crafters and hobbyists out there. Simply design and produce stickers for virtually anything with our neon self-adhesive vinyl.</p>
<p>Compatible with all craft cutters such as the Cameo, Cricut, Stika and Skycut plus signmaking plotter cutters from Roland, Graphtec, Mimaki and Mutoh.</p>
<p>You can even cut this material using scissors or on a cutting mat with a scalpel too.</p>
<p>Either way you will be able to make stickers that are long lasting and durable, suitable for use onto glassware, windows, mugs, water bottles, cards, invitations, wooden giftware, interior walls etc.</p>
<p>So get designing those beautiful creations then just cut, peel and stick to make them come alive!</p>
<b><p>•	Suitable for indoor applications or up to 6 months outdoors </p>
<p>•	Removable clear adhesive</p>
<p>•	Suitable for smooth flat or slightly curved surfaces</p></b>
","14216-Yellow.png","14216-Yellow.png","INVITEMS","DEFAULT-CS-14216-DEFAULT-CS-14216","","","0","0","0","","1","REGONLY","0","0","0","0","","","","SELECT","SELECT","0","","","","","0","0","","income-service","","","0","0","","","","","CS-SAV-FLUORO","CS-SAV-FLUORO","","","0","CS-Plastic_Squeegee, CS-Olfa_Art_Knife, CS-Olfa_Premium_Art_Knife, CS-Olfa_Cutting_Matt_A3, CS-Olfa_Cutting_Matt_A4, CS-Easy_Cutter, CS-Bubble_Pen, CS-Aslan_Squeegee, CS-Aslan_Red_Devil_Squeegee, CS-Weeding_Hook, CS-Weeding_Tweezers, CS-PAPER-APP-TAPE, CS-CLEAR-APP-TAPE","CS-Plastic_Squeegee, CS-Olfa_Art_Knife, CS-Olfa_Premium_Art_Knife, CS-Olfa_Cutting_Matt_A3, CS-Olfa_Cutting_Matt_A4, CS-Easy_Cutter, CS-Bubble_Pen, CS-Aslan_Squeegee, CS-Aslan_Red_Devil_Squeegee, CS-Weeding_Hook, CS-Weeding_Tweezers,CS-PAPER-APP-TAPE, CS-CLEAR-APP-TAPE","A","","","","","","Satin, Fluorescent","","","","","","","","","Neon_Yellow_Craft_Vinyl","0","vinyl, neon, fluorescent, glow","","","1566383912","0","","0","","CHECKBOX"
"CS-14217","Neon Orange","14217","DEFAULT","45","0","CRAFTSTICK","","","","","0","Neon Orange Vinyl. Cut and stick for craft decorations","<p>This is perfect for all you crafters and hobbyists out there. Simply design and produce stickers for virtually anything with our neon self-adhesive vinyl.</p>
<p>Compatible with all craft cutters such as the Cameo, Cricut, Stika and Skycut plus signmaking plotter cutters from Roland, Graphtec, Mimaki and Mutoh.</p>
<p>You can even cut this material using scissors or on a cutting mat with a scalpel too.</p>
<p>Either way you will be able to make stickers that are long lasting and durable, suitable for use onto glassware, windows, mugs, water bottles, cards, invitations, wooden giftware, interior walls etc.</p>
<p>So get designing those beautiful creations then just cut, peel and stick to make them come alive!</p>
<b><p>•	Suitable for indoor applications or up to 6 months outdoors </p>
<p>•	Removable clear adhesive</p>
<p>•	Suitable for smooth flat or slightly curved surfaces</p></b>
","14217-Orange.png","14217-Orange.png","INVITEMS","DEFAULT-CS-14217-DEFAULT-CS-14217","","","0","0","0","","1","REGONLY","0","0","0","0","","","","SELECT","SELECT","0","","","","","0","0","","income-service","","","0","0","","","","","CS-SAV-FLUORO","CS-SAV-FLUORO","","","0","CS-Plastic_Squeegee, CS-Olfa_Art_Knife, CS-Olfa_Premium_Art_Knife, CS-Olfa_Cutting_Matt_A3, CS-Olfa_Cutting_Matt_A4, CS-Easy_Cutter, CS-Bubble_Pen, CS-Aslan_Squeegee, CS-Aslan_Red_Devil_Squeegee, CS-Weeding_Hook, CS-Weeding_Tweezers, CS-PAPER-APP-TAPE, CS-CLEAR-APP-TAPE","CS-Plastic_Squeegee, CS-Olfa_Art_Knife, CS-Olfa_Premium_Art_Knife, CS-Olfa_Cutting_Matt_A3, CS-Olfa_Cutting_Matt_A4, CS-Easy_Cutter, CS-Bubble_Pen, CS-Aslan_Squeegee, CS-Aslan_Red_Devil_Squeegee, CS-Weeding_Hook, CS-Weeding_Tweezers,CS-PAPER-APP-TAPE, CS-CLEAR-APP-TAPE","A","","","","","","Satin, Fluorescent","","","","","","","","","Neon_Orange_Craft_Vinyl","0","vinyl, neon, fluorescent, glow","","","1566384819","0","","0","","CHECKBOX"
"CS-410S-Yellow","Yellow Stretch Heat Transfer Vinyl","410S","DEFAULT","800","0","CRAFTSTICK","","","","","0","Poli-Tape 410S Yellow Stretch Heat Transfer Vinyl.  Iron or heatpress on to garments and other fabrics.","<p>This is perfect for all you crafters and hobbyists out there. Simply plan and cut your design to be ironed or heatpressed on to fabric craft items or garments.</p>
<p>Compatible with all craft cutters such as the Cameo, Cricut, Stika and Skycut plus signmaking plotter cutters from Roland, Graphtec, Mimaki and Mutoh.</p>
<p>Produce long lasting and durable designs onto cushions, aprons, throws and blankets as well as t-shirts and baby / kidswear etc.</p>
<p>So get designing those beautiful creations then just cut and iron on to make them come to life!</p>

","410S_Yellow.png","410S_Yellow.png","INVITEMS","DEFAULT-CS-410S-Yellow-DEFAULT-CS-410S-Yellow","","","0","0","0","","1","REGONLY","0","0","0","0","","","","SELECT","SELECT","0","","","","","0","0","","income-service","","","0","0","","","","","CS-HTV-COL","CS-HTV-COL","","","0","CS-Heat_Tape, CS-FLEXOFF, CS-Olfa_Cutting_Matt_A3, CS-Olfa_Cutting_Matt_A4, CS-Olfa_Art_Knife, CS-Weeding_Hook, CS-Weeding_Tweezers","CS-Heat_Tape, CS-FLEXOFF, CS-Olfa_Cutting_Matt_A3, CS-Olfa_Cutting_Matt_A4, CS-Olfa_Art_Knife, CS-Weeding_Hook, CS-Weeding_Tweezers","A","","","","Stretch","Colours, Yellows","","Heat Pressing and Washing Info","<style>

table {

margin: 0 auto 0 auto;
}

table, th, td {
  
  border-collapse: collapse;
padding: 5px;
}
th, td {
  padding: 5px;
  text-align: center; 
  width: 100px;
  height: 50px;
  background-color:#FBA100;
  color: white;
  border-left: 5px solid white;
  border-right: 5px solid white;
}

th {
  border-top-color: white;
  font-size: 15px;
}

td {

padding-bottom: 1em;
border-bottom: 5px solid white;
font-size: 20px;
  
</style>



<table id=""data"">
  <tbody><tr>
    <th>PRESS TEMP</th>
<th>PRESS TIME</th>
<th>PRESSURE</th>
<th>EASY WEED</th>
<th>PEEL</th>
  </tr>
  <tr>
    <td>160<sup>o</sup>C</td>
<td>15 secs</td>
<td>Medium<br></td>
<td><span style=""font-size:30px;"">&#10003;</span></td>
<td>Warm</td>
  </tr>

<tr>
    <th>LAYER</th>
<th>REVERSE IMAGE</th>
<th>WASH</th>
<th>TUMBLE DRY</th>
<th>DRY CLEAN</th>
  </tr>
  <tr>
    <td><span style=""font-size:30px;"">&#10003;</span></td>
<td><span style=""font-size:30px;"">&#10003;</span></td>
<td>80<sup>o</sup>C</td>
<td><span style=""font-size:30px; color: white;"">&#10003;</span></td>
<td><span style=""font-size:30px;"">&#10003;</span></td>
  </tr>
  </tbody></table>
","","","","","","","Poli-Tape-410S-Yellow-Stretch-Craft-HTV","0","htv, heat transfer vinyl, flex vinyl, flex, t shirt vinyl, t shirt film, t-shirt film, t-shirt vinyl, t shirt printing, t-shirt printing","","","1558542938","0","","0","","CHECKBOX"
"CS-4212-Gold-Bright-Metal","Gold Bright Metal Heat Transfer Vinyl","4212","DEFAULT","12","8","CRAFTSTICK","","","","","0","Poli-Tape 4212 Gold Bright Metal Heat Transfer Vinyl.  Iron or heatpress on to garments and other fabrics.","<p>This is perfect for all you crafters and hobbyists out there. Simply plan and cut your design to be ironed or heatpressed on to fabric craft items or garments.</p>
<p>Compatible with all craft cutters such as the Cameo, Cricut, Stika and Skycut plus signmaking plotter cutters from Roland, Graphtec, Mimaki and Mutoh.</p>
<p>Produce long lasting and durable designs onto cushions, aprons, throws and blankets as well as t-shirts and baby / kidswear etc.</p>
<p>So get designing those beautiful creations then just cut and iron on to make them come to life!</p>

","4212-Gold-Bright.png","4212-Gold-Bright.png","INVITEMS","DEFAULT-CS-4212-Gold-Bright-Metal-DEFAULT-CS-4212-Gold-Bright-Metal","","","0","0","0","","1","REGONLY","0","0","0","0","","","","SELECT","SELECT","0","","","","","0","0","","income-service","","","0","0","","","","","CS-HTV-METAL","CS-HTV-METAL, CS-FESTIVE, CS-VALENTINES","","","0","CS-Heat_Tape, CS-FLEXOFF, CS-Olfa_Cutting_Matt_A3, CS-Olfa_Cutting_Matt_A4, CS-Olfa_Art_Knife, CS-Weeding_Hook, CS-Weeding_Tweezers","CS-Heat_Tape, CS-FLEXOFF, CS-Olfa_Cutting_Matt_A3, CS-Olfa_Cutting_Matt_A4, CS-Olfa_Art_Knife, CS-Weeding_Hook, CS-Weeding_Tweezers","A","","","","","","","Heat Pressing and Washing Info","<style>

table {

margin: 0 auto 0 auto;
}

table, th, td {
  
  border-collapse: collapse;
padding: 5px;
}
th, td {
  padding: 5px;
  text-align: center; 
  width: 100px;
  height: 50px;
  background-color:#FBA100;
  color: white;
  border-left: 5px solid white;
  border-right: 5px solid white;
}

th {
  border-top-color: white;
  font-size: 15px;
}

td {

padding-bottom: 1em;
border-bottom: 5px solid white;
font-size: 20px;
  
</style>



<table id=""data"">
  <tbody><tr>
    <th>PRESS TEMP</th>
<th>PRESS TIME</th>
<th>PRESSURE</th>
<th>EASY WEED</th>
<th>PEEL</th>
  </tr>
  <tr>
    <td>160<sup>o</sup>C<br></td>
<td>15 secs</td>
<td>Medium<br></td>
<td><span style=""font-size:30px;"">&#10003;</span></td>
<td>Cool</td>
  </tr>

<tr>
    <th>LAYER</th>
<th>REVERSE IMAGE</th>
<th>WASH</th>
<th>TUMBLE DRY</th>
<th>DRY CLEAN</th>
  </tr>
  <tr>
    <td><span style=""font-size:30px;"">&#10003;</span></td>
<td><span style=""font-size:30px;"">&#10003;</span></td>
<td>Hand Wash</td>
<td><span style=""font-size:30px; color: white;"">&#10003;</span></td>
<td><span style=""font-size:30px;"">&#10005;</span></td>
  </tr>
  </tbody></table>
","","","","","","","Poli-Tape-4212-Gold-Bright-Metal-Craft-HTV","0","htv, heat transfer vinyl, flex vinyl, flex, t shirt vinyl, t shirt film, t-shirt film, t-shirt vinyl, t shirt printing, t-shirt printing","","","1568819762","0","","0","","CHECKBOX"
"CS-4213-Silver-Bright-Metal","Silver Bright Metal Heat Transfer Vinyl","4213","DEFAULT","11","8","CRAFTSTICK","","","","","0","Poli-Tape 4213 Silver Bright Metal Heat Transfer Vinyl.  Iron or heatpress on to garments and other fabrics.","<p>This is perfect for all you crafters and hobbyists out there. Simply plan and cut your design to be ironed or heatpressed on to fabric craft items or garments.</p>
<p>Compatible with all craft cutters such as the Cameo, Cricut, Stika and Skycut plus signmaking plotter cutters from Roland, Graphtec, Mimaki and Mutoh.</p>
<p>Produce long lasting and durable designs onto cushions, aprons, throws and blankets as well as t-shirts and baby / kidswear etc.</p>
<p>So get designing those beautiful creations then just cut and iron on to make them come to life!</p>

","4213-Silver-Bright.png","4213-Silver-Bright.png","INVITEMS","DEFAULT-CS-4213-Silver-Bright-Metal-DEFAULT-CS-4213-Silver-Bright-Metal","","","0","0","0","","1","REGONLY","0","0","0","0","","","","SELECT","SELECT","0","","","","","0","0","","income-service","","","0","0","","","","","CS-HTV-METAL","CS-HTV-METAL, CS-FESTIVE","","","0","CS-Heat_Tape, CS-FLEXOFF, CS-Olfa_Cutting_Matt_A3, CS-Olfa_Cutting_Matt_A4, CS-Olfa_Art_Knife, CS-Weeding_Hook, CS-Weeding_Tweezers","CS-Heat_Tape, CS-FLEXOFF, CS-Olfa_Cutting_Matt_A3, CS-Olfa_Cutting_Matt_A4, CS-Olfa_Art_Knife, CS-Weeding_Hook, CS-Weeding_Tweezers","A","","","","","","","Heat Pressing and Washing Info","<style>

table {

margin: 0 auto 0 auto;
}

table, th, td {
  
  border-collapse: collapse;
padding: 5px;
}
th, td {
  padding: 5px;
  text-align: center; 
  width: 100px;
  height: 50px;
  background-color:#FBA100;
  color: white;
  border-left: 5px solid white;
  border-right: 5px solid white;
}

th {
  border-top-color: white;
  font-size: 15px;
}

td {

padding-bottom: 1em;
border-bottom: 5px solid white;
font-size: 20px;
  
</style>



<table id=""data"">
  <tbody><tr>
    <th>PRESS TEMP</th>
<th>PRESS TIME</th>
<th>PRESSURE</th>
<th>EASY WEED</th>
<th>PEEL</th>
  </tr>
  <tr>
    <td>160<sup>o</sup>C<br></td>
<td>15 secs</td>
<td>Medium<br></td>
<td><span style=""font-size:30px;"">&#10003;</span></td>
<td>Cool</td>
  </tr>

<tr>
    <th>LAYER</th>
<th>REVERSE IMAGE</th>
<th>WASH</th>
<th>TUMBLE DRY</th>
<th>DRY CLEAN</th>
  </tr>
  <tr>
    <td><span style=""font-size:30px;"">&#10003;</span></td>
<td><span style=""font-size:30px;"">&#10003;</span></td>
<td>Hand Wash</td>
<td><span style=""font-size:30px; color: white;"">&#10003;</span></td>
<td><span style=""font-size:30px;"">&#10005;</span></td>
  </tr>
  </tbody></table>
","","","","","","","Poli-Tape-4213-Silver-Bright-Metal-Craft-HTV","0","htv, heat transfer vinyl, flex vinyl, flex, t shirt vinyl, t shirt film, t-shirt film, t-shirt vinyl, t shirt printing, t-shirt printing","","","1562163569","0","","0","","CHECKBOX"
"CS-4221-Silver-Carbon","Silver Carbon Heat Transfer Vinyl","4221","DEFAULT","60","8","CRAFTSTICK","","","","","0","Poli-Tape 4221 Silver Carbon Heat Transfer Vinyl.  Iron or heatpress on to garments and other fabrics.","<p>This is perfect for all you crafters and hobbyists out there. Simply plan and cut your design to be ironed or heatpressed on to fabric craft items or garments.</p>
<p>Compatible with all craft cutters such as the Cameo, Cricut, Stika and Skycut plus signmaking plotter cutters from Roland, Graphtec, Mimaki and Mutoh.</p>
<p>Produce long lasting and durable designs onto cushions, aprons, throws and blankets as well as t-shirts and baby / kidswear etc.</p>
<p>So get designing those beautiful creations then just cut and iron on to make them come to life!</p>

","4221_Silver_Carbon.png","4221_Silver_Carbon.png","INVITEMS","DEFAULT-CS-4221-Silver-Carbon-DEFAULT-CS-4221-Silver-Carbon","","","0","0","0","","1","REGONLY","0","0","0","0","","","","SELECT","SELECT","0","","","","","0","0","","income-service","","","0","0","","","","","CS-HTV-METAL","CS-HTV-METAL, CS-FESTIVE","","","0","CS-Heat_Tape, CS-FLEXOFF, CS-Olfa_Cutting_Matt_A3, CS-Olfa_Cutting_Matt_A4, CS-Olfa_Art_Knife, CS-Weeding_Hook, CS-Weeding_Tweezers","CS-Heat_Tape, CS-FLEXOFF, CS-Olfa_Cutting_Matt_A3, CS-Olfa_Cutting_Matt_A4, CS-Olfa_Art_Knife, CS-Weeding_Hook, CS-Weeding_Tweezers","A","","","","","","","Heat Pressing and Washing Info","<style>

table {

margin: 0 auto 0 auto;
}

table, th, td {
  
  border-collapse: collapse;
padding: 5px;
}
th, td {
  padding: 5px;
  text-align: center; 
  width: 100px;
  height: 50px;
  background-color:#FBA100;
  color: white;
  border-left: 5px solid white;
  border-right: 5px solid white;
}

th {
  border-top-color: white;
  font-size: 15px;
}

td {

padding-bottom: 1em;
border-bottom: 5px solid white;
font-size: 20px;
  
</style>



<table id=""data"">
  <tbody><tr>
    <th>PRESS TEMP</th>
<th>PRESS TIME</th>
<th>PRESSURE</th>
<th>EASY WEED</th>
<th>PEEL</th>
  </tr>
  <tr>
    <td>160<sup>o</sup>C<br></td>
<td>15 secs</td>
<td>Medium<br></td>
<td><span style=""font-size:30px;"">&#10003;</span></td>
<td>Cool</td>
  </tr>

<tr>
    <th>LAYER</th>
<th>REVERSE IMAGE</th>
<th>WASH</th>
<th>TUMBLE DRY</th>
<th>DRY CLEAN</th>
  </tr>
  <tr>
    <td><span style=""font-size:30px;"">&#10003;</span></td>
<td><span style=""font-size:30px;"">&#10003;</span></td>
<td>Hand Wash</td>
<td><span style=""font-size:30px; color: white;"">&#10003;</span></td>
<td><span style=""font-size:30px;"">&#10005;</span></td>
  </tr>
  </tbody></table>
","","","","","","","Poli-Tape-4221-Silver-Carbon-Craft-HTV","0","htv, heat transfer vinyl, flex vinyl, flex, t shirt vinyl, t shirt film, t-shirt film, t-shirt vinyl, t shirt printing, t-shirt printing","","","1593169812","0","","0","","CHECKBOX"
"CS-423-Navy-Blue-Pearl-Glitter","Navy Blue Pearl Glitter Heat Transfer Vinyl","PG423","DEFAULT","3","9","CRAFTSTICK","","","","","0","Poli-Tape PG423 Navy Blue Pearl Glitter Heat Transfer Vinyl.  Iron or heatpress on to garments and other fabrics.","<p>This is perfect for all you crafters and hobbyists out there. Simply plan and cut your design to be ironed or heatpressed on to fabric craft items or garments.</p>
<p>Compatible with all craft cutters such as the Cameo, Cricut, Stika and Skycut plus signmaking plotter cutters from Roland, Graphtec, Mimaki and Mutoh.</p>
<p>Produce long lasting and durable designs onto cushions, aprons, throws and blankets as well as t-shirts and baby / kidswear etc.</p>
<p>So get designing those beautiful creations then just cut and iron on to make them come to life!</p>

","423-Navy-Blue.png","423-Navy-Blue.png","INVITEMS","DEFAULT-CS-423-Navy-Blue-Pearl-Glitter-DEFAULT-CS-423-Navy-Blue-Pearl-Glitter","","","0","0","0","","1","REGONLY","0","0","0","0","","","","SELECT","SELECT","0","","","","","0","0","","income-service","","","0","0","","","","","CS-HTV-GLITTER","CS-HTV-GLITTER","","","0","CS-Heat_Tape, CS-FLEXOFF, CS-Olfa_Cutting_Matt_A3, CS-Olfa_Cutting_Matt_A4, CS-Olfa_Art_Knife, CS-Weeding_Hook, CS-Weeding_Tweezers","CS-Heat_Tape, CS-FLEXOFF, CS-Olfa_Cutting_Matt_A3, CS-Olfa_Cutting_Matt_A4, CS-Olfa_Art_Knife, CS-Weeding_Hook, CS-Weeding_Tweezers","A","","","","","","","Heat Pressing and Washing Info","<style>

table {

margin: 0 auto 0 auto;
}

table, th, td {
  
  border-collapse: collapse;
padding: 5px;
}
th, td {
  padding: 5px;
  text-align: center; 
  width: 100px;
  height: 50px;
  background-color:#FBA100;
  color: white;
  border-left: 5px solid white;
  border-right: 5px solid white;
}

th {
  border-top-color: white;
  font-size: 15px;
}

td {

padding-bottom: 1em;
border-bottom: 5px solid white;
font-size: 20px;
  
</style>



<table id=""data"">
  <tbody><tr>
    <th>PRESS TEMP</th>
<th>PRESS TIME</th>
<th>PRESSURE</th>
<th>EASY WEED</th>
<th>PEEL</th>
  </tr>
  <tr>
    <td>160<sup>o</sup>C</td>
<td>15 secs</td>
<td>Medium</td>
<td><span style=""font-size:30px;"">&#10003;</span></td>
<td>Warm</td>
  </tr>

<tr>
    <th>LAYER (TOP)</th>
<th>REVERSE IMAGE</th>
<th>WASH</th>
<th>TUMBLE DRY</th>
<th>DRY CLEAN</th>
  </tr>
  <tr>
    <td><span style=""font-size:30px;"">&#10003;</span></td>
<td><span style=""font-size:30px;"">&#10003;</span></td>
<td>60<sup>o</sup>C</td>
<td><span style=""font-size:30px; color: white;"">&#10003;</span></td>
<td><span style=""font-size:30px; color: white;"">&#10005;</span></td>
  </tr>
  </tbody></table>","","","","","","","Poli-Tape-423-Navy-Blue-Pearl-Glitter-Craft-HTV","0","htv, heat transfer vinyl, flex vinyl, flex, t shirt vinyl, t shirt film, t-shirt film, t-shirt vinyl, t shirt printing, t-shirt printing","","","1568819812","0","","0","","CHECKBOX"
"CS-424-Purple-Pearl-Glitter","Purple Pearl Glitter Heat Transfer Vinyl","PG424","DEFAULT","4","9","CRAFTSTICK","","","","","0","Poli-Tape PG424 Purple Pearl Glitter Heat Transfer Vinyl.  Iron or heatpress on to garments and other fabrics.","<p>This is perfect for all you crafters and hobbyists out there. Simply plan and cut your design to be ironed or heatpressed on to fabric craft items or garments.</p>
<p>Compatible with all craft cutters such as the Cameo, Cricut, Stika and Skycut plus signmaking plotter cutters from Roland, Graphtec, Mimaki and Mutoh.</p>
<p>Produce long lasting and durable designs onto cushions, aprons, throws and blankets as well as t-shirts and baby / kidswear etc.</p>
<p>So get designing those beautiful creations then just cut and iron on to make them come to life!</p>

","424-Purple.png","424-Purple.png","INVITEMS","DEFAULT-CS-424-Purple-Pearl-Glitter-DEFAULT-CS-424-Purple-Pearl-Glitter","","","0","0","0","","1","REGONLY","0","0","0","0","","","","SELECT","SELECT","0","","","","","0","0","","income-service","","","0","0","","","","","CS-HTV-GLITTER","CS-HTV-GLITTER, CS-FESTIVE, CS-VALENTINES","","","0","CS-Heat_Tape, CS-FLEXOFF, CS-Olfa_Cutting_Matt_A3, CS-Olfa_Cutting_Matt_A4, CS-Olfa_Art_Knife, CS-Weeding_Hook, CS-Weeding_Tweezers","CS-Heat_Tape, CS-FLEXOFF, CS-Olfa_Cutting_Matt_A3, CS-Olfa_Cutting_Matt_A4, CS-Olfa_Art_Knife, CS-Weeding_Hook, CS-Weeding_Tweezers","A","","","","","","","Heat Pressing and Washing Info","<style>

table {

margin: 0 auto 0 auto;
}

table, th, td {
  
  border-collapse: collapse;
padding: 5px;
}
th, td {
  padding: 5px;
  text-align: center; 
  width: 100px;
  height: 50px;
  background-color:#FBA100;
  color: white;
  border-left: 5px solid white;
  border-right: 5px solid white;
}

th {
  border-top-color: white;
  font-size: 15px;
}

td {

padding-bottom: 1em;
border-bottom: 5px solid white;
font-size: 20px;
  
</style>



<table id=""data"">
  <tbody><tr>
    <th>PRESS TEMP</th>
<th>PRESS TIME</th>
<th>PRESSURE</th>
<th>EASY WEED</th>
<th>PEEL</th>
  </tr>
  <tr>
    <td>160<sup>o</sup>C</td>
<td>15 secs</td>
<td>Medium</td>
<td><span style=""font-size:30px;"">&#10003;</span></td>
<td>Warm</td>
  </tr>

<tr>
    <th>LAYER (TOP)</th>
<th>REVERSE IMAGE</th>
<th>WASH</th>
<th>TUMBLE DRY</th>
<th>DRY CLEAN</th>
  </tr>
  <tr>
    <td><span style=""font-size:30px;"">&#10003;</span></td>
<td><span style=""font-size:30px;"">&#10003;</span></td>
<td>60<sup>o</sup>C</td>
<td><span style=""font-size:30px; color: white;"">&#10003;</span></td>
<td><span style=""font-size:30px; color: white;"">&#10005;</span></td>
  </tr>
  </tbody></table>","","","","","","","Poli-Tape-424-Purple-Pearl-Glitter-Craft-HTV","0","htv, heat transfer vinyl, flex vinyl, flex, t shirt vinyl, t shirt film, t-shirt film, t-shirt vinyl, t shirt printing, t-shirt printing","","","1568820025","0","","0","","CHECKBOX"
"CS-425-Light-Gold-Pearl-Glitter","Light Gold Pearl Glitter Heat Transfer Vinyl","PG425","DEFAULT","3","9","CRAFTSTICK","","","","","0","Poli-Tape PG425 Light Gold Pearl Glitter Heat Transfer Vinyl.  Iron or heatpress on to garments and other fabrics.","<p>This is perfect for all you crafters and hobbyists out there. Simply plan and cut your design to be ironed or heatpressed on to fabric craft items or garments.</p>
<p>Compatible with all craft cutters such as the Cameo, Cricut, Stika and Skycut plus signmaking plotter cutters from Roland, Graphtec, Mimaki and Mutoh.</p>
<p>Produce long lasting and durable designs onto cushions, aprons, throws and blankets as well as t-shirts and baby / kidswear etc.</p>
<p>So get designing those beautiful creations then just cut and iron on to make them come to life!</p>

","425-Light-Gold.png","425-Light-Gold.png","INVITEMS","DEFAULT-CS-425-Light-Gold-Pearl-Glitter-DEFAULT-CS-425-Light-Gold-Pearl-Glitter","","","0","0","0","","1","REGONLY","0","0","0","0","","","","SELECT","SELECT","0","","","","","0","0","","income-service","","","0","0","","","","","CS-HTV-GLITTER","CS-HTV-GLITTER, CS-AUTUMN, CS-FESTIVE, CS-VALENTINES","","","0","CS-Heat_Tape, CS-FLEXOFF, CS-Olfa_Cutting_Matt_A3, CS-Olfa_Cutting_Matt_A4, CS-Olfa_Art_Knife, CS-Weeding_Hook, CS-Weeding_Tweezers","CS-Heat_Tape, CS-FLEXOFF, CS-Olfa_Cutting_Matt_A3, CS-Olfa_Cutting_Matt_A4, CS-Olfa_Art_Knife, CS-Weeding_Hook, CS-Weeding_Tweezers","A","","","","","","","Heat Pressing and Washing Info","<style>

table {

margin: 0 auto 0 auto;
}

table, th, td {
  
  border-collapse: collapse;
padding: 5px;
}
th, td {
  padding: 5px;
  text-align: center; 
  width: 100px;
  height: 50px;
  background-color:#FBA100;
  color: white;
  border-left: 5px solid white;
  border-right: 5px solid white;
}

th {
  border-top-color: white;
  font-size: 15px;
}

td {

padding-bottom: 1em;
border-bottom: 5px solid white;
font-size: 20px;
  
</style>



<table id=""data"">
  <tbody><tr>
    <th>PRESS TEMP</th>
<th>PRESS TIME</th>
<th>PRESSURE</th>
<th>EASY WEED</th>
<th>PEEL</th>
  </tr>
  <tr>
    <td>160<sup>o</sup>C</td>
<td>15 secs</td>
<td>Medium</td>
<td><span style=""font-size:30px;"">&#10003;</span></td>
<td>Warm</td>
  </tr>

<tr>
    <th>LAYER (TOP)</th>
<th>REVERSE IMAGE</th>
<th>WASH</th>
<th>TUMBLE DRY</th>
<th>DRY CLEAN</th>
  </tr>
  <tr>
    <td><span style=""font-size:30px;"">&#10003;</span></td>
<td><span style=""font-size:30px;"">&#10003;</span></td>
<td>60<sup>o</sup>C</td>
<td><span style=""font-size:30px; color: white;"">&#10003;</span></td>
<td><span style=""font-size:30px; color: white;"">&#10005;</span></td>
  </tr>
  </tbody></table>","","","","","","","Poli-Tape-425-Light-Gold-Pearl-Glitter-Craft-HTV","0","htv, heat transfer vinyl, flex vinyl, flex, t shirt vinyl, t shirt film, t-shirt film, t-shirt vinyl, t shirt printing, t-shirt printing","","","1568820052","0","","0","","CHECKBOX"
"CS-428-Lavender-Pearl-Glitter","Lavender Pearl Glitter Heat Transfer Vinyl","PG428","DEFAULT","2","9","CRAFTSTICK","","","","","0","Poli-Tape PG428 Lavender Pearl Glitter Heat Transfer Vinyl.  Iron or heatpress on to garments and other fabrics.","<p>This is perfect for all you crafters and hobbyists out there. Simply plan and cut your design to be ironed or heatpressed on to fabric craft items or garments.</p>
<p>Compatible with all craft cutters such as the Cameo, Cricut, Stika and Skycut plus signmaking plotter cutters from Roland, Graphtec, Mimaki and Mutoh.</p>
<p>Produce long lasting and durable designs onto cushions, aprons, throws and blankets as well as t-shirts and baby / kidswear etc.</p>
<p>So get designing those beautiful creations then just cut and iron on to make them come to life!</p>

","428-Lavender.png","428-Lavender.png","INVITEMS","DEFAULT-CS-428-Lavender-Pearl-Glitter-DEFAULT-CS-428-Lavender-Pearl-Glitter","","","0","0","0","","1","REGONLY","0","0","0","0","","","","SELECT","SELECT","0","","","","","0","0","","income-service","","","0","0","","","","","CS-HTV-GLITTER","CS-HTV-GLITTER, CS-FESTIVE, CS-VALENTINES, CS-MOTHERS","","","0","CS-Heat_Tape, CS-FLEXOFF, CS-Olfa_Cutting_Matt_A3, CS-Olfa_Cutting_Matt_A4, CS-Olfa_Art_Knife, CS-Weeding_Hook, CS-Weeding_Tweezers","CS-Heat_Tape, CS-FLEXOFF, CS-Olfa_Cutting_Matt_A3, CS-Olfa_Cutting_Matt_A4, CS-Olfa_Art_Knife, CS-Weeding_Hook, CS-Weeding_Tweezers","A","","","","","","","Heat Pressing and Washing Info","<style>

table {

margin: 0 auto 0 auto;
}

table, th, td {
  
  border-collapse: collapse;
padding: 5px;
}
th, td {
  padding: 5px;
  text-align: center; 
  width: 100px;
  height: 50px;
  background-color:#FBA100;
  color: white;
  border-left: 5px solid white;
  border-right: 5px solid white;
}

th {
  border-top-color: white;
  font-size: 15px;
}

td {

padding-bottom: 1em;
border-bottom: 5px solid white;
font-size: 20px;
  
</style>



<table id=""data"">
  <tbody><tr>
    <th>PRESS TEMP</th>
<th>PRESS TIME</th>
<th>PRESSURE</th>
<th>EASY WEED</th>
<th>PEEL</th>
  </tr>
  <tr>
    <td>160<sup>o</sup>C</td>
<td>15 secs</td>
<td>Medium</td>
<td><span style=""font-size:30px;"">&#10003;</span></td>
<td>Warm</td>
  </tr>

<tr>
    <th>LAYER (TOP)</th>
<th>REVERSE IMAGE</th>
<th>WASH</th>
<th>TUMBLE DRY</th>
<th>DRY CLEAN</th>
  </tr>
  <tr>
    <td><span style=""font-size:30px;"">&#10003;</span></td>
<td><span style=""font-size:30px;"">&#10003;</span></td>
<td>60<sup>o</sup>C</td>
<td><span style=""font-size:30px; color: white;"">&#10003;</span></td>
<td><span style=""font-size:30px; color: white;"">&#10005;</span></td>
  </tr>
  </tbody></table>","","","","","","","Poli-Tape-428-Lavender-Pearl-Glitter-Craft-HTV","0","htv, heat transfer vinyl, flex vinyl, flex, t shirt vinyl, t shirt film, t-shirt film, t-shirt vinyl, t shirt printing, t-shirt printing","","","1568820068","0","","0","","CHECKBOX"
"CS-4280-Camouflage","Camouflage Heat Transfer Vinyl","4280","DEFAULT","10","3","CRAFTSTICK","","","","","0","Poli-Tape 4280 Camouflage Heat Transfer Vinyl.  Iron or heatpress on to garments and other fabrics.","<p>This is perfect for all you crafters and hobbyists out there. Simply plan and cut your design to be ironed or heatpressed on to fabric craft items or garments.</p>
<p>Compatible with all craft cutters such as the Cameo, Cricut, Stika and Skycut plus signmaking plotter cutters from Roland, Graphtec, Mimaki and Mutoh.</p>
<p>Produce long lasting and durable designs onto cushions, aprons, throws and blankets as well as t-shirts and baby / kidswear etc.</p>
<p>So get designing those beautiful creations then just cut and iron on to make them come to life!</p>

","4280_Camouflage.png","4280_Camouflage.png","INVITEMS","DEFAULT-CS-4280-Camouflage-DEFAULT-CS-4280-Camouflage","","","0","0","0","","1","REGONLY","0","0","0","0","","","","SELECT","SELECT","0","","","","","0","0","","income-service","","","0","0","","","","","CS-HTV-PRINT","CS-HTV-PRINT","","","0","CS-Heat_Tape, CS-FLEXOFF, CS-Olfa_Cutting_Matt_A3, CS-Olfa_Cutting_Matt_A4, CS-Olfa_Art_Knife, CS-Weeding_Hook, CS-Weeding_Tweezers","CS-Heat_Tape, CS-FLEXOFF, CS-Olfa_Cutting_Matt_A3, CS-Olfa_Cutting_Matt_A4, CS-Olfa_Art_Knife, CS-Weeding_Hook, CS-Weeding_Tweezers","A","","","","","","","Heat Pressing and Washing Info","<style>

table {

margin: 0 auto 0 auto;
}

table, th, td {
  
  border-collapse: collapse;
padding: 5px;
}
th, td {
  padding: 5px;
  text-align: center; 
  width: 100px;
  height: 50px;
  background-color:#FBA100;
  color: white;
  border-left: 5px solid white;
  border-right: 5px solid white;
}

th {
  border-top-color: white;
  font-size: 15px;
}

td {

padding-bottom: 1em;
border-bottom: 5px solid white;
font-size: 20px;
  
</style>



<table id=""data"">
  <tbody><tr>
    <th>PRESS TEMP</th>
<th>PRESS TIME</th>
<th>PRESSURE</th>
<th>EASY WEED</th>
<th>PEEL</th>
  </tr>
  <tr>
    <td>160<sup>o</sup>C<br></td>
<td>15 secs</td>
<td>Medium<br></td>
<td><span style=""font-size:30px;"">&#10003;</span></td>
<td>Warm</td>
  </tr>

<tr>
    <th>LAYER</th>
<th>REVERSE IMAGE</th>
<th>WASH</th>
<th>TUMBLE DRY</th>
<th>DRY CLEAN</th>
  </tr>
  <tr>
    <td><span style=""font-size:30px;"">&#10003;</span></td>
<td><span style=""font-size:30px;"">&#10003;</span></td>
<td>60<sup>o</sup>C</td>
<td><span style=""font-size:30px; color: white;"">&#10003;</span></td>
<td><span style=""font-size:30px;"">&#10003;</span></td>
  </tr>
  </tbody></table>
","","","","","","","Poli-Tape-4280-Camouflage-Craft-HTV","0","htv, heat transfer vinyl, flex vinyl, flex, t shirt vinyl, t shirt film, t-shirt film, t-shirt vinyl, t shirt printing, t-shirt printing","","","1593178237","0","","0","","CHECKBOX"
"CS-4281-Leopard","Leopard Heat Transfer Vinyl","4281","DEFAULT","20","3","CRAFTSTICK","","","","","0","Poli-Tape 4281 Leopard Heat Transfer Vinyl.  Iron or heatpress on to garments and other fabrics.","<p>This is perfect for all you crafters and hobbyists out there. Simply plan and cut your design to be ironed or heatpressed on to fabric craft items or garments.</p>
<p>Compatible with all craft cutters such as the Cameo, Cricut, Stika and Skycut plus signmaking plotter cutters from Roland, Graphtec, Mimaki and Mutoh.</p>
<p>Produce long lasting and durable designs onto cushions, aprons, throws and blankets as well as t-shirts and baby / kidswear etc.</p>
<p>So get designing those beautiful creations then just cut and iron on to make them come to life!</p>

","4281_Leopard.png","4281_Leopard.png","INVITEMS","DEFAULT-CS-4281-Leopard-DEFAULT-CS-4281-Leopard","","","0","0","0","","1","REGONLY","0","0","0","0","","","","SELECT","SELECT","0","","","","","0","0","","income-service","","","0","0","","","","","CS-HTV-PRINT","CS-HTV-PRINT","","","0","CS-Heat_Tape, CS-FLEXOFF, CS-Olfa_Cutting_Matt_A3, CS-Olfa_Cutting_Matt_A4, CS-Olfa_Art_Knife, CS-Weeding_Hook, CS-Weeding_Tweezers","CS-Heat_Tape, CS-FLEXOFF, CS-Olfa_Cutting_Matt_A3, CS-Olfa_Cutting_Matt_A4, CS-Olfa_Art_Knife, CS-Weeding_Hook, CS-Weeding_Tweezers","A","","","","","","","Heat Pressing and Washing Info","<style>

table {

margin: 0 auto 0 auto;
}

table, th, td {
  
  border-collapse: collapse;
padding: 5px;
}
th, td {
  padding: 5px;
  text-align: center; 
  width: 100px;
  height: 50px;
  background-color:#FBA100;
  color: white;
  border-left: 5px solid white;
  border-right: 5px solid white;
}

th {
  border-top-color: white;
  font-size: 15px;
}

td {

padding-bottom: 1em;
border-bottom: 5px solid white;
font-size: 20px;
  
</style>



<table id=""data"">
  <tbody><tr>
    <th>PRESS TEMP</th>
<th>PRESS TIME</th>
<th>PRESSURE</th>
<th>EASY WEED</th>
<th>PEEL</th>
  </tr>
  <tr>
    <td>160<sup>o</sup>C<br></td>
<td>15 secs</td>
<td>Medium<br></td>
<td><span style=""font-size:30px;"">&#10003;</span></td>
<td>Warm</td>
  </tr>

<tr>
    <th>LAYER</th>
<th>REVERSE IMAGE</th>
<th>WASH</th>
<th>TUMBLE DRY</th>
<th>DRY CLEAN</th>
  </tr>
  <tr>
    <td><span style=""font-size:30px;"">&#10003;</span></td>
<td><span style=""font-size:30px;"">&#10003;</span></td>
<td>60<sup>o</sup>C</td>
<td><span style=""font-size:30px; color: white;"">&#10003;</span></td>
<td><span style=""font-size:30px;"">&#10003;</span></td>
  </tr>
  </tbody></table>
","","","","","","","Poli-Tape-4281-Leopard-Craft-HTV","0","htv, heat transfer vinyl, flex vinyl, flex, t shirt vinyl, t shirt film, t-shirt film, t-shirt vinyl, t shirt printing, t-shirt printing","","","1593178718","0","","0","","CHECKBOX"
"CS-4282-Zebra","Zebra Heat Transfer Vinyl","4282","DEFAULT","30","3","CRAFTSTICK","","","","","0","Poli-Tape 4282 Zebra Heat Transfer Vinyl.  Iron or heatpress on to garments and other fabrics.","<p>This is perfect for all you crafters and hobbyists out there. Simply plan and cut your design to be ironed or heatpressed on to fabric craft items or garments.</p>
<p>Compatible with all craft cutters such as the Cameo, Cricut, Stika and Skycut plus signmaking plotter cutters from Roland, Graphtec, Mimaki and Mutoh.</p>
<p>Produce long lasting and durable designs onto cushions, aprons, throws and blankets as well as t-shirts and baby / kidswear etc.</p>
<p>So get designing those beautiful creations then just cut and iron on to make them come to life!</p>

","4282_Zebra.png","4282_Zebra.png","INVITEMS","DEFAULT-CS-4282-Zebra-DEFAULT-CS-4282-Zebra","","","0","0","0","","1","REGONLY","0","0","0","0","","","","SELECT","SELECT","0","","","","","0","0","","income-service","","","0","0","","","","","CS-HTV-PRINT","CS-HTV-PRINT","","","0","CS-Heat_Tape, CS-FLEXOFF, CS-Olfa_Cutting_Matt_A3, CS-Olfa_Cutting_Matt_A4, CS-Olfa_Art_Knife, CS-Weeding_Hook, CS-Weeding_Tweezers","CS-Heat_Tape, CS-FLEXOFF, CS-Olfa_Cutting_Matt_A3, CS-Olfa_Cutting_Matt_A4, CS-Olfa_Art_Knife, CS-Weeding_Hook, CS-Weeding_Tweezers","A","","","","","","","Heat Pressing and Washing Info","<style>

table {

margin: 0 auto 0 auto;
}

table, th, td {
  
  border-collapse: collapse;
padding: 5px;
}
th, td {
  padding: 5px;
  text-align: center; 
  width: 100px;
  height: 50px;
  background-color:#FBA100;
  color: white;
  border-left: 5px solid white;
  border-right: 5px solid white;
}

th {
  border-top-color: white;
  font-size: 15px;
}

td {

padding-bottom: 1em;
border-bottom: 5px solid white;
font-size: 20px;
  
</style>



<table id=""data"">
  <tbody><tr>
    <th>PRESS TEMP</th>
<th>PRESS TIME</th>
<th>PRESSURE</th>
<th>EASY WEED</th>
<th>PEEL</th>
  </tr>
  <tr>
    <td>160<sup>o</sup>C<br></td>
<td>15 secs</td>
<td>Medium<br></td>
<td><span style=""font-size:30px;"">&#10003;</span></td>
<td>Warm</td>
  </tr>

<tr>
    <th>LAYER</th>
<th>REVERSE IMAGE</th>
<th>WASH</th>
<th>TUMBLE DRY</th>
<th>DRY CLEAN</th>
  </tr>
  <tr>
    <td><span style=""font-size:30px;"">&#10003;</span></td>
<td><span style=""font-size:30px;"">&#10003;</span></td>
<td>60<sup>o</sup>C</td>
<td><span style=""font-size:30px; color: white;"">&#10003;</span></td>
<td><span style=""font-size:30px;"">&#10003;</span></td>
  </tr>
  </tbody></table>
","","","","","","","Poli-Tape-4282-Zebra-Craft-HTV","0","htv, heat transfer vinyl, flex vinyl, flex, t shirt vinyl, t shirt film, t-shirt film, t-shirt vinyl, t shirt printing, t-shirt printing","","","1593178789","0","","0","","CHECKBOX"
"CS-432-Hot-Pink-Pearl-Glitter","Hot Pink Pearl Glitter Heat Transfer Vinyl","PG432","DEFAULT","10","9","CRAFTSTICK","","","","","0","Poli-Tape PG432 Hot Pink Pearl Glitter Heat Transfer Vinyl.  Iron or heatpress on to garments and other fabrics.","<p>This is perfect for all you crafters and hobbyists out there. Simply plan and cut your design to be ironed or heatpressed on to fabric craft items or garments.</p>
<p>Compatible with all craft cutters such as the Cameo, Cricut, Stika and Skycut plus signmaking plotter cutters from Roland, Graphtec, Mimaki and Mutoh.</p>
<p>Produce long lasting and durable designs onto cushions, aprons, throws and blankets as well as t-shirts and baby / kidswear etc.</p>
<p>So get designing those beautiful creations then just cut and iron on to make them come to life!</p>

","432-Hot-Pink.png","432-Hot-Pink.png","INVITEMS","DEFAULT-CS-432-Hot-Pink-Pearl-Glitter-DEFAULT-CS-432-Hot-Pink-Pearl-Glitter","","","0","0","0","","1","REGONLY","0","0","0","0","","","","SELECT","SELECT","0","","","","","0","0","","income-service","","","0","0","","","","","CS-HTV-GLITTER","CS-HTV-GLITTER, CS-FESTIVE, CS-VALENTINES, CS-MOTHERS","","","0","CS-Heat_Tape, CS-FLEXOFF, CS-Olfa_Cutting_Matt_A3, CS-Olfa_Cutting_Matt_A4, CS-Olfa_Art_Knife, CS-Weeding_Hook, CS-Weeding_Tweezers","CS-Heat_Tape, CS-FLEXOFF, CS-Olfa_Cutting_Matt_A3, CS-Olfa_Cutting_Matt_A4, CS-Olfa_Art_Knife, CS-Weeding_Hook, CS-Weeding_Tweezers","A","","","","","","","Heat Pressing and Washing Info","<style>

table {

margin: 0 auto 0 auto;
}

table, th, td {
  
  border-collapse: collapse;
padding: 5px;
}
th, td {
  padding: 5px;
  text-align: center; 
  width: 100px;
  height: 50px;
  background-color:#FBA100;
  color: white;
  border-left: 5px solid white;
  border-right: 5px solid white;
}

th {
  border-top-color: white;
  font-size: 15px;
}

td {

padding-bottom: 1em;
border-bottom: 5px solid white;
font-size: 20px;
  
</style>



<table id=""data"">
  <tbody><tr>
    <th>PRESS TEMP</th>
<th>PRESS TIME</th>
<th>PRESSURE</th>
<th>EASY WEED</th>
<th>PEEL</th>
  </tr>
  <tr>
    <td>160<sup>o</sup>C</td>
<td>15 secs</td>
<td>Medium</td>
<td><span style=""font-size:30px;"">&#10003;</span></td>
<td>Warm</td>
  </tr>

<tr>
    <th>LAYER (TOP)</th>
<th>REVERSE IMAGE</th>
<th>WASH</th>
<th>TUMBLE DRY</th>
<th>DRY CLEAN</th>
  </tr>
  <tr>
    <td><span style=""font-size:30px;"">&#10003;</span></td>
<td><span style=""font-size:30px;"">&#10003;</span></td>
<td>60<sup>o</sup>C</td>
<td><span style=""font-size:30px; color: white;"">&#10003;</span></td>
<td><span style=""font-size:30px; color: white;"">&#10005;</span></td>
  </tr>
  </tbody></table>","","","","","","","Poli-Tape-432-Hot-Pink-Pearl-Glitter-Craft-HTV","0","htv, heat transfer vinyl, flex vinyl, flex, t shirt vinyl, t shirt film, t-shirt film, t-shirt vinyl, t shirt printing, t-shirt printing","","","1568820102","0","","0","","CHECKBOX"
"CS-434-White-Glitter","White Glitter Heat Transfer Vinyl","434","DEFAULT","19","8","CRAFTSTICK","","","","","0","Poli-Tape 434 White Glitter Heat Transfer Vinyl.  Iron or heatpress on to garments and other fabrics.","<p>This is perfect for all you crafters and hobbyists out there. Simply plan and cut your design to be ironed or heatpressed on to fabric craft items or garments.</p>
<p>Compatible with all craft cutters such as the Cameo, Cricut, Stika and Skycut plus signmaking plotter cutters from Roland, Graphtec, Mimaki and Mutoh.</p>
<p>Produce long lasting and durable designs onto cushions, aprons, throws and blankets as well as t-shirts and baby / kidswear etc.</p>
<p>So get designing those beautiful creations then just cut and iron on to make them come to life!</p>

","434-Glitter-White.png","434-Glitter-White.png","INVITEMS","DEFAULT-CS-434-White-Glitter-DEFAULT-CS-434-White-Glitter","","","0","0","0","","1","REGONLY","0","0","0","0","","","","SELECT","SELECT","0","","","","","0","0","","income-service","","","0","0","","","","","CS-HTV-GLITTER","CS-HTV-GLITTER, CS-FESTIVE","","","0","CS-Heat_Tape, CS-FLEXOFF, CS-Olfa_Cutting_Matt_A3, CS-Olfa_Cutting_Matt_A4, CS-Olfa_Art_Knife, CS-Weeding_Hook, CS-Weeding_Tweezers","CS-Heat_Tape, CS-FLEXOFF, CS-Olfa_Cutting_Matt_A3, CS-Olfa_Cutting_Matt_A4, CS-Olfa_Art_Knife, CS-Weeding_Hook, CS-Weeding_Tweezers","A","","","","","","","Heat Pressing and Washing Info","<style>

table {

margin: 0 auto 0 auto;
}

table, th, td {
  
  border-collapse: collapse;
padding: 5px;
}
th, td {
  padding: 5px;
  text-align: center; 
  width: 100px;
  height: 50px;
  background-color:#FBA100;
  color: white;
  border-left: 5px solid white;
  border-right: 5px solid white;
}

th {
  border-top-color: white;
  font-size: 15px;
}

td {

padding-bottom: 1em;
border-bottom: 5px solid white;
font-size: 20px;
  
</style>



<table id=""data"">
  <tbody><tr>
    <th>PRESS TEMP</th>
<th>PRESS TIME</th>
<th>PRESSURE</th>
<th>EASY WEED</th>
<th>PEEL</th>
  </tr>
  <tr>
    <td>160<sup>o</sup>C</td>
<td>15 secs</td>
<td>Medium<br></td>
<td><span style=""font-size:30px;"">&#10003;</span></td>
<td>Warm</td>
  </tr>

<tr>
    <th>LAYER</th>
<th>REVERSE IMAGE</th>
<th>WASH</th>
<th>TUMBLE DRY</th>
<th>DRY CLEAN</th>
  </tr>
  <tr>
    <td><span style=""font-size:30px;"">&#10005;</span></td>
<td><span style=""font-size:30px;"">&#10003;</span></td>
<td>60<sup>o</sup>C</td>
<td><span style=""font-size:30px; color: white;"">&#10003;</span></td>
<td><span style=""font-size:30px;"">&#10003;</span></td>
  </tr>
  </tbody></table>","","","","","","","","0","htv, heat transfer vinyl, flex vinyl, flex, t shirt vinyl, t shirt film, t-shirt film, t-shirt vinyl, t shirt printing, t-shirt printing","","","1712072996","0","","0","","CHECKBOX"
"CS-435-Black-Glitter","Black Glitter Heat Transfer Vinyl","435","DEFAULT","19","8","CRAFTSTICK","","","","","0","Poli-Tape 435 Black Glitter Heat Transfer Vinyl.  Iron or heatpress on to garments and other fabrics.","<p>This is perfect for all you crafters and hobbyists out there. Simply plan and cut your design to be ironed or heatpressed on to fabric craft items or garments.</p>
<p>Compatible with all craft cutters such as the Cameo, Cricut, Stika and Skycut plus signmaking plotter cutters from Roland, Graphtec, Mimaki and Mutoh.</p>
<p>Produce long lasting and durable designs onto cushions, aprons, throws and blankets as well as t-shirts and baby / kidswear etc.</p>
<p>So get designing those beautiful creations then just cut and iron on to make them come to life!</p>

","435-Glitter-Black.png","435-Glitter-Black.png","INVITEMS","DEFAULT-CS-435-Black-Glitter-DEFAULT-CS-435-Black-Glitter","","","0","0","0","","1","REGONLY","0","0","0","0","","","","SELECT","SELECT","0","","","","","0","0","","income-service","","","0","0","","","","","CS-HTV-GLITTER","CS-HTV-GLITTER, CS-FESTIVE","","","0","CS-Heat_Tape, CS-FLEXOFF, CS-Olfa_Cutting_Matt_A3, CS-Olfa_Cutting_Matt_A4, CS-Olfa_Art_Knife, CS-Weeding_Hook, CS-Weeding_Tweezers","CS-Heat_Tape, CS-FLEXOFF, CS-Olfa_Cutting_Matt_A3, CS-Olfa_Cutting_Matt_A4, CS-Olfa_Art_Knife, CS-Weeding_Hook, CS-Weeding_Tweezers","A","","","","","","","Heat Pressing and Washing Info","<style>

table {

margin: 0 auto 0 auto;
}

table, th, td {
  
  border-collapse: collapse;
padding: 5px;
}
th, td {
  padding: 5px;
  text-align: center; 
  width: 100px;
  height: 50px;
  background-color:#FBA100;
  color: white;
  border-left: 5px solid white;
  border-right: 5px solid white;
}

th {
  border-top-color: white;
  font-size: 15px;
}

td {

padding-bottom: 1em;
border-bottom: 5px solid white;
font-size: 20px;
  
</style>



<table id=""data"">
  <tbody><tr>
    <th>PRESS TEMP</th>
<th>PRESS TIME</th>
<th>PRESSURE</th>
<th>EASY WEED</th>
<th>PEEL</th>
  </tr>
  <tr>
    <td>160<sup>o</sup>C</td>
<td>15 secs</td>
<td>Medium<br></td>
<td><span style=""font-size:30px;"">&#10003;</span></td>
<td>Warm</td>
  </tr>

<tr>
    <th>LAYER</th>
<th>REVERSE IMAGE</th>
<th>WASH</th>
<th>TUMBLE DRY</th>
<th>DRY CLEAN</th>
  </tr>
  <tr>
    <td><span style=""font-size:30px;"">&#10005;</span></td>
<td><span style=""font-size:30px;"">&#10003;</span></td>
<td>60<sup>o</sup>C</td>
<td><span style=""font-size:30px; color: white;"">&#10003;</span></td>
<td><span style=""font-size:30px;"">&#10003;</span></td>
  </tr>
  </tbody></table>","","","","","","","","0","htv, heat transfer vinyl, flex vinyl, flex, t shirt vinyl, t shirt film, t-shirt film, t-shirt vinyl, t shirt printing, t-shirt printing","","","1702403627","0","","0","","CHECKBOX"
"CS-438-Red-Glitter","Red Glitter Heat Transfer Vinyl","438","DEFAULT","18","8","CRAFTSTICK","","","","","0","Poli-Tape 438 Red Glitter Heat Transfer Vinyl.  Iron or heatpress on to garments and other fabrics.","<p>This is perfect for all you crafters and hobbyists out there. Simply plan and cut your design to be ironed or heatpressed on to fabric craft items or garments.</p>
<p>Compatible with all craft cutters such as the Cameo, Cricut, Stika and Skycut plus signmaking plotter cutters from Roland, Graphtec, Mimaki and Mutoh.</p>
<p>Produce long lasting and durable designs onto cushions, aprons, throws and blankets as well as t-shirts and baby / kidswear etc.</p>
<p>So get designing those beautiful creations then just cut and iron on to make them come to life!</p>

","438-Glitter-Red.png","438-Glitter-Red.png","INVITEMS","DEFAULT-CS-438-Red-Glitter-DEFAULT-CS-438-Red-Glitter","","","0","0","0","","1","REGONLY","0","0","0","0","","","","SELECT","SELECT","0","","","","","0","0","","income-service","","","0","0","","","","","CS-HTV-GLITTER","CS-HTV-GLITTER, CS-FESTIVE, CS-VALENTINES","","","0","CS-Heat_Tape, CS-FLEXOFF, CS-Olfa_Cutting_Matt_A3, CS-Olfa_Cutting_Matt_A4, CS-Olfa_Art_Knife, CS-Weeding_Hook, CS-Weeding_Tweezers","CS-Heat_Tape, CS-FLEXOFF, CS-Olfa_Cutting_Matt_A3, CS-Olfa_Cutting_Matt_A4, CS-Olfa_Art_Knife, CS-Weeding_Hook, CS-Weeding_Tweezers","A","","","","","","","Heat Pressing and Washing Info","<style>

table {

margin: 0 auto 0 auto;
}

table, th, td {
  
  border-collapse: collapse;
padding: 5px;
}
th, td {
  padding: 5px;
  text-align: center; 
  width: 100px;
  height: 50px;
  background-color:#FBA100;
  color: white;
  border-left: 5px solid white;
  border-right: 5px solid white;
}

th {
  border-top-color: white;
  font-size: 15px;
}

td {

padding-bottom: 1em;
border-bottom: 5px solid white;
font-size: 20px;
  
</style>



<table id=""data"">
  <tbody><tr>
    <th>PRESS TEMP</th>
<th>PRESS TIME</th>
<th>PRESSURE</th>
<th>EASY WEED</th>
<th>PEEL</th>
  </tr>
  <tr>
    <td>160<sup>o</sup>C</td>
<td>15 secs</td>
<td>Medium<br></td>
<td><span style=""font-size:30px;"">&#10003;</span></td>
<td>Warm</td>
  </tr>

<tr>
    <th>LAYER</th>
<th>REVERSE IMAGE</th>
<th>WASH</th>
<th>TUMBLE DRY</th>
<th>DRY CLEAN</th>
  </tr>
  <tr>
    <td><span style=""font-size:30px;"">&#10005;</span></td>
<td><span style=""font-size:30px;"">&#10003;</span></td>
<td>60<sup>o</sup>C</td>
<td><span style=""font-size:30px; color: white;"">&#10003;</span></td>
<td><span style=""font-size:30px;"">&#10003;</span></td>
  </tr>
  </tbody></table>","","","","","","","Poli-Tape-438-Red-Glitter-Craft-HTV","0","htv, heat transfer vinyl, flex vinyl, flex, t shirt vinyl, t shirt film, t-shirt film, t-shirt vinyl, t shirt printing, t-shirt printing","","","1568820599","0","","0","","CHECKBOX"
"CS-439-Gold-Glitter","Gold Glitter Heat Transfer Vinyl","439","DEFAULT","20","8","CRAFTSTICK","","","","","0","Poli-Tape 439 Gold Glitter Heat Transfer Vinyl.  Iron or heatpress on to garments and other fabrics.","<p>This is perfect for all you crafters and hobbyists out there. Simply plan and cut your design to be ironed or heatpressed on to fabric craft items or garments.</p>
<p>Compatible with all craft cutters such as the Cameo, Cricut, Stika and Skycut plus signmaking plotter cutters from Roland, Graphtec, Mimaki and Mutoh.</p>
<p>Produce long lasting and durable designs onto cushions, aprons, throws and blankets as well as t-shirts and baby / kidswear etc.</p>
<p>So get designing those beautiful creations then just cut and iron on to make them come to life!</p>

","439-Glitter-Gold.png","439-Glitter-Gold.png","INVITEMS","DEFAULT-CS-439-Gold-Glitter-DEFAULT-CS-439-Gold-Glitter","","","0","0","0","","1","REGONLY","0","0","0","0","","","","SELECT","SELECT","0","","","","","0","0","","income-service","","","0","0","","","","","CS-HTV-GLITTER","CS-HTV-GLITTER, CS-FESTIVE, CS-VALENTINES","","","0","CS-Heat_Tape, CS-FLEXOFF, CS-Olfa_Cutting_Matt_A3, CS-Olfa_Cutting_Matt_A4, CS-Olfa_Art_Knife, CS-Weeding_Hook, CS-Weeding_Tweezers","CS-Heat_Tape, CS-FLEXOFF, CS-Olfa_Cutting_Matt_A3, CS-Olfa_Cutting_Matt_A4, CS-Olfa_Art_Knife, CS-Weeding_Hook, CS-Weeding_Tweezers","N","","","","","","","Heat Pressing and Washing Info","<style>

table {

margin: 0 auto 0 auto;
}

table, th, td {
  
  border-collapse: collapse;
padding: 5px;
}
th, td {
  padding: 5px;
  text-align: center; 
  width: 100px;
  height: 50px;
  background-color:#FBA100;
  color: white;
  border-left: 5px solid white;
  border-right: 5px solid white;
}

th {
  border-top-color: white;
  font-size: 15px;
}

td {

padding-bottom: 1em;
border-bottom: 5px solid white;
font-size: 20px;
  
</style>



<table id=""data"">
  <tbody><tr>
    <th>PRESS TEMP</th>
<th>PRESS TIME</th>
<th>PRESSURE</th>
<th>EASY WEED</th>
<th>PEEL</th>
  </tr>
  <tr>
    <td>160<sup>o</sup>C</td>
<td>15 secs</td>
<td>Medium<br></td>
<td><span style=""font-size:30px;"">&#10003;</span></td>
<td>Warm</td>
  </tr>

<tr>
    <th>LAYER</th>
<th>REVERSE IMAGE</th>
<th>WASH</th>
<th>TUMBLE DRY</th>
<th>DRY CLEAN</th>
  </tr>
  <tr>
    <td><span style=""font-size:30px;"">&#10005;</span></td>
<td><span style=""font-size:30px;"">&#10003;</span></td>
<td>60<sup>o</sup>C</td>
<td><span style=""font-size:30px; color: white;"">&#10003;</span></td>
<td><span style=""font-size:30px;"">&#10003;</span></td>
  </tr>
  </tbody></table>","","","","","","","Poli-Tape-439-Gold-Glitter-Craft-HTV","0","htv, heat transfer vinyl, flex vinyl, flex, t shirt vinyl, t shirt film, t-shirt film, t-shirt vinyl, t shirt printing, t-shirt printing","","","1568820614","0","","0","","CHECKBOX"
"CS-444-White-Pearl-Glitter","White Pearl Glitter Heat Transfer Vinyl","PG444","DEFAULT","1","9","CRAFTSTICK","","","","","0","Poli-Tape PG444 White Pearl Glitter Heat Transfer Vinyl.  Iron or heatpress on to garments and other fabrics.","<p>This is perfect for all you crafters and hobbyists out there. Simply plan and cut your design to be ironed or heatpressed on to fabric craft items or garments.</p>
<p>Compatible with all craft cutters such as the Cameo, Cricut, Stika and Skycut plus signmaking plotter cutters from Roland, Graphtec, Mimaki and Mutoh.</p>
<p>Produce long lasting and durable designs onto cushions, aprons, throws and blankets as well as t-shirts and baby / kidswear etc.</p>
<p>So get designing those beautiful creations then just cut and iron on to make them come to life!</p>

","444-White.png","444-White.png","INVITEMS","DEFAULT-CS-444-White-Pearl-Glitter-DEFAULT-CS-444-White-Pearl-Glitter","","","0","0","0","","1","REGONLY","0","0","0","0","","","","SELECT","SELECT","0","","","","","0","0","","income-service","","","0","0","","","","","CS-HTV-GLITTER","CS-HTV-GLITTER","","","0","CS-Heat_Tape, CS-FLEXOFF, CS-Olfa_Cutting_Matt_A3, CS-Olfa_Cutting_Matt_A4, CS-Olfa_Art_Knife, CS-Weeding_Hook, CS-Weeding_Tweezers","CS-Heat_Tape, CS-FLEXOFF, CS-Olfa_Cutting_Matt_A3, CS-Olfa_Cutting_Matt_A4, CS-Olfa_Art_Knife, CS-Weeding_Hook, CS-Weeding_Tweezers","A","","","","","","","Heat Pressing and Washing Info","<style>

table {

margin: 0 auto 0 auto;
}

table, th, td {
  
  border-collapse: collapse;
padding: 5px;
}
th, td {
  padding: 5px;
  text-align: center; 
  width: 100px;
  height: 50px;
  background-color:#FBA100;
  color: white;
  border-left: 5px solid white;
  border-right: 5px solid white;
}

th {
  border-top-color: white;
  font-size: 15px;
}

td {

padding-bottom: 1em;
border-bottom: 5px solid white;
font-size: 20px;
  
</style>



<table id=""data"">
  <tbody><tr>
    <th>PRESS TEMP</th>
<th>PRESS TIME</th>
<th>PRESSURE</th>
<th>EASY WEED</th>
<th>PEEL</th>
  </tr>
  <tr>
    <td>160<sup>o</sup>C</td>
<td>15 secs</td>
<td>Medium</td>
<td><span style=""font-size:30px;"">&#10003;</span></td>
<td>Warm</td>
  </tr>

<tr>
    <th>LAYER (TOP)</th>
<th>REVERSE IMAGE</th>
<th>WASH</th>
<th>TUMBLE DRY</th>
<th>DRY CLEAN</th>
  </tr>
  <tr>
    <td><span style=""font-size:30px;"">&#10003;</span></td>
<td><span style=""font-size:30px;"">&#10003;</span></td>
<td>60<sup>o</sup>C</td>
<td><span style=""font-size:30px; color: white;"">&#10003;</span></td>
<td><span style=""font-size:30px; color: white;"">&#10005;</span></td>
  </tr>
  </tbody></table>","","","","","","","Poli-Tape-444-White-Pearl-Glitter-Craft-HTV","0","htv, heat transfer vinyl, flex vinyl, flex, t shirt vinyl, t shirt film, t-shirt film, t-shirt vinyl, t shirt printing, t-shirt printing","","","1581524795","0","","0","","CHECKBOX"
"CS-450-Silver-Pearl-Glitter","Silver Pearl Glitter Heat Transfer Vinyl","PG450","DEFAULT","9","9","CRAFTSTICK","","","","","0","Poli-Tape PG450 Silver Pearl Glitter Heat Transfer Vinyl.  Iron or heatpress on to garments and other fabrics.","<p>This is perfect for all you crafters and hobbyists out there. Simply plan and cut your design to be ironed or heatpressed on to fabric craft items or garments.</p>
<p>Compatible with all craft cutters such as the Cameo, Cricut, Stika and Skycut plus signmaking plotter cutters from Roland, Graphtec, Mimaki and Mutoh.</p>
<p>Produce long lasting and durable designs onto cushions, aprons, throws and blankets as well as t-shirts and baby / kidswear etc.</p>
<p>So get designing those beautiful creations then just cut and iron on to make them come to life!</p>

","450-Silver.png","450-Silver.png","INVITEMS","DEFAULT-CS-450-Silver-Pearl-Glitter-DEFAULT-CS-450-Silver-Pearl-Glitter","","","0","0","0","","1","REGONLY","0","0","0","0","","","","SELECT","SELECT","0","","","","","0","0","","income-service","","","0","0","","","","","CS-HTV-GLITTER","CS-HTV-GLITTER, CS-FESTIVE","","","0","CS-Heat_Tape, CS-FLEXOFF, CS-Olfa_Cutting_Matt_A3, CS-Olfa_Cutting_Matt_A4, CS-Olfa_Art_Knife, CS-Weeding_Hook, CS-Weeding_Tweezers","CS-Heat_Tape, CS-FLEXOFF, CS-Olfa_Cutting_Matt_A3, CS-Olfa_Cutting_Matt_A4, CS-Olfa_Art_Knife, CS-Weeding_Hook, CS-Weeding_Tweezers","A","","","","","","","Heat Pressing and Washing Info","<style>

table {

margin: 0 auto 0 auto;
}

table, th, td {
  
  border-collapse: collapse;
padding: 5px;
}
th, td {
  padding: 5px;
  text-align: center; 
  width: 100px;
  height: 50px;
  background-color:#FBA100;
  color: white;
  border-left: 5px solid white;
  border-right: 5px solid white;
}

th {
  border-top-color: white;
  font-size: 15px;
}

td {

padding-bottom: 1em;
border-bottom: 5px solid white;
font-size: 20px;
  
</style>



<table id=""data"">
  <tbody><tr>
    <th>PRESS TEMP</th>
<th>PRESS TIME</th>
<th>PRESSURE</th>
<th>EASY WEED</th>
<th>PEEL</th>
  </tr>
  <tr>
    <td>160<sup>o</sup>C</td>
<td>15 secs</td>
<td>Medium</td>
<td><span style=""font-size:30px;"">&#10003;</span></td>
<td>Warm</td>
  </tr>

<tr>
    <th>LAYER (TOP)</th>
<th>REVERSE IMAGE</th>
<th>WASH</th>
<th>TUMBLE DRY</th>
<th>DRY CLEAN</th>
  </tr>
  <tr>
    <td><span style=""font-size:30px;"">&#10003;</span></td>
<td><span style=""font-size:30px;"">&#10003;</span></td>
<td>60<sup>o</sup>C</td>
<td><span style=""font-size:30px; color: white;"">&#10003;</span></td>
<td><span style=""font-size:30px; color: white;"">&#10005;</span></td>
  </tr>
  </tbody></table>","","","","","","","Poli-Tape-450-Silver-Pearl-Glitter-Craft-HTV","0","htv, heat transfer vinyl, flex vinyl, flex, t shirt vinyl, t shirt film, t-shirt film, t-shirt vinyl, t shirt printing, t-shirt printing","","","1568820121","0","","0","","CHECKBOX"
"CS-4501-White","White Sub Block Heat Transfer Vinyl","4501","DEFAULT","700","0","CRAFTSTICK","","","","","0","Poli-Tape 4501 White Sub Block Heat Transfer Vinyl.  Iron or heatpress on to garments and other fabrics.","<p>This is perfect for all you crafters and hobbyists out there. Simply plan and cut your design to be ironed or heatpressed on to fabric craft items or garments.</p>
<p>Compatible with all craft cutters such as the Cameo, Cricut, Stika and Skycut plus signmaking plotter cutters from Roland, Graphtec, Mimaki and Mutoh.</p>
<p>Produce long lasting and durable designs onto cushions, aprons, throws and blankets as well as t-shirts and baby / kidswear etc.</p>
<p>So get designing those beautiful creations then just cut and iron on to make them come to life!</p>

","4501_White.png","4501_White.png","INVITEMS","DEFAULT-CS-4501-White-DEFAULT-CS-4501-White","","","0","0","0","","1","REGONLY","0","0","0","0","","","","SELECT","SELECT","0","","","","","0","0","","income-service","","","0","0","","","","","CS-HTV-COL","CS-HTV-COL","","","0","CS-Heat_Tape, CS-FLEXOFF, CS-Olfa_Cutting_Matt_A3, CS-Olfa_Cutting_Matt_A4, CS-Olfa_Art_Knife, CS-Weeding_Hook, CS-Weeding_Tweezers","CS-Heat_Tape, CS-FLEXOFF, CS-Olfa_Cutting_Matt_A3, CS-Olfa_Cutting_Matt_A4, CS-Olfa_Art_Knife, CS-Weeding_Hook, CS-Weeding_Tweezers","A","","","","Sub_Block","White","","Heat Pressing and Washing Info","<style>

table {

margin: 0 auto 0 auto;
}

table, th, td {
  
  border-collapse: collapse;
padding: 5px;
}
th, td {
  padding: 5px;
  text-align: center; 
  width: 100px;
  height: 50px;
  background-color:#FBA100;
  color: white;
  border-left: 5px solid white;
  border-right: 5px solid white;
}

th {
  border-top-color: white;
  font-size: 15px;
}

td {

padding-bottom: 1em;
border-bottom: 5px solid white;
font-size: 20px;
  
</style>



<table id=""data"">
  <tbody><tr>
    <th>PRESS TEMP</th>
<th>PRESS TIME</th>
<th>PRESSURE</th>
<th>EASY WEED</th>
<th>PEEL</th>
  </tr>
  <tr>
    <td>160<sup>o</sup>C</td>
<td>15 secs</td>
<td>Medium<br></td>
<td><span style=""font-size:30px;"">&#10003;</span></td>
<td>Warm</td>
  </tr>

<tr>
    <th>LAYER</th>
<th>REVERSE IMAGE</th>
<th>WASH</th>
<th>TUMBLE DRY</th>
<th>DRY CLEAN</th>
  </tr>
  <tr>
    <td><span style=""font-size:30px;"">&#10003;</span></td>
<td><span style=""font-size:30px;"">&#10003;</span></td>
<td>80<sup>o</sup>C</td>
<td><span style=""font-size:30px; color: white;"">&#10003;</span></td>
<td><span style=""font-size:30px;"">&#10003;</span></td>
  </tr>
  </tbody></table>
","","","","","","","Poli-Tape-4501-White-Sub-Block-Craft-HTV","0","htv, heat transfer vinyl, flex vinyl, flex, t shirt vinyl, t shirt film, t-shirt film, t-shirt vinyl, t shirt printing, t-shirt printing","","","1558543663","0","","0","","CHECKBOX"
"CS-4503-Neon-Blue","Neon Blue Sub Block Heat Transfer Vinyl","4503","DEFAULT","720","0","CRAFTSTICK","","","","","0","Poli-Tape 4503 Neon Blue Sub Block Heat Transfer Vinyl.  Iron or heatpress on to garments and other fabrics.","<p>This is perfect for all you crafters and hobbyists out there. Simply plan and cut your design to be ironed or heatpressed on to fabric craft items or garments.</p>
<p>Compatible with all craft cutters such as the Cameo, Cricut, Stika and Skycut plus signmaking plotter cutters from Roland, Graphtec, Mimaki and Mutoh.</p>
<p>Produce long lasting and durable designs onto cushions, aprons, throws and blankets as well as t-shirts and baby / kidswear etc.</p>
<p>So get designing those beautiful creations then just cut and iron on to make them come to life!</p>

","4503_Neon_Blue.png","4503_Neon_Blue.png","INVITEMS","DEFAULT-CS-4503-Neon-Blue-DEFAULT-CS-4503-Neon-Blue","","","0","0","0","","1","REGONLY","0","0","0","0","","","","SELECT","SELECT","0","","","","","0","0","","income-service","","","0","0","","","","","CS-HTV-COL","CS-HTV-COL","","","0","CS-Heat_Tape, CS-FLEXOFF, CS-Olfa_Cutting_Matt_A3, CS-Olfa_Cutting_Matt_A4, CS-Olfa_Art_Knife, CS-Weeding_Hook, CS-Weeding_Tweezers","CS-Heat_Tape, CS-FLEXOFF, CS-Olfa_Cutting_Matt_A3, CS-Olfa_Cutting_Matt_A4, CS-Olfa_Art_Knife, CS-Weeding_Hook, CS-Weeding_Tweezers","A","","","","Sub_Block","Blues, Neons","","Heat Pressing and Washing Info","<style>

table {

margin: 0 auto 0 auto;
}

table, th, td {
  
  border-collapse: collapse;
padding: 5px;
}
th, td {
  padding: 5px;
  text-align: center; 
  width: 100px;
  height: 50px;
  background-color:#FBA100;
  color: white;
  border-left: 5px solid white;
  border-right: 5px solid white;
}

th {
  border-top-color: white;
  font-size: 15px;
}

td {

padding-bottom: 1em;
border-bottom: 5px solid white;
font-size: 20px;
  
</style>



<table id=""data"">
  <tbody><tr>
    <th>PRESS TEMP</th>
<th>PRESS TIME</th>
<th>PRESSURE</th>
<th>EASY WEED</th>
<th>PEEL</th>
  </tr>
  <tr>
    <td>160<sup>o</sup>C</td>
<td>15 secs</td>
<td>Medium<br></td>
<td><span style=""font-size:30px;"">&#10003;</span></td>
<td>Warm</td>
  </tr>

<tr>
    <th>LAYER</th>
<th>REVERSE IMAGE</th>
<th>WASH</th>
<th>TUMBLE DRY</th>
<th>DRY CLEAN</th>
  </tr>
  <tr>
    <td>X</td>
<td><span style=""font-size:30px;"">&#10003;</span></td>
<td>60<sup>o</sup>C</td>
<td>X</td>
<td><span style=""font-size:30px;"">&#10003;</span></td>
  </tr>
  </tbody></table>
","","","","","","","Poli-Tape-4503-Neon-Blue-Sub-Block-Craft-HTV","0","htv, heat transfer vinyl, flex vinyl, flex, t shirt vinyl, t shirt film, t-shirt film, t-shirt vinyl, t shirt printing, t-shirt printing","","","1558543681","0","","0","","CHECKBOX"
"CS-4508-Red","Red Sub Block Heat Transfer Vinyl","4508","DEFAULT","750","0","CRAFTSTICK","","","","","0","Poli-Tape 4508 Red Sub Block Heat Transfer Vinyl.  Iron or heatpress on to garments and other fabrics.","<p>This is perfect for all you crafters and hobbyists out there. Simply plan and cut your design to be ironed or heatpressed on to fabric craft items or garments.</p>
<p>Compatible with all craft cutters such as the Cameo, Cricut, Stika and Skycut plus signmaking plotter cutters from Roland, Graphtec, Mimaki and Mutoh.</p>
<p>Produce long lasting and durable designs onto cushions, aprons, throws and blankets as well as t-shirts and baby / kidswear etc.</p>
<p>So get designing those beautiful creations then just cut and iron on to make them come to life!</p>

","4508_Red.png","4508_Red.png","INVITEMS","DEFAULT-CS-4508-Red-DEFAULT-CS-4508-Red","","","0","0","0","","1","REGONLY","0","0","0","0","","","","SELECT","SELECT","0","","","","","0","0","","income-service","","","0","0","","","","","CS-HTV-COL","CS-HTV-COL","","","0","CS-Heat_Tape, CS-FLEXOFF, CS-Olfa_Cutting_Matt_A3, CS-Olfa_Cutting_Matt_A4, CS-Olfa_Art_Knife, CS-Weeding_Hook, CS-Weeding_Tweezers","CS-Heat_Tape, CS-FLEXOFF, CS-Olfa_Cutting_Matt_A3, CS-Olfa_Cutting_Matt_A4, CS-Olfa_Art_Knife, CS-Weeding_Hook, CS-Weeding_Tweezers","A","","","","Sub_Block","Colours, Reds","","Heat Pressing and Washing Info","<style>

table {

margin: 0 auto 0 auto;
}

table, th, td {
  
  border-collapse: collapse;
padding: 5px;
}
th, td {
  padding: 5px;
  text-align: center; 
  width: 100px;
  height: 50px;
  background-color:#FBA100;
  color: white;
  border-left: 5px solid white;
  border-right: 5px solid white;
}

th {
  border-top-color: white;
  font-size: 15px;
}

td {

padding-bottom: 1em;
border-bottom: 5px solid white;
font-size: 20px;
  
</style>



<table id=""data"">
  <tbody><tr>
    <th>PRESS TEMP</th>
<th>PRESS TIME</th>
<th>PRESSURE</th>
<th>EASY WEED</th>
<th>PEEL</th>
  </tr>
  <tr>
    <td>160<sup>o</sup>C</td>
<td>15 secs</td>
<td>Medium<br></td>
<td><span style=""font-size:30px;"">&#10003;</span></td>
<td>Warm</td>
  </tr>

<tr>
    <th>LAYER</th>
<th>REVERSE IMAGE</th>
<th>WASH</th>
<th>TUMBLE DRY</th>
<th>DRY CLEAN</th>
  </tr>
  <tr>
    <td><span style=""font-size: 30px;"">&#10003;</span><br></td>
<td><span style=""font-size:30px;"">&#10003;</span></td>
<td>60<sup>o</sup>C</td>
<td>X</td>
<td><span style=""font-size:30px;"">&#10003;</span></td>
  </tr>
  </tbody></table>
","","","","","","","Poli-Tape-4508-Red-Sub-Block-Craft-HTV","0","htv, heat transfer vinyl, flex vinyl, flex, t shirt vinyl, t shirt film, t-shirt film, t-shirt vinyl, t shirt printing, t-shirt printing","","","1558543705","0","","0","","CHECKBOX"
"CS-451-Gold-Pearl-Glitter","Gold Pearl Glitter Heat Transfer Vinyl","PG451","DEFAULT","8","9","CRAFTSTICK","","","","","0","Poli-Tape PG451 Gold Pearl Glitter Heat Transfer Vinyl.  Iron or heatpress on to garments and other fabrics.","<p>This is perfect for all you crafters and hobbyists out there. Simply plan and cut your design to be ironed or heatpressed on to fabric craft items or garments.</p>
<p>Compatible with all craft cutters such as the Cameo, Cricut, Stika and Skycut plus signmaking plotter cutters from Roland, Graphtec, Mimaki and Mutoh.</p>
<p>Produce long lasting and durable designs onto cushions, aprons, throws and blankets as well as t-shirts and baby / kidswear etc.</p>
<p>So get designing those beautiful creations then just cut and iron on to make them come to life!</p>

","451-Gold.png","451-Gold.png","INVITEMS","DEFAULT-CS-451-Gold-Pearl-Glitter-DEFAULT-CS-451-Gold-Pearl-Glitter","","","0","0","0","","1","REGONLY","0","0","0","0","","","","SELECT","SELECT","0","","","","","0","0","","income-service","","","0","0","","","","","CS-HTV-GLITTER","CS-HTV-GLITTER, CS-AUTUMN, CS-FESTIVE, CS-VALENTINES","","","0","CS-Heat_Tape, CS-FLEXOFF, CS-Olfa_Cutting_Matt_A3, CS-Olfa_Cutting_Matt_A4, CS-Olfa_Art_Knife, CS-Weeding_Hook, CS-Weeding_Tweezers","CS-Heat_Tape, CS-FLEXOFF, CS-Olfa_Cutting_Matt_A3, CS-Olfa_Cutting_Matt_A4, CS-Olfa_Art_Knife, CS-Weeding_Hook, CS-Weeding_Tweezers","A","","","","","","","Heat Pressing and Washing Info","<style>

table {

margin: 0 auto 0 auto;
}

table, th, td {
  
  border-collapse: collapse;
padding: 5px;
}
th, td {
  padding: 5px;
  text-align: center; 
  width: 100px;
  height: 50px;
  background-color:#FBA100;
  color: white;
  border-left: 5px solid white;
  border-right: 5px solid white;
}

th {
  border-top-color: white;
  font-size: 15px;
}

td {

padding-bottom: 1em;
border-bottom: 5px solid white;
font-size: 20px;
  
</style>



<table id=""data"">
  <tbody><tr>
    <th>PRESS TEMP</th>
<th>PRESS TIME</th>
<th>PRESSURE</th>
<th>EASY WEED</th>
<th>PEEL</th>
  </tr>
  <tr>
    <td>160<sup>o</sup>C</td>
<td>15 secs</td>
<td>Medium</td>
<td><span style=""font-size:30px;"">&#10003;</span></td>
<td>Warm</td>
  </tr>

<tr>
    <th>LAYER (TOP)</th>
<th>REVERSE IMAGE</th>
<th>WASH</th>
<th>TUMBLE DRY</th>
<th>DRY CLEAN</th>
  </tr>
  <tr>
    <td><span style=""font-size:30px;"">&#10003;</span></td>
<td><span style=""font-size:30px;"">&#10003;</span></td>
<td>60<sup>o</sup>C</td>
<td><span style=""font-size:30px; color: white;"">&#10003;</span></td>
<td><span style=""font-size:30px; color: white;"">&#10005;</span></td>
  </tr>
  </tbody></table>","","","","","","","Poli-Tape-451-Gold-Pearl-Glitter-Craft-HTV","0","htv, heat transfer vinyl, flex vinyl, flex, t shirt vinyl, t shirt film, t-shirt film, t-shirt vinyl, t shirt printing, t-shirt printing","","","1568820142","0","","0","","CHECKBOX"
"CS-4510-Yellow","Yellow Sub Block Heat Transfer Vinyl","4510","DEFAULT","720","0","CRAFTSTICK","","","","","0","Poli-Tape 4510 Yellow Sub Block Heat Transfer Vinyl.  Iron or heatpress on to garments and other fabrics.","<p>This is perfect for all you crafters and hobbyists out there. Simply plan and cut your design to be ironed or heatpressed on to fabric craft items or garments.</p>
<p>Compatible with all craft cutters such as the Cameo, Cricut, Stika and Skycut plus signmaking plotter cutters from Roland, Graphtec, Mimaki and Mutoh.</p>
<p>Produce long lasting and durable designs onto cushions, aprons, throws and blankets as well as t-shirts and baby / kidswear etc.</p>
<p>So get designing those beautiful creations then just cut and iron on to make them come to life!</p>

","4510_Yellow.png","4510_Yellow.png","INVITEMS","DEFAULT-CS-4510-Yellow-DEFAULT-CS-4510-Yellow","","","0","0","0","","1","REGONLY","0","0","0","0","","","","SELECT","SELECT","0","","","","","0","0","","income-service","","","0","0","","","","","CS-HTV-COL","CS-HTV-COL","","","0","CS-Heat_Tape, CS-FLEXOFF, CS-Olfa_Cutting_Matt_A3, CS-Olfa_Cutting_Matt_A4, CS-Olfa_Art_Knife, CS-Weeding_Hook, CS-Weeding_Tweezers","CS-Heat_Tape, CS-FLEXOFF, CS-Olfa_Cutting_Matt_A3, CS-Olfa_Cutting_Matt_A4, CS-Olfa_Art_Knife, CS-Weeding_Hook, CS-Weeding_Tweezers","A","","","","Sub_Block","Yellows, Colours","","Heat Pressing and Washing Info","<style>

table {

margin: 0 auto 0 auto;
}

table, th, td {
  
  border-collapse: collapse;
padding: 5px;
}
th, td {
  padding: 5px;
  text-align: center; 
  width: 100px;
  height: 50px;
  background-color:#FBA100;
  color: white;
  border-left: 5px solid white;
  border-right: 5px solid white;
}

th {
  border-top-color: white;
  font-size: 15px;
}

td {

padding-bottom: 1em;
border-bottom: 5px solid white;
font-size: 20px;
  
</style>



<table id=""data"">
  <tbody><tr>
    <th>PRESS TEMP</th>
<th>PRESS TIME</th>
<th>PRESSURE</th>
<th>EASY WEED</th>
<th>PEEL</th>
  </tr>
  <tr>
    <td>160<sup>o</sup>C</td>
<td>15 secs</td>
<td>Medium<br></td>
<td><span style=""font-size:30px;"">&#10003;</span></td>
<td>Warm</td>
  </tr>

<tr>
    <th>LAYER</th>
<th>REVERSE IMAGE</th>
<th>WASH</th>
<th>TUMBLE DRY</th>
<th>DRY CLEAN</th>
  </tr>
  <tr>
    <td><span style=""font-size: 30px;"">&#10003;</span><br></td>
<td><span style=""font-size:30px;"">&#10003;</span></td>
<td>60<sup>o</sup>C</td>
<td>X</td>
<td><span style=""font-size:30px;"">&#10003;</span></td>
  </tr>
  </tbody></table>
","","","","","","","Poli-Tape-4510-Yellow-Sub-Block-Craft-HTV","0","htv, heat transfer vinyl, flex vinyl, flex, t shirt vinyl, t shirt film, t-shirt film, t-shirt vinyl, t shirt printing, t-shirt printing","","","1558461543","0","","0","","CHECKBOX"
"CS-4515-Orange","Orange Sub Block Heat Transfer Vinyl","4515","DEFAULT","750","0","CRAFTSTICK","","","","","0","Poli-Tape 4515 Orange Sub Block Heat Transfer Vinyl.  Iron or heatpress on to garments and other fabrics.","<p>This is perfect for all you crafters and hobbyists out there. Simply plan and cut your design to be ironed or heatpressed on to fabric craft items or garments.</p>
<p>Compatible with all craft cutters such as the Cameo, Cricut, Stika and Skycut plus signmaking plotter cutters from Roland, Graphtec, Mimaki and Mutoh.</p>
<p>Produce long lasting and durable designs onto cushions, aprons, throws and blankets as well as t-shirts and baby / kidswear etc.</p>
<p>So get designing those beautiful creations then just cut and iron on to make them come to life!</p>

","4515_Orange.png","4515_Orange.png","INVITEMS","DEFAULT-CS-4515-Orange-DEFAULT-CS-4515-Orange","","","0","0","0","","1","REGONLY","0","0","0","0","","","","SELECT","SELECT","0","","","","","0","0","","income-service","","","0","0","","","","","CS-HTV-COL","CS-HTV-COL","","","0","CS-Heat_Tape, CS-FLEXOFF, CS-Olfa_Cutting_Matt_A3, CS-Olfa_Cutting_Matt_A4, CS-Olfa_Art_Knife, CS-Weeding_Hook, CS-Weeding_Tweezers","CS-Heat_Tape, CS-FLEXOFF, CS-Olfa_Cutting_Matt_A3, CS-Olfa_Cutting_Matt_A4, CS-Olfa_Art_Knife, CS-Weeding_Hook, CS-Weeding_Tweezers","A","","","","Sub_Block","Colours, Oranges","","Heat Pressing and Washing Info","<style>

table {

margin: 0 auto 0 auto;
}

table, th, td {
  
  border-collapse: collapse;
padding: 5px;
}
th, td {
  padding: 5px;
  text-align: center; 
  width: 100px;
  height: 50px;
  background-color:#FBA100;
  color: white;
  border-left: 5px solid white;
  border-right: 5px solid white;
}

th {
  border-top-color: white;
  font-size: 15px;
}

td {

padding-bottom: 1em;
border-bottom: 5px solid white;
font-size: 20px;
  
</style>



<table id=""data"">
  <tbody><tr>
    <th>PRESS TEMP</th>
<th>PRESS TIME</th>
<th>PRESSURE</th>
<th>EASY WEED</th>
<th>PEEL</th>
  </tr>
  <tr>
    <td>160<sup>o</sup>C</td>
<td>15 secs</td>
<td>Medium<br></td>
<td><span style=""font-size:30px;"">&#10003;</span></td>
<td>Warm</td>
  </tr>

<tr>
    <th>LAYER</th>
<th>REVERSE IMAGE</th>
<th>WASH</th>
<th>TUMBLE DRY</th>
<th>DRY CLEAN</th>
  </tr>
  <tr>
    <td><span style=""font-size: 30px;"">&#10003;</span><br></td>
<td><span style=""font-size:30px;"">&#10003;</span></td>
<td>60<sup>o</sup>C</td>
<td>X</td>
<td><span style=""font-size:30px;"">&#10003;</span></td>
  </tr>
  </tbody></table>
","","","","","","","Poli-Tape-4515-Orange-Sub-Block-Craft-HTV","0","htv, heat transfer vinyl, flex vinyl, flex, t shirt vinyl, t shirt film, t-shirt film, t-shirt vinyl, t shirt printing, t-shirt printing","","","1558543749","0","","0","","CHECKBOX"
"CS-454-Blue-Pearl-Glitter","Blue Pearl Glitter Heat Transfer Vinyl","PG454","DEFAULT","7","9","CRAFTSTICK","","","","","0","Poli-Tape PG454 Blue Pearl Glitter Heat Transfer Vinyl.  Iron or heatpress on to garments and other fabrics.","<p>This is perfect for all you crafters and hobbyists out there. Simply plan and cut your design to be ironed or heatpressed on to fabric craft items or garments.</p>
<p>Compatible with all craft cutters such as the Cameo, Cricut, Stika and Skycut plus signmaking plotter cutters from Roland, Graphtec, Mimaki and Mutoh.</p>
<p>Produce long lasting and durable designs onto cushions, aprons, throws and blankets as well as t-shirts and baby / kidswear etc.</p>
<p>So get designing those beautiful creations then just cut and iron on to make them come to life!</p>

","454-Blue.png","454-Blue.png","INVITEMS","DEFAULT-CS-454-Blue-Pearl-Glitter-DEFAULT-CS-454-Blue-Pearl-Glitter","","","0","0","0","","1","REGONLY","0","0","0","0","","","","SELECT","SELECT","0","","","","","0","0","","income-service","","","0","0","","","","","CS-HTV-GLITTER","CS-HTV-GLITTER","","","0","CS-Heat_Tape, CS-FLEXOFF, CS-Olfa_Cutting_Matt_A3, CS-Olfa_Cutting_Matt_A4, CS-Olfa_Art_Knife, CS-Weeding_Hook, CS-Weeding_Tweezers","CS-Heat_Tape, CS-FLEXOFF, CS-Olfa_Cutting_Matt_A3, CS-Olfa_Cutting_Matt_A4, CS-Olfa_Art_Knife, CS-Weeding_Hook, CS-Weeding_Tweezers","A","","","","","","","Heat Pressing and Washing Info","<style>

table {

margin: 0 auto 0 auto;
}

table, th, td {
  
  border-collapse: collapse;
padding: 5px;
}
th, td {
  padding: 5px;
  text-align: center; 
  width: 100px;
  height: 50px;
  background-color:#FBA100;
  color: white;
  border-left: 5px solid white;
  border-right: 5px solid white;
}

th {
  border-top-color: white;
  font-size: 15px;
}

td {

padding-bottom: 1em;
border-bottom: 5px solid white;
font-size: 20px;
  
</style>



<table id=""data"">
  <tbody><tr>
    <th>PRESS TEMP</th>
<th>PRESS TIME</th>
<th>PRESSURE</th>
<th>EASY WEED</th>
<th>PEEL</th>
  </tr>
  <tr>
    <td>160<sup>o</sup>C</td>
<td>15 secs</td>
<td>Medium</td>
<td><span style=""font-size:30px;"">&#10003;</span></td>
<td>Warm</td>
  </tr>

<tr>
    <th>LAYER (TOP)</th>
<th>REVERSE IMAGE</th>
<th>WASH</th>
<th>TUMBLE DRY</th>
<th>DRY CLEAN</th>
  </tr>
  <tr>
    <td><span style=""font-size:30px;"">&#10003;</span></td>
<td><span style=""font-size:30px;"">&#10003;</span></td>
<td>60<sup>o</sup>C</td>
<td><span style=""font-size:30px; color: white;"">&#10003;</span></td>
<td><span style=""font-size:30px; color: white;"">&#10005;</span></td>
  </tr>
  </tbody></table>","","","","","","","Poli-Tape-454-Blue-Pearl-Glitter-Craft-HTV","0","htv, heat transfer vinyl, flex vinyl, flex, t shirt vinyl, t shirt film, t-shirt film, t-shirt vinyl, t shirt printing, t-shirt printing","","","1568820915","0","","0","","CHECKBOX"
"CS-455-Green-Pearl-Glitter","Green Pearl Glitter Heat Transfer Vinyl","PG455","DEFAULT","6","9","CRAFTSTICK","","","","","0","Poli-Tape PG455 Green Pearl Glitter Heat Transfer Vinyl.  Iron or heatpress on to garments and other fabrics.","<p>This is perfect for all you crafters and hobbyists out there. Simply plan and cut your design to be ironed or heatpressed on to fabric craft items or garments.</p>
<p>Compatible with all craft cutters such as the Cameo, Cricut, Stika and Skycut plus signmaking plotter cutters from Roland, Graphtec, Mimaki and Mutoh.</p>
<p>Produce long lasting and durable designs onto cushions, aprons, throws and blankets as well as t-shirts and baby / kidswear etc.</p>
<p>So get designing those beautiful creations then just cut and iron on to make them come to life!</p>

","455-Green.png","455-Green.png","INVITEMS","DEFAULT-CS-455-Green-Pearl-Glitter-DEFAULT-CS-455-Green-Pearl-Glitter","","","0","0","0","","1","REGONLY","0","0","0","0","","","","SELECT","SELECT","0","","","","","0","0","","income-service","","","0","0","","","","","CS-HTV-GLITTER","CS-HTV-GLITTER, CS-FESTIVE, CS-MOTHERS","","","0","CS-Heat_Tape, CS-FLEXOFF, CS-Olfa_Cutting_Matt_A3, CS-Olfa_Cutting_Matt_A4, CS-Olfa_Art_Knife, CS-Weeding_Hook, CS-Weeding_Tweezers","CS-Heat_Tape, CS-FLEXOFF, CS-Olfa_Cutting_Matt_A3, CS-Olfa_Cutting_Matt_A4, CS-Olfa_Art_Knife, CS-Weeding_Hook, CS-Weeding_Tweezers","A","","","","","","","Heat Pressing and Washing Info","<style>

table {

margin: 0 auto 0 auto;
}

table, th, td {
  
  border-collapse: collapse;
padding: 5px;
}
th, td {
  padding: 5px;
  text-align: center; 
  width: 100px;
  height: 50px;
  background-color:#FBA100;
  color: white;
  border-left: 5px solid white;
  border-right: 5px solid white;
}

th {
  border-top-color: white;
  font-size: 15px;
}

td {

padding-bottom: 1em;
border-bottom: 5px solid white;
font-size: 20px;
  
</style>



<table id=""data"">
  <tbody><tr>
    <th>PRESS TEMP</th>
<th>PRESS TIME</th>
<th>PRESSURE</th>
<th>EASY WEED</th>
<th>PEEL</th>
  </tr>
  <tr>
    <td>160<sup>o</sup>C</td>
<td>15 secs</td>
<td>Medium</td>
<td><span style=""font-size:30px;"">&#10003;</span></td>
<td>Warm</td>
  </tr>

<tr>
    <th>LAYER (TOP)</th>
<th>REVERSE IMAGE</th>
<th>WASH</th>
<th>TUMBLE DRY</th>
<th>DRY CLEAN</th>
  </tr>
  <tr>
    <td><span style=""font-size:30px;"">&#10003;</span></td>
<td><span style=""font-size:30px;"">&#10003;</span></td>
<td>60<sup>o</sup>C</td>
<td><span style=""font-size:30px; color: white;"">&#10003;</span></td>
<td><span style=""font-size:30px; color: white;"">&#10005;</span></td>
  </tr>
  </tbody></table>","","","","","","","Poli-Tape-455-Green-Pearl-Glitter-Craft-HTV","0","htv, heat transfer vinyl, flex vinyl, flex, t shirt vinyl, t shirt film, t-shirt film, t-shirt vinyl, t shirt printing, t-shirt printing","","","1568820934","0","","0","","CHECKBOX"
"CS-456-Red-Pearl-Glitter","Red Pearl Glitter Heat Transfer Vinyl","PG456","DEFAULT","5","9","CRAFTSTICK","","","","","0","Poli-Tape PG456 Red Pearl Glitter Heat Transfer Vinyl.  Iron or heatpress on to garments and other fabrics.","<p>This is perfect for all you crafters and hobbyists out there. Simply plan and cut your design to be ironed or heatpressed on to fabric craft items or garments.</p>
<p>Compatible with all craft cutters such as the Cameo, Cricut, Stika and Skycut plus signmaking plotter cutters from Roland, Graphtec, Mimaki and Mutoh.</p>
<p>Produce long lasting and durable designs onto cushions, aprons, throws and blankets as well as t-shirts and baby / kidswear etc.</p>
<p>So get designing those beautiful creations then just cut and iron on to make them come to life!</p>

","456-Red.png","456-Red.png","INVITEMS","DEFAULT-CS-456-Red-Pearl-Glitter-DEFAULT-CS-456-Red-Pearl-Glitter","","","0","0","0","","1","REGONLY","0","0","0","0","","","","SELECT","SELECT","0","","","","","0","0","","income-service","","","0","0","","","","","CS-HTV-GLITTER","CS-HTV-GLITTER, CS-AUTUMN, CS-FESTIVE, CS-VALENTINES","","","0","CS-Heat_Tape, CS-FLEXOFF, CS-Olfa_Cutting_Matt_A3, CS-Olfa_Cutting_Matt_A4, CS-Olfa_Art_Knife, CS-Weeding_Hook, CS-Weeding_Tweezers","CS-Heat_Tape, CS-FLEXOFF, CS-Olfa_Cutting_Matt_A3, CS-Olfa_Cutting_Matt_A4, CS-Olfa_Art_Knife, CS-Weeding_Hook, CS-Weeding_Tweezers","A","","","","","","","Heat Pressing and Washing Info","<style>

table {

margin: 0 auto 0 auto;
}

table, th, td {
  
  border-collapse: collapse;
padding: 5px;
}
th, td {
  padding: 5px;
  text-align: center; 
  width: 100px;
  height: 50px;
  background-color:#FBA100;
  color: white;
  border-left: 5px solid white;
  border-right: 5px solid white;
}

th {
  border-top-color: white;
  font-size: 15px;
}

td {

padding-bottom: 1em;
border-bottom: 5px solid white;
font-size: 20px;
  
</style>



<table id=""data"">
  <tbody><tr>
    <th>PRESS TEMP</th>
<th>PRESS TIME</th>
<th>PRESSURE</th>
<th>EASY WEED</th>
<th>PEEL</th>
  </tr>
  <tr>
    <td>160<sup>o</sup>C</td>
<td>15 secs</td>
<td>Medium</td>
<td><span style=""font-size:30px;"">&#10003;</span></td>
<td>Warm</td>
  </tr>

<tr>
    <th>LAYER (TOP)</th>
<th>REVERSE IMAGE</th>
<th>WASH</th>
<th>TUMBLE DRY</th>
<th>DRY CLEAN</th>
  </tr>
  <tr>
    <td><span style=""font-size:30px;"">&#10003;</span></td>
<td><span style=""font-size:30px;"">&#10003;</span></td>
<td>60<sup>o</sup>C</td>
<td><span style=""font-size:30px; color: white;"">&#10003;</span></td>
<td><span style=""font-size:30px; color: white;"">&#10005;</span></td>
  </tr>
  </tbody></table>","","","","","","","Poli-Tape-456-Red-Pearl-Glitter-Craft-HTV","0","htv, heat transfer vinyl, flex vinyl, flex, t shirt vinyl, t shirt film, t-shirt film, t-shirt vinyl, t shirt printing, t-shirt printing","","","1568820949","0","","0","","CHECKBOX"
"CS-458-Black-Pearl-Glitter","Black Pearl Glitter Heat Transfer Vinyl","PG458","DEFAULT","1","9","CRAFTSTICK","","","","","0","Poli-Tape PG458 Black Pearl Glitter Heat Transfer Vinyl.  Iron or heatpress on to garments and other fabrics.","<p>This is perfect for all you crafters and hobbyists out there. Simply plan and cut your design to be ironed or heatpressed on to fabric craft items or garments.</p>
<p>Compatible with all craft cutters such as the Cameo, Cricut, Stika and Skycut plus signmaking plotter cutters from Roland, Graphtec, Mimaki and Mutoh.</p>
<p>Produce long lasting and durable designs onto cushions, aprons, throws and blankets as well as t-shirts and baby / kidswear etc.</p>
<p>So get designing those beautiful creations then just cut and iron on to make them come to life!</p>

","458-Black.png","458-Black.png","INVITEMS","DEFAULT-CS-458-Black-Pearl-Glitter-DEFAULT-CS-458-Black-Pearl-Glitter","","","0","0","0","","1","REGONLY","0","0","0","0","","","","SELECT","SELECT","0","","","","","0","0","","income-service","","","0","0","","","","","CS-HTV-GLITTER","CS-HTV-GLITTER","","","0","CS-Heat_Tape, CS-FLEXOFF, CS-Olfa_Cutting_Matt_A3, CS-Olfa_Cutting_Matt_A4, CS-Olfa_Art_Knife, CS-Weeding_Hook, CS-Weeding_Tweezers","CS-Heat_Tape, CS-FLEXOFF, CS-Olfa_Cutting_Matt_A3, CS-Olfa_Cutting_Matt_A4, CS-Olfa_Art_Knife, CS-Weeding_Hook, CS-Weeding_Tweezers","A","","","","","","","Heat Pressing and Washing Info","<style>

table {

margin: 0 auto 0 auto;
}

table, th, td {
  
  border-collapse: collapse;
padding: 5px;
}
th, td {
  padding: 5px;
  text-align: center; 
  width: 100px;
  height: 50px;
  background-color:#FBA100;
  color: white;
  border-left: 5px solid white;
  border-right: 5px solid white;
}

th {
  border-top-color: white;
  font-size: 15px;
}

td {

padding-bottom: 1em;
border-bottom: 5px solid white;
font-size: 20px;
  
</style>



<table id=""data"">
  <tbody><tr>
    <th>PRESS TEMP</th>
<th>PRESS TIME</th>
<th>PRESSURE</th>
<th>EASY WEED</th>
<th>PEEL</th>
  </tr>
  <tr>
    <td>160<sup>o</sup>C</td>
<td>15 secs</td>
<td>Medium</td>
<td><span style=""font-size:30px;"">&#10003;</span></td>
<td>Warm</td>
  </tr>

<tr>
    <th>LAYER (TOP)</th>
<th>REVERSE IMAGE</th>
<th>WASH</th>
<th>TUMBLE DRY</th>
<th>DRY CLEAN</th>
  </tr>
  <tr>
    <td><span style=""font-size:30px;"">&#10003;</span></td>
<td><span style=""font-size:30px;"">&#10003;</span></td>
<td>60<sup>o</sup>C</td>
<td><span style=""font-size:30px; color: white;"">&#10003;</span></td>
<td><span style=""font-size:30px; color: white;"">&#10005;</span></td>
  </tr>
  </tbody></table>","","","","","","","Poli-Tape-458-Black-Pearl-Glitter-Craft-HTV","0","htv, heat transfer vinyl, flex vinyl, flex, t shirt vinyl, t shirt film, t-shirt film, t-shirt vinyl, t shirt printing, t-shirt printing","","","1581524718","0","","0","","CHECKBOX"
"CS-459-Grey-Pearl-Glitter","Grey Pearl Glitter Heat Transfer Vinyl","PG459","DEFAULT","1","9","CRAFTSTICK","","","","","0","Poli-Tape PG459 Grey Pearl Glitter Heat Transfer Vinyl.  Iron or heatpress on to garments and other fabrics.","<p>This is perfect for all you crafters and hobbyists out there. Simply plan and cut your design to be ironed or heatpressed on to fabric craft items or garments.</p>
<p>Compatible with all craft cutters such as the Cameo, Cricut, Stika and Skycut plus signmaking plotter cutters from Roland, Graphtec, Mimaki and Mutoh.</p>
<p>Produce long lasting and durable designs onto cushions, aprons, throws and blankets as well as t-shirts and baby / kidswear etc.</p>
<p>So get designing those beautiful creations then just cut and iron on to make them come to life!</p>

","459-Grey.png","459-Grey.png","INVITEMS","DEFAULT-CS-459-Grey-Pearl-Glitter-DEFAULT-CS-459-Grey-Pearl-Glitter","","","0","0","0","","1","REGONLY","0","0","0","0","","","","SELECT","SELECT","0","","","","","0","0","","income-service","","","0","0","","","","","CS-HTV-GLITTER","CS-HTV-GLITTER","","","0","CS-Heat_Tape, CS-FLEXOFF, CS-Olfa_Cutting_Matt_A3, CS-Olfa_Cutting_Matt_A4, CS-Olfa_Art_Knife, CS-Weeding_Hook, CS-Weeding_Tweezers","CS-Heat_Tape, CS-FLEXOFF, CS-Olfa_Cutting_Matt_A3, CS-Olfa_Cutting_Matt_A4, CS-Olfa_Art_Knife, CS-Weeding_Hook, CS-Weeding_Tweezers","A","","","","","","","Heat Pressing and Washing Info","<style>

table {

margin: 0 auto 0 auto;
}

table, th, td {
  
  border-collapse: collapse;
padding: 5px;
}
th, td {
  padding: 5px;
  text-align: center; 
  width: 100px;
  height: 50px;
  background-color:#FBA100;
  color: white;
  border-left: 5px solid white;
  border-right: 5px solid white;
}

th {
  border-top-color: white;
  font-size: 15px;
}

td {

padding-bottom: 1em;
border-bottom: 5px solid white;
font-size: 20px;
  
</style>



<table id=""data"">
  <tbody><tr>
    <th>PRESS TEMP</th>
<th>PRESS TIME</th>
<th>PRESSURE</th>
<th>EASY WEED</th>
<th>PEEL</th>
  </tr>
  <tr>
    <td>160<sup>o</sup>C</td>
<td>15 secs</td>
<td>Medium</td>
<td><span style=""font-size:30px;"">&#10003;</span></td>
<td>Warm</td>
  </tr>

<tr>
    <th>LAYER (TOP)</th>
<th>REVERSE IMAGE</th>
<th>WASH</th>
<th>TUMBLE DRY</th>
<th>DRY CLEAN</th>
  </tr>
  <tr>
    <td><span style=""font-size:30px;"">&#10003;</span></td>
<td><span style=""font-size:30px;"">&#10003;</span></td>
<td>60<sup>o</sup>C</td>
<td><span style=""font-size:30px; color: white;"">&#10003;</span></td>
<td><span style=""font-size:30px; color: white;"">&#10005;</span></td>
  </tr>
  </tbody></table>","","","","","","","","0","htv, heat transfer vinyl, flex vinyl, flex, t shirt vinyl, t shirt film, t-shirt film, t-shirt vinyl, t shirt printing, t-shirt printing","","","1678368023","0","","0","","CHECKBOX"
"CS-466-Lilac","Lilac Heat Transfer Vinyl","466","DEFAULT","245","0","CRAFTSTICK","","","","","0","Poli-Tape 466 Lilac Heat Transfer Vinyl.  Iron or heatpress on to garments and other fabrics.","<p>This is perfect for all you crafters and hobbyists out there. Simply plan and cut your design to be ironed or heatpressed on to fabric craft items or garments.</p>
<p>Compatible with all craft cutters such as the Cameo, Cricut, Stika and Skycut plus signmaking plotter cutters from Roland, Graphtec, Mimaki and Mutoh.</p>
<p>Produce long lasting and durable designs onto cushions, aprons, throws and blankets as well as t-shirts and baby / kidswear etc.</p>
<p>So get designing those beautiful creations then just cut and iron on to make them come to life!</p>

","466_Lilac.png","466_Lilac.png","INVITEMS","DEFAULT-CS-466-Lilac-DEFAULT-CS-466-Lilac","","","0","0","0","","1","REGONLY","0","0","0","0","","","","SELECT","SELECT","0","","","","","0","0","","income-service","","","0","0","","","","","CS-HTV-COL","CS-HTV-COL, CS-MOTHERS","","","0","CS-Heat_Tape, CS-FLEXOFF, CS-Olfa_Cutting_Matt_A3, CS-Olfa_Cutting_Matt_A4, CS-Olfa_Art_Knife, CS-Weeding_Hook, CS-Weeding_Tweezers","CS-Heat_Tape, CS-FLEXOFF, CS-Olfa_Cutting_Matt_A3, CS-Olfa_Cutting_Matt_A4, CS-Olfa_Art_Knife, CS-Weeding_Hook, CS-Weeding_Tweezers","A","","","","","","","Heat Pressing and Washing Info","<style>

table {

margin: 0 auto 0 auto;
}

table, th, td {
  
  border-collapse: collapse;
padding: 5px;
}
th, td {
  padding: 5px;
  text-align: center; 
  width: 100px;
  height: 50px;
  background-color:#FBA100;
  color: white;
  border-left: 5px solid white;
  border-right: 5px solid white;
}

th {
  border-top-color: white;
  font-size: 15px;
}

td {

padding-bottom: 1em;
border-bottom: 5px solid white;
font-size: 20px;
  
</style>



<table id=""data"">
  <tbody><tr>
    <th>PRESS TEMP</th>
<th>PRESS TIME</th>
<th>PRESSURE</th>
<th>EASY WEED</th>
<th>PEEL</th>
  </tr>
  <tr>
    <td>160<sup>o</sup>C</td>
<td>15 secs</td>
<td>Medium<br></td>
<td><span style=""font-size:30px;"">&#10003;</span></td>
<td>Warm</td>
  </tr>

<tr>
    <th>LAYER</th>
<th>REVERSE IMAGE</th>
<th>WASH</th>
<th>TUMBLE DRY</th>
<th>DRY CLEAN</th>
  </tr>
  <tr>
    <td><span style=""font-size:30px;"">&#10003;</span></td>
<td><span style=""font-size:30px;"">&#10003;</span></td>
<td>80<sup>o</sup>C</td>
<td><span style=""font-size:30px; color: white;"">&#10003;</span></td>
<td><span style=""font-size:30px;"">&#10003;</span></td>
  </tr>
  </tbody></table>
","","","","","","","Poli-Tape-466-Lilac-Craft-HTV","0","htv, heat transfer vinyl, flex vinyl, flex, t shirt vinyl, t shirt film, t-shirt film, t-shirt vinyl, t shirt printing, t-shirt printing","","","1558543854","0","","0","","CHECKBOX"
"CS-469-Military-Green","Military Green Heat Transfer Vinyl","469","DEFAULT","335","0","CRAFTSTICK","","","","","0","Poli-Tape 469 Military Green Heat Transfer Vinyl.  Iron or heatpress on to garments and other fabrics.","<p>This is perfect for all you crafters and hobbyists out there. Simply plan and cut your design to be ironed or heatpressed on to fabric craft items or garments.</p>
<p>Compatible with all craft cutters such as the Cameo, Cricut, Stika and Skycut plus signmaking plotter cutters from Roland, Graphtec, Mimaki and Mutoh.</p>
<p>Produce long lasting and durable designs onto cushions, aprons, throws and blankets as well as t-shirts and baby / kidswear etc.</p>
<p>So get designing those beautiful creations then just cut and iron on to make them come to life!</p>

","469_Military_Green.png","469_Military_Green.png","INVITEMS","DEFAULT-CS-469-Military-Green-DEFAULT-CS-469-Military-Green","","","0","0","0","","1","REGONLY","0","0","0","0","","","","SELECT","SELECT","0","","","","","0","0","","income-service","","","0","0","","","","","CS-HTV-COL","CS-HTV-COL, CS-AUTUMN","","","0","CS-Heat_Tape, CS-FLEXOFF, CS-Olfa_Cutting_Matt_A3, CS-Olfa_Cutting_Matt_A4, CS-Olfa_Art_Knife, CS-Weeding_Hook, CS-Weeding_Tweezers","CS-Heat_Tape, CS-FLEXOFF, CS-Olfa_Cutting_Matt_A3, CS-Olfa_Cutting_Matt_A4, CS-Olfa_Art_Knife, CS-Weeding_Hook, CS-Weeding_Tweezers","A","","","","","","","Heat Pressing and Washing Info","<style>

table {

margin: 0 auto 0 auto;
}

table, th, td {
  
  border-collapse: collapse;
padding: 5px;
}
th, td {
  padding: 5px;
  text-align: center; 
  width: 100px;
  height: 50px;
  background-color:#FBA100;
  color: white;
  border-left: 5px solid white;
  border-right: 5px solid white;
}

th {
  border-top-color: white;
  font-size: 15px;
}

td {

padding-bottom: 1em;
border-bottom: 5px solid white;
font-size: 20px;
  
</style>



<table id=""data"">
  <tbody><tr>
    <th>PRESS TEMP</th>
<th>PRESS TIME</th>
<th>PRESSURE</th>
<th>EASY WEED</th>
<th>PEEL</th>
  </tr>
  <tr>
    <td>160<sup>o</sup>C</td>
<td>15 secs</td>
<td>Medium<br></td>
<td><span style=""font-size:30px;"">&#10003;</span></td>
<td>Warm</td>
  </tr>

<tr>
    <th>LAYER</th>
<th>REVERSE IMAGE</th>
<th>WASH</th>
<th>TUMBLE DRY</th>
<th>DRY CLEAN</th>
  </tr>
  <tr>
    <td><span style=""font-size:30px;"">&#10003;</span></td>
<td><span style=""font-size:30px;"">&#10003;</span></td>
<td>80<sup>o</sup>C</td>
<td><span style=""font-size:30px; color: white;"">&#10003;</span></td>
<td><span style=""font-size:30px;"">&#10003;</span></td>
  </tr>
  </tbody></table>
","","","","","","","Poli-Tape-469-Military-Green-Craft-HTV","0","htv, heat transfer vinyl, flex vinyl, flex, t shirt vinyl, t shirt film, t-shirt film, t-shirt vinyl, t shirt printing, t-shirt printing","","","1558544068","0","","0","","CHECKBOX"
"CS-4901-White","White Turbo Heat Transfer Vinyl","4901","DEFAULT","50","0","CRAFTSTICK","","","","","0","Poli-Tape 4901 White Turbo Heat Transfer Vinyl.  Iron or heatpress on to garments and other fabrics fast and at low temperature.","<p>This is perfect for all you crafters and hobbyists out there. Simply plan and cut your design to be ironed or heatpressed on to fabric craft items or garments.</p>
<p>Compatible with all craft cutters such as the Cameo, Cricut, Stika and Skycut plus signmaking plotter cutters from Roland, Graphtec, Mimaki and Mutoh.</p>
<p>Produce long lasting and durable designs onto cushions, aprons, throws and blankets as well as t-shirts and baby / kidswear etc.</p>
<p>So get designing those beautiful creations then just cut and iron on to make them come to life!</p>

","4901_White.png","4901_White.png","INVITEMS","DEFAULT-CS-4901-White-DEFAULT-CS-4901-White","","","0","0","0","","1","REGONLY","0","0","0","0","","","","SELECT","SELECT","0","","","","","0","0","","income-service","","","0","0","","","https://www.youtube.com/embed/Fk6oCCfLFMM","","CS-HTV-COL","CS-HTV-COL","","","0","CS-Heat_Tape, CS-FLEXOFF, CS-Olfa_Cutting_Matt_A3, CS-Olfa_Cutting_Matt_A4, CS-Olfa_Art_Knife, CS-Weeding_Hook, CS-Weeding_Tweezers","CS-Heat_Tape, CS-FLEXOFF, CS-Olfa_Cutting_Matt_A3, CS-Olfa_Cutting_Matt_A4, CS-Olfa_Art_Knife, CS-Weeding_Hook, CS-Weeding_Tweezers","A","","","","","White","","Heat Pressing and Washing Info","<style>

table {

margin: 0 auto 0 auto;
}

table, th, td {
  
  border-collapse: collapse;
padding: 5px;
}
th, td {
  padding: 5px;
  text-align: center; 
  width: 100px;
  height: 50px;
  background-color:#FBA100;
  color: white;
  border-left: 5px solid white;
  border-right: 5px solid white;
}

th {
  border-top-color: white;
  font-size: 15px;
}

td {

padding-bottom: 1em;
border-bottom: 5px solid white;
font-size: 20px;
  
</style>


<table id=""data"">
  <tbody><tr>
    <th>PRESS TEMP</th>
<th>PRESS TIME</th>
<th>PRESSURE</th>
<th>EASY WEED</th>
<th>PEEL</th>
  </tr>
  <tr>
    <td>130<sup>o</sup>C<br>150<sup>o</sup>C<br>160<sup>o</sup>C</td>
<td>5 secs<br>4 secs<br>3 secs</td>
<td>Medium<br></td>
<td><span style=""font-size:30px;"">&#10003;</span></td>
<td>Warm</td>
  </tr>

<tr>
    <th>LAYER</th>
<th>REVERSE IMAGE</th>
<th>WASH</th>
<th>TUMBLE DRY</th>
<th>DRY CLEAN</th>
  </tr>
  <tr>
    <td><span style=""font-size:30px;"">&#10003;</span></td>
<td><span style=""font-size:30px;"">&#10003;</span></td>
<td>60<sup>o</sup>C</td>
<td><span style=""font-size:30px; color: white;"">&#10003;</span></td>
<td><span style=""font-size:30px;"">&#10003;</span></td>
  </tr>
  </tbody></table>
","","","","","","","Poli-Tape-4901-White-Turbo-Craft-HTV","0","htv, heat transfer vinyl, flex vinyl, flex, t shirt vinyl, t shirt film, t-shirt film, t-shirt vinyl, t shirt printing, t-shirt printing","","","1579692322","0","","0","","CHECKBOX"
"CS-4902-Black","Black Turbo Heat Transfer Vinyl","4902","DEFAULT","10","0","CRAFTSTICK","","","","","0","Poli-Tape 4902 Black Turbo Heat Transfer Vinyl.  Iron or heatpress on to garments and other fabrics fast and at low temperature.","<p>This is perfect for all you crafters and hobbyists out there. Simply plan and cut your design to be ironed or heatpressed on to fabric craft items or garments.</p>
<p>Compatible with all craft cutters such as the Cameo, Cricut, Stika and Skycut plus signmaking plotter cutters from Roland, Graphtec, Mimaki and Mutoh.</p>
<p>Produce long lasting and durable designs onto cushions, aprons, throws and blankets as well as t-shirts and baby / kidswear etc.</p>
<p>So get designing those beautiful creations then just cut and iron on to make them come to life!</p>

","4902_Black.png","4902_Black.png","INVITEMS","DEFAULT-CS-4902-Black-DEFAULT-CS-4902-Black","","","0","0","0","","1","REGONLY","0","0","0","0","","","","SELECT","SELECT","0","","","","","0","0","","income-service","","","0","0","","","https://www.youtube.com/embed/Fk6oCCfLFMM","","CS-HTV-COL","CS-HTV-COL","","","0","CS-Heat_Tape, CS-FLEXOFF, CS-Olfa_Cutting_Matt_A3, CS-Olfa_Cutting_Matt_A4, CS-Olfa_Art_Knife, CS-Weeding_Hook, CS-Weeding_Tweezers","CS-Heat_Tape, CS-FLEXOFF, CS-Olfa_Cutting_Matt_A3, CS-Olfa_Cutting_Matt_A4, CS-Olfa_Art_Knife, CS-Weeding_Hook, CS-Weeding_Tweezers","A","","","","","Black","","Heat Pressing and Washing Info","<style>

table {

margin: 0 auto 0 auto;
}

table, th, td {
  
  border-collapse: collapse;
padding: 5px;
}
th, td {
  padding: 5px;
  text-align: center; 
  width: 100px;
  height: 50px;
  background-color:#FBA100;
  color: white;
  border-left: 5px solid white;
  border-right: 5px solid white;
}

th {
  border-top-color: white;
  font-size: 15px;
}

td {

padding-bottom: 1em;
border-bottom: 5px solid white;
font-size: 20px;
  
</style>



<table id=""data"">
  <tbody><tr>
    <th>PRESS TEMP</th>
<th>PRESS TIME</th>
<th>PRESSURE</th>
<th>EASY WEED</th>
<th>PEEL</th>
  </tr>
  <tr>
    <td>130<sup>o</sup>C<br>150<sup>o</sup>C<br>160<sup>o</sup>C</td>
<td>5 secs<br>4 secs<br>3 secs</td>
<td>Medium<br></td>
<td><span style=""font-size:30px;"">&#10003;</span></td>
<td>Warm</td>
  </tr>

<tr>
    <th>LAYER</th>
<th>REVERSE IMAGE</th>
<th>WASH</th>
<th>TUMBLE DRY</th>
<th>DRY CLEAN</th>
  </tr>
  <tr>
    <td><span style=""font-size:30px;"">&#10003;</span></td>
<td><span style=""font-size:30px;"">&#10003;</span></td>
<td>60<sup>o</sup>C</td>
<td><span style=""font-size:30px; color: white;"">&#10003;</span></td>
<td><span style=""font-size:30px;"">&#10003;</span></td>
  </tr>
  </tbody></table>
","","","","","","","Poli-Tape-4902-Black-Turbo-Craft-HTV","0","htv, heat transfer vinyl, flex vinyl, flex, t shirt vinyl, t shirt film, t-shirt film, t-shirt vinyl, t shirt printing, t-shirt printing","","","1581355335","0","","0","","CHECKBOX"
"CS-4903-Neon-Blue","Neon Blue Turbo Heat Transfer Vinyl","4903","DEFAULT","570","0","CRAFTSTICK","","","","","0","Poli-Tape 4903 Neon Blue Turbo Heat Transfer Vinyl.  Iron or heatpress on to garments and other fabrics fast and at low temperature.","<p>This is perfect for all you crafters and hobbyists out there. Simply plan and cut your design to be ironed or heatpressed on to fabric craft items or garments.</p>
<p>Compatible with all craft cutters such as the Cameo, Cricut, Stika and Skycut plus signmaking plotter cutters from Roland, Graphtec, Mimaki and Mutoh.</p>
<p>Produce long lasting and durable designs onto cushions, aprons, throws and blankets as well as t-shirts and baby / kidswear etc.</p>
<p>So get designing those beautiful creations then just cut and iron on to make them come to life!</p>

","4903_Neon_Blue_Turbo_Flex.png","4903_Neon_Blue_Turbo_Flex.png","INVITEMS","DEFAULT-CS-4903-Neon-Blue-DEFAULT-CS-4903-Neon-Blue","","","0","0","0","","1","REGONLY","0","0","0","0","","","","SELECT","SELECT","0","","","","","0","0","","income-service","","","0","0","","","https://www.youtube.com/embed/Fk6oCCfLFMM","","CS-HTV-COL","CS-HTV-COL, CS-HTV-NEON","","","0","CS-Heat_Tape, CS-FLEXOFF, CS-Olfa_Cutting_Matt_A3, CS-Olfa_Cutting_Matt_A4, CS-Olfa_Art_Knife, CS-Weeding_Hook, CS-Weeding_Tweezers","CS-Heat_Tape, CS-FLEXOFF, CS-Olfa_Cutting_Matt_A3, CS-Olfa_Cutting_Matt_A4, CS-Olfa_Art_Knife, CS-Weeding_Hook, CS-Weeding_Tweezers","A","","","","","Neons, Blues","","Heat Pressing and Washing Info","<style>

table {

margin: 0 auto 0 auto;
}

table, th, td {
  
  border-collapse: collapse;
padding: 5px;
}
th, td {
  padding: 5px;
  text-align: center; 
  width: 100px;
  height: 50px;
  background-color:#FBA100;
  color: white;
  border-left: 5px solid white;
  border-right: 5px solid white;
}

th {
  border-top-color: white;
  font-size: 15px;
}

td {

padding-bottom: 1em;
border-bottom: 5px solid white;
font-size: 20px;
  
</style>



<table id=""data"">
  <tbody><tr>
    <th>PRESS TEMP</th>
<th>PRESS TIME</th>
<th>PRESSURE</th>
<th>EASY WEED</th>
<th>PEEL</th>
  </tr>
  <tr>
    <td>130<sup>o</sup>C<br>150<sup>o</sup>C<br>160<sup>o</sup>C</td>
<td>5 secs<br>4 secs<br>3 secs</td>
<td>Medium<br></td>
<td><span style=""font-size:30px;"">&#10003;</span></td>
<td>Lukewarm</td>
  </tr>

<tr>
    <th>LAYER</th>
<th>REVERSE IMAGE</th>
<th>WASH</th>
<th>TUMBLE DRY</th>
<th>DRY CLEAN</th>
  </tr>
  <tr>
    <td><span style=""font-size:30px;"">&#10005;</span></td>
<td><span style=""font-size:30px;"">&#10003;</span></td>
<td>60<sup>o</sup>C</td>
<td><span style=""font-size:30px; color: white;"">&#10003;</span></td>
<td><span style=""font-size:30px;"">&#10003;</span></td>
  </tr>
  </tbody></table>
","","","","","","","Poli-Tape-4903-Neon-Blue-Turbo-Craft-HTV","0","htv, heat transfer vinyl, flex vinyl, flex, t shirt vinyl, t shirt film, t-shirt film, t-shirt vinyl, t shirt printing, t-shirt printing","","","1581097847","0","","0","","CHECKBOX"
"CS-4904-Green","Green Turbo Heat Transfer Vinyl","4904","DEFAULT","370","0","CRAFTSTICK","","","","","0","Poli-Tape 4904 Green Turbo Heat Transfer Vinyl.  Iron or heatpress on to garments and other fabrics fast and at low temperature.","<p>This is perfect for all you crafters and hobbyists out there. Simply plan and cut your design to be ironed or heatpressed on to fabric craft items or garments.</p>
<p>Compatible with all craft cutters such as the Cameo, Cricut, Stika and Skycut plus signmaking plotter cutters from Roland, Graphtec, Mimaki and Mutoh.</p>
<p>Produce long lasting and durable designs onto cushions, aprons, throws and blankets as well as t-shirts and baby / kidswear etc.</p>
<p>So get designing those beautiful creations then just cut and iron on to make them come to life!</p>

","4904_Green.png","4904_Green.png","INVITEMS","DEFAULT-CS-4904-Green-DEFAULT-CS-4904-Green","","","0","0","0","","1","REGONLY","0","0","0","0","","","","SELECT","SELECT","0","","","","","0","0","","income-service","","","0","0","","","","","CS-HTV-COL","CS-HTV-COL, CS-MOTHERS","","","0","CS-Heat_Tape, CS-FLEXOFF, CS-Olfa_Cutting_Matt_A3, CS-Olfa_Cutting_Matt_A4, CS-Olfa_Art_Knife, CS-Weeding_Hook, CS-Weeding_Tweezers","CS-Heat_Tape, CS-FLEXOFF, CS-Olfa_Cutting_Matt_A3, CS-Olfa_Cutting_Matt_A4, CS-Olfa_Art_Knife, CS-Weeding_Hook, CS-Weeding_Tweezers","A","","","","","Colours, Greens","","Heat Pressing and Washing Info","<style>

table {

margin: 0 auto 0 auto;
}

table, th, td {
  
  border-collapse: collapse;
padding: 5px;
}
th, td {
  padding: 5px;
  text-align: center; 
  width: 100px;
  height: 50px;
  background-color:#FBA100;
  color: white;
  border-left: 5px solid white;
  border-right: 5px solid white;
}

th {
  border-top-color: white;
  font-size: 15px;
}

td {

padding-bottom: 1em;
border-bottom: 5px solid white;
font-size: 20px;
  
</style>



<table id=""data"">
  <tbody><tr>
    <th>PRESS TEMP</th>
<th>PRESS TIME</th>
<th>PRESSURE</th>
<th>EASY WEED</th>
<th>PEEL</th>
  </tr>
  <tr>
    <td>130<sup>o</sup>C<br>150<sup>o</sup>C<br>160<sup>o</sup>C</td>
<td>5 secs<br>4 secs<br>3 secs</td>
<td>Medium<br></td>
<td><span style=""font-size:30px;"">&#10003;</span></td>
<td>Warm</td>
  </tr>

<tr>
    <th>LAYER</th>
<th>REVERSE IMAGE</th>
<th>WASH</th>
<th>TUMBLE DRY</th>
<th>DRY CLEAN</th>
  </tr>
  <tr>
    <td><span style=""font-size:30px;"">&#10003;</span></td>
<td><span style=""font-size:30px;"">&#10003;</span></td>
<td>60<sup>o</sup>C</td>
<td><span style=""font-size:30px; color: white;"">&#10003;</span></td>
<td><span style=""font-size:30px;"">&#10003;</span></td>
  </tr>
  </tbody></table>
","","","","","","","Poli-Tape-4904-Green-Turbo-Craft-HTV","0","htv, heat transfer vinyl, flex vinyl, flex, t shirt vinyl, t shirt film, t-shirt film, t-shirt vinyl, t shirt printing, t-shirt printing","","","1596119236","0","","0","","CHECKBOX"
"CS-4905-Navy-Blue","Navy Blue Turbo Heat Transfer Vinyl","4905","DEFAULT","300","0","CRAFTSTICK","","","","","0","Poli-Tape 4905 Navy Blue Turbo Heat Transfer Vinyl.  Iron or heatpress on to garments and other fabrics fast and at low temperature.","<p>This is perfect for all you crafters and hobbyists out there. Simply plan and cut your design to be ironed or heatpressed on to fabric craft items or garments.</p>
<p>Compatible with all craft cutters such as the Cameo, Cricut, Stika and Skycut plus signmaking plotter cutters from Roland, Graphtec, Mimaki and Mutoh.</p>
<p>Produce long lasting and durable designs onto cushions, aprons, throws and blankets as well as t-shirts and baby / kidswear etc.</p>
<p>So get designing those beautiful creations then just cut and iron on to make them come to life!</p>

","4905_Navy_Blue.png","4905_Navy_Blue.png","INVITEMS","DEFAULT-CS-4905-Navy-Blue-DEFAULT-CS-4905-Navy-Blue","","","0","0","0","","1","REGONLY","0","0","0","0","","","","SELECT","SELECT","0","","","","","0","0","","income-service","","","0","0","","","https://www.youtube.com/embed/Fk6oCCfLFMM","","CS-HTV-COL","CS-HTV-COL","","","0","CS-Heat_Tape, CS-FLEXOFF, CS-Olfa_Cutting_Matt_A3, CS-Olfa_Cutting_Matt_A4, CS-Olfa_Art_Knife, CS-Weeding_Hook, CS-Weeding_Tweezers","CS-Heat_Tape, CS-FLEXOFF, CS-Olfa_Cutting_Matt_A3, CS-Olfa_Cutting_Matt_A4, CS-Olfa_Art_Knife, CS-Weeding_Hook, CS-Weeding_Tweezers","A","","","","","Colours, Blues","","Heat Pressing and Washing Info","<style>

table {

margin: 0 auto 0 auto;
}

table, th, td {
  
  border-collapse: collapse;
padding: 5px;
}
th, td {
  padding: 5px;
  text-align: center; 
  width: 100px;
  height: 50px;
  background-color:#FBA100;
  color: white;
  border-left: 5px solid white;
  border-right: 5px solid white;
}

th {
  border-top-color: white;
  font-size: 15px;
}

td {

padding-bottom: 1em;
border-bottom: 5px solid white;
font-size: 20px;
  
</style>



<table id=""data"">
  <tbody><tr>
    <th>PRESS TEMP</th>
<th>PRESS TIME</th>
<th>PRESSURE</th>
<th>EASY WEED</th>
<th>PEEL</th>
  </tr>
  <tr>
    <td>130<sup>o</sup>C<br>150<sup>o</sup>C<br>160<sup>o</sup>C</td>
<td>5 secs<br>4 secs<br>3 secs</td>
<td>Medium<br></td>
<td><span style=""font-size:30px;"">&#10003;</span></td>
<td>Warm</td>
  </tr>

<tr>
    <th>LAYER</th>
<th>REVERSE IMAGE</th>
<th>WASH</th>
<th>TUMBLE DRY</th>
<th>DRY CLEAN</th>
  </tr>
  <tr>
    <td><span style=""font-size:30px;"">&#10003;</span></td>
<td><span style=""font-size:30px;"">&#10003;</span></td>
<td>60<sup>o</sup>C</td>
<td><span style=""font-size:30px; color: white;"">&#10003;</span></td>
<td><span style=""font-size:30px;"">&#10003;</span></td>
  </tr>
  </tbody></table>
","","","","","","","Poli-Tape-4905-Navy-Blue-Turbo-Craft-HTV","0","htv, heat transfer vinyl, flex vinyl, flex, t shirt vinyl, t shirt film, t-shirt film, t-shirt vinyl, t shirt printing, t-shirt printing","","","1580737765","0","","0","","CHECKBOX"
"CS-4906-Royal-Blue","Royal Blue Turbo Heat Transfer Vinyl","4906","DEFAULT","280","0","CRAFTSTICK","","","","","0","Poli-Tape 4906 Royal Blue Turbo Heat Transfer Vinyl.  Iron or heatpress on to garments and other fabrics fast and at low temperature.","<p>This is perfect for all you crafters and hobbyists out there. Simply plan and cut your design to be ironed or heatpressed on to fabric craft items or garments.</p>
<p>Compatible with all craft cutters such as the Cameo, Cricut, Stika and Skycut plus signmaking plotter cutters from Roland, Graphtec, Mimaki and Mutoh.</p>
<p>Produce long lasting and durable designs onto cushions, aprons, throws and blankets as well as t-shirts and baby / kidswear etc.</p>
<p>So get designing those beautiful creations then just cut and iron on to make them come to life!</p>

","4906_Royal_Blue.png","4906_Royal_Blue.png","INVITEMS","DEFAULT-CS-4906-Royal-Blue-DEFAULT-CS-4906-Royal-Blue","","","0","0","0","","1","REGONLY","0","0","0","0","","","","SELECT","SELECT","0","","","","","0","0","","income-service","","","0","0","","","https://www.youtube.com/embed/Fk6oCCfLFMM","","CS-HTV-COL","CS-HTV-COL","","","0","CS-Heat_Tape, CS-FLEXOFF, CS-Olfa_Cutting_Matt_A3, CS-Olfa_Cutting_Matt_A4, CS-Olfa_Art_Knife, CS-Weeding_Hook, CS-Weeding_Tweezers","CS-Heat_Tape, CS-FLEXOFF, CS-Olfa_Cutting_Matt_A3, CS-Olfa_Cutting_Matt_A4, CS-Olfa_Art_Knife, CS-Weeding_Hook, CS-Weeding_Tweezers","A","","","","","Colours, Blues","","Heat Pressing and Washing Info","<style>

table {

margin: 0 auto 0 auto;
}

table, th, td {
  
  border-collapse: collapse;
padding: 5px;
}
th, td {
  padding: 5px;
  text-align: center; 
  width: 100px;
  height: 50px;
  background-color:#FBA100;
  color: white;
  border-left: 5px solid white;
  border-right: 5px solid white;
}

th {
  border-top-color: white;
  font-size: 15px;
}

td {

padding-bottom: 1em;
border-bottom: 5px solid white;
font-size: 20px;
  
</style>



<table id=""data"">
  <tbody><tr>
    <th>PRESS TEMP</th>
<th>PRESS TIME</th>
<th>PRESSURE</th>
<th>EASY WEED</th>
<th>PEEL</th>
  </tr>
  <tr>
    <td>130<sup>o</sup>C<br>150<sup>o</sup>C<br>160<sup>o</sup>C</td>
<td>5 secs<br>4 secs<br>3 secs</td>
<td>Medium<br></td>
<td><span style=""font-size:30px;"">&#10003;</span></td>
<td>Warm</td>
  </tr>

<tr>
    <th>LAYER</th>
<th>REVERSE IMAGE</th>
<th>WASH</th>
<th>TUMBLE DRY</th>
<th>DRY CLEAN</th>
  </tr>
  <tr>
    <td><span style=""font-size:30px;"">&#10003;</span></td>
<td><span style=""font-size:30px;"">&#10003;</span></td>
<td>60<sup>o</sup>C</td>
<td><span style=""font-size:30px; color: white;"">&#10003;</span></td>
<td><span style=""font-size:30px;"">&#10003;</span></td>
  </tr>
  </tbody></table>
","","","","","","","Poli-Tape-4906-Royal-Blue-Turbo-Craft-HTV","0","htv, heat transfer vinyl, flex vinyl, flex, t shirt vinyl, t shirt film, t-shirt film, t-shirt vinyl, t shirt printing, t-shirt printing","","","1602689142","0","","0","","CHECKBOX"
"CS-4908-Red","Red Turbo Heat Transfer Vinyl","4908","DEFAULT","170","0","CRAFTSTICK","","","","","0","Poli-Tape 4908 Red Turbo Heat Transfer Vinyl.  Iron or heatpress on to garments and other fabrics fast and at low temperature.","<p>This is perfect for all you crafters and hobbyists out there. Simply plan and cut your design to be ironed or heatpressed on to fabric craft items or garments.</p>
<p>Compatible with all craft cutters such as the Cameo, Cricut, Stika and Skycut plus signmaking plotter cutters from Roland, Graphtec, Mimaki and Mutoh.</p>
<p>Produce long lasting and durable designs onto cushions, aprons, throws and blankets as well as t-shirts and baby / kidswear etc.</p>
<p>So get designing those beautiful creations then just cut and iron on to make them come to life!</p>

","4908_Red.png","4908_Red.png","INVITEMS","DEFAULT-CS-4908-Red-DEFAULT-CS-4908-Red","","","0","0","0","","1","REGONLY","0","0","0","0","","","","SELECT","SELECT","0","","","","","0","0","","income-service","","","0","0","","","https://www.youtube.com/embed/Fk6oCCfLFMM","","CS-HTV-COL","CS-HTV-COL, CS-AUTUMN, CS-FESTIVE, CS-VALENTINES","","","0","CS-Heat_Tape, CS-FLEXOFF, CS-Olfa_Cutting_Matt_A3, CS-Olfa_Cutting_Matt_A4, CS-Olfa_Art_Knife, CS-Weeding_Hook, CS-Weeding_Tweezers","CS-Heat_Tape, CS-FLEXOFF, CS-Olfa_Cutting_Matt_A3, CS-Olfa_Cutting_Matt_A4, CS-Olfa_Art_Knife, CS-Weeding_Hook, CS-Weeding_Tweezers","A","","","","","Colours, Reds","","Heat Pressing and Washing Info","<style>

table {

margin: 0 auto 0 auto;
}

table, th, td {
  
  border-collapse: collapse;
padding: 5px;
}
th, td {
  padding: 5px;
  text-align: center; 
  width: 100px;
  height: 50px;
  background-color:#FBA100;
  color: white;
  border-left: 5px solid white;
  border-right: 5px solid white;
}

th {
  border-top-color: white;
  font-size: 15px;
}

td {

padding-bottom: 1em;
border-bottom: 5px solid white;
font-size: 20px;
  
</style>



<table id=""data"">
  <tbody><tr>
    <th>PRESS TEMP</th>
<th>PRESS TIME</th>
<th>PRESSURE</th>
<th>EASY WEED</th>
<th>PEEL</th>
  </tr>
  <tr>
    <td>130<sup>o</sup>C<br>150<sup>o</sup>C<br>160<sup>o</sup>C</td>
<td>5 secs<br>4 secs<br>3 secs</td>
<td>Medium<br></td>
<td><span style=""font-size:30px;"">&#10003;</span></td>
<td>Warm</td>
  </tr>

<tr>
    <th>LAYER</th>
<th>REVERSE IMAGE</th>
<th>WASH</th>
<th>TUMBLE DRY</th>
<th>DRY CLEAN</th>
  </tr>
  <tr>
    <td><span style=""font-size:30px;"">&#10003;</span></td>
<td><span style=""font-size:30px;"">&#10003;</span></td>
<td>60<sup>o</sup>C</td>
<td><span style=""font-size:30px; color: white;"">&#10003;</span></td>
<td><span style=""font-size:30px;"">&#10003;</span></td>
  </tr>
  </tbody></table>
","","","","","","","Poli-Tape-4908-Red-Turbo-Craft-HTV","0","htv, heat transfer vinyl, flex vinyl, flex, t shirt vinyl, t shirt film, t-shirt film, t-shirt vinyl, t shirt printing, t-shirt printing","","","1581357196","0","","0","","CHECKBOX"
"CS-4909-Bordeaux","Bordeaux Turbo Heat Transfer Vinyl","4909","DEFAULT","220","0","CRAFTSTICK","","","","","0","Poli-Tape 4909 Bordeaux Turbo Heat Transfer Vinyl.  Iron or heatpress on to garments and other fabrics fast and at low temperature.","<p>This is perfect for all you crafters and hobbyists out there. Simply plan and cut your design to be ironed or heatpressed on to fabric craft items or garments.</p>
<p>Compatible with all craft cutters such as the Cameo, Cricut, Stika and Skycut plus signmaking plotter cutters from Roland, Graphtec, Mimaki and Mutoh.</p>
<p>Produce long lasting and durable designs onto cushions, aprons, throws and blankets as well as t-shirts and baby / kidswear etc.</p>
<p>So get designing those beautiful creations then just cut and iron on to make them come to life!</p>

","4909_Bordeaux.png","4909_Bordeaux.png","INVITEMS","DEFAULT-CS-4909-Bordeaux-DEFAULT-CS-4909-Bordeaux","","","0","0","0","","1","REGONLY","0","0","0","0","","","","SELECT","SELECT","0","","","","","0","0","","income-service","","","0","0","","","https://www.youtube.com/embed/Fk6oCCfLFMM","","CS-HTV-COL","CS-HTV-COL, CS-MOTHERS","","","0","CS-Heat_Tape, CS-FLEXOFF, CS-Olfa_Cutting_Matt_A3, CS-Olfa_Cutting_Matt_A4, CS-Olfa_Art_Knife, CS-Weeding_Hook, CS-Weeding_Tweezers","CS-Heat_Tape, CS-FLEXOFF, CS-Olfa_Cutting_Matt_A3, CS-Olfa_Cutting_Matt_A4, CS-Olfa_Art_Knife, CS-Weeding_Hook, CS-Weeding_Tweezers","A","","","","","Colours, Reds","","Heat Pressing and Washing Info","<style>

table {

margin: 0 auto 0 auto;
}

table, th, td {
  
  border-collapse: collapse;
padding: 5px;
}
th, td {
  padding: 5px;
  text-align: center; 
  width: 100px;
  height: 50px;
  background-color:#FBA100;
  color: white;
  border-left: 5px solid white;
  border-right: 5px solid white;
}

th {
  border-top-color: white;
  font-size: 15px;
}

td {

padding-bottom: 1em;
border-bottom: 5px solid white;
font-size: 20px;
  
</style>



<table id=""data"">
  <tbody><tr>
    <th>PRESS TEMP</th>
<th>PRESS TIME</th>
<th>PRESSURE</th>
<th>EASY WEED</th>
<th>PEEL</th>
  </tr>
  <tr>
    <td>130<sup>o</sup>C<br>150<sup>o</sup>C<br>160<sup>o</sup>C</td>
<td>5 secs<br>4 secs<br>3 secs</td>
<td>Medium<br></td>
<td><span style=""font-size:30px;"">&#10003;</span></td>
<td>Warm</td>
  </tr>

<tr>
    <th>LAYER</th>
<th>REVERSE IMAGE</th>
<th>WASH</th>
<th>TUMBLE DRY</th>
<th>DRY CLEAN</th>
  </tr>
  <tr>
    <td><span style=""font-size:30px;"">&#10003;</span></td>
<td><span style=""font-size:30px;"">&#10003;</span></td>
<td>60<sup>o</sup>C</td>
<td><span style=""font-size:30px; color: white;"">&#10003;</span></td>
<td><span style=""font-size:30px;"">&#10003;</span></td>
  </tr>
  </tbody></table>
","","","","","","","Poli-Tape-4909-Bordeaux-Turbo-Craft-HTV","0","htv, heat transfer vinyl, flex vinyl, flex, t shirt vinyl, t shirt film, t-shirt film, t-shirt vinyl, t shirt printing, t-shirt printing","","","1602688997","0","","0","","CHECKBOX"
"CS-4910-Yellow","Yellow Turbo Heat Transfer Vinyl","4910","DEFAULT","130","0","CRAFTSTICK","","","","","0","Poli-Tape 4910 Yellow Turbo Heat Transfer Vinyl.  Iron or heatpress on to garments and other fabrics fast and at low temperature.","<p>This is perfect for all you crafters and hobbyists out there. Simply plan and cut your design to be ironed or heatpressed on to fabric craft items or garments.</p>
<p>Compatible with all craft cutters such as the Cameo, Cricut, Stika and Skycut plus signmaking plotter cutters from Roland, Graphtec, Mimaki and Mutoh.</p>
<p>Produce long lasting and durable designs onto cushions, aprons, throws and blankets as well as t-shirts and baby / kidswear etc.</p>
<p>So get designing those beautiful creations then just cut and iron on to make them come to life!</p>

","4910_Yellow.png","4910_Yellow.png","INVITEMS","DEFAULT-CS-4910-Yellow-DEFAULT-CS-4910-Yellow","","","0","0","0","","1","REGONLY","0","0","0","0","","","","SELECT","SELECT","0","","","","","0","0","","income-service","","","0","0","","","https://www.youtube.com/embed/Fk6oCCfLFMM","","CS-HTV-COL","CS-HTV-COL, CS-MOTHERS","","","0","CS-Heat_Tape, CS-FLEXOFF, CS-Olfa_Cutting_Matt_A3, CS-Olfa_Cutting_Matt_A4, CS-Olfa_Art_Knife, CS-Weeding_Hook, CS-Weeding_Tweezers","CS-Heat_Tape, CS-FLEXOFF, CS-Olfa_Cutting_Matt_A3, CS-Olfa_Cutting_Matt_A4, CS-Olfa_Art_Knife, CS-Weeding_Hook, CS-Weeding_Tweezers","A","","","","","Colours, Yellows","","Heat Pressing and Washing Info","<style>

table {

margin: 0 auto 0 auto;
}

table, th, td {
  
  border-collapse: collapse;
padding: 5px;
}
th, td {
  padding: 5px;
  text-align: center; 
  width: 100px;
  height: 50px;
  background-color:#FBA100;
  color: white;
  border-left: 5px solid white;
  border-right: 5px solid white;
}

th {
  border-top-color: white;
  font-size: 15px;
}

td {

padding-bottom: 1em;
border-bottom: 5px solid white;
font-size: 20px;
  
</style>



<table id=""data"">
  <tbody><tr>
    <th>PRESS TEMP</th>
<th>PRESS TIME</th>
<th>PRESSURE</th>
<th>EASY WEED</th>
<th>PEEL</th>
  </tr>
  <tr>
    <td>130<sup>o</sup>C<br>150<sup>o</sup>C<br>160<sup>o</sup>C</td>
<td>5 secs<br>4 secs<br>3 secs</td>
<td>Medium<br></td>
<td><span style=""font-size:30px;"">&#10003;</span></td>
<td>Warm</td>
  </tr>

<tr>
    <th>LAYER</th>
<th>REVERSE IMAGE</th>
<th>WASH</th>
<th>TUMBLE DRY</th>
<th>DRY CLEAN</th>
  </tr>
  <tr>
    <td><span style=""font-size:30px;"">&#10003;</span></td>
<td><span style=""font-size:30px;"">&#10003;</span></td>
<td>60<sup>o</sup>C</td>
<td><span style=""font-size:30px; color: white;"">&#10003;</span></td>
<td><span style=""font-size:30px;"">&#10003;</span></td>
  </tr>
  </tbody></table>
","","","","","","","Poli-Tape-4910-Yellow-Turbo-Craft-HTV","0","htv, heat transfer vinyl, flex vinyl, flex, t shirt vinyl, t shirt film, t-shirt film, t-shirt vinyl, t shirt printing, t-shirt printing","","","1580738477","0","","0","","CHECKBOX"
"CS-4912-Grey","Grey Turbo Heat Transfer Vinyl","4912","DEFAULT","30","0","CRAFTSTICK","","","","","0","Poli-Tape 4912 Grey Turbo Heat Transfer Vinyl.  Iron or heatpress on to garments and other fabrics fast and at low temperature.","<p>This is perfect for all you crafters and hobbyists out there. Simply plan and cut your design to be ironed or heatpressed on to fabric craft items or garments.</p>
<p>Compatible with all craft cutters such as the Cameo, Cricut, Stika and Skycut plus signmaking plotter cutters from Roland, Graphtec, Mimaki and Mutoh.</p>
<p>Produce long lasting and durable designs onto cushions, aprons, throws and blankets as well as t-shirts and baby / kidswear etc.</p>
<p>So get designing those beautiful creations then just cut and iron on to make them come to life!</p>

","4912_Grey.png","4912_Grey.png","INVITEMS","DEFAULT-CS-4912-Grey-DEFAULT-CS-4912-Grey","","","0","0","0","","1","REGONLY","0","0","0","0","","","","SELECT","SELECT","0","","","","","0","0","","income-service","","","0","0","","","https://www.youtube.com/embed/Fk6oCCfLFMM","","CS-HTV-COL","CS-HTV-COL, CS-AUTUMN","","","0","CS-Heat_Tape, CS-FLEXOFF, CS-Olfa_Cutting_Matt_A3, CS-Olfa_Cutting_Matt_A4, CS-Olfa_Art_Knife, CS-Weeding_Hook, CS-Weeding_Tweezers","CS-Heat_Tape, CS-FLEXOFF, CS-Olfa_Cutting_Matt_A3, CS-Olfa_Cutting_Matt_A4, CS-Olfa_Art_Knife, CS-Weeding_Hook, CS-Weeding_Tweezers","A","","","","","Colours, Greys","","Heat Pressing and Washing Info","<style>

table {

margin: 0 auto 0 auto;
}

table, th, td {
  
  border-collapse: collapse;
padding: 5px;
}
th, td {
  padding: 5px;
  text-align: center; 
  width: 100px;
  height: 50px;
  background-color:#FBA100;
  color: white;
  border-left: 5px solid white;
  border-right: 5px solid white;
}

th {
  border-top-color: white;
  font-size: 15px;
}

td {

padding-bottom: 1em;
border-bottom: 5px solid white;
font-size: 20px;
  
</style>



<table id=""data"">
  <tbody><tr>
    <th>PRESS TEMP</th>
<th>PRESS TIME</th>
<th>PRESSURE</th>
<th>EASY WEED</th>
<th>PEEL</th>
  </tr>
  <tr>
    <td>130<sup>o</sup>C<br>150<sup>o</sup>C<br>160<sup>o</sup>C</td>
<td>5 secs<br>4 secs<br>3 secs</td>
<td>Medium<br></td>
<td><span style=""font-size:30px;"">&#10003;</span></td>
<td>Warm</td>
  </tr>

<tr>
    <th>LAYER</th>
<th>REVERSE IMAGE</th>
<th>WASH</th>
<th>TUMBLE DRY</th>
<th>DRY CLEAN</th>
  </tr>
  <tr>
    <td><span style=""font-size:30px;"">&#10003;</span></td>
<td><span style=""font-size:30px;"">&#10003;</span></td>
<td>60<sup>o</sup>C</td>
<td><span style=""font-size:30px; color: white;"">&#10003;</span></td>
<td><span style=""font-size:30px;"">&#10003;</span></td>
  </tr>
  </tbody></table>
","","","","","","","Poli-Tape-4912-Grey-Turbo-Craft-HTV","0","htv, heat transfer vinyl, flex vinyl, flex, t shirt vinyl, t shirt film, t-shirt film, t-shirt vinyl, t shirt printing, t-shirt printing","","","1580736132","0","","0","","CHECKBOX"
"CS-4914-Purple","Purple Turbo Heat Transfer Vinyl","4914","DEFAULT","250","0","CRAFTSTICK","","","","","0","Poli-Tape 4914 Purple Turbo Heat Transfer Vinyl.  Iron or heatpress on to garments and other fabrics fast and at low temperature.","<p>This is perfect for all you crafters and hobbyists out there. Simply plan and cut your design to be ironed or heatpressed on to fabric craft items or garments.</p>
<p>Compatible with all craft cutters such as the Cameo, Cricut, Stika and Skycut plus signmaking plotter cutters from Roland, Graphtec, Mimaki and Mutoh.</p>
<p>Produce long lasting and durable designs onto cushions, aprons, throws and blankets as well as t-shirts and baby / kidswear etc.</p>
<p>So get designing those beautiful creations then just cut and iron on to make them come to life!</p>

","4914_Purple.png","4914_Purple.png","INVITEMS","DEFAULT-CS-4914-Purple-DEFAULT-CS-4914-Purple","","","0","0","0","","1","REGONLY","0","0","0","0","","","","SELECT","SELECT","0","","","","","0","0","","income-service","","","0","0","","","https://www.youtube.com/embed/Fk6oCCfLFMM","","CS-HTV-COL","CS-HTV-COL, CS-AUTUMN","","","0","CS-Heat_Tape, CS-FLEXOFF, CS-Olfa_Cutting_Matt_A3, CS-Olfa_Cutting_Matt_A4, CS-Olfa_Art_Knife, CS-Weeding_Hook, CS-Weeding_Tweezers","CS-Heat_Tape, CS-FLEXOFF, CS-Olfa_Cutting_Matt_A3, CS-Olfa_Cutting_Matt_A4, CS-Olfa_Art_Knife, CS-Weeding_Hook, CS-Weeding_Tweezers","A","","","","","Colours, Reds, Blues","","Heat Pressing and Washing Info","<style>

table {

margin: 0 auto 0 auto;
}

table, th, td {
  
  border-collapse: collapse;
padding: 5px;
}
th, td {
  padding: 5px;
  text-align: center; 
  width: 100px;
  height: 50px;
  background-color:#FBA100;
  color: white;
  border-left: 5px solid white;
  border-right: 5px solid white;
}

th {
  border-top-color: white;
  font-size: 15px;
}

td {

padding-bottom: 1em;
border-bottom: 5px solid white;
font-size: 20px;
  
</style>



<table id=""data"">
  <tbody><tr>
    <th>PRESS TEMP</th>
<th>PRESS TIME</th>
<th>PRESSURE</th>
<th>EASY WEED</th>
<th>PEEL</th>
  </tr>
  <tr>
    <td>130<sup>o</sup>C<br>150<sup>o</sup>C<br>160<sup>o</sup>C</td>
<td>5 secs<br>4 secs<br>3 secs</td>
<td>Medium<br></td>
<td><span style=""font-size:30px;"">&#10003;</span></td>
<td>Warm</td>
  </tr>

<tr>
    <th>LAYER</th>
<th>REVERSE IMAGE</th>
<th>WASH</th>
<th>TUMBLE DRY</th>
<th>DRY CLEAN</th>
  </tr>
  <tr>
    <td><span style=""font-size:30px;"">&#10003;</span></td>
<td><span style=""font-size:30px;"">&#10003;</span></td>
<td>60<sup>o</sup>C</td>
<td><span style=""font-size:30px; color: white;"">&#10003;</span></td>
<td><span style=""font-size:30px;"">&#10003;</span></td>
  </tr>
  </tbody></table>
","","","","","","","Poli-Tape-4914-Purple-Turbo-Craft-HTV","0","htv, heat transfer vinyl, flex vinyl, flex, t shirt vinyl, t shirt film, t-shirt film, t-shirt vinyl, t shirt printing, t-shirt printing","","","1626108348","0","","0","","CHECKBOX"
"CS-4915-Orange","Orange Turbo Heat Transfer Vinyl","4915","DEFAULT","140","0","CRAFTSTICK","","","","","0","Poli-Tape 4915 Orange Turbo Heat Transfer Vinyl.  Iron or heatpress on to garments and other fabrics fast and at low temperature.","<p>This is perfect for all you crafters and hobbyists out there. Simply plan and cut your design to be ironed or heatpressed on to fabric craft items or garments.</p>
<p>Compatible with all craft cutters such as the Cameo, Cricut, Stika and Skycut plus signmaking plotter cutters from Roland, Graphtec, Mimaki and Mutoh.</p>
<p>Produce long lasting and durable designs onto cushions, aprons, throws and blankets as well as t-shirts and baby / kidswear etc.</p>
<p>So get designing those beautiful creations then just cut and iron on to make them come to life!</p>

","4915_Orange.png","4915_Orange.png","INVITEMS","DEFAULT-CS-4915-Orange-DEFAULT-CS-4915-Orange","","","0","0","0","","1","REGONLY","0","0","0","0","","","","SELECT","SELECT","0","","","","","0","0","","income-service","","","0","0","","","https://www.youtube.com/embed/Fk6oCCfLFMM","","CS-HTV-COL","CS-HTV-COL, CS-AUTUMN","","","0","CS-Heat_Tape, CS-FLEXOFF, CS-Olfa_Cutting_Matt_A3, CS-Olfa_Cutting_Matt_A4, CS-Olfa_Art_Knife, CS-Weeding_Hook, CS-Weeding_Tweezers","CS-Heat_Tape, CS-FLEXOFF, CS-Olfa_Cutting_Matt_A3, CS-Olfa_Cutting_Matt_A4, CS-Olfa_Art_Knife, CS-Weeding_Hook, CS-Weeding_Tweezers","A","","","","","Colours, Oranges","","Heat Pressing and Washing Info","<style>

table {

margin: 0 auto 0 auto;
}

table, th, td {
  
  border-collapse: collapse;
padding: 5px;
}
th, td {
  padding: 5px;
  text-align: center; 
  width: 100px;
  height: 50px;
  background-color:#FBA100;
  color: white;
  border-left: 5px solid white;
  border-right: 5px solid white;
}

th {
  border-top-color: white;
  font-size: 15px;
}

td {

padding-bottom: 1em;
border-bottom: 5px solid white;
font-size: 20px;
  
</style>



<table id=""data"">
  <tbody><tr>
    <th>PRESS TEMP</th>
<th>PRESS TIME</th>
<th>PRESSURE</th>
<th>EASY WEED</th>
<th>PEEL</th>
  </tr>
  <tr>
    <td>130<sup>o</sup>C<br>150<sup>o</sup>C<br>160<sup>o</sup>C</td>
<td>5 secs<br>4 secs<br>3 secs</td>
<td>Medium<br></td>
<td><span style=""font-size:30px;"">&#10003;</span></td>
<td>Warm</td>
  </tr>

<tr>
    <th>LAYER</th>
<th>REVERSE IMAGE</th>
<th>WASH</th>
<th>TUMBLE DRY</th>
<th>DRY CLEAN</th>
  </tr>
  <tr>
    <td><span style=""font-size:30px;"">&#10003;</span></td>
<td><span style=""font-size:30px;"">&#10003;</span></td>
<td>60<sup>o</sup>C</td>
<td><span style=""font-size:30px; color: white;"">&#10003;</span></td>
<td><span style=""font-size:30px;"">&#10003;</span></td>
  </tr>
  </tbody></table>
","","","","","","","Poli-Tape-4915-Orange-Turbo-Craft-HTV","0","htv, heat transfer vinyl, flex vinyl, flex, t shirt vinyl, t shirt film, t-shirt film, t-shirt vinyl, t shirt printing, t-shirt printing","","","1579690255","0","","0","","CHECKBOX"
"CS-4917-Beige","Beige Turbo Heat Transfer Vinyl","4917","DEFAULT","60","0","CRAFTSTICK","","","","","0","Poli-Tape 4917 Beige Turbo Heat Transfer Vinyl.  Iron or heatpress on to garments and other fabrics fast and at low temperature.","<p>This is perfect for all you crafters and hobbyists out there. Simply plan and cut your design to be ironed or heatpressed on to fabric craft items or garments.</p>
<p>Compatible with all craft cutters such as the Cameo, Cricut, Stika and Skycut plus signmaking plotter cutters from Roland, Graphtec, Mimaki and Mutoh.</p>
<p>Produce long lasting and durable designs onto cushions, aprons, throws and blankets as well as t-shirts and baby / kidswear etc.</p>
<p>So get designing those beautiful creations then just cut and iron on to make them come to life!</p>

","4917_Beige.png","4917_Beige.png","INVITEMS","DEFAULT-CS-4917-Beige-DEFAULT-CS-4917-Beige","","","0","0","0","","1","REGONLY","0","0","0","0","","","","SELECT","SELECT","0","","","","","0","0","","income-service","","","0","0","","","https://www.youtube.com/embed/Fk6oCCfLFMM","","CS-HTV-COL","CS-HTV-COL, CS-AUTUMN, CS-MOTHERS","","","0","CS-Heat_Tape, CS-FLEXOFF, CS-Olfa_Cutting_Matt_A3, CS-Olfa_Cutting_Matt_A4, CS-Olfa_Art_Knife, CS-Weeding_Hook, CS-Weeding_Tweezers","CS-Heat_Tape, CS-FLEXOFF, CS-Olfa_Cutting_Matt_A3, CS-Olfa_Cutting_Matt_A4, CS-Olfa_Art_Knife, CS-Weeding_Hook, CS-Weeding_Tweezers","A","","","","","Colours, Beiges","","Heat Pressing and Washing Info","<style>

table {

margin: 0 auto 0 auto;
}

table, th, td {
  
  border-collapse: collapse;
padding: 5px;
}
th, td {
  padding: 5px;
  text-align: center; 
  width: 100px;
  height: 50px;
  background-color:#FBA100;
  color: white;
  border-left: 5px solid white;
  border-right: 5px solid white;
}

th {
  border-top-color: white;
  font-size: 15px;
}

td {

padding-bottom: 1em;
border-bottom: 5px solid white;
font-size: 20px;
  
</style>



<table id=""data"">
  <tbody><tr>
    <th>PRESS TEMP</th>
<th>PRESS TIME</th>
<th>PRESSURE</th>
<th>EASY WEED</th>
<th>PEEL</th>
  </tr>
  <tr>
    <td>130<sup>o</sup>C<br>150<sup>o</sup>C<br>160<sup>o</sup>C</td>
<td>5 secs<br>4 secs<br>3 secs</td>
<td>Medium<br></td>
<td><span style=""font-size:30px;"">&#10003;</span></td>
<td>Warm</td>
  </tr>

<tr>
    <th>LAYER</th>
<th>REVERSE IMAGE</th>
<th>WASH</th>
<th>TUMBLE DRY</th>
<th>DRY CLEAN</th>
  </tr>
  <tr>
    <td><span style=""font-size:30px;"">&#10003;</span></td>
<td><span style=""font-size:30px;"">&#10003;</span></td>
<td>60<sup>o</sup>C</td>
<td><span style=""font-size:30px; color: white;"">&#10003;</span></td>
<td><span style=""font-size:30px;"">&#10003;</span></td>
  </tr>
  </tbody></table>
","","","","","","","Poli-Tape-4917-Beige-Turbo-Craft-HTV","0","htv, heat transfer vinyl, flex vinyl, flex, t shirt vinyl, t shirt film, t-shirt film, t-shirt vinyl, t shirt printing, t-shirt printing","","","1625575600","0","","0","","CHECKBOX"
"CS-4918-Medium-Yellow","Medium Yellow Turbo Heat Transfer Vinyl","4918","DEFAULT","120","0","CRAFTSTICK","","","","","0","Poli-Tape 4918 Medium Yellow Turbo Heat Transfer Vinyl.  Iron or heatpress on to garments and other fabrics fast and at low temperature.","<p>This is perfect for all you crafters and hobbyists out there. Simply plan and cut your design to be ironed or heatpressed on to fabric craft items or garments.</p>
<p>Compatible with all craft cutters such as the Cameo, Cricut, Stika and Skycut plus signmaking plotter cutters from Roland, Graphtec, Mimaki and Mutoh.</p>
<p>Produce long lasting and durable designs onto cushions, aprons, throws and blankets as well as t-shirts and baby / kidswear etc.</p>
<p>So get designing those beautiful creations then just cut and iron on to make them come to life!</p>

","4918_Medium_Yellow.png","4918_Medium_Yellow.png","INVITEMS","DEFAULT-CS-4918-Medium-Yellow-DEFAULT-CS-4918-Medium-Yellow","","","0","0","0","","1","REGONLY","0","0","0","0","","","","SELECT","SELECT","0","","","","","0","0","","income-service","","","0","0","","","https://www.youtube.com/embed/Fk6oCCfLFMM","","CS-HTV-COL","CS-HTV-COL, CS-AUTUMN, CS-MOTHERS","","","0","CS-Heat_Tape, CS-FLEXOFF, CS-Olfa_Cutting_Matt_A3, CS-Olfa_Cutting_Matt_A4, CS-Olfa_Art_Knife, CS-Weeding_Hook, CS-Weeding_Tweezers","CS-Heat_Tape, CS-FLEXOFF, CS-Olfa_Cutting_Matt_A3, CS-Olfa_Cutting_Matt_A4, CS-Olfa_Art_Knife, CS-Weeding_Hook, CS-Weeding_Tweezers","A","","","","","Colours, Yellows","","Heat Pressing and Washing Info","<style>

table {

margin: 0 auto 0 auto;
}

table, th, td {
  
  border-collapse: collapse;
padding: 5px;
}
th, td {
  padding: 5px;
  text-align: center; 
  width: 100px;
  height: 50px;
  background-color:#FBA100;
  color: white;
  border-left: 5px solid white;
  border-right: 5px solid white;
}

th {
  border-top-color: white;
  font-size: 15px;
}

td {

padding-bottom: 1em;
border-bottom: 5px solid white;
font-size: 20px;
  
</style>



<table id=""data"">
  <tbody><tr>
    <th>PRESS TEMP</th>
<th>PRESS TIME</th>
<th>PRESSURE</th>
<th>EASY WEED</th>
<th>PEEL</th>
  </tr>
  <tr>
    <td>130<sup>o</sup>C<br>150<sup>o</sup>C<br>160<sup>o</sup>C</td>
<td>5 secs<br>4 secs<br>3 secs</td>
<td>Medium<br></td>
<td><span style=""font-size:30px;"">&#10003;</span></td>
<td>Warm</td>
  </tr>

<tr>
    <th>LAYER</th>
<th>REVERSE IMAGE</th>
<th>WASH</th>
<th>TUMBLE DRY</th>
<th>DRY CLEAN</th>
  </tr>
  <tr>
    <td><span style=""font-size:30px;"">&#10003;</span></td>
<td><span style=""font-size:30px;"">&#10003;</span></td>
<td>60<sup>o</sup>C</td>
<td><span style=""font-size:30px; color: white;"">&#10003;</span></td>
<td><span style=""font-size:30px;"">&#10003;</span></td>
  </tr>
  </tbody></table>
","","","","","","","Poli-Tape-4918-Medium-Yellow-Turbo-Craft-HTV","0","htv, heat transfer vinyl, flex vinyl, flex, t shirt vinyl, t shirt film, t-shirt film, t-shirt vinyl, t shirt printing, t-shirt printing","","","1578674740","0","","0","","CHECKBOX"
"CS-4919-Lemon-Yellow","Lemon Yellow Turbo Heat Transfer Vinyl","4919","DEFAULT","110","0","CRAFTSTICK","","","","","0","Poli-Tape 4919 Lemon Yellow Turbo Heat Transfer Vinyl.  Iron or heatpress on to garments and other fabrics fast and at low temperature.","<p>This is perfect for all you crafters and hobbyists out there. Simply plan and cut your design to be ironed or heatpressed on to fabric craft items or garments.</p>
<p>Compatible with all craft cutters such as the Cameo, Cricut, Stika and Skycut plus signmaking plotter cutters from Roland, Graphtec, Mimaki and Mutoh.</p>
<p>Produce long lasting and durable designs onto cushions, aprons, throws and blankets as well as t-shirts and baby / kidswear etc.</p>
<p>So get designing those beautiful creations then just cut and iron on to make them come to life!</p>

","4919_Lemon_Yellow_Turbo_Flex.png","4919_Lemon_Yellow_Turbo_Flex.png","INVITEMS","DEFAULT-CS-4919-Lemon-Yellow-DEFAULT-CS-4919-Lemon-Yellow","","","0","0","0","","1","REGONLY","0","0","0","0","","","","SELECT","SELECT","0","","","","","0","0","","income-service","","","0","0","","","https://www.youtube.com/embed/Fk6oCCfLFMM","","CS-HTV-COL","CS-HTV-COL, CS-MOTHERS","","","0","CS-Heat_Tape, CS-FLEXOFF, CS-Olfa_Cutting_Matt_A3, CS-Olfa_Cutting_Matt_A4, CS-Olfa_Art_Knife, CS-Weeding_Hook, CS-Weeding_Tweezers","CS-Heat_Tape, CS-FLEXOFF, CS-Olfa_Cutting_Matt_A3, CS-Olfa_Cutting_Matt_A4, CS-Olfa_Art_Knife, CS-Weeding_Hook, CS-Weeding_Tweezers","A","","","","","Colours, Yellows","","Heat Pressing and Washing Info","<style>

table {

margin: 0 auto 0 auto;
}

table, th, td {
  
  border-collapse: collapse;
padding: 5px;
}
th, td {
  padding: 5px;
  text-align: center; 
  width: 100px;
  height: 50px;
  background-color:#FBA100;
  color: white;
  border-left: 5px solid white;
  border-right: 5px solid white;
}

th {
  border-top-color: white;
  font-size: 15px;
}

td {

padding-bottom: 1em;
border-bottom: 5px solid white;
font-size: 20px;
  
</style>



<table id=""data"">
  <tbody><tr>
    <th>PRESS TEMP</th>
<th>PRESS TIME</th>
<th>PRESSURE</th>
<th>EASY WEED</th>
<th>PEEL</th>
  </tr>
  <tr>
    <td>130<sup>o</sup>C<br>150<sup>o</sup>C<br>160<sup>o</sup>C</td>
<td>5 secs<br>4 secs<br>3 secs</td>
<td>Medium<br></td>
<td><span style=""font-size:30px;"">&#10003;</span></td>
<td>Warm</td>
  </tr>

<tr>
    <th>LAYER</th>
<th>REVERSE IMAGE</th>
<th>WASH</th>
<th>TUMBLE DRY</th>
<th>DRY CLEAN</th>
  </tr>
  <tr>
    <td><span style=""font-size:30px;"">&#10003;</span></td>
<td><span style=""font-size:30px;"">&#10003;</span></td>
<td>60<sup>o</sup>C</td>
<td><span style=""font-size:30px; color: white;"">&#10003;</span></td>
<td><span style=""font-size:30px;"">&#10003;</span></td>
  </tr>
  </tbody></table>
","","","","","","","Poli-Tape-4919-Lemon-Yellow-Turbo-Craft-HTV","0","htv, heat transfer vinyl, flex vinyl, flex, t shirt vinyl, t shirt film, t-shirt film, t-shirt vinyl, t shirt printing, t-shirt printing","","","1575300538","0","","0","","CHECKBOX"
"CS-4920-Gold-Metallic","Gold Turbo Heat Transfer Vinyl","4920","DEFAULT","400","0","CRAFTSTICK","","","","","0","Poli-Tape 4920 Gold Turbo Heat Transfer Vinyl.  Iron or heatpress on to garments and other fabrics fast and at low temperature.","<p>This is perfect for all you crafters and hobbyists out there. Simply plan and cut your design to be ironed or heatpressed on to fabric craft items or garments.</p>
<p>Compatible with all craft cutters such as the Cameo, Cricut, Stika and Skycut plus signmaking plotter cutters from Roland, Graphtec, Mimaki and Mutoh.</p>
<p>Produce long lasting and durable designs onto cushions, aprons, throws and blankets as well as t-shirts and baby / kidswear etc.</p>
<p>So get designing those beautiful creations then just cut and iron on to make them come to life!</p>

","4920_Gold.png","4920_Gold.png","INVITEMS","DEFAULT-CS-4920-Gold-Metallic-DEFAULT-CS-4920-Gold-Metallic","","","0","0","0","","1","REGONLY","0","0","0","0","","","","SELECT","SELECT","0","","","","","0","0","","income-service","","","0","0","","","https://www.youtube.com/embed/Fk6oCCfLFMM","","CS-HTV-COL","CS-HTV-COL, CS-HTV-METAL, CS-FESTIVE","","","0","CS-Heat_Tape, CS-FLEXOFF, CS-Olfa_Cutting_Matt_A3, CS-Olfa_Cutting_Matt_A4, CS-Olfa_Art_Knife, CS-Weeding_Hook, CS-Weeding_Tweezers","CS-Heat_Tape, CS-FLEXOFF, CS-Olfa_Cutting_Matt_A3, CS-Olfa_Cutting_Matt_A4, CS-Olfa_Art_Knife, CS-Weeding_Hook, CS-Weeding_Tweezers","A","","","","","Metallics, Yellows, Oranges","","Heat Pressing and Washing Info","<style>

table {

margin: 0 auto 0 auto;
}

table, th, td {
  
  border-collapse: collapse;
padding: 5px;
}
th, td {
  padding: 5px;
  text-align: center; 
  width: 100px;
  height: 50px;
  background-color:#FBA100;
  color: white;
  border-left: 5px solid white;
  border-right: 5px solid white;
}

th {
  border-top-color: white;
  font-size: 15px;
}

td {

padding-bottom: 1em;
border-bottom: 5px solid white;
font-size: 20px;
  
</style>



<table id=""data"">
  <tbody><tr>
    <th>PRESS TEMP</th>
<th>PRESS TIME</th>
<th>PRESSURE</th>
<th>EASY WEED</th>
<th>PEEL</th>
  </tr>
  <tr>
    <td>130<sup>o</sup>C<br>150<sup>o</sup>C<br>160<sup>o</sup>C</td>
<td>5 secs<br>4 secs<br>3 secs</td>
<td>Medium<br></td>
<td><span style=""font-size:30px;"">&#10003;</span></td>
<td>Warm</td>
  </tr>

<tr>
    <th>LAYER</th>
<th>REVERSE IMAGE</th>
<th>WASH</th>
<th>TUMBLE DRY</th>
<th>DRY CLEAN</th>
  </tr>
  <tr>
    <td><span style=""font-size:30px;"">&#10005;</span></td>
<td><span style=""font-size:30px;"">&#10003;</span></td>
<td>60<sup>o</sup>C</td>
<td><span style=""font-size:30px; color: white;"">&#10003;</span></td>
<td><span style=""font-size:30px;"">&#10003;</span></td>
  </tr>
  </tbody></table>
","","","","","","","Poli-Tape-4920-Gold-Metallic-Turbo-Craft-HTV","0","htv, heat transfer vinyl, flex vinyl, flex, t shirt vinyl, t shirt film, t-shirt film, t-shirt vinyl, t shirt printing, t-shirt printing","","","1583233976","0","","0","","CHECKBOX"
"CS-4922-Rose-Gold-Metallic","Rose Gold Metallic Turbo Heat Transfer Vinyl","4922","DEFAULT","430","0","CRAFTSTICK","","","","","0","Poli-Tape 4922 Rose Gold Metallic Turbo Heat Transfer Vinyl.  Iron or heatpress on to garments and other fabrics fast and at low temperature.","<p>This is perfect for all you crafters and hobbyists out there. Simply plan and cut your design to be ironed or heatpressed on to fabric craft items or garments.</p>
<p>Compatible with all craft cutters such as the Cameo, Cricut, Stika and Skycut plus signmaking plotter cutters from Roland, Graphtec, Mimaki and Mutoh.</p>
<p>Produce long lasting and durable designs onto cushions, aprons, throws and blankets as well as t-shirts and baby / kidswear etc.</p>
<p>So get designing those beautiful creations then just cut and iron on to make them come to life!</p>

","4922_Rose_Gold_Turbo_Flex.png","4922_Rose_Gold_Turbo_Flex.png","INVITEMS","DEFAULT-CS-4922-Rose-Gold-Metallic-DEFAULT-CS-4922-Rose-Gold-Metallic","","","0","0","0","","1","REGONLY","0","0","0","0","","","","SELECT","SELECT","0","","","","","0","0","","income-service","","","0","0","","","https://www.youtube.com/embed/Fk6oCCfLFMM","","CS-HTV-COL","CS-HTV-COL, CS-HTV-METAL, CS-FESTIVE, CS-VALENTINES","","","0","CS-Heat_Tape, CS-FLEXOFF, CS-Olfa_Cutting_Matt_A3, CS-Olfa_Cutting_Matt_A4, CS-Olfa_Art_Knife, CS-Weeding_Hook, CS-Weeding_Tweezers","CS-Heat_Tape, CS-FLEXOFF, CS-Olfa_Cutting_Matt_A3, CS-Olfa_Cutting_Matt_A4, CS-Olfa_Art_Knife, CS-Weeding_Hook, CS-Weeding_Tweezers","A","","","","","Metallics, Browns","","Heat Pressing and Washing Info","<style>

table {

margin: 0 auto 0 auto;
}

table, th, td {
  
  border-collapse: collapse;
padding: 5px;
}
th, td {
  padding: 5px;
  text-align: center; 
  width: 100px;
  height: 50px;
  background-color:#FBA100;
  color: white;
  border-left: 5px solid white;
  border-right: 5px solid white;
}

th {
  border-top-color: white;
  font-size: 15px;
}

td {

padding-bottom: 1em;
border-bottom: 5px solid white;
font-size: 20px;
  
</style>



<table id=""data"">
  <tbody><tr>
    <th>PRESS TEMP</th>
<th>PRESS TIME</th>
<th>PRESSURE</th>
<th>EASY WEED</th>
<th>PEEL</th>
  </tr>
  <tr>
    <td>130<sup>o</sup>C<br>150<sup>o</sup>C<br>160<sup>o</sup>C</td>
<td>5 secs<br>4 secs<br>3 secs</td>
<td>Medium<br></td>
<td><span style=""font-size:30px;"">&#10003;</span></td>
<td>Warm</td>
  </tr>

<tr>
    <th>LAYER</th>
<th>REVERSE IMAGE</th>
<th>WASH</th>
<th>TUMBLE DRY</th>
<th>DRY CLEAN</th>
  </tr>
  <tr>
    <td><span style=""font-size:30px;"">&#10005;</span></td>
<td><span style=""font-size:30px;"">&#10003;</span></td>
<td>60<sup>o</sup>C</td>
<td><span style=""font-size:30px; color: white;"">&#10003;</span></td>
<td><span style=""font-size:30px;"">&#10003;</span></td>
  </tr>
  </tbody></table>
","","","","","","","Poli-Tape-4922-Rose-Gold-Metallic-Turbo-Craft-HTV","0","htv, heat transfer vinyl, flex vinyl, flex, t shirt vinyl, t shirt film, t-shirt film, t-shirt vinyl, t shirt printing, t-shirt printing","","","1564594770","0","","0","","CHECKBOX"
"CS-4924-Bright-Copper-Metallic","Bright Copper Metallic Turbo Heat Transfer Vinyl","4924","DEFAULT","490","0","CRAFTSTICK","","","","","0","Poli-Tape 4924 Bright Copper Metallic Turbo Heat Transfer Vinyl.  Iron or heatpress on to garments and other fabrics fast and at low temperature.","<p>This is perfect for all you crafters and hobbyists out there. Simply plan and cut your design to be ironed or heatpressed on to fabric craft items or garments.</p>
<p>Compatible with all craft cutters such as the Cameo, Cricut, Stika and Skycut plus signmaking plotter cutters from Roland, Graphtec, Mimaki and Mutoh.</p>
<p>Produce long lasting and durable designs onto cushions, aprons, throws and blankets as well as t-shirts and baby / kidswear etc.</p>
<p>So get designing those beautiful creations then just cut and iron on to make them come to life!</p>

","4924_Bright_Copper.png","4924_Bright_Copper.png","INVITEMS","DEFAULT-CS-4924-Bright-Copper-Metallic-DEFAULT-CS-4924-Bright-Copper-Metallic","","","0","0","0","","1","REGONLY","0","0","0","0","","","","SELECT","SELECT","0","","","","","0","0","","income-service","","","0","0","","","https://www.youtube.com/embed/Fk6oCCfLFMM","","CS-HTV-COL","CS-HTV-COL, CS-HTV-METAL, CS-FESTIVE","","","0","CS-Heat_Tape, CS-FLEXOFF, CS-Olfa_Cutting_Matt_A3, CS-Olfa_Cutting_Matt_A4, CS-Olfa_Art_Knife, CS-Weeding_Hook, CS-Weeding_Tweezers","CS-Heat_Tape, CS-FLEXOFF, CS-Olfa_Cutting_Matt_A3, CS-Olfa_Cutting_Matt_A4, CS-Olfa_Art_Knife, CS-Weeding_Hook, CS-Weeding_Tweezers","A","","","","","Metallics, Browns, Oranges","","Heat Pressing and Washing Info","<style>

table {

margin: 0 auto 0 auto;
}

table, th, td {
  
  border-collapse: collapse;
padding: 5px;
}
th, td {
  padding: 5px;
  text-align: center; 
  width: 100px;
  height: 50px;
  background-color:#FBA100;
  color: white;
  border-left: 5px solid white;
  border-right: 5px solid white;
}

th {
  border-top-color: white;
  font-size: 15px;
}

td {

padding-bottom: 1em;
border-bottom: 5px solid white;
font-size: 20px;
  
</style>



<table id=""data"">
  <tbody><tr>
    <th>PRESS TEMP</th>
<th>PRESS TIME</th>
<th>PRESSURE</th>
<th>EASY WEED</th>
<th>PEEL</th>
  </tr>
  <tr>
    <td>130<sup>o</sup>C<br>150<sup>o</sup>C<br>160<sup>o</sup>C</td>
<td>5 secs<br>4 secs<br>3 secs</td>
<td>Medium<br></td>
<td><span style=""font-size:30px;"">&#10003;</span></td>
<td>Warm</td>
  </tr>

<tr>
    <th>LAYER</th>
<th>REVERSE IMAGE</th>
<th>WASH</th>
<th>TUMBLE DRY</th>
<th>DRY CLEAN</th>
  </tr>
  <tr>
    <td><span style=""font-size:30px;"">&#10005;</span></td>
<td><span style=""font-size:30px;"">&#10003;</span></td>
<td>60<sup>o</sup>C</td>
<td><span style=""font-size:30px; color: white;"">&#10003;</span></td>
<td><span style=""font-size:30px;"">&#10003;</span></td>
  </tr>
  </tbody></table>
","","","","","","","Poli-Tape-4924-Bright-Copper-Metallic-Turbo-Craft-HTV","0","htv, heat transfer vinyl, flex vinyl, flex, t shirt vinyl, t shirt film, t-shirt film, t-shirt vinyl, t shirt printing, t-shirt printing","","","1600880064","0","","0","","CHECKBOX"
"CS-4925-Bright-Pink","Bright Pink Turbo Heat Transfer Vinyl","4925","DEFAULT","530","0","CRAFTSTICK","","","","","0","Poli-Tape 4925 Bright Pink Turbo Heat Transfer Vinyl.  Iron or heatpress on to garments and other fabrics fast and at low temperature.","<p>This is perfect for all you crafters and hobbyists out there. Simply plan and cut your design to be ironed or heatpressed on to fabric craft items or garments.</p>
<p>Compatible with all craft cutters such as the Cameo, Cricut, Stika and Skycut plus signmaking plotter cutters from Roland, Graphtec, Mimaki and Mutoh.</p>
<p>Produce long lasting and durable designs onto cushions, aprons, throws and blankets as well as t-shirts and baby / kidswear etc.</p>
<p>So get designing those beautiful creations then just cut and iron on to make them come to life!</p>

","4925_Bright_Pink.png","4925_Bright_Pink.png","INVITEMS","DEFAULT-CS-4925-Bright-Pink-DEFAULT-CS-4925-Bright-Pink","","","0","0","0","","1","REGONLY","0","0","0","0","","","","SELECT","SELECT","0","","","","","0","0","","income-service","","","0","0","","","https://www.youtube.com/embed/Fk6oCCfLFMM","","CS-HTV-COL","CS-HTV-COL, CS-HTV-METAL","","","0","CS-Heat_Tape, CS-FLEXOFF, CS-Olfa_Cutting_Matt_A3, CS-Olfa_Cutting_Matt_A4, CS-Olfa_Art_Knife, CS-Weeding_Hook, CS-Weeding_Tweezers","CS-Heat_Tape, CS-FLEXOFF, CS-Olfa_Cutting_Matt_A3, CS-Olfa_Cutting_Matt_A4, CS-Olfa_Art_Knife, CS-Weeding_Hook, CS-Weeding_Tweezers","A","","","","","Metallics, Reds","","Heat Pressing and Washing Info","<style>

table {

margin: 0 auto 0 auto;
}

table, th, td {
  
  border-collapse: collapse;
padding: 5px;
}
th, td {
  padding: 5px;
  text-align: center; 
  width: 100px;
  height: 50px;
  background-color:#FBA100;
  color: white;
  border-left: 5px solid white;
  border-right: 5px solid white;
}

th {
  border-top-color: white;
  font-size: 15px;
}

td {

padding-bottom: 1em;
border-bottom: 5px solid white;
font-size: 20px;
  
</style>



<table id=""data"">
  <tbody><tr>
    <th>PRESS TEMP</th>
<th>PRESS TIME</th>
<th>PRESSURE</th>
<th>EASY WEED</th>
<th>PEEL</th>
  </tr>
  <tr>
    <td>130<sup>o</sup>C<br>150<sup>o</sup>C<br>160<sup>o</sup>C</td>
<td>5 secs<br>4 secs<br>3 secs</td>
<td>Medium<br></td>
<td><span style=""font-size:30px;"">&#10003;</span></td>
<td>Warm</td>
  </tr>

<tr>
    <th>LAYER</th>
<th>REVERSE IMAGE</th>
<th>WASH</th>
<th>TUMBLE DRY</th>
<th>DRY CLEAN</th>
  </tr>
  <tr>
    <td><span style=""font-size:30px;"">&#10005;</span></td>
<td><span style=""font-size:30px;"">&#10003;</span></td>
<td>60<sup>o</sup>C</td>
<td><span style=""font-size:30px; color: white;"">&#10003;</span></td>
<td><span style=""font-size:30px;"">&#10003;</span></td>
  </tr>
  </tbody></table>
","","","","","","","Poli-Tape-4925-Bright-Pink-Turbo-Craft-HTV","0","htv, heat transfer vinyl, flex vinyl, flex, t shirt vinyl, t shirt film, t-shirt film, t-shirt vinyl, t shirt printing, t-shirt printing","","","1647435187","0","","0","","CHECKBOX"
"CS-4926-Bright-Red","Bright Red Turbo Heat Transfer Vinyl","4926","DEFAULT","540","0","CRAFTSTICK","","","","","0","Poli-Tape 4926 Bright Red Turbo Heat Transfer Vinyl.  Iron or heatpress on to garments and other fabrics fast and at low temperature.","<p>This is perfect for all you crafters and hobbyists out there. Simply plan and cut your design to be ironed or heatpressed on to fabric craft items or garments.</p>
<p>Compatible with all craft cutters such as the Cameo, Cricut, Stika and Skycut plus signmaking plotter cutters from Roland, Graphtec, Mimaki and Mutoh.</p>
<p>Produce long lasting and durable designs onto cushions, aprons, throws and blankets as well as t-shirts and baby / kidswear etc.</p>
<p>So get designing those beautiful creations then just cut and iron on to make them come to life!</p>

","4926_Bright_Red.png","4926_Bright_Red.png","INVITEMS","DEFAULT-CS-4926-Bright-Red-DEFAULT-CS-4926-Bright-Red","","","0","0","0","","1","REGONLY","0","0","0","0","","","","SELECT","SELECT","0","","","","","0","0","","income-service","","","0","0","","","https://www.youtube.com/embed/Fk6oCCfLFMM","","CS-HTV-COL","CS-HTV-COL, CS-HTV-METAL","","","0","CS-Heat_Tape, CS-FLEXOFF, CS-Olfa_Cutting_Matt_A3, CS-Olfa_Cutting_Matt_A4, CS-Olfa_Art_Knife, CS-Weeding_Hook, CS-Weeding_Tweezers","CS-Heat_Tape, CS-FLEXOFF, CS-Olfa_Cutting_Matt_A3, CS-Olfa_Cutting_Matt_A4, CS-Olfa_Art_Knife, CS-Weeding_Hook, CS-Weeding_Tweezers","A","","","","","Metallics, Reds","","Heat Pressing and Washing Info","<style>

table {

margin: 0 auto 0 auto;
}

table, th, td {
  
  border-collapse: collapse;
padding: 5px;
}
th, td {
  padding: 5px;
  text-align: center; 
  width: 100px;
  height: 50px;
  background-color:#FBA100;
  color: white;
  border-left: 5px solid white;
  border-right: 5px solid white;
}

th {
  border-top-color: white;
  font-size: 15px;
}

td {

padding-bottom: 1em;
border-bottom: 5px solid white;
font-size: 20px;
  
</style>


<table id=""data"">
  <tbody><tr>
    <th>PRESS TEMP</th>
<th>PRESS TIME</th>
<th>PRESSURE</th>
<th>EASY WEED</th>
<th>PEEL</th>
  </tr>
  <tr>
    <td>130<sup>o</sup>C<br>150<sup>o</sup>C<br>160<sup>o</sup>C</td>
<td>5 secs<br>4 secs<br>3 secs</td>
<td>Medium<br></td>
<td><span style=""font-size:30px;"">&#10003;</span></td>
<td>Warm</td>
  </tr>

<tr>
    <th>LAYER</th>
<th>REVERSE IMAGE</th>
<th>WASH</th>
<th>TUMBLE DRY</th>
<th>DRY CLEAN</th>
  </tr>
  <tr>
    <td><span style=""font-size:30px;"">&#10005;</span></td>
<td><span style=""font-size:30px;"">&#10003;</span></td>
<td>60<sup>o</sup>C</td>
<td><span style=""font-size:30px; color: white;"">&#10003;</span></td>
<td><span style=""font-size:30px;"">&#10003;</span></td>
  </tr>
  </tbody></table>
","","","","","","","Poli-Tape-4926-Bright-Red-Turbo-Craft-HTV","0","htv, heat transfer vinyl, flex vinyl, flex, t shirt vinyl, t shirt film, t-shirt film, t-shirt vinyl, t shirt printing, t-shirt printing","","","1647436007","0","","0","","CHECKBOX"
"CS-4927-Bright-Blue","Bright Blue Turbo Heat Transfer Vinyl","4927","DEFAULT","550","0","CRAFTSTICK","","","","","0","Poli-Tape 4927 Bright Blue Turbo Heat Transfer Vinyl.  Iron or heatpress on to garments and other fabrics fast and at low temperature.","<p>This is perfect for all you crafters and hobbyists out there. Simply plan and cut your design to be ironed or heatpressed on to fabric craft items or garments.</p>
<p>Compatible with all craft cutters such as the Cameo, Cricut, Stika and Skycut plus signmaking plotter cutters from Roland, Graphtec, Mimaki and Mutoh.</p>
<p>Produce long lasting and durable designs onto cushions, aprons, throws and blankets as well as t-shirts and baby / kidswear etc.</p>
<p>So get designing those beautiful creations then just cut and iron on to make them come to life!</p>

","4927_Bright_Blue.png","4927_Bright_Blue.png","INVITEMS","DEFAULT-CS-4927-Bright-Blue-DEFAULT-CS-4927-Bright-Blue","","","0","0","0","","1","REGONLY","0","0","0","0","","","","SELECT","SELECT","0","","","","","0","0","","income-service","","","0","0","","","https://www.youtube.com/embed/Fk6oCCfLFMM","","CS-HTV-COL","CS-HTV-COL, CS-HTV-METAL","","","0","CS-Heat_Tape, CS-FLEXOFF, CS-Olfa_Cutting_Matt_A3, CS-Olfa_Cutting_Matt_A4, CS-Olfa_Art_Knife, CS-Weeding_Hook, CS-Weeding_Tweezers","CS-Heat_Tape, CS-FLEXOFF, CS-Olfa_Cutting_Matt_A3, CS-Olfa_Cutting_Matt_A4, CS-Olfa_Art_Knife, CS-Weeding_Hook, CS-Weeding_Tweezers","A","","","","","Metallics, Blues","","Heat Pressing and Washing Info","<style>

table {

margin: 0 auto 0 auto;
}

table, th, td {
  
  border-collapse: collapse;
padding: 5px;
}
th, td {
  padding: 5px;
  text-align: center; 
  width: 100px;
  height: 50px;
  background-color:#FBA100;
  color: white;
  border-left: 5px solid white;
  border-right: 5px solid white;
}

th {
  border-top-color: white;
  font-size: 15px;
}

td {

padding-bottom: 1em;
border-bottom: 5px solid white;
font-size: 20px;
  
</style>


<table id=""data"">
  <tbody><tr>
    <th>PRESS TEMP</th>
<th>PRESS TIME</th>
<th>PRESSURE</th>
<th>EASY WEED</th>
<th>PEEL</th>
  </tr>
  <tr>
    <td>130<sup>o</sup>C<br>150<sup>o</sup>C<br>160<sup>o</sup>C</td>
<td>5 secs<br>4 secs<br>3 secs</td>
<td>Medium<br></td>
<td><span style=""font-size:30px;"">&#10003;</span></td>
<td>Warm</td>
  </tr>

<tr>
    <th>LAYER</th>
<th>REVERSE IMAGE</th>
<th>WASH</th>
<th>TUMBLE DRY</th>
<th>DRY CLEAN</th>
  </tr>
  <tr>
    <td><span style=""font-size:30px;"">&#10005;</span></td>
<td><span style=""font-size:30px;"">&#10003;</span></td>
<td>60<sup>o</sup>C</td>
<td><span style=""font-size:30px; color: white;"">&#10003;</span></td>
<td><span style=""font-size:30px;"">&#10003;</span></td>
  </tr>
  </tbody></table>
","","","","","","","Poli-Tape-4927-Bright-Blue-Turbo-Craft-HTV","0","htv, heat transfer vinyl, flex vinyl, flex, t shirt vinyl, t shirt film, t-shirt film, t-shirt vinyl, t shirt printing, t-shirt printing","","","1647438577","0","","0","","CHECKBOX"
"CS-4928-Bright-Lavender","Bright Lavender Turbo Heat Transfer Vinyl","4928","DEFAULT","560","0","CRAFTSTICK","","","","","0","Poli-Tape 4928 Bright Lavender Turbo Heat Transfer Vinyl.  Iron or heatpress on to garments and other fabrics fast and at low temperature.","<p>This is perfect for all you crafters and hobbyists out there. Simply plan and cut your design to be ironed or heatpressed on to fabric craft items or garments.</p>
<p>Compatible with all craft cutters such as the Cameo, Cricut, Stika and Skycut plus signmaking plotter cutters from Roland, Graphtec, Mimaki and Mutoh.</p>
<p>Produce long lasting and durable designs onto cushions, aprons, throws and blankets as well as t-shirts and baby / kidswear etc.</p>
<p>So get designing those beautiful creations then just cut and iron on to make them come to life!</p>

","4928_Bright_Lavender.png","4928_Bright_Lavender.png","INVITEMS","DEFAULT-CS-4928-Bright-Lavender-DEFAULT-CS-4928-Bright-Lavender","","","0","0","0","","1","REGONLY","0","0","0","0","","","","SELECT","SELECT","0","","","","","0","0","","income-service","","","0","0","","","https://www.youtube.com/embed/Fk6oCCfLFMM","","CS-HTV-COL","CS-HTV-COL, CS-HTV-METAL","","","0","CS-Heat_Tape, CS-FLEXOFF, CS-Olfa_Cutting_Matt_A3, CS-Olfa_Cutting_Matt_A4, CS-Olfa_Art_Knife, CS-Weeding_Hook, CS-Weeding_Tweezers","CS-Heat_Tape, CS-FLEXOFF, CS-Olfa_Cutting_Matt_A3, CS-Olfa_Cutting_Matt_A4, CS-Olfa_Art_Knife, CS-Weeding_Hook, CS-Weeding_Tweezers","A","","","","","Metallics, Reds, Blues","","Heat Pressing and Washing Info","<style>

table {

margin: 0 auto 0 auto;
}

table, th, td {
  
  border-collapse: collapse;
padding: 5px;
}
th, td {
  padding: 5px;
  text-align: center; 
  width: 100px;
  height: 50px;
  background-color:#FBA100;
  color: white;
  border-left: 5px solid white;
  border-right: 5px solid white;
}

th {
  border-top-color: white;
  font-size: 15px;
}

td {

padding-bottom: 1em;
border-bottom: 5px solid white;
font-size: 20px;
  
</style>


<table id=""data"">
  <tbody><tr>
    <th>PRESS TEMP</th>
<th>PRESS TIME</th>
<th>PRESSURE</th>
<th>EASY WEED</th>
<th>PEEL</th>
  </tr>
  <tr>
    <td>130<sup>o</sup>C<br>150<sup>o</sup>C<br>160<sup>o</sup>C</td>
<td>5 secs<br>4 secs<br>3 secs</td>
<td>Medium<br></td>
<td><span style=""font-size:30px;"">&#10003;</span></td>
<td>Warm</td>
  </tr>

<tr>
    <th>LAYER</th>
<th>REVERSE IMAGE</th>
<th>WASH</th>
<th>TUMBLE DRY</th>
<th>DRY CLEAN</th>
  </tr>
  <tr>
    <td><span style=""font-size:30px;"">&#10005;</span></td>
<td><span style=""font-size:30px;"">&#10003;</span></td>
<td>60<sup>o</sup>C</td>
<td><span style=""font-size:30px; color: white;"">&#10003;</span></td>
<td><span style=""font-size:30px;"">&#10003;</span></td>
  </tr>
  </tbody></table>
","","","","","","","Poli-Tape-4928-Bright-Lavender-Turbo-Craft-HTV","0","htv, heat transfer vinyl, flex vinyl, flex, t shirt vinyl, t shirt film, t-shirt film, t-shirt vinyl, t shirt printing, t-shirt printing","","","1647439140","0","","0","","CHECKBOX"
"CS-4929-Coral","Coral Turbo Heat Transfer Vinyl","4929","DEFAULT","150","0","CRAFTSTICK","","","","","0","Poli-Tape 4929 Coral Turbo Heat Transfer Vinyl.  Iron or heatpress on to garments and other fabrics fast and at low temperature.","<p>This is perfect for all you crafters and hobbyists out there. Simply plan and cut your design to be ironed or heatpressed on to fabric craft items or garments.</p>
<p>Compatible with all craft cutters such as the Cameo, Cricut, Stika and Skycut plus signmaking plotter cutters from Roland, Graphtec, Mimaki and Mutoh.</p>
<p>Produce long lasting and durable designs onto cushions, aprons, throws and blankets as well as t-shirts and baby / kidswear etc.</p>
<p>So get designing those beautiful creations then just cut and iron on to make them come to life!</p>

","4929_Coral.png","4929_Coral.png","INVITEMS","DEFAULT-CS-4929-Coral-DEFAULT-CS-4929-Coral","","","0","0","0","","1","REGONLY","0","0","0","0","","","","SELECT","SELECT","0","","","","","0","0","","income-service","","","0","0","","","https://www.youtube.com/embed/Fk6oCCfLFMM","","CS-HTV-COL","CS-HTV-COL, CS-AUTUMN, CS-FESTIVE, CS-VALENTINES, CS-HTV-PASTEL","","","0","CS-Heat_Tape, CS-FLEXOFF, CS-Olfa_Cutting_Matt_A3, CS-Olfa_Cutting_Matt_A4, CS-Olfa_Art_Knife, CS-Weeding_Hook, CS-Weeding_Tweezers","CS-Heat_Tape, CS-FLEXOFF, CS-Olfa_Cutting_Matt_A3, CS-Olfa_Cutting_Matt_A4, CS-Olfa_Art_Knife, CS-Weeding_Hook, CS-Weeding_Tweezers","A","","","","","Colours, Oranges","","Heat Pressing and Washing Info","<style>

table {

margin: 0 auto 0 auto;
}

table, th, td {
  
  border-collapse: collapse;
padding: 5px;
}
th, td {
  padding: 5px;
  text-align: center; 
  width: 100px;
  height: 50px;
  background-color:#FBA100;
  color: white;
  border-left: 5px solid white;
  border-right: 5px solid white;
}

th {
  border-top-color: white;
  font-size: 15px;
}

td {

padding-bottom: 1em;
border-bottom: 5px solid white;
font-size: 20px;
  
</style>



<table id=""data"">
  <tbody><tr>
    <th>PRESS TEMP</th>
<th>PRESS TIME</th>
<th>PRESSURE</th>
<th>EASY WEED</th>
<th>PEEL</th>
  </tr>
  <tr>
    <td>130<sup>o</sup>C<br>150<sup>o</sup>C<br>160<sup>o</sup>C</td>
<td>5 secs<br>4 secs<br>3 secs</td>
<td>Medium<br></td>
<td><span style=""font-size:30px;"">&#10003;</span></td>
<td>Warm</td>
  </tr>

<tr>
    <th>LAYER</th>
<th>REVERSE IMAGE</th>
<th>WASH</th>
<th>TUMBLE DRY</th>
<th>DRY CLEAN</th>
  </tr>
  <tr>
    <td><span style=""font-size:30px;"">&#10003;</span></td>
<td><span style=""font-size:30px;"">&#10003;</span></td>
<td>60<sup>o</sup>C</td>
<td><span style=""font-size:30px; color: white;"">&#10003;</span></td>
<td><span style=""font-size:30px;"">&#10003;</span></td>
  </tr>
  </tbody></table>
","","","","","","","Poli-Tape-4929-Coral-Turbo-Craft-HTV","0","htv, heat transfer vinyl, flex vinyl, flex, t shirt vinyl, t shirt film, t-shirt film, t-shirt vinyl, t shirt printing, t-shirt printing","","","1710854273","0","","0","","CHECKBOX"
"CS-4930-Silver-Metallic","Silver Turbo Heat Transfer Vinyl","4930","DEFAULT","410","0","CRAFTSTICK","","","","","0","Poli-Tape 4930 Silver Turbo Heat Transfer Vinyl.  Iron or heatpress on to garments and other fabrics fast and at low temperature.","<p>This is perfect for all you crafters and hobbyists out there. Simply plan and cut your design to be ironed or heatpressed on to fabric craft items or garments.</p>
<p>Compatible with all craft cutters such as the Cameo, Cricut, Stika and Skycut plus signmaking plotter cutters from Roland, Graphtec, Mimaki and Mutoh.</p>
<p>Produce long lasting and durable designs onto cushions, aprons, throws and blankets as well as t-shirts and baby / kidswear etc.</p>
<p>So get designing those beautiful creations then just cut and iron on to make them come to life!</p>

","4930_Silver.png","4930_Silver.png","INVITEMS","DEFAULT-CS-4930-Silver-Metallic-DEFAULT-CS-4930-Silver-Metallic","","","0","0","0","","1","REGONLY","0","0","0","0","","","","SELECT","SELECT","0","","","","","0","0","","income-service","","","0","0","","","https://www.youtube.com/embed/Fk6oCCfLFMM","","CS-HTV-COL","CS-HTV-COL, CS-HTV-METAL, CS-FESTIVE","","","0","CS-Heat_Tape, CS-FLEXOFF, CS-Olfa_Cutting_Matt_A3, CS-Olfa_Cutting_Matt_A4, CS-Olfa_Art_Knife, CS-Weeding_Hook, CS-Weeding_Tweezers","CS-Heat_Tape, CS-FLEXOFF, CS-Olfa_Cutting_Matt_A3, CS-Olfa_Cutting_Matt_A4, CS-Olfa_Art_Knife, CS-Weeding_Hook, CS-Weeding_Tweezers","A","","","","","Metallics","","Heat Pressing and Washing Info","<style>

table {

margin: 0 auto 0 auto;
}

table, th, td {
  
  border-collapse: collapse;
padding: 5px;
}
th, td {
  padding: 5px;
  text-align: center; 
  width: 100px;
  height: 50px;
  background-color:#FBA100;
  color: white;
  border-left: 5px solid white;
  border-right: 5px solid white;
}

th {
  border-top-color: white;
  font-size: 15px;
}

td {

padding-bottom: 1em;
border-bottom: 5px solid white;
font-size: 20px;
  
</style>



<table id=""data"">
  <tbody><tr>
    <th>PRESS TEMP</th>
<th>PRESS TIME</th>
<th>PRESSURE</th>
<th>EASY WEED</th>
<th>PEEL</th>
  </tr>
  <tr>
    <td>130<sup>o</sup>C<br>150<sup>o</sup>C<br>160<sup>o</sup>C</td>
<td>5 secs<br>4 secs<br>3 secs</td>
<td>Medium<br></td>
<td><span style=""font-size:30px;"">&#10003;</span></td>
<td>Warm</td>
  </tr>

<tr>
    <th>LAYER</th>
<th>REVERSE IMAGE</th>
<th>WASH</th>
<th>TUMBLE DRY</th>
<th>DRY CLEAN</th>
  </tr>
  <tr>
    <td><span style=""font-size:30px;"">&#10005;</span></td>
<td><span style=""font-size:30px;"">&#10003;</span></td>
<td>60<sup>o</sup>C</td>
<td><span style=""font-size:30px; color: white;"">&#10003;</span></td>
<td><span style=""font-size:30px;"">&#10003;</span></td>
  </tr>
  </tbody></table>
","","","","","","","Poli-Tape-4930-Silver-Metallic-Turbo-Craft-HTV","0","htv, heat transfer vinyl, flex vinyl, flex, t shirt vinyl, t shirt film, t-shirt film, t-shirt vinyl, t shirt printing, t-shirt printing","","","1575568309","0","","0","","CHECKBOX"
"CS-4940-Neon-Yellow","Neon Yellow Turbo Heat Transfer Vinyl","4940","DEFAULT","580","0","CRAFTSTICK","","","","","0","Poli-Tape 4940 Neon Yellow Turbo Heat Transfer Vinyl.  Iron or heatpress on to garments and other fabrics fast and at low temperature.","<p>This is perfect for all you crafters and hobbyists out there. Simply plan and cut your design to be ironed or heatpressed on to fabric craft items or garments.</p>
<p>Compatible with all craft cutters such as the Cameo, Cricut, Stika and Skycut plus signmaking plotter cutters from Roland, Graphtec, Mimaki and Mutoh.</p>
<p>Produce long lasting and durable designs onto cushions, aprons, throws and blankets as well as t-shirts and baby / kidswear etc.</p>
<p>So get designing those beautiful creations then just cut and iron on to make them come to life!</p>

","4940_Neon_Yellow.png","4940_Neon_Yellow.png","INVITEMS","DEFAULT-CS-4940-Neon-Yellow-DEFAULT-CS-4940-Neon-Yellow","","","0","0","0","","1","REGONLY","0","0","0","0","","","","SELECT","SELECT","0","","","","","0","0","","income-service","","","0","0","","","https://www.youtube.com/embed/Fk6oCCfLFMM","","CS-HTV-COL","CS-HTV-COL, CS-HTV-NEON","","","0","CS-Heat_Tape, CS-FLEXOFF, CS-Olfa_Cutting_Matt_A3, CS-Olfa_Cutting_Matt_A4, CS-Olfa_Art_Knife, CS-Weeding_Hook, CS-Weeding_Tweezers","CS-Heat_Tape, CS-FLEXOFF, CS-Olfa_Cutting_Matt_A3, CS-Olfa_Cutting_Matt_A4, CS-Olfa_Art_Knife, CS-Weeding_Hook, CS-Weeding_Tweezers","A","","","","","Neons, Yellows","","Heat Pressing and Washing Info","<style>

table {

margin: 0 auto 0 auto;
}

table, th, td {
  
  border-collapse: collapse;
padding: 5px;
}
th, td {
  padding: 5px;
  text-align: center; 
  width: 100px;
  height: 50px;
  background-color:#FBA100;
  color: white;
  border-left: 5px solid white;
  border-right: 5px solid white;
}

th {
  border-top-color: white;
  font-size: 15px;
}

td {

padding-bottom: 1em;
border-bottom: 5px solid white;
font-size: 20px;
  
</style>



<table id=""data"">
  <tbody><tr>
    <th>PRESS TEMP</th>
<th>PRESS TIME</th>
<th>PRESSURE</th>
<th>EASY WEED</th>
<th>PEEL</th>
  </tr>
  <tr>
    <td>130<sup>o</sup>C<br>150<sup>o</sup>C<br>160<sup>o</sup>C</td>
<td>5 secs<br>4 secs<br>3 secs</td>
<td>Medium<br></td>
<td><span style=""font-size:30px;"">&#10003;</span></td>
<td>Lukewarm</td>
  </tr>

<tr>
    <th>LAYER</th>
<th>REVERSE IMAGE</th>
<th>WASH</th>
<th>TUMBLE DRY</th>
<th>DRY CLEAN</th>
  </tr>
  <tr>
    <td><span style=""font-size:30px;"">&#10005;</span></td>
<td><span style=""font-size:30px;"">&#10003;</span></td>
<td>60<sup>o</sup>C</td>
<td><span style=""font-size:30px; color: white;"">&#10003;</span></td>
<td><span style=""font-size:30px;"">&#10003;</span></td>
  </tr>
  </tbody></table>
","","","","","","","Poli-Tape-4940-Neon-Yellow-Turbo-Craft-HTV","0","htv, heat transfer vinyl, flex vinyl, flex, t shirt vinyl, t shirt film, t-shirt film, t-shirt vinyl, t shirt printing, t-shirt printing","","","1637864879","0","","0","","CHECKBOX"
"CS-4941-Neon-Green","Neon Green Turbo Heat Transfer Vinyl","4941","DEFAULT","590","0","CRAFTSTICK","","","","","0","Poli-Tape 4941 Neon Green Turbo Heat Transfer Vinyl.  Iron or heatpress on to garments and other fabrics fast and at low temperature.","<p>This is perfect for all you crafters and hobbyists out there. Simply plan and cut your design to be ironed or heatpressed on to fabric craft items or garments.</p>
<p>Compatible with all craft cutters such as the Cameo, Cricut, Stika and Skycut plus signmaking plotter cutters from Roland, Graphtec, Mimaki and Mutoh.</p>
<p>Produce long lasting and durable designs onto cushions, aprons, throws and blankets as well as t-shirts and baby / kidswear etc.</p>
<p>So get designing those beautiful creations then just cut and iron on to make them come to life!</p>

","4941_Neon_Green.png","4941_Neon_Green.png","INVITEMS","DEFAULT-CS-4941-Neon-Green-DEFAULT-CS-4941-Neon-Green","","","0","0","0","","1","REGONLY","0","0","0","0","","","","SELECT","SELECT","0","","","","","0","0","","income-service","","","0","0","","","https://www.youtube.com/embed/Fk6oCCfLFMM","","CS-HTV-COL","CS-HTV-COL, CS-HTV-NEON","","","0","CS-Heat_Tape, CS-FLEXOFF, CS-Olfa_Cutting_Matt_A3, CS-Olfa_Cutting_Matt_A4, CS-Olfa_Art_Knife, CS-Weeding_Hook, CS-Weeding_Tweezers","CS-Heat_Tape, CS-FLEXOFF, CS-Olfa_Cutting_Matt_A3, CS-Olfa_Cutting_Matt_A4, CS-Olfa_Art_Knife, CS-Weeding_Hook, CS-Weeding_Tweezers","A","","","","","Neons, Greens","","Heat Pressing and Washing Info","<style>

table {

margin: 0 auto 0 auto;
}

table, th, td {
  
  border-collapse: collapse;
padding: 5px;
}
th, td {
  padding: 5px;
  text-align: center; 
  width: 100px;
  height: 50px;
  background-color:#FBA100;
  color: white;
  border-left: 5px solid white;
  border-right: 5px solid white;
}

th {
  border-top-color: white;
  font-size: 15px;
}

td {

padding-bottom: 1em;
border-bottom: 5px solid white;
font-size: 20px;
  
</style>



<table id=""data"">
  <tbody><tr>
    <th>PRESS TEMP</th>
<th>PRESS TIME</th>
<th>PRESSURE</th>
<th>EASY WEED</th>
<th>PEEL</th>
  </tr>
  <tr>
    <td>130<sup>o</sup>C<br>150<sup>o</sup>C<br>160<sup>o</sup>C</td>
<td>5 secs<br>4 secs<br>3 secs</td>
<td>Medium<br></td>
<td><span style=""font-size:30px;"">&#10003;</span></td>
<td>Lukewarm</td>
  </tr>

<tr>
    <th>LAYER</th>
<th>REVERSE IMAGE</th>
<th>WASH</th>
<th>TUMBLE DRY</th>
<th>DRY CLEAN</th>
  </tr>
  <tr>
    <td><span style=""font-size:30px;"">&#10005;</span></td>
<td><span style=""font-size:30px;"">&#10003;</span></td>
<td>60<sup>o</sup>C</td>
<td><span style=""font-size:30px; color: white;"">&#10003;</span></td>
<td><span style=""font-size:30px;"">&#10003;</span></td>
  </tr>
  </tbody></table>
","","","","","","","Poli-Tape-4941-Neon-Green-Turbo-Craft-HTV","0","htv, heat transfer vinyl, flex vinyl, flex, t shirt vinyl, t shirt film, t-shirt film, t-shirt vinyl, t shirt printing, t-shirt printing","","","1606493873","0","","0","","CHECKBOX"
"CS-4942-Neon-Orange","Neon Orange Turbo Heat Transfer Vinyl","4942","DEFAULT","600","0","CRAFTSTICK","","","","","0","Poli-Tape 4942 Neon Orange Turbo Heat Transfer Vinyl.  Iron or heatpress on to garments and other fabrics fast and at low temperature.","<p>This is perfect for all you crafters and hobbyists out there. Simply plan and cut your design to be ironed or heatpressed on to fabric craft items or garments.</p>
<p>Compatible with all craft cutters such as the Cameo, Cricut, Stika and Skycut plus signmaking plotter cutters from Roland, Graphtec, Mimaki and Mutoh.</p>
<p>Produce long lasting and durable designs onto cushions, aprons, throws and blankets as well as t-shirts and baby / kidswear etc.</p>
<p>So get designing those beautiful creations then just cut and iron on to make them come to life!</p>

","4942_Neon_Orange.png","4942_Neon_Orange.png","INVITEMS","DEFAULT-CS-4942-Neon-Orange-DEFAULT-CS-4942-Neon-Orange","","","0","0","0","","1","REGONLY","0","0","0","0","","","","SELECT","SELECT","0","","","","","0","0","","income-service","","","0","0","","","https://www.youtube.com/embed/Fk6oCCfLFMM","","CS-HTV-COL","CS-HTV-COL, CS-HTV-NEON","","","0","CS-Heat_Tape, CS-FLEXOFF, CS-Olfa_Cutting_Matt_A3, CS-Olfa_Cutting_Matt_A4, CS-Olfa_Art_Knife, CS-Weeding_Hook, CS-Weeding_Tweezers","CS-Heat_Tape, CS-FLEXOFF, CS-Olfa_Cutting_Matt_A3, CS-Olfa_Cutting_Matt_A4, CS-Olfa_Art_Knife, CS-Weeding_Hook, CS-Weeding_Tweezers","A","","","","","Neons, Oranges","","Heat Pressing and Washing Info","<style>

table {

margin: 0 auto 0 auto;
}

table, th, td {
  
  border-collapse: collapse;
padding: 5px;
}
th, td {
  padding: 5px;
  text-align: center; 
  width: 100px;
  height: 50px;
  background-color:#FBA100;
  color: white;
  border-left: 5px solid white;
  border-right: 5px solid white;
}

th {
  border-top-color: white;
  font-size: 15px;
}

td {

padding-bottom: 1em;
border-bottom: 5px solid white;
font-size: 20px;
  
</style>



<table id=""data"">
  <tbody><tr>
    <th>PRESS TEMP</th>
<th>PRESS TIME</th>
<th>PRESSURE</th>
<th>EASY WEED</th>
<th>PEEL</th>
  </tr>
  <tr>
    <td>130<sup>o</sup>C<br>150<sup>o</sup>C<br>160<sup>o</sup>C</td>
<td>5 secs<br>4 secs<br>3 secs</td>
<td>Medium<br></td>
<td><span style=""font-size:30px;"">&#10003;</span></td>
<td>Lukewarm</td>
  </tr>

<tr>
    <th>LAYER</th>
<th>REVERSE IMAGE</th>
<th>WASH</th>
<th>TUMBLE DRY</th>
<th>DRY CLEAN</th>
  </tr>
  <tr>
    <td><span style=""font-size:30px;"">&#10005;</span></td>
<td><span style=""font-size:30px;"">&#10003;</span></td>
<td>60<sup>o</sup>C</td>
<td><span style=""font-size:30px; color: white;"">&#10003;</span></td>
<td><span style=""font-size:30px;"">&#10003;</span></td>
  </tr>
  </tbody></table>
","","","","","","","Poli-Tape-4942-Neon-Orange-Turbo-Craft-HTV","0","htv, heat transfer vinyl, flex vinyl, flex, t shirt vinyl, t shirt film, t-shirt film, t-shirt vinyl, t shirt printing, t-shirt printing","","","1600270003","0","","0","","CHECKBOX"
"CS-4943-Neon-Pink","Neon Pink Turbo Heat Transfer Vinyl","4943","DEFAULT","620","0","CRAFTSTICK","","","","","0","Poli-Tape 4943 Neon Pink Turbo Heat Transfer Vinyl.  Iron or heatpress on to garments and other fabrics fast and at low temperature.","<p>This is perfect for all you crafters and hobbyists out there. Simply plan and cut your design to be ironed or heatpressed on to fabric craft items or garments.</p>
<p>Compatible with all craft cutters such as the Cameo, Cricut, Stika and Skycut plus signmaking plotter cutters from Roland, Graphtec, Mimaki and Mutoh.</p>
<p>Produce long lasting and durable designs onto cushions, aprons, throws and blankets as well as t-shirts and baby / kidswear etc.</p>
<p>So get designing those beautiful creations then just cut and iron on to make them come to life!</p>

","4943_Neon_Pink.png","4943_Neon_Pink.png","INVITEMS","DEFAULT-CS-4943-Neon-Pink-DEFAULT-CS-4943-Neon-Pink","","","0","0","0","","1","REGONLY","0","0","0","0","","","","SELECT","SELECT","0","","","","","0","0","","income-service","","","0","0","","","https://www.youtube.com/embed/Fk6oCCfLFMM","","CS-HTV-COL","CS-HTV-COL, CS-HTV-NEON","","","0","CS-Heat_Tape, CS-FLEXOFF, CS-Olfa_Cutting_Matt_A3, CS-Olfa_Cutting_Matt_A4, CS-Olfa_Art_Knife, CS-Weeding_Hook, CS-Weeding_Tweezers","CS-Heat_Tape, CS-FLEXOFF, CS-Olfa_Cutting_Matt_A3, CS-Olfa_Cutting_Matt_A4, CS-Olfa_Art_Knife, CS-Weeding_Hook, CS-Weeding_Tweezers","A","","","","","Neons, Reds","","Heat Pressing and Washing Info","<style>

table {

margin: 0 auto 0 auto;
}

table, th, td {
  
  border-collapse: collapse;
padding: 5px;
}
th, td {
  padding: 5px;
  text-align: center; 
  width: 100px;
  height: 50px;
  background-color:#FBA100;
  color: white;
  border-left: 5px solid white;
  border-right: 5px solid white;
}

th {
  border-top-color: white;
  font-size: 15px;
}

td {

padding-bottom: 1em;
border-bottom: 5px solid white;
font-size: 20px;
  
</style>



<table id=""data"">
  <tbody><tr>
    <th>PRESS TEMP</th>
<th>PRESS TIME</th>
<th>PRESSURE</th>
<th>EASY WEED</th>
<th>PEEL</th>
  </tr>
  <tr>
    <td>130<sup>o</sup>C<br>150<sup>o</sup>C<br>160<sup>o</sup>C</td>
<td>5 secs<br>4 secs<br>3 secs</td>
<td>Medium<br></td>
<td><span style=""font-size:30px;"">&#10003;</span></td>
<td>Lukewarm</td>
  </tr>

<tr>
    <th>LAYER</th>
<th>REVERSE IMAGE</th>
<th>WASH</th>
<th>TUMBLE DRY</th>
<th>DRY CLEAN</th>
  </tr>
  <tr>
    <td><span style=""font-size:30px;"">&#10005;</span></td>
<td><span style=""font-size:30px;"">&#10003;</span></td>
<td>60<sup>o</sup>C</td>
<td><span style=""font-size:30px; color: white;"">&#10003;</span></td>
<td><span style=""font-size:30px;"">&#10003;</span></td>
  </tr>
  </tbody></table>
","","","","","","","Poli-Tape-4943-Neon-Pink-Turbo-Craft-HTV","0","htv, heat transfer vinyl, flex vinyl, flex, t shirt vinyl, t shirt film, t-shirt film, t-shirt vinyl, t shirt printing, t-shirt printing","","","1602688828","0","","0","","CHECKBOX"
"CS-4944-Neon-Red","Neon Red Turbo Heat Transfer Vinyl","4944","DEFAULT","610","0","CRAFTSTICK","","","","","0","Poli-Tape 4944 Neon Red Turbo Heat Transfer Vinyl.  Iron or heatpress on to garments and other fabrics fast and at low temperature.","<p>This is perfect for all you crafters and hobbyists out there. Simply plan and cut your design to be ironed or heatpressed on to fabric craft items or garments.</p>
<p>Compatible with all craft cutters such as the Cameo, Cricut, Stika and Skycut plus signmaking plotter cutters from Roland, Graphtec, Mimaki and Mutoh.</p>
<p>Produce long lasting and durable designs onto cushions, aprons, throws and blankets as well as t-shirts and baby / kidswear etc.</p>
<p>So get designing those beautiful creations then just cut and iron on to make them come to life!</p>

","4944_Neon_Red_Turbo_Flex.png","4944_Neon_Red_Turbo_Flex.png","INVITEMS","DEFAULT-CS-4944-Neon-Red-DEFAULT-CS-4944-Neon-Red","","","0","0","0","","1","REGONLY","0","0","0","0","","","","SELECT","SELECT","0","","","","","0","0","","income-service","","","0","0","","","https://www.youtube.com/embed/Fk6oCCfLFMM","","CS-HTV-COL","CS-HTV-COL, CS-HTV-NEON","","","0","CS-Heat_Tape, CS-FLEXOFF, CS-Olfa_Cutting_Matt_A3, CS-Olfa_Cutting_Matt_A4, CS-Olfa_Art_Knife, CS-Weeding_Hook, CS-Weeding_Tweezers","CS-Heat_Tape, CS-FLEXOFF, CS-Olfa_Cutting_Matt_A3, CS-Olfa_Cutting_Matt_A4, CS-Olfa_Art_Knife, CS-Weeding_Hook, CS-Weeding_Tweezers","A","","","","","Neons, Reds","","Heat Pressing and Washing Info","<style>

table {

margin: 0 auto 0 auto;
}

table, th, td {
  
  border-collapse: collapse;
padding: 5px;
}
th, td {
  padding: 5px;
  text-align: center; 
  width: 100px;
  height: 50px;
  background-color:#FBA100;
  color: white;
  border-left: 5px solid white;
  border-right: 5px solid white;
}

th {
  border-top-color: white;
  font-size: 15px;
}

td {

padding-bottom: 1em;
border-bottom: 5px solid white;
font-size: 20px;
  
</style>



<table id=""data"">
  <tbody><tr>
    <th>PRESS TEMP</th>
<th>PRESS TIME</th>
<th>PRESSURE</th>
<th>EASY WEED</th>
<th>PEEL</th>
  </tr>
  <tr>
    <td>130<sup>o</sup>C<br>150<sup>o</sup>C<br>160<sup>o</sup>C</td>
<td>5 secs<br>4 secs<br>3 secs</td>
<td>Medium<br></td>
<td><span style=""font-size:30px;"">&#10003;</span></td>
<td>Lukewarm</td>
  </tr>

<tr>
    <th>LAYER</th>
<th>REVERSE IMAGE</th>
<th>WASH</th>
<th>TUMBLE DRY</th>
<th>DRY CLEAN</th>
  </tr>
  <tr>
    <td><span style=""font-size:30px;"">&#10005;</span></td>
<td><span style=""font-size:30px;"">&#10003;</span></td>
<td>60<sup>o</sup>C</td>
<td><span style=""font-size:30px; color: white;"">&#10003;</span></td>
<td><span style=""font-size:30px;"">&#10003;</span></td>
  </tr>
  </tbody></table>
","","","","","","","Poli-Tape-4944-Neon-Red-Turbo-Craft-HTV","0","htv, heat transfer vinyl, flex vinyl, flex, t shirt vinyl, t shirt film, t-shirt film, t-shirt vinyl, t shirt printing, t-shirt printing","","","1565276365","0","","0","","CHECKBOX"
"CS-4945-Neon-Dark-Pink","Neon Dark Pink Turbo Heat Transfer Vinyl","4945","DEFAULT","630","0","CRAFTSTICK","","","","","0","Poli-Tape 4945 Neon Dark Pink Turbo Heat Transfer Vinyl.  Iron or heatpress on to garments and other fabrics fast and at low temperature.","<p>This is perfect for all you crafters and hobbyists out there. Simply plan and cut your design to be ironed or heatpressed on to fabric craft items or garments.</p>
<p>Compatible with all craft cutters such as the Cameo, Cricut, Stika and Skycut plus signmaking plotter cutters from Roland, Graphtec, Mimaki and Mutoh.</p>
<p>Produce long lasting and durable designs onto cushions, aprons, throws and blankets as well as t-shirts and baby / kidswear etc.</p>
<p>So get designing those beautiful creations then just cut and iron on to make them come to life!</p>

","4945_Neon_Dark_Pink.png","4945_Neon_Dark_Pink.png","INVITEMS","DEFAULT-CS-4945-Neon-Dark-Pink-DEFAULT-CS-4945-Neon-Dark-Pink","","","0","0","0","","1","REGONLY","0","0","0","0","","","","SELECT","SELECT","0","","","","","0","0","","income-service","","","0","0","","","https://www.youtube.com/embed/Fk6oCCfLFMM","","CS-HTV-COL","CS-HTV-COL, CS-HTV-NEON","","","0","CS-Heat_Tape, CS-FLEXOFF, CS-Olfa_Cutting_Matt_A3, CS-Olfa_Cutting_Matt_A4, CS-Olfa_Art_Knife, CS-Weeding_Hook, CS-Weeding_Tweezers","CS-Heat_Tape, CS-FLEXOFF, CS-Olfa_Cutting_Matt_A3, CS-Olfa_Cutting_Matt_A4, CS-Olfa_Art_Knife, CS-Weeding_Hook, CS-Weeding_Tweezers","A","","","","","Neons, Reds, Blues","","Heat Pressing and Washing Info","<style>

table {

margin: 0 auto 0 auto;
}

table, th, td {
  
  border-collapse: collapse;
padding: 5px;
}
th, td {
  padding: 5px;
  text-align: center; 
  width: 100px;
  height: 50px;
  background-color:#FBA100;
  color: white;
  border-left: 5px solid white;
  border-right: 5px solid white;
}

th {
  border-top-color: white;
  font-size: 15px;
}

td {

padding-bottom: 1em;
border-bottom: 5px solid white;
font-size: 20px;
  
</style>



<table id=""data"">
  <tbody><tr>
    <th>PRESS TEMP</th>
<th>PRESS TIME</th>
<th>PRESSURE</th>
<th>EASY WEED</th>
<th>PEEL</th>
  </tr>
  <tr>
    <td>130<sup>o</sup>C<br>150<sup>o</sup>C<br>160<sup>o</sup>C</td>
<td>5 secs<br>4 secs<br>3 secs</td>
<td>Medium<br></td>
<td><span style=""font-size:30px;"">&#10003;</span></td>
<td>Lukewarm</td>
  </tr>

<tr>
    <th>LAYER</th>
<th>REVERSE IMAGE</th>
<th>WASH</th>
<th>TUMBLE DRY</th>
<th>DRY CLEAN</th>
  </tr>
  <tr>
    <td><span style=""font-size:30px;"">&#10005;</span></td>
<td><span style=""font-size:30px;"">&#10003;</span></td>
<td>60<sup>o</sup>C</td>
<td><span style=""font-size:30px; color: white;"">&#10003;</span></td>
<td><span style=""font-size:30px;"">&#10003;</span></td>
  </tr>
  </tbody></table>
","","","","","","","Poli-Tape-4945-Neon-Dark-Pink-Turbo-Craft-HTV","0","htv, heat transfer vinyl, flex vinyl, flex, t shirt vinyl, t shirt film, t-shirt film, t-shirt vinyl, t shirt printing, t-shirt printing","","","1647443254","0","","0","","CHECKBOX"
"CS-4951-Light-Grey","Light Grey Turbo Heat Transfer Vinyl","4951","DEFAULT","40","0","CRAFTSTICK","","","","","0","Poli-Tape 4951 Light Grey Turbo Heat Transfer Vinyl.  Iron or heatpress on to garments and other fabrics fast and at low temperature.","<p>This is perfect for all you crafters and hobbyists out there. Simply plan and cut your design to be ironed or heatpressed on to fabric craft items or garments.</p>
<p>Compatible with all craft cutters such as the Cameo, Cricut, Stika and Skycut plus signmaking plotter cutters from Roland, Graphtec, Mimaki and Mutoh.</p>
<p>Produce long lasting and durable designs onto cushions, aprons, throws and blankets as well as t-shirts and baby / kidswear etc.</p>
<p>So get designing those beautiful creations then just cut and iron on to make them come to life!</p>

","4951_Light_Grey.png","4951_Light_Grey.png","INVITEMS","DEFAULT-CS-4951-Light-Grey-DEFAULT-CS-4951-Light-Grey","","","0","0","0","","1","REGONLY","0","0","0","0","","","","SELECT","SELECT","0","","","","","0","0","","income-service","","","0","0","","","https://www.youtube.com/embed/Fk6oCCfLFMM","","CS-HTV-COL","CS-HTV-COL","","","0","CS-Heat_Tape, CS-FLEXOFF, CS-Olfa_Cutting_Matt_A3, CS-Olfa_Cutting_Matt_A4, CS-Olfa_Art_Knife, CS-Weeding_Hook, CS-Weeding_Tweezers","CS-Heat_Tape, CS-FLEXOFF, CS-Olfa_Cutting_Matt_A3, CS-Olfa_Cutting_Matt_A4, CS-Olfa_Art_Knife, CS-Weeding_Hook, CS-Weeding_Tweezers","A","","","","","Colours, Greys","","Heat Pressing and Washing Info","<style>

table {

margin: 0 auto 0 auto;
}

table, th, td {
  
  border-collapse: collapse;
padding: 5px;
}
th, td {
  padding: 5px;
  text-align: center; 
  width: 100px;
  height: 50px;
  background-color:#FBA100;
  color: white;
  border-left: 5px solid white;
  border-right: 5px solid white;
}

th {
  border-top-color: white;
  font-size: 15px;
}

td {

padding-bottom: 1em;
border-bottom: 5px solid white;
font-size: 20px;
  
</style>


<table id=""data"">
  <tbody><tr>
    <th>PRESS TEMP</th>
<th>PRESS TIME</th>
<th>PRESSURE</th>
<th>EASY WEED</th>
<th>PEEL</th>
  </tr>
  <tr>
    <td>130<sup>o</sup>C<br>150<sup>o</sup>C<br>160<sup>o</sup>C</td>
<td>5 secs<br>4 secs<br>3 secs</td>
<td>Medium<br></td>
<td><span style=""font-size:30px;"">&#10003;</span></td>
<td>Warm</td>
  </tr>

<tr>
    <th>LAYER</th>
<th>REVERSE IMAGE</th>
<th>WASH</th>
<th>TUMBLE DRY</th>
<th>DRY CLEAN</th>
  </tr>
  <tr>
    <td><span style=""font-size:30px;"">&#10003;</span></td>
<td><span style=""font-size:30px;"">&#10003;</span></td>
<td>60<sup>o</sup>C</td>
<td><span style=""font-size:30px; color: white;"">&#10003;</span></td>
<td><span style=""font-size:30px;"">&#10003;</span></td>
  </tr>
  </tbody></table>
","","","","","","","Poli-Tape-4951-Light-Grey-Turbo-Craft-HTV","0","htv, heat transfer vinyl, flex vinyl, flex, t shirt vinyl, t shirt film, t-shirt film, t-shirt vinyl, t shirt printing, t-shirt printing","","","1647432187","0","","0","","CHECKBOX"
"CS-4952-Frog-Green","Frog Green Turbo Heat Transfer Vinyl","4952","DEFAULT","360","0","CRAFTSTICK","","","","","0","Poli-Tape 4952 Frog Green Turbo Heat Transfer Vinyl.  Iron or heatpress on to garments and other fabrics fast and at low temperature.","<p>This is perfect for all you crafters and hobbyists out there. Simply plan and cut your design to be ironed or heatpressed on to fabric craft items or garments.</p>
<p>Compatible with all craft cutters such as the Cameo, Cricut, Stika and Skycut plus signmaking plotter cutters from Roland, Graphtec, Mimaki and Mutoh.</p>
<p>Produce long lasting and durable designs onto cushions, aprons, throws and blankets as well as t-shirts and baby / kidswear etc.</p>
<p>So get designing those beautiful creations then just cut and iron on to make them come to life!</p>

","4952_Frog_Green.png","4952_Frog_Green.png","INVITEMS","DEFAULT-CS-4952-Frog-Green-DEFAULT-CS-4952-Frog-Green","","","0","0","0","","1","REGONLY","0","0","0","0","","","","SELECT","SELECT","0","","","","","0","0","","income-service","","","0","0","","","https://www.youtube.com/embed/Fk6oCCfLFMM","","CS-HTV-COL","CS-HTV-COL","","","0","CS-Heat_Tape, CS-FLEXOFF, CS-Olfa_Cutting_Matt_A3, CS-Olfa_Cutting_Matt_A4, CS-Olfa_Art_Knife, CS-Weeding_Hook, CS-Weeding_Tweezers","CS-Heat_Tape, CS-FLEXOFF, CS-Olfa_Cutting_Matt_A3, CS-Olfa_Cutting_Matt_A4, CS-Olfa_Art_Knife, CS-Weeding_Hook, CS-Weeding_Tweezers","A","","","","","Colours, Greens","","Heat Pressing and Washing Info","<style>

table {

margin: 0 auto 0 auto;
}

table, th, td {
  
  border-collapse: collapse;
padding: 5px;
}
th, td {
  padding: 5px;
  text-align: center; 
  width: 100px;
  height: 50px;
  background-color:#FBA100;
  color: white;
  border-left: 5px solid white;
  border-right: 5px solid white;
}

th {
  border-top-color: white;
  font-size: 15px;
}

td {

padding-bottom: 1em;
border-bottom: 5px solid white;
font-size: 20px;
  
</style>


<table id=""data"">
  <tbody><tr>
    <th>PRESS TEMP</th>
<th>PRESS TIME</th>
<th>PRESSURE</th>
<th>EASY WEED</th>
<th>PEEL</th>
  </tr>
  <tr>
    <td>130<sup>o</sup>C<br>150<sup>o</sup>C<br>160<sup>o</sup>C</td>
<td>5 secs<br>4 secs<br>3 secs</td>
<td>Medium<br></td>
<td><span style=""font-size:30px;"">&#10003;</span></td>
<td>Warm</td>
  </tr>

<tr>
    <th>LAYER</th>
<th>REVERSE IMAGE</th>
<th>WASH</th>
<th>TUMBLE DRY</th>
<th>DRY CLEAN</th>
  </tr>
  <tr>
    <td><span style=""font-size:30px;"">&#10003;</span></td>
<td><span style=""font-size:30px;"">&#10003;</span></td>
<td>60<sup>o</sup>C</td>
<td><span style=""font-size:30px; color: white;"">&#10003;</span></td>
<td><span style=""font-size:30px;"">&#10003;</span></td>
  </tr>
  </tbody></table>
","","","","","","","Poli-Tape-4952-Frog-Green-Turbo-Craft-HTV","0","htv, heat transfer vinyl, flex vinyl, flex, t shirt vinyl, t shirt film, t-shirt film, t-shirt vinyl, t shirt printing, t-shirt printing","","","1647442775","0","","0","","CHECKBOX"
"CS-4953-Light-Berry","Light Berry Turbo Heat Transfer Vinyl","4953","DEFAULT","190","0","CRAFTSTICK","","","","","0","Poli-Tape 4953 Light Berry Turbo Heat Transfer Vinyl.  Iron or heatpress on to garments and other fabrics fast and at low temperature.","<p>This is perfect for all you crafters and hobbyists out there. Simply plan and cut your design to be ironed or heatpressed on to fabric craft items or garments.</p>
<p>Compatible with all craft cutters such as the Cameo, Cricut, Stika and Skycut plus signmaking plotter cutters from Roland, Graphtec, Mimaki and Mutoh.</p>
<p>Produce long lasting and durable designs onto cushions, aprons, throws and blankets as well as t-shirts and baby / kidswear etc.</p>
<p>So get designing those beautiful creations then just cut and iron on to make them come to life!</p>

","4953_Light_Berry.png","4953_Light_Berry.png","INVITEMS","DEFAULT-CS-4953-Light-Berry-DEFAULT-CS-4953-Light-Berry","","","0","0","0","","1","REGONLY","0","0","0","0","","","","SELECT","SELECT","0","","","","","0","0","","income-service","","","0","0","","","https://www.youtube.com/embed/Fk6oCCfLFMM","","CS-HTV-COL","CS-HTV-COL, CS-MOTHERS","","","0","CS-Heat_Tape, CS-FLEXOFF, CS-Olfa_Cutting_Matt_A3, CS-Olfa_Cutting_Matt_A4, CS-Olfa_Art_Knife, CS-Weeding_Hook, CS-Weeding_Tweezers","CS-Heat_Tape, CS-FLEXOFF, CS-Olfa_Cutting_Matt_A3, CS-Olfa_Cutting_Matt_A4, CS-Olfa_Art_Knife, CS-Weeding_Hook, CS-Weeding_Tweezers","A","","","","","Colours, Reds, Blues","","Heat Pressing and Washing Info","<style>

table {

margin: 0 auto 0 auto;
}

table, th, td {
  
  border-collapse: collapse;
padding: 5px;
}
th, td {
  padding: 5px;
  text-align: center; 
  width: 100px;
  height: 50px;
  background-color:#FBA100;
  color: white;
  border-left: 5px solid white;
  border-right: 5px solid white;
}

th {
  border-top-color: white;
  font-size: 15px;
}

td {

padding-bottom: 1em;
border-bottom: 5px solid white;
font-size: 20px;
  
</style>



<table id=""data"">
  <tbody><tr>
    <th>PRESS TEMP</th>
<th>PRESS TIME</th>
<th>PRESSURE</th>
<th>EASY WEED</th>
<th>PEEL</th>
  </tr>
  <tr>
    <td>130<sup>o</sup>C<br>150<sup>o</sup>C<br>160<sup>o</sup>C</td>
<td>5 secs<br>4 secs<br>3 secs</td>
<td>Medium<br></td>
<td><span style=""font-size:30px;"">&#10003;</span></td>
<td>Warm</td>
  </tr>

<tr>
    <th>LAYER</th>
<th>REVERSE IMAGE</th>
<th>WASH</th>
<th>TUMBLE DRY</th>
<th>DRY CLEAN</th>
  </tr>
  <tr>
    <td><span style=""font-size:30px;"">&#10003;</span></td>
<td><span style=""font-size:30px;"">&#10003;</span></td>
<td>60<sup>o</sup>C</td>
<td><span style=""font-size:30px; color: white;"">&#10003;</span></td>
<td><span style=""font-size:30px;"">&#10003;</span></td>
  </tr>
  </tbody></table>
","","","","","","","Poli-Tape-4953-Light-Berry-Turbo-Craft-HTV","0","htv, heat transfer vinyl, flex vinyl, flex, t shirt vinyl, t shirt film, t-shirt film, t-shirt vinyl, t shirt printing, t-shirt printing","","","1625574484","0","","0","","CHECKBOX"
"CS-4954-Sand-Beige","Sand Beige Turbo Heat Transfer Vinyl","4951","DEFAULT","90","0","CRAFTSTICK","","","","","0","Poli-Tape 4954 Sand Beige Turbo Heat Transfer Vinyl.  Iron or heatpress on to garments and other fabrics fast and at low temperature.","<p>This is perfect for all you crafters and hobbyists out there. Simply plan and cut your design to be ironed or heatpressed on to fabric craft items or garments.</p>
<p>Compatible with all craft cutters such as the Cameo, Cricut, Stika and Skycut plus signmaking plotter cutters from Roland, Graphtec, Mimaki and Mutoh.</p>
<p>Produce long lasting and durable designs onto cushions, aprons, throws and blankets as well as t-shirts and baby / kidswear etc.</p>
<p>So get designing those beautiful creations then just cut and iron on to make them come to life!</p>

","4954_Sand_Beige.png","4954_Sand_Beige.png","INVITEMS","DEFAULT-CS-4954-Sand-Beige-DEFAULT-CS-4954-Sand-Beige","","","0","0","0","","1","REGONLY","0","0","0","0","","","","SELECT","SELECT","0","","","","","0","0","","income-service","","","0","0","","","https://www.youtube.com/embed/Fk6oCCfLFMM","","CS-HTV-COL","CS-HTV-COL, CS-HTV-PASTEL","","","0","CS-Heat_Tape, CS-FLEXOFF, CS-Olfa_Cutting_Matt_A3, CS-Olfa_Cutting_Matt_A4, CS-Olfa_Art_Knife, CS-Weeding_Hook, CS-Weeding_Tweezers","CS-Heat_Tape, CS-FLEXOFF, CS-Olfa_Cutting_Matt_A3, CS-Olfa_Cutting_Matt_A4, CS-Olfa_Art_Knife, CS-Weeding_Hook, CS-Weeding_Tweezers","A","","","","","Colours, Browns, Beiges","","Heat Pressing and Washing Info","<style>

table {

margin: 0 auto 0 auto;
}

table, th, td {
  
  border-collapse: collapse;
padding: 5px;
}
th, td {
  padding: 5px;
  text-align: center; 
  width: 100px;
  height: 50px;
  background-color:#FBA100;
  color: white;
  border-left: 5px solid white;
  border-right: 5px solid white;
}

th {
  border-top-color: white;
  font-size: 15px;
}

td {

padding-bottom: 1em;
border-bottom: 5px solid white;
font-size: 20px;
  
</style>


<div style=""overflow-x:auto;"">
<table id=""data"">
  <tbody><tr>
    <th>PRESS TEMP</th>
<th>PRESS TIME</th>
<th>PRESSURE</th>
<th>EASY WEED</th>
<th>PEEL</th>
  </tr>
  <tr>
    <td>130<sup>o</sup>C<br>150<sup>o</sup>C<br>160<sup>o</sup>C</td>
<td>5 secs<br>4 secs<br>3 secs</td>
<td>Medium<br></td>
<td><span style=""font-size:30px;"">&#10003;</span></td>
<td>Warm</td>
  </tr>

<tr>
    <th>LAYER</th>
<th>REVERSE IMAGE</th>
<th>WASH</th>
<th>TUMBLE DRY</th>
<th>DRY CLEAN</th>
  </tr>
  <tr>
    <td><span style=""font-size:30px;"">&#10003;</span></td>
<td><span style=""font-size:30px;"">&#10003;</span></td>
<td>60<sup>o</sup>C</td>
<td><span style=""font-size:30px; color: white;"">&#10003;</span></td>
<td><span style=""font-size:30px;"">&#10003;</span></td>
  </tr>
  </tbody></table></div>
","","","","","","","Poli-Tape-4954-Sand-Beige-Turbo-Craft-HTV","0","htv, heat transfer vinyl, flex vinyl, flex, t shirt vinyl, t shirt film, t-shirt film, t-shirt vinyl, t shirt printing, t-shirt printing","","","1647442971","0","","0","","CHECKBOX"
"CS-4956-Bronze","Bronze Metallic Turbo Heat Transfer Vinyl","4956","DEFAULT","420","0","CRAFTSTICK","","","","","0","Poli-Tape 4956 Bronze Metallic Turbo Heat Transfer Vinyl.  Iron or heatpress on to garments and other fabrics fast and at low temperature.","<p>This is perfect for all you crafters and hobbyists out there. Simply plan and cut your design to be ironed or heatpressed on to fabric craft items or garments.</p>
<p>Compatible with all craft cutters such as the Cameo, Cricut, Stika and Skycut plus signmaking plotter cutters from Roland, Graphtec, Mimaki and Mutoh.</p>
<p>Produce long lasting and durable designs onto cushions, aprons, throws and blankets as well as t-shirts and baby / kidswear etc.</p>
<p>So get designing those beautiful creations then just cut and iron on to make them come to life!</p>

","4956_Bronze.png","4956_Bronze.png","INVITEMS","DEFAULT-CS-4956-Bronze-DEFAULT-CS-4956-Bronze","","","0","0","0","","1","REGONLY","0","0","0","0","","","","SELECT","SELECT","0","","","","","0","0","","income-service","","","0","0","","","https://www.youtube.com/embed/Fk6oCCfLFMM","","CS-HTV-COL","CS-HTV-COL, CS-HTV-METAL, CS-FESTIVE, CS-VALENTINES","","","0","CS-Heat_Tape, CS-FLEXOFF, CS-Olfa_Cutting_Matt_A3, CS-Olfa_Cutting_Matt_A4, CS-Olfa_Art_Knife, CS-Weeding_Hook, CS-Weeding_Tweezers","CS-Heat_Tape, CS-FLEXOFF, CS-Olfa_Cutting_Matt_A3, CS-Olfa_Cutting_Matt_A4, CS-Olfa_Art_Knife, CS-Weeding_Hook, CS-Weeding_Tweezers","A","","","","","Metallics, Browns","","Heat Pressing and Washing Info","<style>

table {

margin: 0 auto 0 auto;
}

table, th, td {
  
  border-collapse: collapse;
padding: 5px;
}
th, td {
  padding: 5px;
  text-align: center; 
  width: 100px;
  height: 50px;
  background-color:#FBA100;
  color: white;
  border-left: 5px solid white;
  border-right: 5px solid white;
}

th {
  border-top-color: white;
  font-size: 15px;
}

td {

padding-bottom: 1em;
border-bottom: 5px solid white;
font-size: 20px;
  
</style>



<table id=""data"">
  <tbody><tr>
    <th>PRESS TEMP</th>
<th>PRESS TIME</th>
<th>PRESSURE</th>
<th>EASY WEED</th>
<th>PEEL</th>
  </tr>
  <tr>
    <td>130<sup>o</sup>C<br>150<sup>o</sup>C<br>160<sup>o</sup>C</td>
<td>5 secs<br>4 secs<br>3 secs</td>
<td>Medium<br></td>
<td><span style=""font-size:30px;"">&#10003;</span></td>
<td>Warm</td>
  </tr>

<tr>
    <th>LAYER</th>
<th>REVERSE IMAGE</th>
<th>WASH</th>
<th>TUMBLE DRY</th>
<th>DRY CLEAN</th>
  </tr>
  <tr>
    <td><span style=""font-size:30px;"">&#10005;</span></td>
<td><span style=""font-size:30px;"">&#10003;</span></td>
<td>60<sup>o</sup>C</td>
<td><span style=""font-size:30px; color: white;"">&#10003;</span></td>
<td><span style=""font-size:30px;"">&#10003;</span></td>
  </tr>
  </tbody></table>
","","","","","","","Poli-Tape-4956-Bronze-Turbo-Craft-HTV","0","htv, heat transfer vinyl, flex vinyl, flex, t shirt vinyl, t shirt film, t-shirt film, t-shirt vinyl, t shirt printing, t-shirt printing","","","1710862201","0","","0","","CHECKBOX"
"CS-4957-Champagne-Metallic","Champagne Metallic Turbo Heat Transfer Vinyl","4957","DEFAULT","460","0","CRAFTSTICK","","","","","0","Poli-Tape 4957 Champagne Metallic Turbo Heat Transfer Vinyl.  Iron or heatpress on to garments and other fabrics fast and at low temperature.","<p>This is perfect for all you crafters and hobbyists out there. Simply plan and cut your design to be ironed or heatpressed on to fabric craft items or garments.</p>
<p>Compatible with all craft cutters such as the Cameo, Cricut, Stika and Skycut plus signmaking plotter cutters from Roland, Graphtec, Mimaki and Mutoh.</p>
<p>Produce long lasting and durable designs onto cushions, aprons, throws and blankets as well as t-shirts and baby / kidswear etc.</p>
<p>So get designing those beautiful creations then just cut and iron on to make them come to life!</p>

","4957_Champagne.png","4957_Champagne.png","INVITEMS","DEFAULT-CS-4957-Champagne-Metallic-DEFAULT-CS-4957-Champagne-Metallic","","","0","0","0","","1","REGONLY","0","0","0","0","","","","SELECT","SELECT","0","","","","","0","0","","income-service","","","0","0","","","https://www.youtube.com/embed/Fk6oCCfLFMM","","CS-HTV-COL","CS-HTV-COL, CS-HTV-METAL, CS-FESTIVE, CS-VALENTINES","","","0","CS-Heat_Tape, CS-FLEXOFF, CS-Olfa_Cutting_Matt_A3, CS-Olfa_Cutting_Matt_A4, CS-Olfa_Art_Knife, CS-Weeding_Hook, CS-Weeding_Tweezers","CS-Heat_Tape, CS-FLEXOFF, CS-Olfa_Cutting_Matt_A3, CS-Olfa_Cutting_Matt_A4, CS-Olfa_Art_Knife, CS-Weeding_Hook, CS-Weeding_Tweezers","A","","","","","Metallics, Beiges","","Heat Pressing and Washing Info","<style>

table {

margin: 0 auto 0 auto;
}

table, th, td {
  
  border-collapse: collapse;
padding: 5px;
}
th, td {
  padding: 5px;
  text-align: center; 
  width: 100px;
  height: 50px;
  background-color:#FBA100;
  color: white;
  border-left: 5px solid white;
  border-right: 5px solid white;
}

th {
  border-top-color: white;
  font-size: 15px;
}

td {

padding-bottom: 1em;
border-bottom: 5px solid white;
font-size: 20px;
  
</style>



<table id=""data"">
  <tbody><tr>
    <th>PRESS TEMP</th>
<th>PRESS TIME</th>
<th>PRESSURE</th>
<th>EASY WEED</th>
<th>PEEL</th>
  </tr>
  <tr>
    <td>130<sup>o</sup>C<br>150<sup>o</sup>C<br>160<sup>o</sup>C</td>
<td>5 secs<br>4 secs<br>3 secs</td>
<td>Medium<br></td>
<td><span style=""font-size:30px;"">&#10003;</span></td>
<td>Warm</td>
  </tr>

<tr>
    <th>LAYER</th>
<th>REVERSE IMAGE</th>
<th>WASH</th>
<th>TUMBLE DRY</th>
<th>DRY CLEAN</th>
  </tr>
  <tr>
    <td><span style=""font-size:30px;"">&#10005;</span></td>
<td><span style=""font-size:30px;"">&#10003;</span></td>
<td>60<sup>o</sup>C</td>
<td><span style=""font-size:30px; color: white;"">&#10003;</span></td>
<td><span style=""font-size:30px;"">&#10003;</span></td>
  </tr>
  </tbody></table>
","","","","","","","Poli-Tape-4957-Champagne-Turbo-Craft-HTV","0","htv, heat transfer vinyl, flex vinyl, flex, t shirt vinyl, t shirt film, t-shirt film, t-shirt vinyl, t shirt printing, t-shirt printing","","","1686156794","0","","0","","CHECKBOX"
"CS-4958-Pastel-Yellow","Pastel Yellow Turbo Heat Transfer Vinyl","4958","DEFAULT","100","0","CRAFTSTICK","","","","","0","Poli-Tape 4958 Pastel Yellow Turbo Heat Transfer Vinyl.  Iron or heatpress on to garments and other fabrics fast and at low temperature.","<p>This is perfect for all you crafters and hobbyists out there. Simply plan and cut your design to be ironed or heatpressed on to fabric craft items or garments.</p>
<p>Compatible with all craft cutters such as the Cameo, Cricut, Stika and Skycut plus signmaking plotter cutters from Roland, Graphtec, Mimaki and Mutoh.</p>
<p>Produce long lasting and durable designs onto cushions, aprons, throws and blankets as well as t-shirts and baby / kidswear etc.</p>
<p>So get designing those beautiful creations then just cut and iron on to make them come to life!</p>

","4958_Pastel_Yellow.png","4958_Pastel_Yellow.png","INVITEMS","DEFAULT-CS-4958-Pastel-Yellow-DEFAULT-CS-4958-Pastel-Yellow","","","0","0","0","","1","REGONLY","0","0","0","0","","","","SELECT","SELECT","0","","","","","0","0","","income-service","","","0","0","","","https://www.youtube.com/embed/Fk6oCCfLFMM","","CS-HTV-COL","CS-HTV-COL","","","0","CS-Heat_Tape, CS-FLEXOFF, CS-Olfa_Cutting_Matt_A3, CS-Olfa_Cutting_Matt_A4, CS-Olfa_Art_Knife, CS-Weeding_Hook, CS-Weeding_Tweezers","CS-Heat_Tape, CS-FLEXOFF, CS-Olfa_Cutting_Matt_A3, CS-Olfa_Cutting_Matt_A4, CS-Olfa_Art_Knife, CS-Weeding_Hook, CS-Weeding_Tweezers","A","","","","","Colours, Yellows","","Heat Pressing and Washing Info","<style>

table {

margin: 0 auto 0 auto;
}

table, th, td {
  
  border-collapse: collapse;
padding: 5px;
}
th, td {
  padding: 5px;
  text-align: center; 
  width: 100px;
  height: 50px;
  background-color:#FBA100;
  color: white;
  border-left: 5px solid white;
  border-right: 5px solid white;
}

th {
  border-top-color: white;
  font-size: 15px;
}

td {

padding-bottom: 1em;
border-bottom: 5px solid white;
font-size: 20px;
  
</style>



<table id=""data"">
  <tbody><tr>
    <th>PRESS TEMP</th>
<th>PRESS TIME</th>
<th>PRESSURE</th>
<th>EASY WEED</th>
<th>PEEL</th>
  </tr>
  <tr>
    <td>130<sup>o</sup>C<br>150<sup>o</sup>C<br>160<sup>o</sup>C</td>
<td>5 secs<br>4 secs<br>3 secs</td>
<td>Medium<br></td>
<td><span style=""font-size:30px;"">&#10003;</span></td>
<td>Warm</td>
  </tr>

<tr>
    <th>LAYER</th>
<th>REVERSE IMAGE</th>
<th>WASH</th>
<th>TUMBLE DRY</th>
<th>DRY CLEAN</th>
  </tr>
  <tr>
    <td><span style=""font-size:30px;"">&#10003;</span></td>
<td><span style=""font-size:30px;"">&#10003;</span></td>
<td>60<sup>o</sup>C</td>
<td><span style=""font-size:30px; color: white;"">&#10003;</span></td>
<td><span style=""font-size:30px;"">&#10003;</span></td>
  </tr>
  </tbody></table>
","","","","","","","Poli-Tape-4958-Pastel-Yellow-Turbo-Craft-HTV","0","htv, heat transfer vinyl, flex vinyl, flex, t shirt vinyl, t shirt film, t-shirt film, t-shirt vinyl, t shirt printing, t-shirt printing","","","1710854180","0","","0","","CHECKBOX"
"CS-4961-Baby-Pink","Baby Pink Turbo Heat Transfer Vinyl","4961","DEFAULT","180","0","CRAFTSTICK","","","","","0","Poli-Tape 4961 Baby Pink Turbo Heat Transfer Vinyl.  Iron or heatpress on to garments and other fabrics fast and at low temperature.","<p>This is perfect for all you crafters and hobbyists out there. Simply plan and cut your design to be ironed or heatpressed on to fabric craft items or garments.</p>
<p>Compatible with all craft cutters such as the Cameo, Cricut, Stika and Skycut plus signmaking plotter cutters from Roland, Graphtec, Mimaki and Mutoh.</p>
<p>Produce long lasting and durable designs onto cushions, aprons, throws and blankets as well as t-shirts and baby / kidswear etc.</p>
<p>So get designing those beautiful creations then just cut and iron on to make them come to life!</p>

","4961_Baby_Pink.png","4961_Baby_Pink.png","INVITEMS","DEFAULT-CS-4961-Baby-Pink-DEFAULT-CS-4961-Baby-Pink","","","0","0","0","","1","REGONLY","0","0","0","0","","","","SELECT","SELECT","0","","","","","0","0","","income-service","","","0","0","","","","","CS-HTV-COL","CS-HTV-COL, CS-HTV-PASTEL, CS-VALENTINES, CS-MOTHERS","","","0","CS-Heat_Tape, CS-FLEXOFF, CS-Olfa_Cutting_Matt_A3, CS-Olfa_Cutting_Matt_A4, CS-Olfa_Art_Knife, CS-Weeding_Hook, CS-Weeding_Tweezers","CS-Heat_Tape, CS-FLEXOFF, CS-Olfa_Cutting_Matt_A3, CS-Olfa_Cutting_Matt_A4, CS-Olfa_Art_Knife, CS-Weeding_Hook, CS-Weeding_Tweezers","A","","","","","Colours, Reds","Pastel","Heat Pressing and Washing Info","<style>

table {

margin: 0 auto 0 auto;
}

table, th, td {
  
  border-collapse: collapse;
padding: 5px;
}
th, td {
  padding: 5px;
  text-align: center; 
  width: 100px;
  height: 50px;
  background-color:#FBA100;
  color: white;
  border-left: 5px solid white;
  border-right: 5px solid white;
}

th {
  border-top-color: white;
  font-size: 15px;
}

td {

padding-bottom: 1em;
border-bottom: 5px solid white;
font-size: 20px;
  
</style>



<table id=""data"">
  <tbody><tr>
    <th>PRESS TEMP</th>
<th>PRESS TIME</th>
<th>PRESSURE</th>
<th>EASY WEED</th>
<th>PEEL</th>
  </tr>
  <tr>
    <td>130<sup>o</sup>C<br>150<sup>o</sup>C<br>160<sup>o</sup>C</td>
<td>5 secs<br>4 secs<br>3 secs</td>
<td>Medium<br></td>
<td><span style=""font-size:30px;"">&#10003;</span></td>
<td>Warm</td>
  </tr>

<tr>
    <th>LAYER</th>
<th>REVERSE IMAGE</th>
<th>WASH</th>
<th>TUMBLE DRY</th>
<th>DRY CLEAN</th>
  </tr>
  <tr>
    <td><span style=""font-size:30px;"">&#10003;</span></td>
<td><span style=""font-size:30px;"">&#10003;</span></td>
<td>60<sup>o</sup>C</td>
<td><span style=""font-size:30px; color: white;"">&#10003;</span></td>
<td><span style=""font-size:30px;"">&#10003;</span></td>
  </tr>
  </tbody></table>
","","","","","","","Poli-Tape-4961-Baby-Pink-Turbo-Craft-HTV","0","htv, heat transfer vinyl, flex vinyl, flex, t shirt vinyl, t shirt film, t-shirt film, t-shirt vinyl, t shirt printing, t-shirt printing","","","1596114143","0","","0","","CHECKBOX"
"CS-4962-Fuchsia","Fuchsia Turbo Heat Transfer Vinyl","4962","DEFAULT","200","0","CRAFTSTICK","","","","","0","Poli-Tape 4962 Fuchsia Turbo Heat Transfer Vinyl.  Iron or heatpress on to garments and other fabrics fast and at low temperature.","<p>This is perfect for all you crafters and hobbyists out there. Simply plan and cut your design to be ironed or heatpressed on to fabric craft items or garments.</p>
<p>Compatible with all craft cutters such as the Cameo, Cricut, Stika and Skycut plus signmaking plotter cutters from Roland, Graphtec, Mimaki and Mutoh.</p>
<p>Produce long lasting and durable designs onto cushions, aprons, throws and blankets as well as t-shirts and baby / kidswear etc.</p>
<p>So get designing those beautiful creations then just cut and iron on to make them come to life!</p>

","4962_Fuchsia.png","4962_Fuchsia.png","INVITEMS","DEFAULT-CS-4962-Fuchsia-DEFAULT-CS-4962-Fuchsia","","","0","0","0","","1","REGONLY","0","0","0","0","","","","SELECT","SELECT","0","","","","","0","0","","income-service","","","0","0","","","https://www.youtube.com/embed/Fk6oCCfLFMM","","CS-HTV-COL","CS-HTV-COL, CS-HTV-PASTEL, CS-MOTHERS","","","0","CS-Heat_Tape, CS-FLEXOFF, CS-Olfa_Cutting_Matt_A3, CS-Olfa_Cutting_Matt_A4, CS-Olfa_Art_Knife, CS-Weeding_Hook, CS-Weeding_Tweezers","CS-Heat_Tape, CS-FLEXOFF, CS-Olfa_Cutting_Matt_A3, CS-Olfa_Cutting_Matt_A4, CS-Olfa_Art_Knife, CS-Weeding_Hook, CS-Weeding_Tweezers","A","","","","","Colours, Reds, Blues","Pastel","Heat Pressing and Washing Info","<style>

table {

margin: 0 auto 0 auto;
}

table, th, td {
  
  border-collapse: collapse;
padding: 5px;
}
th, td {
  padding: 5px;
  text-align: center; 
  width: 100px;
  height: 50px;
  background-color:#FBA100;
  color: white;
  border-left: 5px solid white;
  border-right: 5px solid white;
}

th {
  border-top-color: white;
  font-size: 15px;
}

td {

padding-bottom: 1em;
border-bottom: 5px solid white;
font-size: 20px;
  
</style>



<table id=""data"">
  <tbody><tr>
    <th>PRESS TEMP</th>
<th>PRESS TIME</th>
<th>PRESSURE</th>
<th>EASY WEED</th>
<th>PEEL</th>
  </tr>
  <tr>
    <td>130<sup>o</sup>C<br>150<sup>o</sup>C<br>160<sup>o</sup>C</td>
<td>5 secs<br>4 secs<br>3 secs</td>
<td>Medium<br></td>
<td><span style=""font-size:30px;"">&#10003;</span></td>
<td>Warm</td>
  </tr>

<tr>
    <th>LAYER</th>
<th>REVERSE IMAGE</th>
<th>WASH</th>
<th>TUMBLE DRY</th>
<th>DRY CLEAN</th>
  </tr>
  <tr>
    <td><span style=""font-size:30px;"">&#10003;</span></td>
<td><span style=""font-size:30px;"">&#10003;</span></td>
<td>60<sup>o</sup>C</td>
<td><span style=""font-size:30px; color: white;"">&#10003;</span></td>
<td><span style=""font-size:30px;"">&#10003;</span></td>
  </tr>
  </tbody></table>
","","","","","","","Poli-Tape-4962-Fuchsia-Turbo-Craft-HTV","0","htv, heat transfer vinyl, flex vinyl, flex, t shirt vinyl, t shirt film, t-shirt film, t-shirt vinyl, t shirt printing, t-shirt printing","","","1602688694","0","","0","","CHECKBOX"
"CS-4965-Sky-Blue","Sky Blue Turbo Heat Transfer Vinyl","4965","DEFAULT","270","0","CRAFTSTICK","","","","","0","Poli-Tape 4965 Sky Blue Turbo Heat Transfer Vinyl.  Iron or heatpress on to garments and other fabrics fast and at low temperature.","<p>This is perfect for all you crafters and hobbyists out there. Simply plan and cut your design to be ironed or heatpressed on to fabric craft items or garments.</p>
<p>Compatible with all craft cutters such as the Cameo, Cricut, Stika and Skycut plus signmaking plotter cutters from Roland, Graphtec, Mimaki and Mutoh.</p>
<p>Produce long lasting and durable designs onto cushions, aprons, throws and blankets as well as t-shirts and baby / kidswear etc.</p>
<p>So get designing those beautiful creations then just cut and iron on to make them come to life!</p>

","4965_Sky_Blue.png","4965_Sky_Blue.png","INVITEMS","DEFAULT-CS-4965-Sky-Blue-DEFAULT-CS-4965-Sky-Blue","","","0","0","0","","1","REGONLY","0","0","0","0","","","","SELECT","SELECT","0","","","","","0","0","","income-service","","","0","0","","","https://www.youtube.com/embed/Fk6oCCfLFMM","","CS-HTV-COL","CS-HTV-COL, CS-HTV-PASTEL, CS-MOTHERS","","","0","CS-Heat_Tape, CS-FLEXOFF, CS-Olfa_Cutting_Matt_A3, CS-Olfa_Cutting_Matt_A4, CS-Olfa_Art_Knife, CS-Weeding_Hook, CS-Weeding_Tweezers","CS-Heat_Tape, CS-FLEXOFF, CS-Olfa_Cutting_Matt_A3, CS-Olfa_Cutting_Matt_A4, CS-Olfa_Art_Knife, CS-Weeding_Hook, CS-Weeding_Tweezers","A","","","","","Colours, Blues","Pastel","Heat Pressing and Washing Info","<style>

table {

margin: 0 auto 0 auto;
}

table, th, td {
  
  border-collapse: collapse;
padding: 5px;
}
th, td {
  padding: 5px;
  text-align: center; 
  width: 100px;
  height: 50px;
  background-color:#FBA100;
  color: white;
  border-left: 5px solid white;
  border-right: 5px solid white;
}

th {
  border-top-color: white;
  font-size: 15px;
}

td {

padding-bottom: 1em;
border-bottom: 5px solid white;
font-size: 20px;
  
</style>



<table id=""data"">
  <tbody><tr>
    <th>PRESS TEMP</th>
<th>PRESS TIME</th>
<th>PRESSURE</th>
<th>EASY WEED</th>
<th>PEEL</th>
  </tr>
  <tr>
    <td>130<sup>o</sup>C<br>150<sup>o</sup>C<br>160<sup>o</sup>C</td>
<td>5 secs<br>4 secs<br>3 secs</td>
<td>Medium<br></td>
<td><span style=""font-size:30px;"">&#10003;</span></td>
<td>Warm</td>
  </tr>

<tr>
    <th>LAYER</th>
<th>REVERSE IMAGE</th>
<th>WASH</th>
<th>TUMBLE DRY</th>
<th>DRY CLEAN</th>
  </tr>
  <tr>
    <td><span style=""font-size:30px;"">&#10003;</span></td>
<td><span style=""font-size:30px;"">&#10003;</span></td>
<td>60<sup>o</sup>C</td>
<td><span style=""font-size:30px; color: white;"">&#10003;</span></td>
<td><span style=""font-size:30px;"">&#10003;</span></td>
  </tr>
  </tbody></table>
","","","","","","","Poli-Tape-4965-Sky-Blue-Turbo-Craft-HTV","0","htv, heat transfer vinyl, flex vinyl, flex, t shirt vinyl, t shirt film, t-shirt film, t-shirt vinyl, t shirt printing, t-shirt printing","","","1601306592","0","","0","","CHECKBOX"
"CS-4967-Apple-Green","Apple Green Turbo Heat Transfer Vinyl","4967","DEFAULT","350","0","CRAFTSTICK","","","","","0","Poli-Tape 4967 Apple Green Turbo Heat Transfer Vinyl.  Iron or heatpress on to garments and other fabrics fast and at low temperature.","<p>This is perfect for all you crafters and hobbyists out there. Simply plan and cut your design to be ironed or heatpressed on to fabric craft items or garments.</p>
<p>Compatible with all craft cutters such as the Cameo, Cricut, Stika and Skycut plus signmaking plotter cutters from Roland, Graphtec, Mimaki and Mutoh.</p>
<p>Produce long lasting and durable designs onto cushions, aprons, throws and blankets as well as t-shirts and baby / kidswear etc.</p>
<p>So get designing those beautiful creations then just cut and iron on to make them come to life!</p>

","4967_Apple_Green.png","4967_Apple_Green.png","INVITEMS","DEFAULT-CS-4967-Apple-Green-DEFAULT-CS-4967-Apple-Green","","","0","0","0","","1","REGONLY","0","0","0","0","","","","SELECT","SELECT","0","","","","","0","0","","income-service","","","0","0","","","https://www.youtube.com/embed/Fk6oCCfLFMM","","CS-HTV-COL","CS-HTV-COL, CS-MOTHERS","","","0","CS-Heat_Tape, CS-FLEXOFF, CS-Olfa_Cutting_Matt_A3, CS-Olfa_Cutting_Matt_A4, CS-Olfa_Art_Knife, CS-Weeding_Hook, CS-Weeding_Tweezers","CS-Heat_Tape, CS-FLEXOFF, CS-Olfa_Cutting_Matt_A3, CS-Olfa_Cutting_Matt_A4, CS-Olfa_Art_Knife, CS-Weeding_Hook, CS-Weeding_Tweezers","A","","","","","Colours, Greens","Pastel","Heat Pressing and Washing Info","<style>

table {

margin: 0 auto 0 auto;
}

table, th, td {
  
  border-collapse: collapse;
padding: 5px;
}
th, td {
  padding: 5px;
  text-align: center; 
  width: 100px;
  height: 50px;
  background-color:#FBA100;
  color: white;
  border-left: 5px solid white;
  border-right: 5px solid white;
}

th {
  border-top-color: white;
  font-size: 15px;
}

td {

padding-bottom: 1em;
border-bottom: 5px solid white;
font-size: 20px;
  
</style>



<table id=""data"">
  <tbody><tr>
    <th>PRESS TEMP</th>
<th>PRESS TIME</th>
<th>PRESSURE</th>
<th>EASY WEED</th>
<th>PEEL</th>
  </tr>
  <tr>
    <td>130<sup>o</sup>C<br>150<sup>o</sup>C<br>160<sup>o</sup>C</td>
<td>5 secs<br>4 secs<br>3 secs</td>
<td>Medium<br></td>
<td><span style=""font-size:30px;"">&#10003;</span></td>
<td>Warm</td>
  </tr>

<tr>
    <th>LAYER</th>
<th>REVERSE IMAGE</th>
<th>WASH</th>
<th>TUMBLE DRY</th>
<th>DRY CLEAN</th>
  </tr>
  <tr>
    <td><span style=""font-size:30px;"">&#10003;</span></td>
<td><span style=""font-size:30px;"">&#10003;</span></td>
<td>60<sup>o</sup>C</td>
<td><span style=""font-size:30px; color: white;"">&#10003;</span></td>
<td><span style=""font-size:30px;"">&#10003;</span></td>
  </tr>
  </tbody></table>
","","","","","","","Poli-Tape-4967-Apple-Green-Turbo-Craft-HTV","0","htv, heat transfer vinyl, flex vinyl, flex, t shirt vinyl, t shirt film, t-shirt film, t-shirt vinyl, t shirt printing, t-shirt printing","","","1580737004","0","","0","","CHECKBOX"
"CS-4968-Aqua-Green","Aqua Green Turbo Heat Transfer Vinyl","4968","DEFAULT","310","0","CRAFTSTICK","","","","","0","Poli-Tape 4968 Aqua Green Turbo Heat Transfer Vinyl.  Iron or heatpress on to garments and other fabrics fast and at low temperature.","<p>This is perfect for all you crafters and hobbyists out there. Simply plan and cut your design to be ironed or heatpressed on to fabric craft items or garments.</p>
<p>Compatible with all craft cutters such as the Cameo, Cricut, Stika and Skycut plus signmaking plotter cutters from Roland, Graphtec, Mimaki and Mutoh.</p>
<p>Produce long lasting and durable designs onto cushions, aprons, throws and blankets as well as t-shirts and baby / kidswear etc.</p>
<p>So get designing those beautiful creations then just cut and iron on to make them come to life!</p>

","4968_Aqua_Green.png","4968_Aqua_Green.png","INVITEMS","DEFAULT-CS-4968-Aqua-Green-DEFAULT-CS-4968-Aqua-Green","","","0","0","0","","1","REGONLY","0","0","0","0","","","","SELECT","SELECT","0","","","","","0","0","","income-service","","","0","0","","","https://www.youtube.com/embed/Fk6oCCfLFMM","","CS-HTV-COL","CS-HTV-COL, CS-HTV-PASTEL, CS-MOTHERS","","","0","CS-Heat_Tape, CS-FLEXOFF, CS-Olfa_Cutting_Matt_A3, CS-Olfa_Cutting_Matt_A4, CS-Olfa_Art_Knife, CS-Weeding_Hook, CS-Weeding_Tweezers","CS-Heat_Tape, CS-FLEXOFF, CS-Olfa_Cutting_Matt_A3, CS-Olfa_Cutting_Matt_A4, CS-Olfa_Art_Knife, CS-Weeding_Hook, CS-Weeding_Tweezers","A","","","","","Colours, Greens","","Heat Pressing and Washing Info","<style>

table {

margin: 0 auto 0 auto;
}

table, th, td {
  
  border-collapse: collapse;
padding: 5px;
}
th, td {
  padding: 5px;
  text-align: center; 
  width: 100px;
  height: 50px;
  background-color:#FBA100;
  color: white;
  border-left: 5px solid white;
  border-right: 5px solid white;
}

th {
  border-top-color: white;
  font-size: 15px;
}

td {

padding-bottom: 1em;
border-bottom: 5px solid white;
font-size: 20px;
  
</style>



<table id=""data"">
  <tbody><tr>
    <th>PRESS TEMP</th>
<th>PRESS TIME</th>
<th>PRESSURE</th>
<th>EASY WEED</th>
<th>PEEL</th>
  </tr>
  <tr>
    <td>130<sup>o</sup>C<br>150<sup>o</sup>C<br>160<sup>o</sup>C</td>
<td>5 secs<br>4 secs<br>3 secs</td>
<td>Medium<br></td>
<td><span style=""font-size:30px;"">&#10003;</span></td>
<td>Warm</td>
  </tr>

<tr>
    <th>LAYER</th>
<th>REVERSE IMAGE</th>
<th>WASH</th>
<th>TUMBLE DRY</th>
<th>DRY CLEAN</th>
  </tr>
  <tr>
    <td><span style=""font-size:30px;"">&#10003;</span></td>
<td><span style=""font-size:30px;"">&#10003;</span></td>
<td>60<sup>o</sup>C</td>
<td><span style=""font-size:30px; color: white;"">&#10003;</span></td>
<td><span style=""font-size:30px;"">&#10003;</span></td>
  </tr>
  </tbody></table>
","","","","","","","Poli-Tape-4968-Aqua-Green-Turbo-Craft-HTV","0","htv, heat transfer vinyl, flex vinyl, flex, t shirt vinyl, t shirt film, t-shirt film, t-shirt vinyl, t shirt printing, t-shirt printing","","","1649868770","0","","0","","CHECKBOX"
"CS-4973-Flame-Red","Flame Red Turbo Heat Transfer Vinyl","4973","DEFAULT","160","0","CRAFTSTICK","","","","","0","Poli-Tape 4973 Flame Red Turbo Heat Transfer Vinyl.  Iron or heatpress on to garments and other fabrics fast and at low temperature.","<p>This is perfect for all you crafters and hobbyists out there. Simply plan and cut your design to be ironed or heatpressed on to fabric craft items or garments.</p>
<p>Compatible with all craft cutters such as the Cameo, Cricut, Stika and Skycut plus signmaking plotter cutters from Roland, Graphtec, Mimaki and Mutoh.</p>
<p>Produce long lasting and durable designs onto cushions, aprons, throws and blankets as well as t-shirts and baby / kidswear etc.</p>
<p>So get designing those beautiful creations then just cut and iron on to make them come to life!</p>

","4973_Flame_Red.png","4973_Flame_Red.png","INVITEMS","DEFAULT-CS-4973-Flame-Red-DEFAULT-CS-4973-Flame-Red","","","0","0","0","","1","REGONLY","0","0","0","0","","","","SELECT","SELECT","0","","","","","0","0","","income-service","","","0","0","","","https://www.youtube.com/embed/Fk6oCCfLFMM","","CS-HTV-COL","CS-HTV-COL, CS-MOTHERS","","","0","CS-Heat_Tape, CS-FLEXOFF, CS-Olfa_Cutting_Matt_A3, CS-Olfa_Cutting_Matt_A4, CS-Olfa_Art_Knife, CS-Weeding_Hook, CS-Weeding_Tweezers","CS-Heat_Tape, CS-FLEXOFF, CS-Olfa_Cutting_Matt_A3, CS-Olfa_Cutting_Matt_A4, CS-Olfa_Art_Knife, CS-Weeding_Hook, CS-Weeding_Tweezers","A","","","","","Colours, Reds","Pastel","Heat Pressing and Washing Info","<style>

table {

margin: 0 auto 0 auto;
}

table, th, td {
  
  border-collapse: collapse;
padding: 5px;
}
th, td {
  padding: 5px;
  text-align: center; 
  width: 100px;
  height: 50px;
  background-color:#FBA100;
  color: white;
  border-left: 5px solid white;
  border-right: 5px solid white;
}

th {
  border-top-color: white;
  font-size: 15px;
}

td {

padding-bottom: 1em;
border-bottom: 5px solid white;
font-size: 20px;
  
</style>



<table id=""data"">
  <tbody><tr>
    <th>PRESS TEMP</th>
<th>PRESS TIME</th>
<th>PRESSURE</th>
<th>EASY WEED</th>
<th>PEEL</th>
  </tr>
  <tr>
    <td>130<sup>o</sup>C<br>150<sup>o</sup>C<br>160<sup>o</sup>C</td>
<td>5 secs<br>4 secs<br>3 secs</td>
<td>Medium<br></td>
<td><span style=""font-size:30px;"">&#10003;</span></td>
<td>Warm</td>
  </tr>

<tr>
    <th>LAYER</th>
<th>REVERSE IMAGE</th>
<th>WASH</th>
<th>TUMBLE DRY</th>
<th>DRY CLEAN</th>
  </tr>
  <tr>
    <td><span style=""font-size:30px;"">&#10003;</span></td>
<td><span style=""font-size:30px;"">&#10003;</span></td>
<td>60<sup>o</sup>C</td>
<td><span style=""font-size:30px; color: white;"">&#10003;</span></td>
<td><span style=""font-size:30px;"">&#10003;</span></td>
  </tr>
  </tbody></table>
","","","","","","","Poli-Tape-4973-Flame-Red-Turbo-Craft-HTV","0","htv, heat transfer vinyl, flex vinyl, flex, t shirt vinyl, t shirt film, t-shirt film, t-shirt vinyl, t shirt printing, t-shirt printing","","","1626369478","0","","0","","CHECKBOX"
"CS-4975-Ice-Blue","Ice Blue Turbo Heat Transfer Vinyl","4975","DEFAULT","260","0","CRAFTSTICK","","","","","0","Poli-Tape 4975 Ice Blue Turbo Heat Transfer Vinyl.  Iron or heatpress on to garments and other fabrics fast and at low temperature.","<p>This is perfect for all you crafters and hobbyists out there. Simply plan and cut your design to be ironed or heatpressed on to fabric craft items or garments.</p>
<p>Compatible with all craft cutters such as the Cameo, Cricut, Stika and Skycut plus signmaking plotter cutters from Roland, Graphtec, Mimaki and Mutoh.</p>
<p>Produce long lasting and durable designs onto cushions, aprons, throws and blankets as well as t-shirts and baby / kidswear etc.</p>
<p>So get designing those beautiful creations then just cut and iron on to make them come to life!</p>

","4975_Ice_Blue.png","4975_Ice_Blue.png","INVITEMS","DEFAULT-CS-4975-Ice-Blue-DEFAULT-CS-4975-Ice-Blue","","","0","0","0","","1","REGONLY","0","0","0","0","","","","SELECT","SELECT","0","","","","","0","0","","income-service","","","0","0","","","https://www.youtube.com/embed/Fk6oCCfLFMM","","CS-HTV-COL","CS-HTV-COL, CS-AUTUMN, CS-HTV-PASTEL","","","0","CS-Heat_Tape, CS-FLEXOFF, CS-Olfa_Cutting_Matt_A3, CS-Olfa_Cutting_Matt_A4, CS-Olfa_Art_Knife, CS-Weeding_Hook, CS-Weeding_Tweezers","CS-Heat_Tape, CS-FLEXOFF, CS-Olfa_Cutting_Matt_A3, CS-Olfa_Cutting_Matt_A4, CS-Olfa_Art_Knife, CS-Weeding_Hook, CS-Weeding_Tweezers","A","","","","","Colours, Blues","","Heat Pressing and Washing Info","<style>

table {

margin: 0 auto 0 auto;
}

table, th, td {
  
  border-collapse: collapse;
padding: 5px;
}
th, td {
  padding: 5px;
  text-align: center; 
  width: 100px;
  height: 50px;
  background-color:#FBA100;
  color: white;
  border-left: 5px solid white;
  border-right: 5px solid white;
}

th {
  border-top-color: white;
  font-size: 15px;
}

td {

padding-bottom: 1em;
border-bottom: 5px solid white;
font-size: 20px;
  
</style>



<table id=""data"">
  <tbody><tr>
    <th>PRESS TEMP</th>
<th>PRESS TIME</th>
<th>PRESSURE</th>
<th>EASY WEED</th>
<th>PEEL</th>
  </tr>
  <tr>
    <td>130<sup>o</sup>C<br>150<sup>o</sup>C<br>160<sup>o</sup>C</td>
<td>5 secs<br>4 secs<br>3 secs</td>
<td>Medium<br></td>
<td><span style=""font-size:30px;"">&#10003;</span></td>
<td>Warm</td>
  </tr>

<tr>
    <th>LAYER</th>
<th>REVERSE IMAGE</th>
<th>WASH</th>
<th>TUMBLE DRY</th>
<th>DRY CLEAN</th>
  </tr>
  <tr>
    <td><span style=""font-size:30px;"">&#10003;</span></td>
<td><span style=""font-size:30px;"">&#10003;</span></td>
<td>60<sup>o</sup>C</td>
<td><span style=""font-size:30px; color: white;"">&#10003;</span></td>
<td><span style=""font-size:30px;"">&#10003;</span></td>
  </tr>
  </tbody></table>
","","","","","","","Poli-Tape-4975-Ice-Blue-Turbo-Craft-HTV","0","htv, heat transfer vinyl, flex vinyl, flex, t shirt vinyl, t shirt film, t-shirt film, t-shirt vinyl, t shirt printing, t-shirt printing","","","1711554714","0","","0","","CHECKBOX"
"CS-4977-Mint","Mint Turbo Heat Transfer Vinyl","4977","DEFAULT","320","0","CRAFTSTICK","","","","","0","Poli-Tape 4977 Mint Turbo Heat Transfer Vinyl.  Iron or heatpress on to garments and other fabrics fast and at low temperature.","<p>This is perfect for all you crafters and hobbyists out there. Simply plan and cut your design to be ironed or heatpressed on to fabric craft items or garments.</p>
<p>Compatible with all craft cutters such as the Cameo, Cricut, Stika and Skycut plus signmaking plotter cutters from Roland, Graphtec, Mimaki and Mutoh.</p>
<p>Produce long lasting and durable designs onto cushions, aprons, throws and blankets as well as t-shirts and baby / kidswear etc.</p>
<p>So get designing those beautiful creations then just cut and iron on to make them come to life!</p>

","4977_Mint_Turbo_Flex.png","4977_Mint_Turbo_Flex.png","INVITEMS","DEFAULT-CS-4977-Mint-DEFAULT-CS-4977-Mint","","","0","0","0","","1","REGONLY","0","0","0","0","","","","SELECT","SELECT","0","","","","","0","0","","income-service","","","0","0","","","https://www.youtube.com/embed/Fk6oCCfLFMM","","CS-HTV-COL","CS-HTV-COL, CS-HTV-PASTEL, CS-MOTHERS","","","0","CS-Heat_Tape, CS-FLEXOFF, CS-Olfa_Cutting_Matt_A3, CS-Olfa_Cutting_Matt_A4, CS-Olfa_Art_Knife, CS-Weeding_Hook, CS-Weeding_Tweezers","CS-Heat_Tape, CS-FLEXOFF, CS-Olfa_Cutting_Matt_A3, CS-Olfa_Cutting_Matt_A4, CS-Olfa_Art_Knife, CS-Weeding_Hook, CS-Weeding_Tweezers","A","","","","","Colours, Greens","Pastel","Heat Pressing and Washing Info","<style>

table {

margin: 0 auto 0 auto;
}

table, th, td {
  
  border-collapse: collapse;
padding: 5px;
}
th, td {
  padding: 5px;
  text-align: center; 
  width: 100px;
  height: 50px;
  background-color:#FBA100;
  color: white;
  border-left: 5px solid white;
  border-right: 5px solid white;
}

th {
  border-top-color: white;
  font-size: 15px;
}

td {

padding-bottom: 1em;
border-bottom: 5px solid white;
font-size: 20px;
  
</style>



<table id=""data"">
  <tbody><tr>
    <th>PRESS TEMP</th>
<th>PRESS TIME</th>
<th>PRESSURE</th>
<th>EASY WEED</th>
<th>PEEL</th>
  </tr>
  <tr>
    <td>130<sup>o</sup>C<br>150<sup>o</sup>C<br>160<sup>o</sup>C</td>
<td>5 secs<br>4 secs<br>3 secs</td>
<td>Medium<br></td>
<td><span style=""font-size:30px;"">&#10003;</span></td>
<td>Warm</td>
  </tr>

<tr>
    <th>LAYER</th>
<th>REVERSE IMAGE</th>
<th>WASH</th>
<th>TUMBLE DRY</th>
<th>DRY CLEAN</th>
  </tr>
  <tr>
    <td><span style=""font-size:30px;"">&#10003;</span></td>
<td><span style=""font-size:30px;"">&#10003;</span></td>
<td>60<sup>o</sup>C</td>
<td><span style=""font-size:30px; color: white;"">&#10003;</span></td>
<td><span style=""font-size:30px;"">&#10003;</span></td>
  </tr>
  </tbody></table>
","","","","","","","Poli-Tape-4977-Mint-Turbo-Craft-HTV","0","htv, heat transfer vinyl, flex vinyl, flex, t shirt vinyl, t shirt film, t-shirt film, t-shirt vinyl, t shirt printing, t-shirt printing","","","1565278609","0","","0","","CHECKBOX"
"CS-4987-Berry","Neon Berry Turbo Heat Transfer Vinyl","4987","DEFAULT","640","0","CRAFTSTICK","","","","","0","Poli-Tape 4987 Neon Berry Turbo Heat Transfer Vinyl.  Iron or heatpress on to garments and other fabrics fast and at low temperature.","<p>This is perfect for all you crafters and hobbyists out there. Simply plan and cut your design to be ironed or heatpressed on to fabric craft items or garments.</p>
<p>Compatible with all craft cutters such as the Cameo, Cricut, Stika and Skycut plus signmaking plotter cutters from Roland, Graphtec, Mimaki and Mutoh.</p>
<p>Produce long lasting and durable designs onto cushions, aprons, throws and blankets as well as t-shirts and baby / kidswear etc.</p>
<p>So get designing those beautiful creations then just cut and iron on to make them come to life!</p>

","4987_Berry_Turbo_Flex.png","4987_Berry_Turbo_Flex.png","INVITEMS","DEFAULT-CS-4987-Berry-DEFAULT-CS-4987-Berry","","","0","0","0","","1","REGONLY","0","0","0","0","","","","SELECT","SELECT","0","","","","","0","0","","income-service","","","0","0","","","https://www.youtube.com/embed/Fk6oCCfLFMM","","CS-HTV-COL","CS-HTV-COL, CS-FESTIVE, CS-HTV-NEON","","","0","CS-Heat_Tape, CS-FLEXOFF, CS-Olfa_Cutting_Matt_A3, CS-Olfa_Cutting_Matt_A4, CS-Olfa_Art_Knife, CS-Weeding_Hook, CS-Weeding_Tweezers","CS-Heat_Tape, CS-FLEXOFF, CS-Olfa_Cutting_Matt_A3, CS-Olfa_Cutting_Matt_A4, CS-Olfa_Art_Knife, CS-Weeding_Hook, CS-Weeding_Tweezers","A","","","","","Neons, Reds, Blues","","Heat Pressing and Washing Info","<style>

table {

margin: 0 auto 0 auto;
}

table, th, td {
  
  border-collapse: collapse;
padding: 5px;
}
th, td {
  padding: 5px;
  text-align: center; 
  width: 100px;
  height: 50px;
  background-color:#FBA100;
  color: white;
  border-left: 5px solid white;
  border-right: 5px solid white;
}

th {
  border-top-color: white;
  font-size: 15px;
}

td {

padding-bottom: 1em;
border-bottom: 5px solid white;
font-size: 20px;
  
</style>



<table id=""data"">
  <tbody><tr>
    <th>PRESS TEMP</th>
<th>PRESS TIME</th>
<th>PRESSURE</th>
<th>EASY WEED</th>
<th>PEEL</th>
  </tr>
  <tr>
    <td>130<sup>o</sup>C<br>150<sup>o</sup>C<br>160<sup>o</sup>C</td>
<td>5 secs<br>4 secs<br>3 secs</td>
<td>Medium<br></td>
<td><span style=""font-size:30px;"">&#10003;</span></td>
<td>Lukewarm</td>
  </tr>

<tr>
    <th>LAYER</th>
<th>REVERSE IMAGE</th>
<th>WASH</th>
<th>TUMBLE DRY</th>
<th>DRY CLEAN</th>
  </tr>
  <tr>
    <td><span style=""font-size:30px;"">&#10005;</span></td>
<td><span style=""font-size:30px;"">&#10003;</span></td>
<td>60<sup>o</sup>C</td>
<td><span style=""font-size:30px; color: white;"">&#10003;</span></td>
<td><span style=""font-size:30px;"">&#10003;</span></td>
  </tr>
  </tbody></table>
","","","","","","","Poli-Tape-4987-Berry-Turbo-Craft-HTV","0","htv, heat transfer vinyl, flex vinyl, flex, t shirt vinyl, t shirt film, t-shirt film, t-shirt vinyl, t shirt printing, t-shirt printing","","","1565278545","0","","0","","CHECKBOX"
"CS-6978-Peach-Fuzz","Peach Fuzz Turbo Heat Transfer Vinyl","6978","DEFAULT","80","0","CRAFTSTICK","","","","","0","Poli-Tape 6978 Peach Fuzz Turbo Heat Transfer Vinyl.  Iron or heatpress on to garments and other fabrics fast and at low temperature.","<p>This is perfect for all you crafters and hobbyists out there. Simply plan and cut your design to be ironed or heatpressed on to fabric craft items or garments.</p>
<p>Compatible with all craft cutters such as the Cameo, Cricut, Stika and Skycut plus signmaking plotter cutters from Roland, Graphtec, Mimaki and Mutoh.</p>
<p>Produce long lasting and durable designs onto cushions, aprons, throws and blankets as well as t-shirts and baby / kidswear etc.</p>
<p>So get designing those beautiful creations then just cut and iron on to make them come to life!</p>

","6978_Peach_Fuzz.png","6978_Peach_Fuzz.png","INVITEMS","DEFAULT-CS-6978-Peach-Fuzz-DEFAULT-CS-6978-Peach-Fuzz","","","0","0","0","","1","REGONLY","0","0","0","0","","","","SELECT","SELECT","0","","","","","0","0","","income-service","","","0","0","","","https://www.youtube.com/embed/Fk6oCCfLFMM","","CS-HTV-COL","CS-HTV-COL, CS-HTV-PASTEL","","","0","CS-Heat_Tape, CS-FLEXOFF, CS-Olfa_Cutting_Matt_A3, CS-Olfa_Cutting_Matt_A4, CS-Olfa_Art_Knife, CS-Weeding_Hook, CS-Weeding_Tweezers","CS-Heat_Tape, CS-FLEXOFF, CS-Olfa_Cutting_Matt_A3, CS-Olfa_Cutting_Matt_A4, CS-Olfa_Art_Knife, CS-Weeding_Hook, CS-Weeding_Tweezers","A","","","","","Colours, Oranges","","Heat Pressing and Washing Info","<style>

table {

margin: 0 auto 0 auto;
}

table, th, td {
  
  border-collapse: collapse;
padding: 5px;
}
th, td {
  padding: 5px;
  text-align: center; 
  width: 100px;
  height: 50px;
  background-color:#FBA100;
  color: white;
  border-left: 5px solid white;
  border-right: 5px solid white;
}

th {
  border-top-color: white;
  font-size: 15px;
}

td {

padding-bottom: 1em;
border-bottom: 5px solid white;
font-size: 20px;
  
</style>



<table id=""data"">
  <tbody><tr>
    <th>PRESS TEMP</th>
<th>PRESS TIME</th>
<th>PRESSURE</th>
<th>EASY WEED</th>
<th>PEEL</th>
  </tr>
  <tr>
    <td>130<sup>o</sup>C<br>150<sup>o</sup>C<br>160<sup>o</sup>C</td>
<td>5 secs<br>4 secs<br>3 secs</td>
<td>Medium<br></td>
<td><span style=""font-size:30px;"">&#10003;</span></td>
<td>Warm</td>
  </tr>

<tr>
    <th>LAYER</th>
<th>REVERSE IMAGE</th>
<th>WASH</th>
<th>TUMBLE DRY</th>
<th>DRY CLEAN</th>
  </tr>
  <tr>
    <td><span style=""font-size:30px;"">&#10003;</span></td>
<td><span style=""font-size:30px;"">&#10003;</span></td>
<td>60<sup>o</sup>C</td>
<td><span style=""font-size:30px; color: white;"">&#10003;</span></td>
<td><span style=""font-size:30px;"">&#10003;</span></td>
  </tr>
  </tbody></table>
","","","","","","","Poli-Tape-6978-Peach-Fuzz-Turbo-Craft-HTV","0","htv, heat transfer vinyl, flex vinyl, flex, t shirt vinyl, t shirt film, t-shirt film, t-shirt vinyl, t shirt printing, t-shirt printing","","","1711555106","0","","0","","CHECKBOX"
"CS-6985-Peri","Peri Turbo Heat Transfer Vinyl","6985","DEFAULT","240","0","CRAFTSTICK","","","","","0","Poli-Tape 6985 Peri Turbo Heat Transfer Vinyl.  Iron or heatpress on to garments and other fabrics fast and at low temperature.","<p>This is perfect for all you crafters and hobbyists out there. Simply plan and cut your design to be ironed or heatpressed on to fabric craft items or garments.</p>
<p>Compatible with all craft cutters such as the Cameo, Cricut, Stika and Skycut plus signmaking plotter cutters from Roland, Graphtec, Mimaki and Mutoh.</p>
<p>Produce long lasting and durable designs onto cushions, aprons, throws and blankets as well as t-shirts and baby / kidswear etc.</p>
<p>So get designing those beautiful creations then just cut and iron on to make them come to life!</p>

","6985_Peri.png","6985_Peri.png","INVITEMS","DEFAULT-CS-6985-Peri-DEFAULT-CS-6985-Peri","","","0","0","0","","1","REGONLY","0","0","0","0","","","","SELECT","SELECT","0","","","","","0","0","","income-service","","","0","0","","","https://www.youtube.com/embed/Fk6oCCfLFMM","","CS-HTV-COL","CS-HTV-COL, CS-FESTIVE, CS-HTV-NEON","","","0","CS-Heat_Tape, CS-FLEXOFF, CS-Olfa_Cutting_Matt_A3, CS-Olfa_Cutting_Matt_A4, CS-Olfa_Art_Knife, CS-Weeding_Hook, CS-Weeding_Tweezers","CS-Heat_Tape, CS-FLEXOFF, CS-Olfa_Cutting_Matt_A3, CS-Olfa_Cutting_Matt_A4, CS-Olfa_Art_Knife, CS-Weeding_Hook, CS-Weeding_Tweezers","A","","","","","Colours, Blues","","Heat Pressing and Washing Info","<style>

table {

margin: 0 auto 0 auto;
}

table, th, td {
  
  border-collapse: collapse;
padding: 5px;
}
th, td {
  padding: 5px;
  text-align: center; 
  width: 100px;
  height: 50px;
  background-color:#FBA100;
  color: white;
  border-left: 5px solid white;
  border-right: 5px solid white;
}

th {
  border-top-color: white;
  font-size: 15px;
}

td {

padding-bottom: 1em;
border-bottom: 5px solid white;
font-size: 20px;
  
</style>



<table id=""data"">
  <tbody><tr>
    <th>PRESS TEMP</th>
<th>PRESS TIME</th>
<th>PRESSURE</th>
<th>EASY WEED</th>
<th>PEEL</th>
  </tr>
  <tr>
    <td>130<sup>o</sup>C<br>150<sup>o</sup>C<br>160<sup>o</sup>C</td>
<td>5 secs<br>4 secs<br>3 secs</td>
<td>Medium<br></td>
<td><span style=""font-size:30px;"">&#10003;</span></td>
<td>Lukewarm</td>
  </tr>

<tr>
    <th>LAYER</th>
<th>REVERSE IMAGE</th>
<th>WASH</th>
<th>TUMBLE DRY</th>
<th>DRY CLEAN</th>
  </tr>
  <tr>
    <td><span style=""font-size:30px;"">&#10005;</span></td>
<td><span style=""font-size:30px;"">&#10003;</span></td>
<td>60<sup>o</sup>C</td>
<td><span style=""font-size:30px; color: white;"">&#10003;</span></td>
<td><span style=""font-size:30px;"">&#10003;</span></td>
  </tr>
  </tbody></table>
","","","","","","","Poli-Tape-6985-Peri-Turbo-Craft-HTV","0","htv, heat transfer vinyl, flex vinyl, flex, t shirt vinyl, t shirt film, t-shirt film, t-shirt vinyl, t shirt printing, t-shirt printing","","","1710853633","0","","0","","CHECKBOX"
"CS-6986-Viva-Magenta","Viva Magenta Turbo Heat Transfer Vinyl","6986","DEFAULT","210","0","CRAFTSTICK","","","","","0","Poli-Tape 6986 Viva MagentaTurbo Heat Transfer Vinyl.  Iron or heatpress on to garments and other fabrics fast and at low temperature.","<p>This is perfect for all you crafters and hobbyists out there. Simply plan and cut your design to be ironed or heatpressed on to fabric craft items or garments.</p>
<p>Compatible with all craft cutters such as the Cameo, Cricut, Stika and Skycut plus signmaking plotter cutters from Roland, Graphtec, Mimaki and Mutoh.</p>
<p>Produce long lasting and durable designs onto cushions, aprons, throws and blankets as well as t-shirts and baby / kidswear etc.</p>
<p>So get designing those beautiful creations then just cut and iron on to make them come to life!</p>

","6986_Viva_Magenta.png","6986_Viva_Magenta.png","INVITEMS","DEFAULT-CS-6986-Viva-Magenta-DEFAULT-CS-6986-Viva-Magenta","","","0","0","0","","1","REGONLY","0","0","0","0","","","","SELECT","SELECT","0","","","","","0","0","","income-service","","","0","0","","","https://www.youtube.com/embed/Fk6oCCfLFMM","","CS-HTV-COL","CS-HTV-COL, CS-FESTIVE, CS-HTV-NEON","","","0","CS-Heat_Tape, CS-FLEXOFF, CS-Olfa_Cutting_Matt_A3, CS-Olfa_Cutting_Matt_A4, CS-Olfa_Art_Knife, CS-Weeding_Hook, CS-Weeding_Tweezers","CS-Heat_Tape, CS-FLEXOFF, CS-Olfa_Cutting_Matt_A3, CS-Olfa_Cutting_Matt_A4, CS-Olfa_Art_Knife, CS-Weeding_Hook, CS-Weeding_Tweezers","A","","","","","Colours, Reds","","Heat Pressing and Washing Info","<style>

table {

margin: 0 auto 0 auto;
}

table, th, td {
  
  border-collapse: collapse;
padding: 5px;
}
th, td {
  padding: 5px;
  text-align: center; 
  width: 100px;
  height: 50px;
  background-color:#FBA100;
  color: white;
  border-left: 5px solid white;
  border-right: 5px solid white;
}

th {
  border-top-color: white;
  font-size: 15px;
}

td {

padding-bottom: 1em;
border-bottom: 5px solid white;
font-size: 20px;
  
</style>



<table id=""data"">
  <tbody><tr>
    <th>PRESS TEMP</th>
<th>PRESS TIME</th>
<th>PRESSURE</th>
<th>EASY WEED</th>
<th>PEEL</th>
  </tr>
  <tr>
    <td>130<sup>o</sup>C<br>150<sup>o</sup>C<br>160<sup>o</sup>C</td>
<td>5 secs<br>4 secs<br>3 secs</td>
<td>Medium<br></td>
<td><span style=""font-size:30px;"">&#10003;</span></td>
<td>Lukewarm</td>
  </tr>

<tr>
    <th>LAYER</th>
<th>REVERSE IMAGE</th>
<th>WASH</th>
<th>TUMBLE DRY</th>
<th>DRY CLEAN</th>
  </tr>
  <tr>
    <td><span style=""font-size:30px;"">&#10005;</span></td>
<td><span style=""font-size:30px;"">&#10003;</span></td>
<td>60<sup>o</sup>C</td>
<td><span style=""font-size:30px; color: white;"">&#10003;</span></td>
<td><span style=""font-size:30px;"">&#10003;</span></td>
  </tr>
  </tbody></table>
","","","","","","","Poli-Tape-6986-Viva-Magenta-Turbo-Craft-HTV","0","htv, heat transfer vinyl, flex vinyl, flex, t shirt vinyl, t shirt film, t-shirt film, t-shirt vinyl, t shirt printing, t-shirt printing","","","1710853066","0","","0","","CHECKBOX"
"CS-6988-Sage-Green","Sage Green Turbo Heat Transfer Vinyl","6988","DEFAULT","310","0","CRAFTSTICK","","","","","0","Poli-Tape 6988 Sage Green Turbo Heat Transfer Vinyl.  Iron or heatpress on to garments and other fabrics fast and at low temperature.","<p>This is perfect for all you crafters and hobbyists out there. Simply plan and cut your design to be ironed or heatpressed on to fabric craft items or garments.</p>
<p>Compatible with all craft cutters such as the Cameo, Cricut, Stika and Skycut plus signmaking plotter cutters from Roland, Graphtec, Mimaki and Mutoh.</p>
<p>Produce long lasting and durable designs onto cushions, aprons, throws and blankets as well as t-shirts and baby / kidswear etc.</p>
<p>So get designing those beautiful creations then just cut and iron on to make them come to life!</p>

","6988_Sage_Green.png","6988_Sage_Green.png","INVITEMS","DEFAULT-CS-6988-Sage-Green-DEFAULT-CS-6988-Sage-Green","","","0","0","0","","1","REGONLY","0","0","0","0","","","","SELECT","SELECT","0","","","","","0","0","","income-service","","","0","0","","","https://www.youtube.com/embed/Fk6oCCfLFMM","","CS-HTV-COL","CS-HTV-COL, CS-AUTUMN, CS-HTV-PASTEL","","","0","CS-Heat_Tape, CS-FLEXOFF, CS-Olfa_Cutting_Matt_A3, CS-Olfa_Cutting_Matt_A4, CS-Olfa_Art_Knife, CS-Weeding_Hook, CS-Weeding_Tweezers","CS-Heat_Tape, CS-FLEXOFF, CS-Olfa_Cutting_Matt_A3, CS-Olfa_Cutting_Matt_A4, CS-Olfa_Art_Knife, CS-Weeding_Hook, CS-Weeding_Tweezers","A","","","","","Colours, Greens","","Heat Pressing and Washing Info","<style>

table {

margin: 0 auto 0 auto;
}

table, th, td {
  
  border-collapse: collapse;
padding: 5px;
}
th, td {
  padding: 5px;
  text-align: center; 
  width: 100px;
  height: 50px;
  background-color:#FBA100;
  color: white;
  border-left: 5px solid white;
  border-right: 5px solid white;
}

th {
  border-top-color: white;
  font-size: 15px;
}

td {

padding-bottom: 1em;
border-bottom: 5px solid white;
font-size: 20px;
  
</style>



<table id=""data"">
  <tbody><tr>
    <th>PRESS TEMP</th>
<th>PRESS TIME</th>
<th>PRESSURE</th>
<th>EASY WEED</th>
<th>PEEL</th>
  </tr>
  <tr>
    <td>130<sup>o</sup>C<br>150<sup>o</sup>C<br>160<sup>o</sup>C</td>
<td>5 secs<br>4 secs<br>3 secs</td>
<td>Medium<br></td>
<td><span style=""font-size:30px;"">&#10003;</span></td>
<td>Warm</td>
  </tr>

<tr>
    <th>LAYER</th>
<th>REVERSE IMAGE</th>
<th>WASH</th>
<th>TUMBLE DRY</th>
<th>DRY CLEAN</th>
  </tr>
  <tr>
    <td><span style=""font-size:30px;"">&#10003;</span></td>
<td><span style=""font-size:30px;"">&#10003;</span></td>
<td>60<sup>o</sup>C</td>
<td><span style=""font-size:30px; color: white;"">&#10003;</span></td>
<td><span style=""font-size:30px;"">&#10003;</span></td>
  </tr>
  </tbody></table>
","","","","","","","Poli-Tape-6988-Sage-Green-Turbo-Craft-HTV","0","htv, heat transfer vinyl, flex vinyl, flex, t shirt vinyl, t shirt film, t-shirt film, t-shirt vinyl, t shirt printing, t-shirt printing","","","1711555233","0","","0","","CHECKBOX"
"CS-6989-Anthracite","Anthracite Turbo Heat Transfer Vinyl","6989","DEFAULT","20","0","CRAFTSTICK","","","","","0","Poli-Tape 6989 Anthracite Turbo Heat Transfer Vinyl.  Iron or heatpress on to garments and other fabrics fast and at low temperature.","<p>This is perfect for all you crafters and hobbyists out there. Simply plan and cut your design to be ironed or heatpressed on to fabric craft items or garments.</p>
<p>Compatible with all craft cutters such as the Cameo, Cricut, Stika and Skycut plus signmaking plotter cutters from Roland, Graphtec, Mimaki and Mutoh.</p>
<p>Produce long lasting and durable designs onto cushions, aprons, throws and blankets as well as t-shirts and baby / kidswear etc.</p>
<p>So get designing those beautiful creations then just cut and iron on to make them come to life!</p>

","6989_Anthracite.png","6989_Anthracite.png","INVITEMS","DEFAULT-CS-6989-Anthracite-DEFAULT-CS-6989-Anthracite","","","0","0","0","","1","REGONLY","0","0","0","0","","","","SELECT","SELECT","0","","","","","0","0","","income-service","","","0","0","","","https://www.youtube.com/embed/Fk6oCCfLFMM","","CS-HTV-COL","CS-HTV-COL, CS-FESTIVE, CS-HTV-NEON","","","0","CS-Heat_Tape, CS-FLEXOFF, CS-Olfa_Cutting_Matt_A3, CS-Olfa_Cutting_Matt_A4, CS-Olfa_Art_Knife, CS-Weeding_Hook, CS-Weeding_Tweezers","CS-Heat_Tape, CS-FLEXOFF, CS-Olfa_Cutting_Matt_A3, CS-Olfa_Cutting_Matt_A4, CS-Olfa_Art_Knife, CS-Weeding_Hook, CS-Weeding_Tweezers","A","","","","","Colours, Greys","","Heat Pressing and Washing Info","<style>

table {

margin: 0 auto 0 auto;
}

table, th, td {
  
  border-collapse: collapse;
padding: 5px;
}
th, td {
  padding: 5px;
  text-align: center; 
  width: 100px;
  height: 50px;
  background-color:#FBA100;
  color: white;
  border-left: 5px solid white;
  border-right: 5px solid white;
}

th {
  border-top-color: white;
  font-size: 15px;
}

td {

padding-bottom: 1em;
border-bottom: 5px solid white;
font-size: 20px;
  
</style>



<table id=""data"">
  <tbody><tr>
    <th>PRESS TEMP</th>
<th>PRESS TIME</th>
<th>PRESSURE</th>
<th>EASY WEED</th>
<th>PEEL</th>
  </tr>
  <tr>
    <td>130<sup>o</sup>C<br>150<sup>o</sup>C<br>160<sup>o</sup>C</td>
<td>5 secs<br>4 secs<br>3 secs</td>
<td>Medium<br></td>
<td><span style=""font-size:30px;"">&#10003;</span></td>
<td>Lukewarm</td>
  </tr>

<tr>
    <th>LAYER</th>
<th>REVERSE IMAGE</th>
<th>WASH</th>
<th>TUMBLE DRY</th>
<th>DRY CLEAN</th>
  </tr>
  <tr>
    <td><span style=""font-size:30px;"">&#10005;</span></td>
<td><span style=""font-size:30px;"">&#10003;</span></td>
<td>60<sup>o</sup>C</td>
<td><span style=""font-size:30px; color: white;"">&#10003;</span></td>
<td><span style=""font-size:30px;"">&#10003;</span></td>
  </tr>
  </tbody></table>
","","","","","","","Poli-Tape-6989-Anthracite-Turbo-Craft-HTV","0","htv, heat transfer vinyl, flex vinyl, flex, t shirt vinyl, t shirt film, t-shirt film, t-shirt vinyl, t shirt printing, t-shirt printing","","","1710852452","0","","0","","CHECKBOX"
"CS-6995-Olive","Olive Turbo Heat Transfer Vinyl","6995","DEFAULT","340","0","CRAFTSTICK","","","","","0","Poli-Tape 6995 Olive Turbo Heat Transfer Vinyl.  Iron or heatpress on to garments and other fabrics fast and at low temperature.","<p>This is perfect for all you crafters and hobbyists out there. Simply plan and cut your design to be ironed or heatpressed on to fabric craft items or garments.</p>
<p>Compatible with all craft cutters such as the Cameo, Cricut, Stika and Skycut plus signmaking plotter cutters from Roland, Graphtec, Mimaki and Mutoh.</p>
<p>Produce long lasting and durable designs onto cushions, aprons, throws and blankets as well as t-shirts and baby / kidswear etc.</p>
<p>So get designing those beautiful creations then just cut and iron on to make them come to life!</p>

","6995_Olive.png","6995_Olive.png","INVITEMS","DEFAULT-CS-6995-Olive-DEFAULT-CS-6995-Olive","","","0","0","0","","1","REGONLY","0","0","0","0","","","","SELECT","SELECT","0","","","","","0","0","","income-service","","","0","0","","","https://www.youtube.com/embed/Fk6oCCfLFMM","","CS-HTV-COL","CS-HTV-COL, CS-FESTIVE, CS-HTV-NEON","","","0","CS-Heat_Tape, CS-FLEXOFF, CS-Olfa_Cutting_Matt_A3, CS-Olfa_Cutting_Matt_A4, CS-Olfa_Art_Knife, CS-Weeding_Hook, CS-Weeding_Tweezers","CS-Heat_Tape, CS-FLEXOFF, CS-Olfa_Cutting_Matt_A3, CS-Olfa_Cutting_Matt_A4, CS-Olfa_Art_Knife, CS-Weeding_Hook, CS-Weeding_Tweezers","A","","","","","Colours, Greens","","Heat Pressing and Washing Info","<style>

table {

margin: 0 auto 0 auto;
}

table, th, td {
  
  border-collapse: collapse;
padding: 5px;
}
th, td {
  padding: 5px;
  text-align: center; 
  width: 100px;
  height: 50px;
  background-color:#FBA100;
  color: white;
  border-left: 5px solid white;
  border-right: 5px solid white;
}

th {
  border-top-color: white;
  font-size: 15px;
}

td {

padding-bottom: 1em;
border-bottom: 5px solid white;
font-size: 20px;
  
</style>



<table id=""data"">
  <tbody><tr>
    <th>PRESS TEMP</th>
<th>PRESS TIME</th>
<th>PRESSURE</th>
<th>EASY WEED</th>
<th>PEEL</th>
  </tr>
  <tr>
    <td>130<sup>o</sup>C<br>150<sup>o</sup>C<br>160<sup>o</sup>C</td>
<td>5 secs<br>4 secs<br>3 secs</td>
<td>Medium<br></td>
<td><span style=""font-size:30px;"">&#10003;</span></td>
<td>Lukewarm</td>
  </tr>

<tr>
    <th>LAYER</th>
<th>REVERSE IMAGE</th>
<th>WASH</th>
<th>TUMBLE DRY</th>
<th>DRY CLEAN</th>
  </tr>
  <tr>
    <td><span style=""font-size:30px;"">&#10005;</span></td>
<td><span style=""font-size:30px;"">&#10003;</span></td>
<td>60<sup>o</sup>C</td>
<td><span style=""font-size:30px; color: white;"">&#10003;</span></td>
<td><span style=""font-size:30px;"">&#10003;</span></td>
  </tr>
  </tbody></table>
","","","","","","","Poli-Tape-6995-Olive-Turbo-Craft-HTV","0","htv, heat transfer vinyl, flex vinyl, flex, t shirt vinyl, t shirt film, t-shirt film, t-shirt vinyl, t shirt printing, t-shirt printing","","","1710853738","0","","0","","CHECKBOX"
"CS-6996-Flamingo","Flamingo Turbo Heat Transfer Vinyl","6996","DEFAULT","450","0","CRAFTSTICK","","","","","0","Poli-Tape 6996 Flamingo Turbo Heat Transfer Vinyl.  Iron or heatpress on to garments and other fabrics fast and at low temperature.","<p>This is perfect for all you crafters and hobbyists out there. Simply plan and cut your design to be ironed or heatpressed on to fabric craft items or garments.</p>
<p>Compatible with all craft cutters such as the Cameo, Cricut, Stika and Skycut plus signmaking plotter cutters from Roland, Graphtec, Mimaki and Mutoh.</p>
<p>Produce long lasting and durable designs onto cushions, aprons, throws and blankets as well as t-shirts and baby / kidswear etc.</p>
<p>So get designing those beautiful creations then just cut and iron on to make them come to life!</p>

","6996_Flamingo.png","6996_Flamingo.png","INVITEMS","DEFAULT-CS-6996-Flamingo-DEFAULT-CS-6996-Flamingo","","","0","0","0","","1","REGONLY","0","0","0","0","","","","SELECT","SELECT","0","","","","","0","0","","income-service","","","0","0","","","https://www.youtube.com/embed/Fk6oCCfLFMM","","CS-HTV-COL","CS-HTV-COL, CS-FESTIVE, CS-HTV-NEON","","","0","CS-Heat_Tape, CS-FLEXOFF, CS-Olfa_Cutting_Matt_A3, CS-Olfa_Cutting_Matt_A4, CS-Olfa_Art_Knife, CS-Weeding_Hook, CS-Weeding_Tweezers","CS-Heat_Tape, CS-FLEXOFF, CS-Olfa_Cutting_Matt_A3, CS-Olfa_Cutting_Matt_A4, CS-Olfa_Art_Knife, CS-Weeding_Hook, CS-Weeding_Tweezers","A","","","","","Metallics, Browns, Reds","","Heat Pressing and Washing Info","<style>

table {

margin: 0 auto 0 auto;
}

table, th, td {
  
  border-collapse: collapse;
padding: 5px;
}
th, td {
  padding: 5px;
  text-align: center; 
  width: 100px;
  height: 50px;
  background-color:#FBA100;
  color: white;
  border-left: 5px solid white;
  border-right: 5px solid white;
}

th {
  border-top-color: white;
  font-size: 15px;
}

td {

padding-bottom: 1em;
border-bottom: 5px solid white;
font-size: 20px;
  
</style>



<table id=""data"">
  <tbody><tr>
    <th>PRESS TEMP</th>
<th>PRESS TIME</th>
<th>PRESSURE</th>
<th>EASY WEED</th>
<th>PEEL</th>
  </tr>
  <tr>
    <td>130<sup>o</sup>C<br>150<sup>o</sup>C<br>160<sup>o</sup>C</td>
<td>5 secs<br>4 secs<br>3 secs</td>
<td>Medium<br></td>
<td><span style=""font-size:30px;"">&#10003;</span></td>
<td>Lukewarm</td>
  </tr>

<tr>
    <th>LAYER</th>
<th>REVERSE IMAGE</th>
<th>WASH</th>
<th>TUMBLE DRY</th>
<th>DRY CLEAN</th>
  </tr>
  <tr>
    <td><span style=""font-size:30px;"">&#10005;</span></td>
<td><span style=""font-size:30px;"">&#10003;</span></td>
<td>60<sup>o</sup>C</td>
<td><span style=""font-size:30px; color: white;"">&#10003;</span></td>
<td><span style=""font-size:30px;"">&#10003;</span></td>
  </tr>
  </tbody></table>
","","","","","","","Poli-Tape-6996-Flamingo-Turbo-Craft-HTV","0","htv, heat transfer vinyl, flex vinyl, flex, t shirt vinyl, t shirt film, t-shirt film, t-shirt vinyl, t shirt printing, t-shirt printing","","","1710853885","0","","0","","CHECKBOX"
"CS-6997-Light-Apricot","Light Apricot Turbo Heat Transfer Vinyl","6997","DEFAULT","70","0","CRAFTSTICK","","","","","0","Poli-Tape 6997 Light ApricotTurbo Heat Transfer Vinyl.  Iron or heatpress on to garments and other fabrics fast and at low temperature.","<p>This is perfect for all you crafters and hobbyists out there. Simply plan and cut your design to be ironed or heatpressed on to fabric craft items or garments.</p>
<p>Compatible with all craft cutters such as the Cameo, Cricut, Stika and Skycut plus signmaking plotter cutters from Roland, Graphtec, Mimaki and Mutoh.</p>
<p>Produce long lasting and durable designs onto cushions, aprons, throws and blankets as well as t-shirts and baby / kidswear etc.</p>
<p>So get designing those beautiful creations then just cut and iron on to make them come to life!</p>

","6997_Light_Apricot.png","6997_Light_Apricot.png","INVITEMS","DEFAULT-CS-6997-Light-Apricot-DEFAULT-CS-6997-Light-Apricot","","","0","0","0","","1","REGONLY","0","0","0","0","","","","SELECT","SELECT","0","","","","","0","0","","income-service","","","0","0","","","https://www.youtube.com/embed/Fk6oCCfLFMM","","CS-HTV-COL","CS-HTV-COL, CS-HTV-PASTEL","","","0","CS-Heat_Tape, CS-FLEXOFF, CS-Olfa_Cutting_Matt_A3, CS-Olfa_Cutting_Matt_A4, CS-Olfa_Art_Knife, CS-Weeding_Hook, CS-Weeding_Tweezers","CS-Heat_Tape, CS-FLEXOFF, CS-Olfa_Cutting_Matt_A3, CS-Olfa_Cutting_Matt_A4, CS-Olfa_Art_Knife, CS-Weeding_Hook, CS-Weeding_Tweezers","A","","","","","Colours, Beiges","","Heat Pressing and Washing Info","<style>

table {

margin: 0 auto 0 auto;
}

table, th, td {
  
  border-collapse: collapse;
padding: 5px;
}
th, td {
  padding: 5px;
  text-align: center; 
  width: 100px;
  height: 50px;
  background-color:#FBA100;
  color: white;
  border-left: 5px solid white;
  border-right: 5px solid white;
}

th {
  border-top-color: white;
  font-size: 15px;
}

td {

padding-bottom: 1em;
border-bottom: 5px solid white;
font-size: 20px;
  
</style>



<table id=""data"">
  <tbody><tr>
    <th>PRESS TEMP</th>
<th>PRESS TIME</th>
<th>PRESSURE</th>
<th>EASY WEED</th>
<th>PEEL</th>
  </tr>
  <tr>
    <td>130<sup>o</sup>C<br>150<sup>o</sup>C<br>160<sup>o</sup>C</td>
<td>5 secs<br>4 secs<br>3 secs</td>
<td>Medium<br></td>
<td><span style=""font-size:30px;"">&#10003;</span></td>
<td>Lukewarm</td>
  </tr>

<tr>
    <th>LAYER</th>
<th>REVERSE IMAGE</th>
<th>WASH</th>
<th>TUMBLE DRY</th>
<th>DRY CLEAN</th>
  </tr>
  <tr>
    <td><span style=""font-size:30px;"">&#10005;</span></td>
<td><span style=""font-size:30px;"">&#10003;</span></td>
<td>60<sup>o</sup>C</td>
<td><span style=""font-size:30px; color: white;"">&#10003;</span></td>
<td><span style=""font-size:30px;"">&#10003;</span></td>
  </tr>
  </tbody></table>
","","","","","","","Poli-Tape-6997-Light-Apricot-Turbo-Craft-HTV","0","htv, heat transfer vinyl, flex vinyl, flex, t shirt vinyl, t shirt film, t-shirt film, t-shirt vinyl, t shirt printing, t-shirt printing","","","1710853180","0","","0","","CHECKBOX"
"CS-6998-Coffee","Coffee Turbo Heat Transfer Vinyl","6998","DEFAULT","380","0","CRAFTSTICK","","","","","0","Poli-Tape 6998 Coffee Turbo Heat Transfer Vinyl.  Iron or heatpress on to garments and other fabrics fast and at low temperature.","<p>This is perfect for all you crafters and hobbyists out there. Simply plan and cut your design to be ironed or heatpressed on to fabric craft items or garments.</p>
<p>Compatible with all craft cutters such as the Cameo, Cricut, Stika and Skycut plus signmaking plotter cutters from Roland, Graphtec, Mimaki and Mutoh.</p>
<p>Produce long lasting and durable designs onto cushions, aprons, throws and blankets as well as t-shirts and baby / kidswear etc.</p>
<p>So get designing those beautiful creations then just cut and iron on to make them come to life!</p>

","6998_Coffee.png","6998_Coffee.png","INVITEMS","DEFAULT-CS-6998-Coffee-DEFAULT-CS-6998-Coffee","","","0","0","0","","1","REGONLY","0","0","0","0","","","","SELECT","SELECT","0","","","","","0","0","","income-service","","","0","0","","","https://www.youtube.com/embed/Fk6oCCfLFMM","","CS-HTV-COL","CS-HTV-COL, CS-HTV-PASTEL","","","0","CS-Heat_Tape, CS-FLEXOFF, CS-Olfa_Cutting_Matt_A3, CS-Olfa_Cutting_Matt_A4, CS-Olfa_Art_Knife, CS-Weeding_Hook, CS-Weeding_Tweezers","CS-Heat_Tape, CS-FLEXOFF, CS-Olfa_Cutting_Matt_A3, CS-Olfa_Cutting_Matt_A4, CS-Olfa_Art_Knife, CS-Weeding_Hook, CS-Weeding_Tweezers","A","","","","","Colours, Browns","","Heat Pressing and Washing Info","<style>

table {

margin: 0 auto 0 auto;
}

table, th, td {
  
  border-collapse: collapse;
padding: 5px;
}
th, td {
  padding: 5px;
  text-align: center; 
  width: 100px;
  height: 50px;
  background-color:#FBA100;
  color: white;
  border-left: 5px solid white;
  border-right: 5px solid white;
}

th {
  border-top-color: white;
  font-size: 15px;
}

td {

padding-bottom: 1em;
border-bottom: 5px solid white;
font-size: 20px;
  
</style>



<table id=""data"">
  <tbody><tr>
    <th>PRESS TEMP</th>
<th>PRESS TIME</th>
<th>PRESSURE</th>
<th>EASY WEED</th>
<th>PEEL</th>
  </tr>
  <tr>
    <td>130<sup>o</sup>C<br>150<sup>o</sup>C<br>160<sup>o</sup>C</td>
<td>5 secs<br>4 secs<br>3 secs</td>
<td>Medium<br></td>
<td><span style=""font-size:30px;"">&#10003;</span></td>
<td>Lukewarm</td>
  </tr>

<tr>
    <th>LAYER</th>
<th>REVERSE IMAGE</th>
<th>WASH</th>
<th>TUMBLE DRY</th>
<th>DRY CLEAN</th>
  </tr>
  <tr>
    <td><span style=""font-size:30px;"">&#10005;</span></td>
<td><span style=""font-size:30px;"">&#10003;</span></td>
<td>60<sup>o</sup>C</td>
<td><span style=""font-size:30px; color: white;"">&#10003;</span></td>
<td><span style=""font-size:30px;"">&#10003;</span></td>
  </tr>
  </tbody></table>
","","","","","","","Poli-Tape-6998-Coffee-Turbo-Craft-HTV","0","htv, heat transfer vinyl, flex vinyl, flex, t shirt vinyl, t shirt film, t-shirt film, t-shirt vinyl, t shirt printing, t-shirt printing","","","1710853824","0","","0","","CHECKBOX"
"CS-85K","Paint Masking Stencil Vinyl","85K","DEFAULT","1","0","CRAFTSTICK","","","","","0","Cut and use for spraying or painting craft decorations","<p>This is perfect for all you crafters and hobbyists out there. Simply design and produce stencils used for spraying or painting craft items .</p>
<p>Compatible with all craft cutters such as the Cameo, Cricut, Stika and Skycut plus signmaking plotter cutters from Roland, Graphtec, Mimaki and Mutoh.</p>
<p>You can even cut this material using scissors or on a cutting mat with a scalpel too.</p>
<p>Either way you will be able to make stencils suitable for use onto card, wood and other giftware.</p>
<p>So get designing those beautiful creations then just cut, peel, stick and spray to make them come alive.</p>
<b><p>•	Ensures sharp and clear contours   </p>
<p>•	Easy to remove </p>
<p>•	Suitable for flat, curved and flexible surfaces </p></b>
","ASLAN_85K.jpg","ASLAN_85K.jpg","INVITEMS","DEFAULT-CS-85K-DEFAULT-CS-85K","","","0","0","0","","1","REGONLY","0","0","0","0","","","","SELECT","SELECT","0","","","","","0","0","","income-service","","","0","0","","","","","CS-SAV-MASK","CS-SAV-MASK, CS-AUTUMN","","","0","CS-Plastic_Squeegee, CS-Olfa_Art_Knife, CS-Olfa_Premium_Art_Knife, CS-Olfa_Cutting_Matt_A3, CS-Olfa_Cutting_Matt_A4, CS-Easy_Cutter, CS-Bubble_Pen, CS-Aslan_Squeegee, CS-Aslan_Red_Devil_Squeegee, CS-Weeding_Hook, CS-Weeding_Tweezers, CS-PAPER-APP-TAPE, CS-CLEAR-APP-TAPE","CS-Plastic_Squeegee, CS-Olfa_Art_Knife, CS-Olfa_Premium_Art_Knife, CS-Olfa_Cutting_Matt_A3, CS-Olfa_Cutting_Matt_A4, CS-Easy_Cutter, CS-Bubble_Pen, CS-Aslan_Squeegee, CS-Aslan_Red_Devil_Squeegee, CS-Weeding_Hook, CS-Weeding_Tweezers,CS-PAPER-APP-TAPE, CS-CLEAR-APP-TAPE","A","","","","","","Gloss","","","","","","","","","Paint_Masking_Stencil_Vinyl","0","vinyl, mask, masking, stencil","","","1566314903","0","","0","","CHECKBOX"
"CS-Aluminium_Composite","A4 Sheets 5 pack - White Aluminium Composite Sheet","12055","DEFAULT","230","6","CRAFTSTICK","","","","","0","Pack of 5 sheets of A4 White Aluminium Composite Panel.","Pack of 5 sheets of A4 White Aluminium Composite Panel.","ACP.jpg","ACP.jpg","INVITEMS","DEFAULT-CS-Aluminium_Composite-DEFAULT-CS-Aluminium_Composite","","","0","0","0","","1","REGONLY","0","0","0","0","","","","SELECT","SELECT","0","","","","","0","0","","income-service","","","0","0","","","","","CS-TAPES","CS-TAPES","","","0","","","A","superuser","","","","","Boards","","","","","","","","","3mm_Aluminium_Board","0","aluminium, board, rigid, 3mm","","","1570035138","0","","0","","CHECKBOX"
"CS-Application_Rollers","Vinyl Application Rollers","AR","DEFAULT","110","0","CRAFTSTICK","","","","","0","Vinyl Application  Rollers.","<p>Useful alternative to applying vinyl with a squeegee</p>
<p>Available in 4 different sizes.</p>

","CS_APPLICATION_ROLLER.png","CS_APPLICATION_ROLLER.png","INVITEMS","DEFAULT-CS-Application_Rollers-DEFAULT-CS-Application_Rollers","","","0","0","0","","1","REGONLY","0","0","0","0","","","","SELECT","SELECT","0","","","","","0","0","","income-service","","","0","0","","","","","CS-TOOLS","CS-TOOLS","","","0","","","A","","","","","","Squeegees","","","","","","","","","Vinyl_Application_Rollers","0","rollers,application,","","","1569949690","0","","0","","CHECKBOX"
"CS-Aslan_Red_Devil_Squeegee","Red Devil Squeegee","ASLFELT","DEFAULT","20","3","CRAFTSTICK","","","","","0","Versatile dual function squeegee","<p>The best craft tool for applying vinyl.</p>
<p>One sided felt edge and one sided soft plastic</p>
<p>Size: 100mm x 75mm</p>","CS_ASLAN_RED_DEVIL_SQUEEGEE.png","CS_ASLAN_RED_DEVIL_SQUEEGEE.png","INVITEMS","DEFAULT-CS-Aslan_Red_Devil_Squeegee-DEFAULT-CS-Aslan_Red_Devil_Squeegee","","","0","0","0","","1","REGONLY","0","0","0","0","","","","SELECT","SELECT","0","","","","","0","0","","income-service","","","0","0","","","","","CS-TOOLS","CS-TOOLS","","","0","","","A","","","","","","Squeegees","","","","","","","","","Red_Devil_Squeegee","0","aslan,red,devil,squeegee,","","","1569602945","0","","0","","CHECKBOX"
"CS-Aslan_Squeegee","Aslan Squeegee","1041","DEFAULT","60","0","CRAFTSTICK","","","","","0","Robust Aslan Squeegees. Strong plywood with a 3mm thick felt edge.","<p>Strong plywood squeegee with a thick felt edge.</p>
<p>Available in two sizes: 160mm & 270mm.</p>","Aslan_Squeegees.png","Aslan_Squeegees.png","INVITEMS","DEFAULT-CS-Aslan_Squeegee-DEFAULT-CS-Aslan_Squeegee","","","0","0","0","","1","REGONLY","0","0","0","0","","","","SELECT","SELECT","0","","","","","0","0","","income-service","","","0","0","","","","","CS-TOOLS","CS-TOOLS","","","0","","","A","","","","","","Squeegees","","","","","","","","","Aslan_Board_Squeegee","0","aslan,squeegee,oversize,large,","","","1569604851","0","","0","","CHECKBOX"
"CS-Blue_Masking_Tape_25mm","Blue Masking Tape :: 25mm x 50m","MTBLUE1","DEFAULT","15","0","CRAFTSTICK","","","","","0","Easy to remove blue masking tape peels off cleanly from a wide variety of surfaces.","<p>Really useful blue, easy to remove masking tape.</p>
<p>Peels off with ease up to 14 days after application.</p>","Blue-Mask.jpg","Blue-Mask.jpg","INVITEMS","DEFAULT-CS-Blue_Masking_Tape_25mm-DEFAULT-CS-Blue_Masking_Tape_25mm","","","0","0","0","","1","REGONLY","0","0","0","0","","","","SELECT","SELECT","0","","","","","0","0","","income-service","","","0","0","","","","","CS-TAPES","CS-TAPES","","","0","","","A","","","","","","Single_Sided","","","","","","","","","25mm_Blue_Masking_Tape","0","masking,tape,mask,","","","1569950819","0","","0","","CHECKBOX"
"CS-Blue_Masking_Tape_50mm","Blue Masking Tape :: 50mm x 50m","MTBLUE2","DEFAULT","20","0","CRAFTSTICK","","","","","0","Easy to remove blue masking tape peels off cleanly from a wide variety of surfaces.","<p>Really useful blue, easy to remove masking tape.</p>
<p>Peels off with ease up to 14 days after application.</p>","Blue-Mask.jpg","Blue-Mask.jpg","INVITEMS","DEFAULT-CS-Blue_Masking_Tape_50mm-DEFAULT-CS-Blue_Masking_Tape_50mm","","","0","0","0","","1","REGONLY","0","0","0","0","","","","SELECT","SELECT","0","","","","","0","0","","income-service","","","0","0","","","","","CS-TAPES","CS-TAPES","","","0","","","A","","","","","","Single_Sided","","","","","","","","","50mm_Blue_Masking_Tape","0","masking,tape,mask,","","","1569951108","0","","0","","CHECKBOX"
"CS-Bubble_Pen","Bubble Release Pen","BUB","DEFAULT","80","11","CRAFTSTICK","","","","","0","Pen with a retractable fine point for removing trapped air bubbles.","<p>Pen with a retractable fine point for removing trapped air bubbles.</p>
<p>Features a pocket clip for easy access.</p>
","CS_BUBBLE_PEN_1.png","CS_BUBBLE_PEN_1.png, CS_BUBBLE_PEN_2.png","INVITEMS","DEFAULT-CS-Bubble_Pen-DEFAULT-CS-Bubble_Pen","","","0","0","0","","1","REGONLY","0","0","0","0","","","","SELECT","SELECT","0","","","","","0","0","","income-service","","","0","0","","","","","CS-TOOLS","CS-TOOLS","","","0","","","A","","","","","","Squeegees","","","","","","","","","Bubble_Free_Tool","0","bubble free, pin","","","1569949468","0","","0","","CHECKBOX"
"CS-Bumper_3006","6.4mm x 1.9mm Domed Bumpers","3006","DEFAULT","118","7","CRAFTSTICK","","","","","0","Sheet of 720 domed bumpers 6.4mm diameter x 1.9mm high","<p>Sheet of 720 domed bumpers 6.4mm diameter x 1.9mm high</p>
<img style=""border: 3px solid grey; align: left; width: 180px; height: 180px;"" alt=""pdf""
src=""media/ecom/onpagegraphics/Bumper_Small_Domed.jpg"">
","Bumpers.jpg","Bumpers.jpg","INVITEMS","DEFAULT-CS-Bumper_3006-DEFAULT-CS-Bumper_3006","","","0","0","0","","1","REGONLY","0","0","0","0","","","","SELECT","SELECT","0","","","","","0","0","","income-service","","","0","0","","","","","CS-TAPES","CS-TAPES","","","0","","","A","","","","","","Other_Adhesive","","","","","","","","","","0","3M filler,filler","","","1570033077","0","","0","",""
"CS-Bumper_3008","8mm x 2.2mm Domed Bumpers","3008","DEFAULT","120","7","CRAFTSTICK","","","","","0","Sheet of 480 domed bumpers 8mm diameter x 2.2mm high","<p>Sheet of 480 domed bumpers 8mm diameter x 2.2mm high</p>
<img style=""border: 3px solid grey; align: left; width: 180px; height: 180px;"" alt=""pdf""
src=""media/ecom/onpagegraphics/Bumper_Small_Domed.jpg"">
","Bumpers.jpg","Bumpers.jpg","INVITEMS","DEFAULT-CS-Bumper_3008-DEFAULT-CS-Bumper_3008","","","0","0","0","","1","REGONLY","0","0","0","0","","","","SELECT","SELECT","0","","","","","0","0","","income-service","","","0","0","","","","","CS-TAPES","CS-TAPES","","","0","","","A","","","","","","Other_Adhesive","","","","","","","","","","0","3M filler,filler","","","1570033446","0","","0","",""
"CS-Bumper_3115","11.1mm x 5mm Domed Bumpers","3115","DEFAULT","130","7","CRAFTSTICK","","","","","0","Sheet of 276 domed bumpers 11.1mm diameter x 5mm high","<p>Sheet of 276 domed bumpers 11.1mm diameter x 5mm high</p>
<img style=""border: 3px solid grey; align: left; width: 180px; height: 180px;"" alt=""pdf""
src=""media/ecom/onpagegraphics/Bumper_Large_Domed.jpg"">
","Bumpers.jpg","Bumpers.jpg","INVITEMS","DEFAULT-CS-Bumper_3115-DEFAULT-CS-Bumper_3115","","","0","0","0","","1","REGONLY","0","0","0","0","","","","SELECT","SELECT","0","","","","","0","0","","income-service","","","0","0","","","","","CS-TAPES","CS-TAPES","","","0","","","A","","","","","","Other_Adhesive","","","","","","","","","","0","3M filler,filler","","","1570033516","0","","0","",""
"CS-Bumper_3121","12mm x 3.2mm Flat Round Bumpers","3121","DEFAULT","150","7","CRAFTSTICK","","","","","0","Sheet of 264 flat round bumpers 12mm diameter x 3.2mm high","<p>Sheet of 264 flat round bumpers 12mm diameter x 3.2mm high</p>
<img style=""border: 3px solid grey; align: left; width: 180px; height: 180px;"" alt=""pdf""
src=""media/ecom/onpagegraphics/Bumper_Round_Flat.jpg"">
","Bumpers.jpg","Bumpers.jpg","INVITEMS","DEFAULT-CS-Bumper_3121-DEFAULT-CS-Bumper_3121","","","0","0","0","","1","REGONLY","0","0","0","0","","","","SELECT","SELECT","0","","","","","0","0","","income-service","","","0","0","","","","","CS-TAPES","CS-TAPES","","","0","","","A","","","","","","Other_Adhesive","","","","","","","","","","0","3M filler,filler","","","1570033580","0","","0","",""
"CS-Bumper_3127","12.7mm x 3.1mm Flat Square Bumpers","3127","DEFAULT","160","7","CRAFTSTICK","","","","","0","Sheet of 242 flat topped square bumpers 12.7mm square x 3.1mm high","Sheet of 242 flat topped square bumpers 12.7mm square x 3.1mm high
<img style=""border: 3px solid grey; align: left; width: 180px; height: 180px;"" alt=""pdf""
src=""media/ecom/onpagegraphics/Bumper_Square.jpg"">
","Bumpers.jpg","Bumpers.jpg","INVITEMS","DEFAULT-CS-Bumper_3127-DEFAULT-CS-Bumper_3127","","","0","0","0","","1","REGONLY","0","0","0","0","","","","SELECT","SELECT","0","","","","","0","0","","income-service","","","0","0","","","","","CS-TAPES","CS-TAPES","","","0","","","A","","","","","","Other_Adhesive","","","","","","","","","","0","3M filler,filler","","","1570033635","0","","0","",""
"CS-Bumper_3190","19mm x 9.5mm Domed Bumpers","3190","DEFAULT","140","7","CRAFTSTICK","","","","","0","Sheet of 90 domed bumpers 19mm diameter x 9.5mm high","<p>Sheet of 90 domed bumpers 19mm diameter x 9.5mm high</p>
<img style=""border: 3px solid grey; align: left; width: 180px; height: 180px;"" alt=""pdf""
src=""media/ecom/onpagegraphics/Bumper_Large_Domed.jpg"">
","Bumpers.jpg","Bumpers.jpg","INVITEMS","DEFAULT-CS-Bumper_3190-DEFAULT-CS-Bumper_3190","","","0","0","0","","1","REGONLY","0","0","0","0","","","","SELECT","SELECT","0","","","","","0","0","","income-service","","","0","0","","","","","CS-TAPES","CS-TAPES","","","0","","","A","","","","","","Other_Adhesive","","","","","","","","","","0","aslan, vinyl,c114,monomeric","","","1570033689","0","","0","",""
"CS-C11400","Gloss Transparent Craft Vinyl","L199","DEFAULT","460","0","CRAFTSTICK","","","","","0","Gloss Transparent Vinyl. Cut and stick for craft decorations","<p>This is perfect for all you crafters and hobbyists out there. Simply design and produce stickers for virtually anything with our self-adhesive vinyl.</p>
<p>Compatible with all craft cutters such as the Cameo, Cricut, Stika and Skycut plus signmaking plotter cutters from Roland, Graphtec, Mimaki and Mutoh.</p>
<p>You can even cut this material using scissors or on a cutting mat with a scalpel too.</p>
<p>Either way you will be able to make stickers that are long lasting and durable, suitable for use onto glassware, windows, mugs, water bottles, cards, gift tags, invitations, wooden giftware, interior walls etc.</p>
<p>So get designing those beautiful creations then just cut, peel and stick to make them come alive!</p>
<b><p>•	3-5 year outdoor durability </p>
<p>•	Permanent clear adhesive </p>
<p>•	Suitable for smooth flat or slightly curved surfaces</p></b>
","C11400_Gloss_Clear.png","C11400_Gloss_Clear.png","INVITEMS","DEFAULT-CS-C11400-DEFAULT-CS-C11400","","","0","0","0","","1","REGONLY","0","0","0","0","","","","SELECT","SELECT","0","","","","","0","0","","income-service","","","0","0","","","","","CS-SAV-COL","CS-SAV-COL","","","0","CS-Plastic_Squeegee, CS-Olfa_Art_Knife, CS-Olfa_Premium_Art_Knife, CS-Olfa_Cutting_Matt_A3, CS-Olfa_Cutting_Matt_A4, CS-Easy_Cutter, CS-Bubble_Pen, CS-Aslan_Squeegee, CS-Aslan_Red_Devil_Squeegee, CS-Weeding_Hook, CS-Weeding_Tweezers, CS-PAPER-APP-TAPE, CS-CLEAR-APP-TAPE","CS-Plastic_Squeegee, CS-Olfa_Art_Knife, CS-Olfa_Premium_Art_Knife, CS-Olfa_Cutting_Matt_A3, CS-Olfa_Cutting_Matt_A4, CS-Easy_Cutter, CS-Bubble_Pen, CS-Aslan_Squeegee, CS-Aslan_Red_Devil_Squeegee, CS-Weeding_Hook, CS-Weeding_Tweezers,CS-PAPER-APP-TAPE, CS-CLEAR-APP-TAPE","A","","","","","","Gloss","","","","","","","","","Gloss_Transparent_Craft_Vinyl","0","vinyl, craft vinyl, sticky vinyl, coloured vinyl","","","1628584922","0","","0","","CHECKBOX"
"CS-C11401","Gloss White Craft Vinyl","L100","DEFAULT","10","0","CRAFTSTICK","","","","","0","Gloss White Vinyl. Cut and stick for craft decorations","<p>This is perfect for all you crafters and hobbyists out there. Simply design and produce stickers for virtually anything with our self-adhesive vinyl.</p>
<p>Compatible with all craft cutters such as the Cameo, Cricut, Stika and Skycut plus signmaking plotter cutters from Roland, Graphtec, Mimaki and Mutoh.</p>
<p>You can even cut this material using scissors or on a cutting mat with a scalpel too.</p>
<p>Either way you will be able to make stickers that are long lasting and durable, suitable for use onto glassware, windows, mugs, water bottles, cards, gift tags, invitations, wooden giftware, interior walls etc.</p>
<p>So get designing those beautiful creations then just cut, peel and stick to make them come alive!</p>
<b><p>•	3-5 year outdoor durability </p>
<p>•	Permanent clear adhesive </p>
<p>•	Suitable for smooth flat or slightly curved surfaces</p></b>
","C11401_Gloss_White.png","C11401_Gloss_White.png","INVITEMS","DEFAULT-CS-C11401-DEFAULT-CS-C11401","","","0","0","0","","1","REGONLY","0","0","0","0","","","","SELECT","SELECT","0","","","","","0","0","","income-service","","","0","0","","","","","CS-SAV-COL","CS-SAV-COL","","","0","CS-Plastic_Squeegee, CS-Olfa_Art_Knife, CS-Olfa_Premium_Art_Knife, CS-Olfa_Cutting_Matt_A3, CS-Olfa_Cutting_Matt_A4, CS-Easy_Cutter, CS-Bubble_Pen, CS-Aslan_Squeegee, CS-Aslan_Red_Devil_Squeegee, CS-Weeding_Hook, CS-Weeding_Tweezers, CS-PAPER-APP-TAPE, CS-CLEAR-APP-TAPE","CS-Plastic_Squeegee, CS-Olfa_Art_Knife, CS-Olfa_Premium_Art_Knife, CS-Olfa_Cutting_Matt_A3, CS-Olfa_Cutting_Matt_A4, CS-Easy_Cutter, CS-Bubble_Pen, CS-Aslan_Squeegee, CS-Aslan_Red_Devil_Squeegee, CS-Weeding_Hook, CS-Weeding_Tweezers,CS-PAPER-APP-TAPE, CS-CLEAR-APP-TAPE","A","","","","","","Gloss","","","","","","","","","Gloss_White_Craft_Vinyl","0","vinyl, craft vinyl, sticky vinyl, coloured vinyl","","","1556207333","0","","0","","CHECKBOX"
"CS-C11404","Gloss Brown Craft Vinyl","L145","DEFAULT","130","0","CRAFTSTICK","","","","","0","Gloss Brown Vinyl. Cut and stick for craft decorations","<p>This is perfect for all you crafters and hobbyists out there. Simply design and produce stickers for virtually anything with our self-adhesive vinyl.</p>
<p>Compatible with all craft cutters such as the Cameo, Cricut, Stika and Skycut plus signmaking plotter cutters from Roland, Graphtec, Mimaki and Mutoh.</p>
<p>You can even cut this material using scissors or on a cutting mat with a scalpel too.</p>
<p>Either way you will be able to make stickers that are long lasting and durable, suitable for use onto glassware, windows, mugs, water bottles, cards, gift tags, invitations, wooden giftware, interior walls etc.</p>
<p>So get designing those beautiful creations then just cut, peel and stick to make them come alive!</p>
<b><p>•	3-5 year outdoor durability </p>
<p>•	Permanent clear adhesive </p>
<p>•	Suitable for smooth flat or slightly curved surfaces</p></b>
","C11404_Gloss_Brown.png","C11404_Gloss_Brown.png","INVITEMS","DEFAULT-CS-C11404-DEFAULT-CS-C11404","","","0","0","0","","1","REGONLY","0","0","0","0","","","","SELECT","SELECT","0","","","","","0","0","","income-service","","","0","0","","","","","CS-SAV-COL","CS-SAV-COL","","","0","CS-Plastic_Squeegee, CS-Olfa_Art_Knife, CS-Olfa_Premium_Art_Knife, CS-Olfa_Cutting_Matt_A3, CS-Olfa_Cutting_Matt_A4, CS-Easy_Cutter, CS-Bubble_Pen, CS-Aslan_Squeegee, CS-Aslan_Red_Devil_Squeegee, CS-Weeding_Hook, CS-Weeding_Tweezers, CS-PAPER-APP-TAPE, CS-CLEAR-APP-TAPE","CS-Plastic_Squeegee, CS-Olfa_Art_Knife, CS-Olfa_Premium_Art_Knife, CS-Olfa_Cutting_Matt_A3, CS-Olfa_Cutting_Matt_A4, CS-Easy_Cutter, CS-Bubble_Pen, CS-Aslan_Squeegee, CS-Aslan_Red_Devil_Squeegee, CS-Weeding_Hook, CS-Weeding_Tweezers,CS-PAPER-APP-TAPE, CS-CLEAR-APP-TAPE","A","","","","","","Gloss","","","","","","","","","Gloss_Brown_Craft_Vinyl","0","vinyl, craft vinyl, sticky vinyl, coloured vinyl","","","1556294532","0","","0","","CHECKBOX"
"CS-C11405","Gloss Beige Craft Vinyl","L105","DEFAULT","140","0","CRAFTSTICK","","","","","0","Gloss Beige Vinyl. Cut and stick for craft decorations","<p>This is perfect for all you crafters and hobbyists out there. Simply design and produce stickers for virtually anything with our self-adhesive vinyl.</p>
<p>Compatible with all craft cutters such as the Cameo, Cricut, Stika and Skycut plus signmaking plotter cutters from Roland, Graphtec, Mimaki and Mutoh.</p>
<p>You can even cut this material using scissors or on a cutting mat with a scalpel too.</p>
<p>Either way you will be able to make stickers that are long lasting and durable, suitable for use onto glassware, windows, mugs, water bottles, cards, gift tags, invitations, wooden giftware, interior walls etc.</p>
<p>So get designing those beautiful creations then just cut, peel and stick to make them come alive!</p>
<b><p>•	3-5 year outdoor durability </p>
<p>•	Permanent clear adhesive </p>
<p>•	Suitable for smooth flat or slightly curved surfaces</p></b>
","C11405_Gloss_Beige.png","C11405_Gloss_Beige.png","INVITEMS","DEFAULT-CS-C11405-DEFAULT-CS-C11405","","","0","0","0","","1","REGONLY","0","0","0","0","","","","SELECT","SELECT","0","","","","","0","0","","income-service","","","0","0","","","","","CS-SAV-COL","CS-SAV-COL","","","0","CS-Plastic_Squeegee, CS-Olfa_Art_Knife, CS-Olfa_Premium_Art_Knife, CS-Olfa_Cutting_Matt_A3, CS-Olfa_Cutting_Matt_A4, CS-Easy_Cutter, CS-Bubble_Pen, CS-Aslan_Squeegee, CS-Aslan_Red_Devil_Squeegee, CS-Weeding_Hook, CS-Weeding_Tweezers, CS-PAPER-APP-TAPE, CS-CLEAR-APP-TAPE","CS-Plastic_Squeegee, CS-Olfa_Art_Knife, CS-Olfa_Premium_Art_Knife, CS-Olfa_Cutting_Matt_A3, CS-Olfa_Cutting_Matt_A4, CS-Easy_Cutter, CS-Bubble_Pen, CS-Aslan_Squeegee, CS-Aslan_Red_Devil_Squeegee, CS-Weeding_Hook, CS-Weeding_Tweezers,CS-PAPER-APP-TAPE, CS-CLEAR-APP-TAPE","A","","","","","","Gloss, Pastel","","","","","","","","","Gloss_Beige_Craft_Vinyl","0","vinyl, craft vinyl, sticky vinyl, coloured vinyl","","","1556207803","0","","0","","CHECKBOX"
"CS-C11407","Gloss Primrose Yellow Craft Vinyl","L110","DEFAULT","20","0","CRAFTSTICK","","","","","0","Gloss Primrose Yellow Vinyl. Cut and stick for craft decorations","<p>This is perfect for all you crafters and hobbyists out there. Simply design and produce stickers for virtually anything with our self-adhesive vinyl.</p>
<p>Compatible with all craft cutters such as the Cameo, Cricut, Stika and Skycut plus signmaking plotter cutters from Roland, Graphtec, Mimaki and Mutoh.</p>
<p>You can even cut this material using scissors or on a cutting mat with a scalpel too.</p>
<p>Either way you will be able to make stickers that are long lasting and durable, suitable for use onto glassware, windows, mugs, water bottles, cards, gift tags, invitations, wooden giftware, interior walls etc.</p>
<p>So get designing those beautiful creations then just cut, peel and stick to make them come alive!</p>
<b><p>•	3-5 year outdoor durability </p>
<p>•	Permanent clear adhesive </p>
<p>•	Suitable for smooth flat or slightly curved surfaces</p></b>
","C11407_Gloss_Primrose_Yellow.png","C11407_Gloss_Primrose_Yellow.png","INVITEMS","DEFAULT-CS-C11407-DEFAULT-CS-C11407","","","0","0","0","","1","REGONLY","0","0","0","0","","","","SELECT","SELECT","0","","","","","0","0","","income-service","","","0","0","","","","","CS-SAV-COL","CS-SAV-COL, CS-MOTHERS","","","0","CS-Plastic_Squeegee, CS-Olfa_Art_Knife, CS-Olfa_Premium_Art_Knife, CS-Olfa_Cutting_Matt_A3, CS-Olfa_Cutting_Matt_A4, CS-Easy_Cutter, CS-Bubble_Pen, CS-Aslan_Squeegee, CS-Aslan_Red_Devil_Squeegee, CS-Weeding_Hook, CS-Weeding_Tweezers, CS-PAPER-APP-TAPE, CS-CLEAR-APP-TAPE","CS-Plastic_Squeegee, CS-Olfa_Art_Knife, CS-Olfa_Premium_Art_Knife, CS-Olfa_Cutting_Matt_A3, CS-Olfa_Cutting_Matt_A4, CS-Easy_Cutter, CS-Bubble_Pen, CS-Aslan_Squeegee, CS-Aslan_Red_Devil_Squeegee, CS-Weeding_Hook, CS-Weeding_Tweezers,CS-PAPER-APP-TAPE, CS-CLEAR-APP-TAPE","A","","","","","","Gloss","","","","","","","","","Gloss_Primrose_Yellow_Craft_Vinyl","0","vinyl, craft vinyl, sticky vinyl, coloured vinyl","","","1556207949","0","","0","","CHECKBOX"
"CS-C11408","Gloss Bright Yellow Craft Vinyl","L112","DEFAULT","50","0","CRAFTSTICK","","","","","0","Gloss Bright Yellow Vinyl. Cut and stick for craft decorations","<p>This is perfect for all you crafters and hobbyists out there. Simply design and produce stickers for virtually anything with our self-adhesive vinyl.</p>
<p>Compatible with all craft cutters such as the Cameo, Cricut, Stika and Skycut plus signmaking plotter cutters from Roland, Graphtec, Mimaki and Mutoh.</p>
<p>You can even cut this material using scissors or on a cutting mat with a scalpel too.</p>
<p>Either way you will be able to make stickers that are long lasting and durable, suitable for use onto glassware, windows, mugs, water bottles, cards, gift tags, invitations, wooden giftware, interior walls etc.</p>
<p>So get designing those beautiful creations then just cut, peel and stick to make them come alive!</p>
<b><p>•	3-5 year outdoor durability </p>
<p>•	Permanent clear adhesive </p>
<p>•	Suitable for smooth flat or slightly curved surfaces</p></b>
","C11408_Gloss_Bright_Yellow.png","C11408_Gloss_Bright_Yellow.png","INVITEMS","DEFAULT-CS-C11408-DEFAULT-CS-C11408","","","0","0","0","","1","REGONLY","0","0","0","0","","","","SELECT","SELECT","0","","","","","0","0","","income-service","","","0","0","","","","","CS-SAV-COL","CS-SAV-COL, CS-MOTHERS","","","0","CS-Plastic_Squeegee, CS-Olfa_Art_Knife, CS-Olfa_Premium_Art_Knife, CS-Olfa_Cutting_Matt_A3, CS-Olfa_Cutting_Matt_A4, CS-Easy_Cutter, CS-Bubble_Pen, CS-Aslan_Squeegee, CS-Aslan_Red_Devil_Squeegee, CS-Weeding_Hook, CS-Weeding_Tweezers, CS-PAPER-APP-TAPE, CS-CLEAR-APP-TAPE","CS-Plastic_Squeegee, CS-Olfa_Art_Knife, CS-Olfa_Premium_Art_Knife, CS-Olfa_Cutting_Matt_A3, CS-Olfa_Cutting_Matt_A4, CS-Easy_Cutter, CS-Bubble_Pen, CS-Aslan_Squeegee, CS-Aslan_Red_Devil_Squeegee, CS-Weeding_Hook, CS-Weeding_Tweezers,CS-PAPER-APP-TAPE, CS-CLEAR-APP-TAPE","A","","","","","","Gloss","","","","","","","","","Gloss_Bright_Yellow_Craft_Vinyl","0","vinyl, craft vinyl, sticky vinyl, coloured vinyl","","","1556208044","0","","0","","CHECKBOX"
"CS-C11409","Gloss Golden Yellow Craft Vinyl","L111","DEFAULT","60","0","CRAFTSTICK","","","","","0","Gloss Golden Yellow Vinyl. Cut and stick for craft decorations","<p>This is perfect for all you crafters and hobbyists out there. Simply design and produce stickers for virtually anything with our self-adhesive vinyl.</p>
<p>Compatible with all craft cutters such as the Cameo, Cricut, Stika and Skycut plus signmaking plotter cutters from Roland, Graphtec, Mimaki and Mutoh.</p>
<p>You can even cut this material using scissors or on a cutting mat with a scalpel too.</p>
<p>Either way you will be able to make stickers that are long lasting and durable, suitable for use onto glassware, windows, mugs, water bottles, cards, gift tags, invitations, wooden giftware, interior walls etc.</p>
<p>So get designing those beautiful creations then just cut, peel and stick to make them come alive!</p>
<b><p>•	3-5 year outdoor durability </p>
<p>•	Permanent clear adhesive </p>
<p>•	Suitable for smooth flat or slightly curved surfaces</p></b>
","C11409_Gloss_Golden_Yellow.png","C11409_Gloss_Golden_Yellow.png","INVITEMS","DEFAULT-CS-C11409-DEFAULT-CS-C11409","","","0","0","0","","1","REGONLY","0","0","0","0","","","","SELECT","SELECT","0","","","","","0","0","","income-service","","","0","0","","","","","CS-SAV-COL","CS-SAV-COL, CS-AUTUMN, CS-MOTHERS","","","0","CS-Plastic_Squeegee, CS-Olfa_Art_Knife, CS-Olfa_Premium_Art_Knife, CS-Olfa_Cutting_Matt_A3, CS-Olfa_Cutting_Matt_A4, CS-Easy_Cutter, CS-Bubble_Pen, CS-Aslan_Squeegee, CS-Aslan_Red_Devil_Squeegee, CS-Weeding_Hook, CS-Weeding_Tweezers, CS-PAPER-APP-TAPE, CS-CLEAR-APP-TAPE","CS-Plastic_Squeegee, CS-Olfa_Art_Knife, CS-Olfa_Premium_Art_Knife, CS-Olfa_Cutting_Matt_A3, CS-Olfa_Cutting_Matt_A4, CS-Easy_Cutter, CS-Bubble_Pen, CS-Aslan_Squeegee, CS-Aslan_Red_Devil_Squeegee, CS-Weeding_Hook, CS-Weeding_Tweezers,CS-PAPER-APP-TAPE, CS-CLEAR-APP-TAPE","A","","","","","","Gloss","","","","","","","","","Gloss_Golden_Yellow_Craft_Vinyl","0","vinyl, craft vinyl, sticky vinyl, coloured vinyl","","","1556212679","0","","0","","CHECKBOX"
"CS-C11412","Gloss Orange Craft Vinyl","L120","DEFAULT","80","0","CRAFTSTICK","","","","","0","Gloss Orange Vinyl. Cut and stick for craft decorations","<p>This is perfect for all you crafters and hobbyists out there. Simply design and produce stickers for virtually anything with our self-adhesive vinyl.</p>
<p>Compatible with all craft cutters such as the Cameo, Cricut, Stika and Skycut plus signmaking plotter cutters from Roland, Graphtec, Mimaki and Mutoh.</p>
<p>You can even cut this material using scissors or on a cutting mat with a scalpel too.</p>
<p>Either way you will be able to make stickers that are long lasting and durable, suitable for use onto glassware, windows, mugs, water bottles, cards, gift tags, invitations, wooden giftware, interior walls etc.</p>
<p>So get designing those beautiful creations then just cut, peel and stick to make them come alive!</p>
<b><p>•	3-5 year outdoor durability </p>
<p>•	Permanent clear adhesive </p>
<p>•	Suitable for smooth flat or slightly curved surfaces</p></b>
","C11412_Gloss_Orange.png","C11412_Gloss_Orange.png","INVITEMS","DEFAULT-CS-C11412-DEFAULT-CS-C11412","","","0","0","0","","1","REGONLY","0","0","0","0","","","","SELECT","SELECT","0","","","","","0","0","","income-service","","","0","0","","","","","CS-SAV-COL","CS-SAV-COL, CS-AUTUMN, CS-MOTHERS","","","0","CS-Plastic_Squeegee, CS-Olfa_Art_Knife, CS-Olfa_Premium_Art_Knife, CS-Olfa_Cutting_Matt_A3, CS-Olfa_Cutting_Matt_A4, CS-Easy_Cutter, CS-Bubble_Pen, CS-Aslan_Squeegee, CS-Aslan_Red_Devil_Squeegee, CS-Weeding_Hook, CS-Weeding_Tweezers, CS-PAPER-APP-TAPE, CS-CLEAR-APP-TAPE","CS-Plastic_Squeegee, CS-Olfa_Art_Knife, CS-Olfa_Premium_Art_Knife, CS-Olfa_Cutting_Matt_A3, CS-Olfa_Cutting_Matt_A4, CS-Easy_Cutter, CS-Bubble_Pen, CS-Aslan_Squeegee, CS-Aslan_Red_Devil_Squeegee, CS-Weeding_Hook, CS-Weeding_Tweezers,CS-PAPER-APP-TAPE, CS-CLEAR-APP-TAPE","A","","","","","","Gloss","","","","","","","","","Gloss_Orange_Craft_Vinyl","0","vinyl, craft vinyl, sticky vinyl, coloured vinyl","","","1556213257","0","","0","","CHECKBOX"
"CS-C11413","Gloss Medium Red Craft Vinyl","L132","DEFAULT","90","0","CRAFTSTICK","","","","","0","Gloss Medium Red Vinyl. Cut and stick for craft decorations","<p>This is perfect for all you crafters and hobbyists out there. Simply design and produce stickers for virtually anything with our self-adhesive vinyl.</p>
<p>Compatible with all craft cutters such as the Cameo, Cricut, Stika and Skycut plus signmaking plotter cutters from Roland, Graphtec, Mimaki and Mutoh.</p>
<p>You can even cut this material using scissors or on a cutting mat with a scalpel too.</p>
<p>Either way you will be able to make stickers that are long lasting and durable, suitable for use onto glassware, windows, mugs, water bottles, cards, gift tags, invitations, wooden giftware, interior walls etc.</p>
<p>So get designing those beautiful creations then just cut, peel and stick to make them come alive!</p>
<b><p>•	3-5 year outdoor durability </p>
<p>•	Permanent clear adhesive </p>
<p>•	Suitable for smooth flat or slightly curved surfaces</p></b>
","C11413_Gloss_Medium_Red.png","C11413_Gloss_Medium_Red.png","INVITEMS","DEFAULT-CS-C11413-DEFAULT-CS-C11413","","","0","0","0","","1","REGONLY","0","0","0","0","","","","SELECT","SELECT","0","","","","","0","0","","income-service","","","0","0","","","","","CS-SAV-COL","CS-SAV-COL, CS-AUTUMN, CS-VALENTINES","","","0","CS-Plastic_Squeegee, CS-Olfa_Art_Knife, CS-Olfa_Premium_Art_Knife, CS-Olfa_Cutting_Matt_A3, CS-Olfa_Cutting_Matt_A4, CS-Easy_Cutter, CS-Bubble_Pen, CS-Aslan_Squeegee, CS-Aslan_Red_Devil_Squeegee, CS-Weeding_Hook, CS-Weeding_Tweezers, CS-PAPER-APP-TAPE, CS-CLEAR-APP-TAPE","CS-Plastic_Squeegee, CS-Olfa_Art_Knife, CS-Olfa_Premium_Art_Knife, CS-Olfa_Cutting_Matt_A3, CS-Olfa_Cutting_Matt_A4, CS-Easy_Cutter, CS-Bubble_Pen, CS-Aslan_Squeegee, CS-Aslan_Red_Devil_Squeegee, CS-Weeding_Hook, CS-Weeding_Tweezers,CS-PAPER-APP-TAPE, CS-CLEAR-APP-TAPE","A","","","","","","Gloss","","","","","","","","","Gloss_Medium_Red_Craft_Vinyl","0","vinyl, craft vinyl, sticky vinyl, coloured vinyl","","","1556213496","0","","0","","CHECKBOX"
"CS-C11415","Gloss Red Craft Vinyl","L130","DEFAULT","100","0","CRAFTSTICK","","","","","0","Gloss Red Vinyl. Cut and stick for craft decorations","<p>This is perfect for all you crafters and hobbyists out there. Simply design and produce stickers for virtually anything with our self-adhesive vinyl.</p>
<p>Compatible with all craft cutters such as the Cameo, Cricut, Stika and Skycut plus signmaking plotter cutters from Roland, Graphtec, Mimaki and Mutoh.</p>
<p>You can even cut this material using scissors or on a cutting mat with a scalpel too.</p>
<p>Either way you will be able to make stickers that are long lasting and durable, suitable for use onto glassware, windows, mugs, water bottles, cards, gift tags, invitations, wooden giftware, interior walls etc.</p>
<p>So get designing those beautiful creations then just cut, peel and stick to make them come alive!</p>
<b><p>•	3-5 year outdoor durability </p>
<p>•	Permanent clear adhesive </p>
<p>•	Suitable for smooth flat or slightly curved surfaces</p></b>
","C11415_Gloss_Tomato_Red.png","C11415_Gloss_Tomato_Red.png","INVITEMS","DEFAULT-CS-C11415-DEFAULT-CS-C11415","","","0","0","0","","1","REGONLY","0","0","0","0","","","","SELECT","SELECT","0","","","","","0","0","","income-service","","","0","0","","","","","CS-SAV-COL","CS-SAV-COL","","","0","CS-Plastic_Squeegee, CS-Olfa_Art_Knife, CS-Olfa_Premium_Art_Knife, CS-Olfa_Cutting_Matt_A3, CS-Olfa_Cutting_Matt_A4, CS-Easy_Cutter, CS-Bubble_Pen, CS-Aslan_Squeegee, CS-Aslan_Red_Devil_Squeegee, CS-Weeding_Hook, CS-Weeding_Tweezers, CS-PAPER-APP-TAPE, CS-CLEAR-APP-TAPE","CS-Plastic_Squeegee, CS-Olfa_Art_Knife, CS-Olfa_Premium_Art_Knife, CS-Olfa_Cutting_Matt_A3, CS-Olfa_Cutting_Matt_A4, CS-Easy_Cutter, CS-Bubble_Pen, CS-Aslan_Squeegee, CS-Aslan_Red_Devil_Squeegee, CS-Weeding_Hook, CS-Weeding_Tweezers,CS-PAPER-APP-TAPE, CS-CLEAR-APP-TAPE","A","","","","","","Gloss","","","","","","","","","Gloss_Tomato_Red_Craft_Vinyl","0","vinyl, craft vinyl, sticky vinyl, coloured vinyl","","","1556294079","0","","0","","CHECKBOX"
"CS-C11416","Gloss Dark Red Craft Vinyl","L133","DEFAULT","110","0","CRAFTSTICK","","","","","0","Gloss Dark Red Vinyl. Cut and stick for craft decorations","<p>This is perfect for all you crafters and hobbyists out there. Simply design and produce stickers for virtually anything with our self-adhesive vinyl.</p>
<p>Compatible with all craft cutters such as the Cameo, Cricut, Stika and Skycut plus signmaking plotter cutters from Roland, Graphtec, Mimaki and Mutoh.</p>
<p>You can even cut this material using scissors or on a cutting mat with a scalpel too.</p>
<p>Either way you will be able to make stickers that are long lasting and durable, suitable for use onto glassware, windows, mugs, water bottles, cards, gift tags, invitations, wooden giftware, interior walls etc.</p>
<p>So get designing those beautiful creations then just cut, peel and stick to make them come alive!</p>
<b><p>•	3-5 year outdoor durability </p>
<p>•	Permanent clear adhesive </p>
<p>•	Suitable for smooth flat or slightly curved surfaces</p></b>
","C11416_Gloss_Dark_Red.png","C11416_Gloss_Dark_Red.png","INVITEMS","DEFAULT-CS-C11416-DEFAULT-CS-C11416","","","0","0","0","","1","REGONLY","0","0","0","0","","","","SELECT","SELECT","0","","","","","0","0","","income-service","","","0","0","","","","","CS-SAV-COL","CS-SAV-COL, CS-VALENTINES","","","0","CS-Plastic_Squeegee, CS-Olfa_Art_Knife, CS-Olfa_Premium_Art_Knife, CS-Olfa_Cutting_Matt_A3, CS-Olfa_Cutting_Matt_A4, CS-Easy_Cutter, CS-Bubble_Pen, CS-Aslan_Squeegee, CS-Aslan_Red_Devil_Squeegee, CS-Weeding_Hook, CS-Weeding_Tweezers, CS-PAPER-APP-TAPE, CS-CLEAR-APP-TAPE","CS-Plastic_Squeegee, CS-Olfa_Art_Knife, CS-Olfa_Premium_Art_Knife, CS-Olfa_Cutting_Matt_A3, CS-Olfa_Cutting_Matt_A4, CS-Easy_Cutter, CS-Bubble_Pen, CS-Aslan_Squeegee, CS-Aslan_Red_Devil_Squeegee, CS-Weeding_Hook, CS-Weeding_Tweezers,CS-PAPER-APP-TAPE, CS-CLEAR-APP-TAPE","A","","","","","","Gloss","","","","","","","","","Gloss_Dark_Red_Craft_Vinyl","0","vinyl, craft vinyl, sticky vinyl, coloured vinyl","","","1556294315","0","","0","","CHECKBOX"
"CS-C11417","Gloss Burgundy Craft Vinyl","L135","DEFAULT","120","0","CRAFTSTICK","","","","","0","Gloss Burgundy Vinyl. Cut and stick for craft decorations","<p>This is perfect for all you crafters and hobbyists out there. Simply design and produce stickers for virtually anything with our self-adhesive vinyl.</p>
<p>Compatible with all craft cutters such as the Cameo, Cricut, Stika and Skycut plus signmaking plotter cutters from Roland, Graphtec, Mimaki and Mutoh.</p>
<p>You can even cut this material using scissors or on a cutting mat with a scalpel too.</p>
<p>Either way you will be able to make stickers that are long lasting and durable, suitable for use onto glassware, windows, mugs, water bottles, cards, gift tags, invitations, wooden giftware, interior walls etc.</p>
<p>So get designing those beautiful creations then just cut, peel and stick to make them come alive!</p>
<b><p>•	3-5 year outdoor durability </p>
<p>•	Permanent clear adhesive </p>
<p>•	Suitable for smooth flat or slightly curved surfaces</p></b>
","C11417_Gloss_Burgundy.png","C11417_Gloss_Burgundy.png","INVITEMS","DEFAULT-CS-C11417-DEFAULT-CS-C11417","","","0","0","0","","1","REGONLY","0","0","0","0","","","","SELECT","SELECT","0","","","","","0","0","","income-service","","","0","0","","","","","CS-SAV-COL","CS-SAV-COL","","","0","CS-Plastic_Squeegee, CS-Olfa_Art_Knife, CS-Olfa_Premium_Art_Knife, CS-Olfa_Cutting_Matt_A3, CS-Olfa_Cutting_Matt_A4, CS-Easy_Cutter, CS-Bubble_Pen, CS-Aslan_Squeegee, CS-Aslan_Red_Devil_Squeegee, CS-Weeding_Hook, CS-Weeding_Tweezers, CS-PAPER-APP-TAPE, CS-CLEAR-APP-TAPE","CS-Plastic_Squeegee, CS-Olfa_Art_Knife, CS-Olfa_Premium_Art_Knife, CS-Olfa_Cutting_Matt_A3, CS-Olfa_Cutting_Matt_A4, CS-Easy_Cutter, CS-Bubble_Pen, CS-Aslan_Squeegee, CS-Aslan_Red_Devil_Squeegee, CS-Weeding_Hook, CS-Weeding_Tweezers,CS-PAPER-APP-TAPE, CS-CLEAR-APP-TAPE","A","","","","","","Gloss","","","","","","","","","Gloss_Burgundy_Craft_Vinyl","0","vinyl, craft vinyl, sticky vinyl, coloured vinyl","","","1556294430","0","","0","","CHECKBOX"
"CS-C11420","Gloss Apple Green Craft Vinyl","L178","DEFAULT","330","0","CRAFTSTICK","","","","","0","Gloss Apple Green Vinyl. Cut and stick for craft decorations","<p>This is perfect for all you crafters and hobbyists out there. Simply design and produce stickers for virtually anything with our self-adhesive vinyl.</p>
<p>Compatible with all craft cutters such as the Cameo, Cricut, Stika and Skycut plus signmaking plotter cutters from Roland, Graphtec, Mimaki and Mutoh.</p>
<p>You can even cut this material using scissors or on a cutting mat with a scalpel too.</p>
<p>Either way you will be able to make stickers that are long lasting and durable, suitable for use onto glassware, windows, mugs, water bottles, cards, gift tags, invitations, wooden giftware, interior walls etc.</p>
<p>So get designing those beautiful creations then just cut, peel and stick to make them come alive!</p>
<b><p>•	3-5 year outdoor durability </p>
<p>•	Permanent clear adhesive </p>
<p>•	Suitable for smooth flat or slightly curved surfaces</p></b>
","C11420_Gloss_Apple_Green.png","C11420_Gloss_Apple_Green.png","INVITEMS","DEFAULT-CS-C11420-DEFAULT-CS-C11420","","","0","0","0","","1","REGONLY","0","0","0","0","","","","SELECT","SELECT","0","","","","","0","0","","income-service","","","0","0","","","","","CS-SAV-COL","CS-SAV-COL, CS-MOTHERS","","","0","CS-Plastic_Squeegee, CS-Olfa_Art_Knife, CS-Olfa_Premium_Art_Knife, CS-Olfa_Cutting_Matt_A3, CS-Olfa_Cutting_Matt_A4, CS-Easy_Cutter, CS-Bubble_Pen, CS-Aslan_Squeegee, CS-Aslan_Red_Devil_Squeegee, CS-Weeding_Hook, CS-Weeding_Tweezers, CS-PAPER-APP-TAPE, CS-CLEAR-APP-TAPE","CS-Plastic_Squeegee, CS-Olfa_Art_Knife, CS-Olfa_Premium_Art_Knife, CS-Olfa_Cutting_Matt_A3, CS-Olfa_Cutting_Matt_A4, CS-Easy_Cutter, CS-Bubble_Pen, CS-Aslan_Squeegee, CS-Aslan_Red_Devil_Squeegee, CS-Weeding_Hook, CS-Weeding_Tweezers,CS-PAPER-APP-TAPE, CS-CLEAR-APP-TAPE","A","","","","","","Gloss, Pastel","","","","","","","","","Gloss_Apple_Green_Craft_Vinyl","0","vinyl, craft vinyl, sticky vinyl, coloured vinyl","","","1556297593","0","","0","","CHECKBOX"
"CS-C11421","Gloss Bright Green Craft Vinyl","L179","DEFAULT","340","0","CRAFTSTICK","","","","","0","Gloss Bright Green Vinyl. Cut and stick for craft decorations","<p>This is perfect for all you crafters and hobbyists out there. Simply design and produce stickers for virtually anything with our self-adhesive vinyl.</p>
<p>Compatible with all craft cutters such as the Cameo, Cricut, Stika and Skycut plus signmaking plotter cutters from Roland, Graphtec, Mimaki and Mutoh.</p>
<p>You can even cut this material using scissors or on a cutting mat with a scalpel too.</p>
<p>Either way you will be able to make stickers that are long lasting and durable, suitable for use onto glassware, windows, mugs, water bottles, cards, gift tags, invitations, wooden giftware, interior walls etc.</p>
<p>So get designing those beautiful creations then just cut, peel and stick to make them come alive!</p>
<b><p>•	3-5 year outdoor durability </p>
<p>•	Permanent clear adhesive </p>
<p>•	Suitable for smooth flat or slightly curved surfaces</p></b>
","C11421_Gloss_Bright_Green.png","C11421_Gloss_Bright_Green.png","INVITEMS","DEFAULT-CS-C11421-DEFAULT-CS-C11421","","","0","0","0","","1","REGONLY","0","0","0","0","","","","SELECT","SELECT","0","","","","","0","0","","income-service","","","0","0","","","","","CS-SAV-COL","CS-SAV-COL, CS-MOTHERS","","","0","CS-Plastic_Squeegee, CS-Olfa_Art_Knife, CS-Olfa_Premium_Art_Knife, CS-Olfa_Cutting_Matt_A3, CS-Olfa_Cutting_Matt_A4, CS-Easy_Cutter, CS-Bubble_Pen, CS-Aslan_Squeegee, CS-Aslan_Red_Devil_Squeegee, CS-Weeding_Hook, CS-Weeding_Tweezers, CS-PAPER-APP-TAPE, CS-CLEAR-APP-TAPE","CS-Plastic_Squeegee, CS-Olfa_Art_Knife, CS-Olfa_Premium_Art_Knife, CS-Olfa_Cutting_Matt_A3, CS-Olfa_Cutting_Matt_A4, CS-Easy_Cutter, CS-Bubble_Pen, CS-Aslan_Squeegee, CS-Aslan_Red_Devil_Squeegee, CS-Weeding_Hook, CS-Weeding_Tweezers,CS-PAPER-APP-TAPE, CS-CLEAR-APP-TAPE","A","","","","","","Gloss","","","","","","","","","Gloss_Bright_Green_Craft_Vinyl","0","vinyl, craft vinyl, sticky vinyl, coloured vinyl","","","1556297928","0","","0","","CHECKBOX"
"CS-C11422","Gloss Medium Green Craft Vinyl","L180","DEFAULT","310","0","CRAFTSTICK","","","","","0","Gloss Medium Green Vinyl. Cut and stick for craft decorations","<p>This is perfect for all you crafters and hobbyists out there. Simply design and produce stickers for virtually anything with our self-adhesive vinyl.</p>
<p>Compatible with all craft cutters such as the Cameo, Cricut, Stika and Skycut plus signmaking plotter cutters from Roland, Graphtec, Mimaki and Mutoh.</p>
<p>You can even cut this material using scissors or on a cutting mat with a scalpel too.</p>
<p>Either way you will be able to make stickers that are long lasting and durable, suitable for use onto glassware, windows, mugs, water bottles, cards, gift tags, invitations, wooden giftware, interior walls etc.</p>
<p>So get designing those beautiful creations then just cut, peel and stick to make them come alive!</p>
<b><p>•	3-5 year outdoor durability </p>
<p>•	Permanent clear adhesive </p>
<p>•	Suitable for smooth flat or slightly curved surfaces</p></b>
","C11422_Gloss_Medium_Green.png","C11422_Gloss_Medium_Green.png","INVITEMS","DEFAULT-CS-C11422-DEFAULT-CS-C11422","","","0","0","0","","1","REGONLY","0","0","0","0","","","","SELECT","SELECT","0","","","","","0","0","","income-service","","","0","0","","","","","CS-SAV-COL","CS-SAV-COL, CS-MOTHERS","","","0","CS-Plastic_Squeegee, CS-Olfa_Art_Knife, CS-Olfa_Premium_Art_Knife, CS-Olfa_Cutting_Matt_A3, CS-Olfa_Cutting_Matt_A4, CS-Easy_Cutter, CS-Bubble_Pen, CS-Aslan_Squeegee, CS-Aslan_Red_Devil_Squeegee, CS-Weeding_Hook, CS-Weeding_Tweezers, CS-PAPER-APP-TAPE, CS-CLEAR-APP-TAPE","CS-Plastic_Squeegee, CS-Olfa_Art_Knife, CS-Olfa_Premium_Art_Knife, CS-Olfa_Cutting_Matt_A3, CS-Olfa_Cutting_Matt_A4, CS-Easy_Cutter, CS-Bubble_Pen, CS-Aslan_Squeegee, CS-Aslan_Red_Devil_Squeegee, CS-Weeding_Hook, CS-Weeding_Tweezers,CS-PAPER-APP-TAPE, CS-CLEAR-APP-TAPE","A","","","","","","Gloss","","","","","","","","","Gloss_Medium_Green_Craft_Vinyl","0","vinyl, craft vinyl, sticky vinyl, coloured vinyl","","","1556298026","0","","0","","CHECKBOX"
"CS-C11424","Gloss Violet Craft Vinyl","L150","DEFAULT","170","0","CRAFTSTICK","","","","","0","Gloss Violet Vinyl. Cut and stick for craft decorations","<p>This is perfect for all you crafters and hobbyists out there. Simply design and produce stickers for virtually anything with our self-adhesive vinyl.</p>
<p>Compatible with all craft cutters such as the Cameo, Cricut, Stika and Skycut plus signmaking plotter cutters from Roland, Graphtec, Mimaki and Mutoh.</p>
<p>You can even cut this material using scissors or on a cutting mat with a scalpel too.</p>
<p>Either way you will be able to make stickers that are long lasting and durable, suitable for use onto glassware, windows, mugs, water bottles, cards, gift tags, invitations, wooden giftware, interior walls etc.</p>
<p>So get designing those beautiful creations then just cut, peel and stick to make them come alive!</p>
<b><p>•	3-5 year outdoor durability </p>
<p>•	Permanent clear adhesive </p>
<p>•	Suitable for smooth flat or slightly curved surfaces</p></b>
","C11424_Gloss_Violet.png","C11424_Gloss_Violet.png","INVITEMS","DEFAULT-CS-C11424-DEFAULT-CS-C11424","","","0","0","0","","1","REGONLY","0","0","0","0","","","","SELECT","SELECT","0","","","","","0","0","","income-service","","","0","0","","","","","CS-SAV-COL","CS-SAV-COL, CS-MOTHERS","","","0","CS-Plastic_Squeegee, CS-Olfa_Art_Knife, CS-Olfa_Premium_Art_Knife, CS-Olfa_Cutting_Matt_A3, CS-Olfa_Cutting_Matt_A4, CS-Easy_Cutter, CS-Bubble_Pen, CS-Aslan_Squeegee, CS-Aslan_Red_Devil_Squeegee, CS-Weeding_Hook, CS-Weeding_Tweezers, CS-PAPER-APP-TAPE, CS-CLEAR-APP-TAPE","CS-Plastic_Squeegee, CS-Olfa_Art_Knife, CS-Olfa_Premium_Art_Knife, CS-Olfa_Cutting_Matt_A3, CS-Olfa_Cutting_Matt_A4, CS-Easy_Cutter, CS-Bubble_Pen, CS-Aslan_Squeegee, CS-Aslan_Red_Devil_Squeegee, CS-Weeding_Hook, CS-Weeding_Tweezers,CS-PAPER-APP-TAPE, CS-CLEAR-APP-TAPE","A","","","","","","Gloss","","","","","","","","","Gloss_Violet_Craft_Vinyl","0","vinyl, craft vinyl, sticky vinyl, coloured vinyl","","","1556297317","0","","0","","CHECKBOX"
"CS-C11425","Gloss Forest Green Craft Vinyl","L183","DEFAULT","350","0","CRAFTSTICK","","","","","0","Gloss Forest Green Vinyl. Cut and stick for craft decorations","<p>This is perfect for all you crafters and hobbyists out there. Simply design and produce stickers for virtually anything with our self-adhesive vinyl.</p>
<p>Compatible with all craft cutters such as the Cameo, Cricut, Stika and Skycut plus signmaking plotter cutters from Roland, Graphtec, Mimaki and Mutoh.</p>
<p>You can even cut this material using scissors or on a cutting mat with a scalpel too.</p>
<p>Either way you will be able to make stickers that are long lasting and durable, suitable for use onto glassware, windows, mugs, water bottles, cards, gift tags, invitations, wooden giftware, interior walls etc.</p>
<p>So get designing those beautiful creations then just cut, peel and stick to make them come alive!</p>
<b><p>•	3-5 year outdoor durability </p>
<p>•	Permanent clear adhesive </p>
<p>•	Suitable for smooth flat or slightly curved surfaces</p></b>
","C11425_Gloss_Forest_Green.png","C11425_Gloss_Forest_Green.png","INVITEMS","DEFAULT-CS-C11425-DEFAULT-CS-C11425","","","0","0","0","","1","REGONLY","0","0","0","0","","","","SELECT","SELECT","0","","","","","0","0","","income-service","","","0","0","","","","","CS-SAV-COL","CS-SAV-COL, CS-AUTUMN, CS-FESTIVE","","","0","CS-Plastic_Squeegee, CS-Olfa_Art_Knife, CS-Olfa_Premium_Art_Knife, CS-Olfa_Cutting_Matt_A3, CS-Olfa_Cutting_Matt_A4, CS-Easy_Cutter, CS-Bubble_Pen, CS-Aslan_Squeegee, CS-Aslan_Red_Devil_Squeegee, CS-Weeding_Hook, CS-Weeding_Tweezers, CS-PAPER-APP-TAPE, CS-CLEAR-APP-TAPE","CS-Plastic_Squeegee, CS-Olfa_Art_Knife, CS-Olfa_Premium_Art_Knife, CS-Olfa_Cutting_Matt_A3, CS-Olfa_Cutting_Matt_A4, CS-Easy_Cutter, CS-Bubble_Pen, CS-Aslan_Squeegee, CS-Aslan_Red_Devil_Squeegee, CS-Weeding_Hook, CS-Weeding_Tweezers,CS-PAPER-APP-TAPE, CS-CLEAR-APP-TAPE","A","","","","","","Gloss","","","","","","","","","Gloss_Forest_Green_Craft_Vinyl","0","vinyl, craft vinyl, sticky vinyl, coloured vinyl","","","1556298148","0","","0","","CHECKBOX"
"CS-C11428","Gloss Hot Pink Craft Vinyl","L189","DEFAULT","160","0","CRAFTSTICK","","","","","0","Gloss Hot Pink Vinyl. Cut and stick for craft decorations","<p>This is perfect for all you crafters and hobbyists out there. Simply design and produce stickers for virtually anything with our self-adhesive vinyl.</p>
<p>Compatible with all craft cutters such as the Cameo, Cricut, Stika and Skycut plus signmaking plotter cutters from Roland, Graphtec, Mimaki and Mutoh.</p>
<p>You can even cut this material using scissors or on a cutting mat with a scalpel too.</p>
<p>Either way you will be able to make stickers that are long lasting and durable, suitable for use onto glassware, windows, mugs, water bottles, cards, gift tags, invitations, wooden giftware, interior walls etc.</p>
<p>So get designing those beautiful creations then just cut, peel and stick to make them come alive!</p>
<b><p>3-5 year outdoor durability </p>
<p>Permanent clear adhesive </p>
<p>Suitable for smooth flat or slightly curved surfaces</p></b>
","Event_189_Gloss_Hot_Pink.png","Event_189_Gloss_Hot_Pink.png","INVITEMS","DEFAULT-CS-C11428-DEFAULT-CS-C11428","","","0","0","0","","1","REGONLY","0","0","0","0","","","","SELECT","SELECT","0","","","","","0","0","","income-service","","","0","0","","","","","CS-SAV-COL","CS-SAV-COL, CS-AUTUMN","","","0","CS-Plastic_Squeegee, CS-Olfa_Art_Knife, CS-Olfa_Premium_Art_Knife, CS-Olfa_Cutting_Matt_A3, CS-Olfa_Cutting_Matt_A4, CS-Easy_Cutter, CS-Bubble_Pen, CS-Aslan_Squeegee, CS-Aslan_Red_Devil_Squeegee, CS-Weeding_Hook, CS-Weeding_Tweezers, CS-PAPER-APP-TAPE, CS-CLEAR-APP-TAPE","CS-Plastic_Squeegee, CS-Olfa_Art_Knife, CS-Olfa_Premium_Art_Knife, CS-Olfa_Cutting_Matt_A3, CS-Olfa_Cutting_Matt_A4, CS-Easy_Cutter, CS-Bubble_Pen, CS-Aslan_Squeegee, CS-Aslan_Red_Devil_Squeegee, CS-Weeding_Hook, CS-Weeding_Tweezers,CS-PAPER-APP-TAPE, CS-CLEAR-APP-TAPE","A","","","","","","Gloss","","","","","","","","","Gloss_Magenta_Craft_Vinyl","0","vinyl, craft vinyl, sticky vinyl, coloured vinyl","","","1628581684","0","","0","","CHECKBOX"
"CS-C11429","Gloss Perfect Purple Craft Vinyl","L151","DEFAULT","180","0","CRAFTSTICK","","","","","0","Gloss Perfect Purple Vinyl. Cut and stick for craft decorations","<p>This is perfect for all you crafters and hobbyists out there. Simply design and produce stickers for virtually anything with our self-adhesive vinyl.</p>
<p>Compatible with all craft cutters such as the Cameo, Cricut, Stika and Skycut plus signmaking plotter cutters from Roland, Graphtec, Mimaki and Mutoh.</p>
<p>You can even cut this material using scissors or on a cutting mat with a scalpel too.</p>
<p>Either way you will be able to make stickers that are long lasting and durable, suitable for use onto glassware, windows, mugs, water bottles, cards, gift tags, invitations, wooden giftware, interior walls etc.</p>
<p>So get designing those beautiful creations then just cut, peel and stick to make them come alive!</p>
<b><p>•	3-5 year outdoor durability </p>
<p>•	Permanent clear adhesive </p>
<p>•	Suitable for smooth flat or slightly curved surfaces</p></b>
","C11429_Gloss_Purple.png","C11429_Gloss_Purple.png","INVITEMS","DEFAULT-CS-C11429-DEFAULT-CS-C11429","","","0","0","0","","1","REGONLY","0","0","0","0","","","","SELECT","SELECT","0","","","","","0","0","","income-service","","","0","0","","","","","CS-SAV-COL","CS-SAV-COL, CS-AUTUMN","","","0","CS-Plastic_Squeegee, CS-Olfa_Art_Knife, CS-Olfa_Premium_Art_Knife, CS-Olfa_Cutting_Matt_A3, CS-Olfa_Cutting_Matt_A4, CS-Easy_Cutter, CS-Bubble_Pen, CS-Aslan_Squeegee, CS-Aslan_Red_Devil_Squeegee, CS-Weeding_Hook, CS-Weeding_Tweezers, CS-PAPER-APP-TAPE, CS-CLEAR-APP-TAPE","CS-Plastic_Squeegee, CS-Olfa_Art_Knife, CS-Olfa_Premium_Art_Knife, CS-Olfa_Cutting_Matt_A3, CS-Olfa_Cutting_Matt_A4, CS-Easy_Cutter, CS-Bubble_Pen, CS-Aslan_Squeegee, CS-Aslan_Red_Devil_Squeegee, CS-Weeding_Hook, CS-Weeding_Tweezers,CS-PAPER-APP-TAPE, CS-CLEAR-APP-TAPE","A","","","","","","Gloss","","","","","","","","","Gloss_Purple_Craft_Vinyl","0","vinyl, craft vinyl, sticky vinyl, coloured vinyl","","","1628582926","0","","0","","CHECKBOX"
"CS-C11431","Gloss Olympic Blue Craft Vinyl","L158","DEFAULT","250","0","CRAFTSTICK","","","","","0","Gloss Olympic Blue Vinyl. Cut and stick for craft decorations","<p>This is perfect for all you crafters and hobbyists out there. Simply design and produce stickers for virtually anything with our self-adhesive vinyl.</p>
<p>Compatible with all craft cutters such as the Cameo, Cricut, Stika and Skycut plus signmaking plotter cutters from Roland, Graphtec, Mimaki and Mutoh.</p>
<p>You can even cut this material using scissors or on a cutting mat with a scalpel too.</p>
<p>Either way you will be able to make stickers that are long lasting and durable, suitable for use onto glassware, windows, mugs, water bottles, cards, gift tags, invitations, wooden giftware, interior walls etc.</p>
<p>So get designing those beautiful creations then just cut, peel and stick to make them come alive!</p>
<b><p>•	3-5 year outdoor durability </p>
<p>•	Permanent clear adhesive </p>
<p>•	Suitable for smooth flat or slightly curved surfaces</p></b>
","C11431_Gloss_Olympic_Blue.png","C11431_Gloss_Olympic_Blue.png","INVITEMS","DEFAULT-CS-C11431-DEFAULT-CS-C11431","","","0","0","0","","1","REGONLY","0","0","0","0","","","","SELECT","SELECT","0","","","","","0","0","","income-service","","","0","0","","","","","CS-SAV-COL","CS-SAV-COL","","","0","CS-Plastic_Squeegee, CS-Olfa_Art_Knife, CS-Olfa_Premium_Art_Knife, CS-Olfa_Cutting_Matt_A3, CS-Olfa_Cutting_Matt_A4, CS-Easy_Cutter, CS-Bubble_Pen, CS-Aslan_Squeegee, CS-Aslan_Red_Devil_Squeegee, CS-Weeding_Hook, CS-Weeding_Tweezers, CS-PAPER-APP-TAPE, CS-CLEAR-APP-TAPE","CS-Plastic_Squeegee, CS-Olfa_Art_Knife, CS-Olfa_Premium_Art_Knife, CS-Olfa_Cutting_Matt_A3, CS-Olfa_Cutting_Matt_A4, CS-Easy_Cutter, CS-Bubble_Pen, CS-Aslan_Squeegee, CS-Aslan_Red_Devil_Squeegee, CS-Weeding_Hook, CS-Weeding_Tweezers,CS-PAPER-APP-TAPE, CS-CLEAR-APP-TAPE","A","","","","","","Gloss","","","","","","","","","Gloss_Olympic_Blue_Craft_Vinyl","0","vinyl, craft vinyl, sticky vinyl, coloured vinyl","","","1556298261","0","","0","","CHECKBOX"
"CS-C11432","Gloss Azure Blue Craft Vinyl","L159","DEFAULT","240","0","CRAFTSTICK","","","","","0","Gloss Azure Blue Vinyl. Cut and stick for craft decorations","<p>This is perfect for all you crafters and hobbyists out there. Simply design and produce stickers for virtually anything with our self-adhesive vinyl.</p>
<p>Compatible with all craft cutters such as the Cameo, Cricut, Stika and Skycut plus signmaking plotter cutters from Roland, Graphtec, Mimaki and Mutoh.</p>
<p>You can even cut this material using scissors or on a cutting mat with a scalpel too.</p>
<p>Either way you will be able to make stickers that are long lasting and durable, suitable for use onto glassware, windows, mugs, water bottles, cards, gift tags, invitations, wooden giftware, interior walls etc.</p>
<p>So get designing those beautiful creations then just cut, peel and stick to make them come alive!</p>
<b><p>•	3-5 year outdoor durability </p>
<p>•	Permanent clear adhesive </p>
<p>•	Suitable for smooth flat or slightly curved surfaces</p></b>
","C11432_Gloss_Azure_Blue.png","C11432_Gloss_Azure_Blue.png","INVITEMS","DEFAULT-CS-C11432-DEFAULT-CS-C11432","","","0","0","0","","1","REGONLY","0","0","0","0","","","","SELECT","SELECT","0","","","","","0","0","","income-service","","","0","0","","","","","CS-SAV-COL","CS-SAV-COL","","","0","CS-Plastic_Squeegee, CS-Olfa_Art_Knife, CS-Olfa_Premium_Art_Knife, CS-Olfa_Cutting_Matt_A3, CS-Olfa_Cutting_Matt_A4, CS-Easy_Cutter, CS-Bubble_Pen, CS-Aslan_Squeegee, CS-Aslan_Red_Devil_Squeegee, CS-Weeding_Hook, CS-Weeding_Tweezers, CS-PAPER-APP-TAPE, CS-CLEAR-APP-TAPE","CS-Plastic_Squeegee, CS-Olfa_Art_Knife, CS-Olfa_Premium_Art_Knife, CS-Olfa_Cutting_Matt_A3, CS-Olfa_Cutting_Matt_A4, CS-Easy_Cutter, CS-Bubble_Pen, CS-Aslan_Squeegee, CS-Aslan_Red_Devil_Squeegee, CS-Weeding_Hook, CS-Weeding_Tweezers,CS-PAPER-APP-TAPE, CS-CLEAR-APP-TAPE","A","","","","","","Gloss","","","","","","","","","Gloss_Azure_Blue_Craft_Vinyl","0","vinyl, craft vinyl, sticky vinyl, coloured vinyl","","","1556298487","0","","0","","CHECKBOX"
"CS-C11433","Gloss Brilliant Blue Craft Vinyl","L168","DEFAULT","220","0","CRAFTSTICK","","","","","0","Gloss Brilliant Blue Vinyl. Cut and stick for craft decorations","<p>This is perfect for all you crafters and hobbyists out there. Simply design and produce stickers for virtually anything with our self-adhesive vinyl.</p>
<p>Compatible with all craft cutters such as the Cameo, Cricut, Stika and Skycut plus signmaking plotter cutters from Roland, Graphtec, Mimaki and Mutoh.</p>
<p>You can even cut this material using scissors or on a cutting mat with a scalpel too.</p>
<p>Either way you will be able to make stickers that are long lasting and durable, suitable for use onto glassware, windows, mugs, water bottles, cards, gift tags, invitations, wooden giftware, interior walls etc.</p>
<p>So get designing those beautiful creations then just cut, peel and stick to make them come alive!</p>
<b><p>•	3-5 year outdoor durability </p>
<p>•	Permanent clear adhesive </p>
<p>•	Suitable for smooth flat or slightly curved surfaces</p></b>
","C11433_Gloss_Brilliant_Blue.png","C11433_Gloss_Brilliant_Blue.png","INVITEMS","DEFAULT-CS-C11433-DEFAULT-CS-C11433","","","0","0","0","","1","REGONLY","0","0","0","0","","","","SELECT","SELECT","0","","","","","0","0","","income-service","","","0","0","","","","","CS-SAV-COL","CS-SAV-COL","","","0","CS-Plastic_Squeegee, CS-Olfa_Art_Knife, CS-Olfa_Premium_Art_Knife, CS-Olfa_Cutting_Matt_A3, CS-Olfa_Cutting_Matt_A4, CS-Easy_Cutter, CS-Bubble_Pen, CS-Aslan_Squeegee, CS-Aslan_Red_Devil_Squeegee, CS-Weeding_Hook, CS-Weeding_Tweezers, CS-PAPER-APP-TAPE, CS-CLEAR-APP-TAPE","CS-Plastic_Squeegee, CS-Olfa_Art_Knife, CS-Olfa_Premium_Art_Knife, CS-Olfa_Cutting_Matt_A3, CS-Olfa_Cutting_Matt_A4, CS-Easy_Cutter, CS-Bubble_Pen, CS-Aslan_Squeegee, CS-Aslan_Red_Devil_Squeegee, CS-Weeding_Hook, CS-Weeding_Tweezers,CS-PAPER-APP-TAPE, CS-CLEAR-APP-TAPE","A","","","","","","Gloss","","","","","","","","","Gloss_Brilliant_Blue_Craft_Vinyl","0","vinyl, craft vinyl, sticky vinyl, coloured vinyl","","","1556623078","0","","0","","CHECKBOX"
"CS-C11434","Gloss Permanent Blue Craft Vinyl","L160","DEFAULT","230","0","CRAFTSTICK","","","","","0","Gloss Permanent Blue Vinyl. Cut and stick for craft decorations","<p>This is perfect for all you crafters and hobbyists out there. Simply design and produce stickers for virtually anything with our self-adhesive vinyl.</p>
<p>Compatible with all craft cutters such as the Cameo, Cricut, Stika and Skycut plus signmaking plotter cutters from Roland, Graphtec, Mimaki and Mutoh.</p>
<p>You can even cut this material using scissors or on a cutting mat with a scalpel too.</p>
<p>Either way you will be able to make stickers that are long lasting and durable, suitable for use onto glassware, windows, mugs, water bottles, cards, gift tags, invitations, wooden giftware, interior walls etc.</p>
<p>So get designing those beautiful creations then just cut, peel and stick to make them come alive!</p>
<b><p>•	3-5 year outdoor durability </p>
<p>•	Permanent clear adhesive </p>
<p>•	Suitable for smooth flat or slightly curved surfaces</p></b>
","C11434_Gloss_Permanent_Blue.png","C11434_Gloss_Permanent_Blue.png","INVITEMS","DEFAULT-CS-C11434-DEFAULT-CS-C11434","","","0","0","0","","1","REGONLY","0","0","0","0","","","","SELECT","SELECT","0","","","","","0","0","","income-service","","","0","0","","","","","CS-SAV-COL","CS-SAV-COL","","","0","CS-Plastic_Squeegee, CS-Olfa_Art_Knife, CS-Olfa_Premium_Art_Knife, CS-Olfa_Cutting_Matt_A3, CS-Olfa_Cutting_Matt_A4, CS-Easy_Cutter, CS-Bubble_Pen, CS-Aslan_Squeegee, CS-Aslan_Red_Devil_Squeegee, CS-Weeding_Hook, CS-Weeding_Tweezers, CS-PAPER-APP-TAPE, CS-CLEAR-APP-TAPE","CS-Plastic_Squeegee, CS-Olfa_Art_Knife, CS-Olfa_Premium_Art_Knife, CS-Olfa_Cutting_Matt_A3, CS-Olfa_Cutting_Matt_A4, CS-Easy_Cutter, CS-Bubble_Pen, CS-Aslan_Squeegee, CS-Aslan_Red_Devil_Squeegee, CS-Weeding_Hook, CS-Weeding_Tweezers,CS-PAPER-APP-TAPE, CS-CLEAR-APP-TAPE","A","","","","","","Gloss","","","","","","","","","Gloss_Permanent_Blue_Craft_Vinyl","0","vinyl, craft vinyl, sticky vinyl, coloured vinyl","","","1556298716","0","","0","","CHECKBOX"
"CS-C11435","Gloss Ultra Blue Craft Vinyl","L170","DEFAULT","190","0","CRAFTSTICK","","","","","0","Gloss Ultra Blue Vinyl. Cut and stick for craft decorations","<p>This is perfect for all you crafters and hobbyists out there. Simply design and produce stickers for virtually anything with our self-adhesive vinyl.</p>
<p>Compatible with all craft cutters such as the Cameo, Cricut, Stika and Skycut plus signmaking plotter cutters from Roland, Graphtec, Mimaki and Mutoh.</p>
<p>You can even cut this material using scissors or on a cutting mat with a scalpel too.</p>
<p>Either way you will be able to make stickers that are long lasting and durable, suitable for use onto glassware, windows, mugs, water bottles, cards, gift tags, invitations, wooden giftware, interior walls etc.</p>
<p>So get designing those beautiful creations then just cut, peel and stick to make them come alive!</p>
<b><p>•	3-5 year outdoor durability </p>
<p>•	Permanent clear adhesive </p>
<p>•	Suitable for smooth flat or slightly curved surfaces</p></b>
","C11435_Gloss_Ultra_Blue.png","C11435_Gloss_Ultra_Blue.png","INVITEMS","DEFAULT-CS-C11435-DEFAULT-CS-C11435","","","0","0","0","","1","REGONLY","0","0","0","0","","","","SELECT","SELECT","0","","","","","0","0","","income-service","","","0","0","","","","","CS-SAV-COL","CS-SAV-COL","","","0","CS-Plastic_Squeegee, CS-Olfa_Art_Knife, CS-Olfa_Premium_Art_Knife, CS-Olfa_Cutting_Matt_A3, CS-Olfa_Cutting_Matt_A4, CS-Easy_Cutter, CS-Bubble_Pen, CS-Aslan_Squeegee, CS-Aslan_Red_Devil_Squeegee, CS-Weeding_Hook, CS-Weeding_Tweezers, CS-PAPER-APP-TAPE, CS-CLEAR-APP-TAPE","CS-Plastic_Squeegee, CS-Olfa_Art_Knife, CS-Olfa_Premium_Art_Knife, CS-Olfa_Cutting_Matt_A3, CS-Olfa_Cutting_Matt_A4, CS-Easy_Cutter, CS-Bubble_Pen, CS-Aslan_Squeegee, CS-Aslan_Red_Devil_Squeegee, CS-Weeding_Hook, CS-Weeding_Tweezers,CS-PAPER-APP-TAPE, CS-CLEAR-APP-TAPE","A","","","","","","Gloss","","","","","","","","","Gloss_Ultra_Blue_Craft_Vinyl","1","vinyl, craft vinyl, sticky vinyl, coloured vinyl","","","1556623033","0","","0","","CHECKBOX"
"CS-C11437","Gloss Dark Blue Craft Vinyl","L172","DEFAULT","290","0","CRAFTSTICK","","","","","0","Gloss Dark Blue Vinyl. Cut and stick for craft decorations","<p>This is perfect for all you crafters and hobbyists out there. Simply design and produce stickers for virtually anything with our self-adhesive vinyl.</p>
<p>Compatible with all craft cutters such as the Cameo, Cricut, Stika and Skycut plus signmaking plotter cutters from Roland, Graphtec, Mimaki and Mutoh.</p>
<p>You can even cut this material using scissors or on a cutting mat with a scalpel too.</p>
<p>Either way you will be able to make stickers that are long lasting and durable, suitable for use onto glassware, windows, mugs, water bottles, cards, gift tags, invitations, wooden giftware, interior walls etc.</p>
<p>So get designing those beautiful creations then just cut, peel and stick to make them come alive!</p>
<b><p>•	3-5 year outdoor durability </p>
<p>•	Permanent clear adhesive </p>
<p>•	Suitable for smooth flat or slightly curved surfaces</p></b>
","C11437_Gloss_Dark_Blue.png","C11437_Gloss_Dark_Blue.png","INVITEMS","DEFAULT-CS-C11437-DEFAULT-CS-C11437","","","0","0","0","","1","REGONLY","0","0","0","0","","","","SELECT","SELECT","0","","","","","0","0","","income-service","","","0","0","","","","","CS-SAV-COL","CS-SAV-COL","","","0","CS-Plastic_Squeegee, CS-Olfa_Art_Knife, CS-Olfa_Premium_Art_Knife, CS-Olfa_Cutting_Matt_A3, CS-Olfa_Cutting_Matt_A4, CS-Easy_Cutter, CS-Bubble_Pen, CS-Aslan_Squeegee, CS-Aslan_Red_Devil_Squeegee, CS-Weeding_Hook, CS-Weeding_Tweezers, CS-PAPER-APP-TAPE, CS-CLEAR-APP-TAPE","CS-Plastic_Squeegee, CS-Olfa_Art_Knife, CS-Olfa_Premium_Art_Knife, CS-Olfa_Cutting_Matt_A3, CS-Olfa_Cutting_Matt_A4, CS-Easy_Cutter, CS-Bubble_Pen, CS-Aslan_Squeegee, CS-Aslan_Red_Devil_Squeegee, CS-Weeding_Hook, CS-Weeding_Tweezers,CS-PAPER-APP-TAPE, CS-CLEAR-APP-TAPE","A","","","","","","Gloss","","","","","","","","","Gloss_Dark_Blue_Craft_Vinyl","0","vinyl, craft vinyl, sticky vinyl, coloured vinyl","","","1556623112","0","","0","","CHECKBOX"
"CS-C11440","Gloss Grey Craft Vinyl","L104","DEFAULT","380","0","CRAFTSTICK","","","","","0","Gloss Grey Vinyl. Cut and stick for craft decorations","<p>This is perfect for all you crafters and hobbyists out there. Simply design and produce stickers for virtually anything with our self-adhesive vinyl.</p>
<p>Compatible with all craft cutters such as the Cameo, Cricut, Stika and Skycut plus signmaking plotter cutters from Roland, Graphtec, Mimaki and Mutoh.</p>
<p>You can even cut this material using scissors or on a cutting mat with a scalpel too.</p>
<p>Either way you will be able to make stickers that are long lasting and durable, suitable for use onto glassware, windows, mugs, water bottles, cards, gift tags, invitations, wooden giftware, interior walls etc.</p>
<p>So get designing those beautiful creations then just cut, peel and stick to make them come alive!</p>
<b><p>•	3-5 year outdoor durability </p>
<p>•	Permanent clear adhesive </p>
<p>•	Suitable for smooth flat or slightly curved surfaces</p></b>
","C11440_Gloss_Grey.png","C11440_Gloss_Grey.png","INVITEMS","DEFAULT-CS-C11440-DEFAULT-CS-C11440","","","0","0","0","","1","REGONLY","0","0","0","0","","","","SELECT","SELECT","0","","","","","0","0","","income-service","","","0","0","","","","","CS-SAV-COL","CS-SAV-COL","","","0","CS-Plastic_Squeegee, CS-Olfa_Art_Knife, CS-Olfa_Premium_Art_Knife, CS-Olfa_Cutting_Matt_A3, CS-Olfa_Cutting_Matt_A4, CS-Easy_Cutter, CS-Bubble_Pen, CS-Aslan_Squeegee, CS-Aslan_Red_Devil_Squeegee, CS-Weeding_Hook, CS-Weeding_Tweezers, CS-PAPER-APP-TAPE, CS-CLEAR-APP-TAPE","CS-Plastic_Squeegee, CS-Olfa_Art_Knife, CS-Olfa_Premium_Art_Knife, CS-Olfa_Cutting_Matt_A3, CS-Olfa_Cutting_Matt_A4, CS-Easy_Cutter, CS-Bubble_Pen, CS-Aslan_Squeegee, CS-Aslan_Red_Devil_Squeegee, CS-Weeding_Hook, CS-Weeding_Tweezers,CS-PAPER-APP-TAPE, CS-CLEAR-APP-TAPE","A","","","","","","Gloss","","","","","","","","","Gloss_Grey_Craft_Vinyl","0","vinyl, craft vinyl, sticky vinyl, coloured vinyl","","","1556623195","0","","0","","CHECKBOX"
"CS-C11441","Gloss Charcoal Grey Craft Vinyl","L103","DEFAULT","400","0","CRAFTSTICK","","","","","0","Gloss Charcoal Grey Vinyl. Cut and stick for craft decorations","<p>This is perfect for all you crafters and hobbyists out there. Simply design and produce stickers for virtually anything with our self-adhesive vinyl.</p>
<p>Compatible with all craft cutters such as the Cameo, Cricut, Stika and Skycut plus signmaking plotter cutters from Roland, Graphtec, Mimaki and Mutoh.</p>
<p>You can even cut this material using scissors or on a cutting mat with a scalpel too.</p>
<p>Either way you will be able to make stickers that are long lasting and durable, suitable for use onto glassware, windows, mugs, water bottles, cards, gift tags, invitations, wooden giftware, interior walls etc.</p>
<p>So get designing those beautiful creations then just cut, peel and stick to make them come alive!</p>
<b><p>•	3-5 year outdoor durability </p>
<p>•	Permanent clear adhesive </p>
<p>•	Suitable for smooth flat or slightly curved surfaces</p></b>
","C11441_Gloss_Charcoal_Grey.png","C11441_Gloss_Charcoal_Grey.png","INVITEMS","DEFAULT-CS-C11441-DEFAULT-CS-C11441","","","0","0","0","","1","REGONLY","0","0","0","0","","","","SELECT","SELECT","0","","","","","0","0","","income-service","","","0","0","","","","","CS-SAV-COL","CS-SAV-COL","","","0","CS-Plastic_Squeegee, CS-Olfa_Art_Knife, CS-Olfa_Premium_Art_Knife, CS-Olfa_Cutting_Matt_A3, CS-Olfa_Cutting_Matt_A4, CS-Easy_Cutter, CS-Bubble_Pen, CS-Aslan_Squeegee, CS-Aslan_Red_Devil_Squeegee, CS-Weeding_Hook, CS-Weeding_Tweezers, CS-PAPER-APP-TAPE, CS-CLEAR-APP-TAPE","CS-Plastic_Squeegee, CS-Olfa_Art_Knife, CS-Olfa_Premium_Art_Knife, CS-Olfa_Cutting_Matt_A3, CS-Olfa_Cutting_Matt_A4, CS-Easy_Cutter, CS-Bubble_Pen, CS-Aslan_Squeegee, CS-Aslan_Red_Devil_Squeegee, CS-Weeding_Hook, CS-Weeding_Tweezers,CS-PAPER-APP-TAPE, CS-CLEAR-APP-TAPE","A","","","","","","Gloss","","","","","","","","","Gloss_Charcoal_Grey_Craft_Vinyl","0","vinyl, craft vinyl, sticky vinyl, coloured vinyl","","","1556623710","0","","0","","CHECKBOX"
"CS-C11444","Gloss Dark Grey Craft Vinyl","L107","DEFAULT","390","0","CRAFTSTICK","","","","","0","Gloss Dark Grey Vinyl. Cut and stick for craft decorations","<p>This is perfect for all you crafters and hobbyists out there. Simply design and produce stickers for virtually anything with our self-adhesive vinyl.</p>
<p>Compatible with all craft cutters such as the Cameo, Cricut, Stika and Skycut plus signmaking plotter cutters from Roland, Graphtec, Mimaki and Mutoh.</p>
<p>You can even cut this material using scissors or on a cutting mat with a scalpel too.</p>
<p>Either way you will be able to make stickers that are long lasting and durable, suitable for use onto glassware, windows, mugs, water bottles, cards, gift tags, invitations, wooden giftware, interior walls etc.</p>
<p>So get designing those beautiful creations then just cut, peel and stick to make them come alive!</p>
<b><p>•	3-5 year outdoor durability </p>
<p>•	Permanent clear adhesive </p>
<p>•	Suitable for smooth flat or slightly curved surfaces</p></b>
","Event_107_Gloss_Dark_Grey.png","Event_107_Gloss_Dark_Grey.png","INVITEMS","DEFAULT-CS-C11444-DEFAULT-CS-C11444","","","0","0","0","","1","REGONLY","0","0","0","0","","","","SELECT","SELECT","0","","","","","0","0","","income-service","","","0","0","","","","","CS-SAV-COL","CS-SAV-COL, CS-AUTUMN","","","0","CS-Plastic_Squeegee, CS-Olfa_Art_Knife, CS-Olfa_Premium_Art_Knife, CS-Olfa_Cutting_Matt_A3, CS-Olfa_Cutting_Matt_A4, CS-Easy_Cutter, CS-Bubble_Pen, CS-Aslan_Squeegee, CS-Aslan_Red_Devil_Squeegee, CS-Weeding_Hook, CS-Weeding_Tweezers, CS-PAPER-APP-TAPE, CS-CLEAR-APP-TAPE","CS-Plastic_Squeegee, CS-Olfa_Art_Knife, CS-Olfa_Premium_Art_Knife, CS-Olfa_Cutting_Matt_A3, CS-Olfa_Cutting_Matt_A4, CS-Easy_Cutter, CS-Bubble_Pen, CS-Aslan_Squeegee, CS-Aslan_Red_Devil_Squeegee, CS-Weeding_Hook, CS-Weeding_Tweezers,CS-PAPER-APP-TAPE, CS-CLEAR-APP-TAPE","A","","","","","","Gloss","","","","","","","","","Gloss_Light_Grey_Craft_Vinyl","0","vinyl, craft vinyl, sticky vinyl, coloured vinyl","","","1628583137","0","","0","","CHECKBOX"
"CS-C11445","Gloss Black Craft Vinyl","L101","DEFAULT","430","0","CRAFTSTICK","","","","","0","Gloss Black Vinyl. Cut and stick for craft decorations","<p>This is perfect for all you crafters and hobbyists out there. Simply design and produce stickers for virtually anything with our self-adhesive vinyl.</p>
<p>Compatible with all craft cutters such as the Cameo, Cricut, Stika and Skycut plus signmaking plotter cutters from Roland, Graphtec, Mimaki and Mutoh.</p>
<p>You can even cut this material using scissors or on a cutting mat with a scalpel too.</p>
<p>Either way you will be able to make stickers that are long lasting and durable, suitable for use onto glassware, windows, mugs, water bottles, cards, gift tags, invitations, wooden giftware, interior walls etc.</p>
<p>So get designing those beautiful creations then just cut, peel and stick to make them come alive!</p>
<b><p>•	3-5 year outdoor durability </p>
<p>•	Permanent clear adhesive </p>
<p>•	Suitable for smooth flat or slightly curved surfaces</p></b>
","C11445_Gloss_Black.png","C11445_Gloss_Black.png","INVITEMS","DEFAULT-CS-C11445-DEFAULT-CS-C11445","","","0","0","0","","1","REGONLY","0","0","0","0","","","","SELECT","SELECT","0","","","","","0","0","","income-service","","","0","0","","","","","CS-SAV-COL","CS-SAV-COL","","","0","CS-Plastic_Squeegee, CS-Olfa_Art_Knife, CS-Olfa_Premium_Art_Knife, CS-Olfa_Cutting_Matt_A3, CS-Olfa_Cutting_Matt_A4, CS-Easy_Cutter, CS-Bubble_Pen, CS-Aslan_Squeegee, CS-Aslan_Red_Devil_Squeegee, CS-Weeding_Hook, CS-Weeding_Tweezers, CS-PAPER-APP-TAPE, CS-CLEAR-APP-TAPE","CS-Plastic_Squeegee, CS-Olfa_Art_Knife, CS-Olfa_Premium_Art_Knife, CS-Olfa_Cutting_Matt_A3, CS-Olfa_Cutting_Matt_A4, CS-Easy_Cutter, CS-Bubble_Pen, CS-Aslan_Squeegee, CS-Aslan_Red_Devil_Squeegee, CS-Weeding_Hook, CS-Weeding_Tweezers,CS-PAPER-APP-TAPE, CS-CLEAR-APP-TAPE","A","","","","","","Gloss","","","","","","","","","Gloss_Black_Craft_Vinyl","0","vinyl, craft vinyl, sticky vinyl, coloured vinyl","","","1556623731","0","","0","","CHECKBOX"
"CS-C11448","Gloss Silver Craft Vinyl","L181","DEFAULT","440","0","CRAFTSTICK","","","","","0","Gloss Silver Vinyl. Cut and stick for craft decorations","<p>This is perfect for all you crafters and hobbyists out there. Simply design and produce stickers for virtually anything with our self-adhesive vinyl.</p>
<p>Compatible with all craft cutters such as the Cameo, Cricut, Stika and Skycut plus signmaking plotter cutters from Roland, Graphtec, Mimaki and Mutoh.</p>
<p>You can even cut this material using scissors or on a cutting mat with a scalpel too.</p>
<p>Either way you will be able to make stickers that are long lasting and durable, suitable for use onto glassware, windows, mugs, water bottles, cards, gift tags, invitations, wooden giftware, interior walls etc.</p>
<p>So get designing those beautiful creations then just cut, peel and stick to make them come alive!</p>
<b><p>•	3-5 year outdoor durability </p>
<p>•	Permanent clear adhesive </p>
<p>•	Suitable for smooth flat or slightly curved surfaces</p></b>
","C11448_Gloss_Silver.png","C11448_Gloss_Silver.png","INVITEMS","DEFAULT-CS-C11448-DEFAULT-CS-C11448","","","0","0","0","","1","REGONLY","0","0","0","0","","","","SELECT","SELECT","0","","","","","0","0","","income-service","","","0","0","","","","","CS-SAV-COL","CS-SAV-COL, CS-FESTIVE","","","0","CS-Plastic_Squeegee, CS-Olfa_Art_Knife, CS-Olfa_Premium_Art_Knife, CS-Olfa_Cutting_Matt_A3, CS-Olfa_Cutting_Matt_A4, CS-Easy_Cutter, CS-Bubble_Pen, CS-Aslan_Squeegee, CS-Aslan_Red_Devil_Squeegee, CS-Weeding_Hook, CS-Weeding_Tweezers, CS-PAPER-APP-TAPE, CS-CLEAR-APP-TAPE","CS-Plastic_Squeegee, CS-Olfa_Art_Knife, CS-Olfa_Premium_Art_Knife, CS-Olfa_Cutting_Matt_A3, CS-Olfa_Cutting_Matt_A4, CS-Easy_Cutter, CS-Bubble_Pen, CS-Aslan_Squeegee, CS-Aslan_Red_Devil_Squeegee, CS-Weeding_Hook, CS-Weeding_Tweezers,CS-PAPER-APP-TAPE, CS-CLEAR-APP-TAPE","A","","","","","","Gloss","","","","","","","","","Gloss_Silver_Craft_Vinyl","0","vinyl, craft vinyl, sticky vinyl, coloured vinyl","","","1556623751","0","","0","","CHECKBOX"
"CS-C11449","Gloss Gold Craft Vinyl","L171","DEFAULT","450","0","CRAFTSTICK","","","","","0","Gloss Gold Vinyl. Cut and stick for craft decorations","<p>This is perfect for all you crafters and hobbyists out there. Simply design and produce stickers for virtually anything with our self-adhesive vinyl.</p>
<p>Compatible with all craft cutters such as the Cameo, Cricut, Stika and Skycut plus signmaking plotter cutters from Roland, Graphtec, Mimaki and Mutoh.</p>
<p>You can even cut this material using scissors or on a cutting mat with a scalpel too.</p>
<p>Either way you will be able to make stickers that are long lasting and durable, suitable for use onto glassware, windows, mugs, water bottles, cards, gift tags, invitations, wooden giftware, interior walls etc.</p>
<p>So get designing those beautiful creations then just cut, peel and stick to make them come alive!</p>
<b><p>•	3-5 year outdoor durability </p>
<p>•	Permanent clear adhesive </p>
<p>•	Suitable for smooth flat or slightly curved surfaces</p></b>
","C11449_Gloss_Gold.png","C11449_Gloss_Gold.png","INVITEMS","DEFAULT-CS-C11449-DEFAULT-CS-C11449","","","0","0","0","","1","REGONLY","0","0","0","0","","","","SELECT","SELECT","0","","","","","0","0","","income-service","","","0","0","","","","","CS-SAV-COL","CS-SAV-COL, CS-FESTIVE, CS-VALENTINES","","","0","CS-Plastic_Squeegee, CS-Olfa_Art_Knife, CS-Olfa_Premium_Art_Knife, CS-Olfa_Cutting_Matt_A3, CS-Olfa_Cutting_Matt_A4, CS-Easy_Cutter, CS-Bubble_Pen, CS-Aslan_Squeegee, CS-Aslan_Red_Devil_Squeegee, CS-Weeding_Hook, CS-Weeding_Tweezers, CS-PAPER-APP-TAPE, CS-CLEAR-APP-TAPE","CS-Plastic_Squeegee, CS-Olfa_Art_Knife, CS-Olfa_Premium_Art_Knife, CS-Olfa_Cutting_Matt_A3, CS-Olfa_Cutting_Matt_A4, CS-Easy_Cutter, CS-Bubble_Pen, CS-Aslan_Squeegee, CS-Aslan_Red_Devil_Squeegee, CS-Weeding_Hook, CS-Weeding_Tweezers,CS-PAPER-APP-TAPE, CS-CLEAR-APP-TAPE","A","","","","","","Gloss","","","","","","","","","Gloss_Gold_Craft_Vinyl","0","vinyl, craft vinyl, sticky vinyl, coloured vinyl","","","1556623771","0","","0","","CHECKBOX"
"CS-C11451","Matt White Craft Vinyl","M300","DEFAULT","470","0","CRAFTSTICK","","","","","0","Matt White Vinyl. Cut and stick for craft decorations","<p>This is perfect for all you crafters and hobbyists out there. Simply design and produce stickers for virtually anything with our self-adhesive vinyl.</p>
<p>Compatible with all craft cutters such as the Cameo, Cricut, Stika and Skycut plus signmaking plotter cutters from Roland, Graphtec, Mimaki and Mutoh.</p>
<p>You can even cut this material using scissors or on a cutting mat with a scalpel too.</p>
<p>Either way you will be able to make stickers that are long lasting and durable, suitable for use onto glassware, windows, mugs, water bottles, cards, gift tags, invitations, wooden giftware, interior walls etc.</p>
<p>So get designing those beautiful creations then just cut, peel and stick to make them come alive!</p>
<b><p>•	3-5 year outdoor durability </p>
<p>•	Semi-permanent clear adhesive </p>
<p>•	Suitable for smooth flat or slightly curved surfaces</p></b>
","C11451_Matt_White.png","C11451_Matt_White.png","INVITEMS","DEFAULT-CS-C11451-DEFAULT-CS-C11451","","","0","0","0","","1","REGONLY","0","0","0","0","","","","SELECT","SELECT","0","","","","","0","0","","income-service","","","0","0","","","","","CS-SAV-COL","CS-SAV-COL","","","0","CS-Plastic_Squeegee, CS-Olfa_Art_Knife, CS-Olfa_Premium_Art_Knife, CS-Olfa_Cutting_Matt_A3, CS-Olfa_Cutting_Matt_A4, CS-Easy_Cutter, CS-Bubble_Pen, CS-Aslan_Squeegee, CS-Aslan_Red_Devil_Squeegee, CS-Weeding_Hook, CS-Weeding_Tweezers, CS-PAPER-APP-TAPE, CS-CLEAR-APP-TAPE","CS-Plastic_Squeegee, CS-Olfa_Art_Knife, CS-Olfa_Premium_Art_Knife, CS-Olfa_Cutting_Matt_A3, CS-Olfa_Cutting_Matt_A4, CS-Easy_Cutter, CS-Bubble_Pen, CS-Aslan_Squeegee, CS-Aslan_Red_Devil_Squeegee, CS-Weeding_Hook, CS-Weeding_Tweezers,CS-PAPER-APP-TAPE, CS-CLEAR-APP-TAPE","A","","","","","","Matt","","","","","","","","","Matt_White_Craft_Vinyl","0","vinyl, craft vinyl, sticky vinyl, coloured vinyl","","","1556635161","0","","0","","CHECKBOX"
"CS-C11452","Matt Brown Craft Vinyl","M345","DEFAULT","620","0","CRAFTSTICK","","","","","0","Matt Brown Vinyl. Cut and stick for craft decorations","<p>This is perfect for all you crafters and hobbyists out there. Simply design and produce stickers for virtually anything with our self-adhesive vinyl.</p>
<p>Compatible with all craft cutters such as the Cameo, Cricut, Stika and Skycut plus signmaking plotter cutters from Roland, Graphtec, Mimaki and Mutoh.</p>
<p>You can even cut this material using scissors or on a cutting mat with a scalpel too.</p>
<p>Either way you will be able to make stickers that are long lasting and durable, suitable for use onto glassware, windows, mugs, water bottles, cards, gift tags, invitations, wooden giftware, interior walls etc.</p>
<p>So get designing those beautiful creations then just cut, peel and stick to make them come alive!</p>
<b><p>•	3-5 year outdoor durability </p>
<p>•	Semi-permanent clear adhesive </p>
<p>•	Suitable for smooth flat or slightly curved surfaces</p></b>
","C11452_Matt_Brown.png","C11452_Matt_Brown.png","INVITEMS","DEFAULT-CS-C11452-DEFAULT-CS-C11452","","","0","0","0","","1","REGONLY","0","0","0","0","","","","SELECT","SELECT","0","","","","","0","0","","income-service","","","0","0","","","","","CS-SAV-COL","CS-SAV-COL","","","0","CS-Plastic_Squeegee, CS-Olfa_Art_Knife, CS-Olfa_Premium_Art_Knife, CS-Olfa_Cutting_Matt_A3, CS-Olfa_Cutting_Matt_A4, CS-Easy_Cutter, CS-Bubble_Pen, CS-Aslan_Squeegee, CS-Aslan_Red_Devil_Squeegee, CS-Weeding_Hook, CS-Weeding_Tweezers, CS-PAPER-APP-TAPE, CS-CLEAR-APP-TAPE","CS-Plastic_Squeegee, CS-Olfa_Art_Knife, CS-Olfa_Premium_Art_Knife, CS-Olfa_Cutting_Matt_A3, CS-Olfa_Cutting_Matt_A4, CS-Easy_Cutter, CS-Bubble_Pen, CS-Aslan_Squeegee, CS-Aslan_Red_Devil_Squeegee, CS-Weeding_Hook, CS-Weeding_Tweezers,CS-PAPER-APP-TAPE, CS-CLEAR-APP-TAPE","A","","","","","","Matt","","","","","","","","","Matt_Brown_Craft_Vinyl","0","vinyl, craft vinyl, sticky vinyl, coloured vinyl","","","1556635424","0","","0","","CHECKBOX"
"CS-C11453","Matt Primrose Yellow Craft Vinyl","M310","DEFAULT","480","0","CRAFTSTICK","","","","","0","Matt Primrose Yellow Vinyl. Cut and stick for craft decorations","<p>This is perfect for all you crafters and hobbyists out there. Simply design and produce stickers for virtually anything with our self-adhesive vinyl.</p>
<p>Compatible with all craft cutters such as the Cameo, Cricut, Stika and Skycut plus signmaking plotter cutters from Roland, Graphtec, Mimaki and Mutoh.</p>
<p>You can even cut this material using scissors or on a cutting mat with a scalpel too.</p>
<p>Either way you will be able to make stickers that are long lasting and durable, suitable for use onto glassware, windows, mugs, water bottles, cards, gift tags, invitations, wooden giftware, interior walls etc.</p>
<p>So get designing those beautiful creations then just cut, peel and stick to make them come alive!</p>
<b><p>•	3-5 year outdoor durability </p>
<p>•	Semi-permanent clear adhesive </p>
<p>•	Suitable for smooth flat or slightly curved surfaces</p></b>
","C11453_Matt_Primrose_Yellow.png","C11453_Matt_Primrose_Yellow.png","INVITEMS","DEFAULT-CS-C11453-DEFAULT-CS-C11453","","","0","0","0","","1","REGONLY","0","0","0","0","","","","SELECT","SELECT","0","","","","","0","0","","income-service","","","0","0","","","","","CS-SAV-COL","CS-SAV-COL, CS-MOTHERS","","","0","CS-Plastic_Squeegee, CS-Olfa_Art_Knife, CS-Olfa_Premium_Art_Knife, CS-Olfa_Cutting_Matt_A3, CS-Olfa_Cutting_Matt_A4, CS-Easy_Cutter, CS-Bubble_Pen, CS-Aslan_Squeegee, CS-Aslan_Red_Devil_Squeegee, CS-Weeding_Hook, CS-Weeding_Tweezers, CS-PAPER-APP-TAPE, CS-CLEAR-APP-TAPE","CS-Plastic_Squeegee, CS-Olfa_Art_Knife, CS-Olfa_Premium_Art_Knife, CS-Olfa_Cutting_Matt_A3, CS-Olfa_Cutting_Matt_A4, CS-Easy_Cutter, CS-Bubble_Pen, CS-Aslan_Squeegee, CS-Aslan_Red_Devil_Squeegee, CS-Weeding_Hook, CS-Weeding_Tweezers,CS-PAPER-APP-TAPE, CS-CLEAR-APP-TAPE","A","","","","","","Matt","","","","","","","","","Matt_Primrose_Yellow_Craft_Vinyl","0","vinyl, craft vinyl, sticky vinyl, coloured vinyl","","","1556635739","0","","0","","CHECKBOX"
"CS-C11454","Matt Golden Yellow Craft Vinyl","M311","DEFAULT","520","0","CRAFTSTICK","","","","","0","Matt Golden Yellow Vinyl. Cut and stick for craft decorations","<p>This is perfect for all you crafters and hobbyists out there. Simply design and produce stickers for virtually anything with our self-adhesive vinyl.</p>
<p>Compatible with all craft cutters such as the Cameo, Cricut, Stika and Skycut plus signmaking plotter cutters from Roland, Graphtec, Mimaki and Mutoh.</p>
<p>You can even cut this material using scissors or on a cutting mat with a scalpel too.</p>
<p>Either way you will be able to make stickers that are long lasting and durable, suitable for use onto glassware, windows, mugs, water bottles, cards, gift tags, invitations, wooden giftware, interior walls etc.</p>
<p>So get designing those beautiful creations then just cut, peel and stick to make them come alive!</p>
<b><p>•	3-5 year outdoor durability </p>
<p>•	Semi-permanent clear adhesive </p>
<p>•	Suitable for smooth flat or slightly curved surfaces</p></b>
","C11454_Matt_Golden_Yellow.png","C11454_Matt_Golden_Yellow.png","INVITEMS","DEFAULT-CS-C11454-DEFAULT-CS-C11454","","","0","0","0","","1","REGONLY","0","0","0","0","","","","SELECT","SELECT","0","","","","","0","0","","income-service","","","0","0","","","","","CS-SAV-COL","CS-SAV-COL, CS-AUTUMN, CS-MOTHERS","","","0","CS-Plastic_Squeegee, CS-Olfa_Art_Knife, CS-Olfa_Premium_Art_Knife, CS-Olfa_Cutting_Matt_A3, CS-Olfa_Cutting_Matt_A4, CS-Easy_Cutter, CS-Bubble_Pen, CS-Aslan_Squeegee, CS-Aslan_Red_Devil_Squeegee, CS-Weeding_Hook, CS-Weeding_Tweezers, CS-PAPER-APP-TAPE, CS-CLEAR-APP-TAPE","CS-Plastic_Squeegee, CS-Olfa_Art_Knife, CS-Olfa_Premium_Art_Knife, CS-Olfa_Cutting_Matt_A3, CS-Olfa_Cutting_Matt_A4, CS-Easy_Cutter, CS-Bubble_Pen, CS-Aslan_Squeegee, CS-Aslan_Red_Devil_Squeegee, CS-Weeding_Hook, CS-Weeding_Tweezers,CS-PAPER-APP-TAPE, CS-CLEAR-APP-TAPE","A","","","","","","Matt","","","","","","","","","Matt_Golden_Yellow_Craft_Vinyl","0","vinyl, craft vinyl, sticky vinyl, coloured vinyl","","","1556635765","0","","0","","CHECKBOX"
"CS-C11457","Matt Dark Blue Craft Vinyl","M372","DEFAULT","670","0","CRAFTSTICK","","","","","0","Matt Dark Blue Vinyl. Cut and stick for craft decorations","<p>This is perfect for all you crafters and hobbyists out there. Simply design and produce stickers for virtually anything with our self-adhesive vinyl.</p>
<p>Compatible with all craft cutters such as the Cameo, Cricut, Stika and Skycut plus signmaking plotter cutters from Roland, Graphtec, Mimaki and Mutoh.</p>
<p>You can even cut this material using scissors or on a cutting mat with a scalpel too.</p>
<p>Either way you will be able to make stickers that are long lasting and durable, suitable for use onto glassware, windows, mugs, water bottles, cards, gift tags, invitations, wooden giftware, interior walls etc.</p>
<p>So get designing those beautiful creations then just cut, peel and stick to make them come alive!</p>
<b><p>•	3-5 year outdoor durability </p>
<p>•	Semi-permanent clear adhesive </p>
<p>•	Suitable for smooth flat or slightly curved surfaces</p></b>
","C11457_Matt_Midnight_Blue.png","C11457_Matt_Midnight_Blue.png","INVITEMS","DEFAULT-CS-C11457-DEFAULT-CS-C11457","","","0","0","0","","1","REGONLY","0","0","0","0","","","","SELECT","SELECT","0","","","","","0","0","","income-service","","","0","0","","","","","CS-SAV-COL","CS-SAV-COL, CS-AUTUMN, CS-MOTHERS","","","0","CS-Plastic_Squeegee, CS-Olfa_Art_Knife, CS-Olfa_Premium_Art_Knife, CS-Olfa_Cutting_Matt_A3, CS-Olfa_Cutting_Matt_A4, CS-Easy_Cutter, CS-Bubble_Pen, CS-Aslan_Squeegee, CS-Aslan_Red_Devil_Squeegee, CS-Weeding_Hook, CS-Weeding_Tweezers, CS-PAPER-APP-TAPE, CS-CLEAR-APP-TAPE","CS-Plastic_Squeegee, CS-Olfa_Art_Knife, CS-Olfa_Premium_Art_Knife, CS-Olfa_Cutting_Matt_A3, CS-Olfa_Cutting_Matt_A4, CS-Easy_Cutter, CS-Bubble_Pen, CS-Aslan_Squeegee, CS-Aslan_Red_Devil_Squeegee, CS-Weeding_Hook, CS-Weeding_Tweezers,CS-PAPER-APP-TAPE, CS-CLEAR-APP-TAPE","A","","","","","","Matt","","","","","","","","","Matt_Midnight_Blue_Craft_Vinyl","0","vinyl, craft vinyl, sticky vinyl, coloured vinyl","","","1628583463","0","","0","","CHECKBOX"
"CS-C11462","Matt Light Red Craft Vinyl","M329","DEFAULT","560","0","CRAFTSTICK","","","","","0","Matt Light Red Vinyl. Cut and stick for craft decorations","<p>This is perfect for all you crafters and hobbyists out there. Simply design and produce stickers for virtually anything with our self-adhesive vinyl.</p>
<p>Compatible with all craft cutters such as the Cameo, Cricut, Stika and Skycut plus signmaking plotter cutters from Roland, Graphtec, Mimaki and Mutoh.</p>
<p>You can even cut this material using scissors or on a cutting mat with a scalpel too.</p>
<p>Either way you will be able to make stickers that are long lasting and durable, suitable for use onto glassware, windows, mugs, water bottles, cards, gift tags, invitations, wooden giftware, interior walls etc.</p>
<p>So get designing those beautiful creations then just cut, peel and stick to make them come alive!</p>
<b><p>•	3-5 year outdoor durability </p>
<p>•	Semi-permanent clear adhesive </p>
<p>•	Suitable for smooth flat or slightly curved surfaces</p></b>
","C11462_Matt_Light_Red.png","C11462_Matt_Light_Red.png","INVITEMS","DEFAULT-CS-C11462-DEFAULT-CS-C11462","","","0","0","0","","1","REGONLY","0","0","0","0","","","","SELECT","SELECT","0","","","","","0","0","","income-service","","","0","0","","","","","CS-SAV-COL","CS-SAV-COL, CS-AUTUMN, CS-VALENTINES","","","0","CS-Plastic_Squeegee, CS-Olfa_Art_Knife, CS-Olfa_Premium_Art_Knife, CS-Olfa_Cutting_Matt_A3, CS-Olfa_Cutting_Matt_A4, CS-Easy_Cutter, CS-Bubble_Pen, CS-Aslan_Squeegee, CS-Aslan_Red_Devil_Squeegee, CS-Weeding_Hook, CS-Weeding_Tweezers, CS-PAPER-APP-TAPE, CS-CLEAR-APP-TAPE","CS-Plastic_Squeegee, CS-Olfa_Art_Knife, CS-Olfa_Premium_Art_Knife, CS-Olfa_Cutting_Matt_A3, CS-Olfa_Cutting_Matt_A4, CS-Easy_Cutter, CS-Bubble_Pen, CS-Aslan_Squeegee, CS-Aslan_Red_Devil_Squeegee, CS-Weeding_Hook, CS-Weeding_Tweezers,CS-PAPER-APP-TAPE, CS-CLEAR-APP-TAPE","A","","","","","","Matt","","","","","","","","","Matt_Light_Red_Craft_Vinyl","0","vinyl, craft vinyl, sticky vinyl, coloured vinyl","","","1556635784","0","","0","","CHECKBOX"
"CS-C11463","Matt Orange Craft Vinyl","M320","DEFAULT","550","0","CRAFTSTICK","","","","","0","Matt Orange Vinyl. Cut and stick for craft decorations","<p>This is perfect for all you crafters and hobbyists out there. Simply design and produce stickers for virtually anything with our self-adhesive vinyl.</p>
<p>Compatible with all craft cutters such as the Cameo, Cricut, Stika and Skycut plus signmaking plotter cutters from Roland, Graphtec, Mimaki and Mutoh.</p>
<p>You can even cut this material using scissors or on a cutting mat with a scalpel too.</p>
<p>Either way you will be able to make stickers that are long lasting and durable, suitable for use onto glassware, windows, mugs, water bottles, cards, gift tags, invitations, wooden giftware, interior walls etc.</p>
<p>So get designing those beautiful creations then just cut, peel and stick to make them come alive!</p>
<b><p>•	3-5 year outdoor durability </p>
<p>•	Semi-permanent clear adhesive </p>
<p>•	Suitable for smooth flat or slightly curved surfaces</p></b>
","C11463_Matt_Orange.png","C11463_Matt_Orange.png","INVITEMS","DEFAULT-CS-C11463-DEFAULT-CS-C11463","","","0","0","0","","1","REGONLY","0","0","0","0","","","","SELECT","SELECT","0","","","","","0","0","","income-service","","","0","0","","","","","CS-SAV-COL","CS-SAV-COL, CS-AUTUMN","","","0","CS-Plastic_Squeegee, CS-Olfa_Art_Knife, CS-Olfa_Premium_Art_Knife, CS-Olfa_Cutting_Matt_A3, CS-Olfa_Cutting_Matt_A4, CS-Easy_Cutter, CS-Bubble_Pen, CS-Aslan_Squeegee, CS-Aslan_Red_Devil_Squeegee, CS-Weeding_Hook, CS-Weeding_Tweezers, CS-PAPER-APP-TAPE, CS-CLEAR-APP-TAPE","CS-Plastic_Squeegee, CS-Olfa_Art_Knife, CS-Olfa_Premium_Art_Knife, CS-Olfa_Cutting_Matt_A3, CS-Olfa_Cutting_Matt_A4, CS-Easy_Cutter, CS-Bubble_Pen, CS-Aslan_Squeegee, CS-Aslan_Red_Devil_Squeegee, CS-Weeding_Hook, CS-Weeding_Tweezers,CS-PAPER-APP-TAPE, CS-CLEAR-APP-TAPE","A","","","","","","Matt","","","","","","","","","Matt_Orange_Craft_Vinyl","0","vinyl, craft vinyl, sticky vinyl, coloured vinyl","","","1556635812","0","","0","","CHECKBOX"
"CS-C11464","Matt Red Craft Vinyl","M330","DEFAULT","580","0","CRAFTSTICK","","","","","0","Matt Red Vinyl. Cut and stick for craft decorations","<p>This is perfect for all you crafters and hobbyists out there. Simply design and produce stickers for virtually anything with our self-adhesive vinyl.</p>
<p>Compatible with all craft cutters such as the Cameo, Cricut, Stika and Skycut plus signmaking plotter cutters from Roland, Graphtec, Mimaki and Mutoh.</p>
<p>You can even cut this material using scissors or on a cutting mat with a scalpel too.</p>
<p>Either way you will be able to make stickers that are long lasting and durable, suitable for use onto glassware, windows, mugs, water bottles, cards, gift tags, invitations, wooden giftware, interior walls etc.</p>
<p>So get designing those beautiful creations then just cut, peel and stick to make them come alive!</p>
<b><p>•	3-5 year outdoor durability </p>
<p>•	Semi-permanent clear adhesive </p>
<p>•	Suitable for smooth flat or slightly curved surfaces</p></b>
","C11464_Matt_Red.png","C11464_Matt_Red.png","INVITEMS","DEFAULT-CS-C11464-DEFAULT-CS-C11464","","","0","0","0","","1","REGONLY","0","0","0","0","","","","SELECT","SELECT","0","","","","","0","0","","income-service","","","0","0","","","","","CS-SAV-COL","CS-SAV-COL, CS-FESTIVE, CS-VALENTINES","","","0","CS-Plastic_Squeegee, CS-Olfa_Art_Knife, CS-Olfa_Premium_Art_Knife, CS-Olfa_Cutting_Matt_A3, CS-Olfa_Cutting_Matt_A4, CS-Easy_Cutter, CS-Bubble_Pen, CS-Aslan_Squeegee, CS-Aslan_Red_Devil_Squeegee, CS-Weeding_Hook, CS-Weeding_Tweezers, CS-PAPER-APP-TAPE, CS-CLEAR-APP-TAPE","CS-Plastic_Squeegee, CS-Olfa_Art_Knife, CS-Olfa_Premium_Art_Knife, CS-Olfa_Cutting_Matt_A3, CS-Olfa_Cutting_Matt_A4, CS-Easy_Cutter, CS-Bubble_Pen, CS-Aslan_Squeegee, CS-Aslan_Red_Devil_Squeegee, CS-Weeding_Hook, CS-Weeding_Tweezers,CS-PAPER-APP-TAPE, CS-CLEAR-APP-TAPE","A","","","","","","Matt","","","","","","","","","Matt_Red_Craft_Vinyl","0","vinyl, craft vinyl, sticky vinyl, coloured vinyl","","","1556635912","0","","0","","CHECKBOX"
"CS-C11465","Matt Wine Red Craft Vinyl","M334","DEFAULT","600","0","CRAFTSTICK","","","","","0","Matt Wine Red Vinyl. Cut and stick for craft decorations","<p>This is perfect for all you crafters and hobbyists out there. Simply design and produce stickers for virtually anything with our self-adhesive vinyl.</p>
<p>Compatible with all craft cutters such as the Cameo, Cricut, Stika and Skycut plus signmaking plotter cutters from Roland, Graphtec, Mimaki and Mutoh.</p>
<p>You can even cut this material using scissors or on a cutting mat with a scalpel too.</p>
<p>Either way you will be able to make stickers that are long lasting and durable, suitable for use onto glassware, windows, mugs, water bottles, cards, gift tags, invitations, wooden giftware, interior walls etc.</p>
<p>So get designing those beautiful creations then just cut, peel and stick to make them come alive!</p>
<b><p>•	3-5 year outdoor durability </p>
<p>•	Semi-permanent clear adhesive </p>
<p>•	Suitable for smooth flat or slightly curved surfaces</p></b>
","C11465_Matt_Burgundy.png","C11465_Matt_Burgundy.png","INVITEMS","DEFAULT-CS-C11465-DEFAULT-CS-C11465","","","0","0","0","","1","REGONLY","0","0","0","0","","","","SELECT","SELECT","0","","","","","0","0","","income-service","","","0","0","","","","","CS-SAV-COL","CS-SAV-COL, CS-FESTIVE, CS-VALENTINES","","","0","CS-Plastic_Squeegee, CS-Olfa_Art_Knife, CS-Olfa_Premium_Art_Knife, CS-Olfa_Cutting_Matt_A3, CS-Olfa_Cutting_Matt_A4, CS-Easy_Cutter, CS-Bubble_Pen, CS-Aslan_Squeegee, CS-Aslan_Red_Devil_Squeegee, CS-Weeding_Hook, CS-Weeding_Tweezers, CS-PAPER-APP-TAPE, CS-CLEAR-APP-TAPE","CS-Plastic_Squeegee, CS-Olfa_Art_Knife, CS-Olfa_Premium_Art_Knife, CS-Olfa_Cutting_Matt_A3, CS-Olfa_Cutting_Matt_A4, CS-Easy_Cutter, CS-Bubble_Pen, CS-Aslan_Squeegee, CS-Aslan_Red_Devil_Squeegee, CS-Weeding_Hook, CS-Weeding_Tweezers,CS-PAPER-APP-TAPE, CS-CLEAR-APP-TAPE","A","","","","","","Matt","","","","","","","","","Matt_Burgundy_Craft_Vinyl","0","vinyl, craft vinyl, sticky vinyl, coloured vinyl","","","1628583969","0","","0","","CHECKBOX"
"CS-C11466","Matt Dark Red Craft Vinyl","M333","DEFAULT","590","0","CRAFTSTICK","","","","","0","Matt Dark Red Vinyl. Cut and stick for craft decorations","<p>This is perfect for all you crafters and hobbyists out there. Simply design and produce stickers for virtually anything with our self-adhesive vinyl.</p>
<p>Compatible with all craft cutters such as the Cameo, Cricut, Stika and Skycut plus signmaking plotter cutters from Roland, Graphtec, Mimaki and Mutoh.</p>
<p>You can even cut this material using scissors or on a cutting mat with a scalpel too.</p>
<p>Either way you will be able to make stickers that are long lasting and durable, suitable for use onto glassware, windows, mugs, water bottles, cards, gift tags, invitations, wooden giftware, interior walls etc.</p>
<p>So get designing those beautiful creations then just cut, peel and stick to make them come alive!</p>
<b><p>•	3-5 year outdoor durability </p>
<p>•	Semi-permanent clear adhesive </p>
<p>•	Suitable for smooth flat or slightly curved surfaces</p></b>
","C11466_Matt_Dark_Red.png","C11466_Matt_Dark_Red.png","INVITEMS","DEFAULT-CS-C11466-DEFAULT-CS-C11466","","","0","0","0","","1","REGONLY","0","0","0","0","","","","SELECT","SELECT","0","","","","","0","0","","income-service","","","0","0","","","","","CS-SAV-COL","CS-SAV-COL, CS-VALENTINES","","","0","CS-Plastic_Squeegee, CS-Olfa_Art_Knife, CS-Olfa_Premium_Art_Knife, CS-Olfa_Cutting_Matt_A3, CS-Olfa_Cutting_Matt_A4, CS-Easy_Cutter, CS-Bubble_Pen, CS-Aslan_Squeegee, CS-Aslan_Red_Devil_Squeegee, CS-Weeding_Hook, CS-Weeding_Tweezers, CS-PAPER-APP-TAPE, CS-CLEAR-APP-TAPE","CS-Plastic_Squeegee, CS-Olfa_Art_Knife, CS-Olfa_Premium_Art_Knife, CS-Olfa_Cutting_Matt_A3, CS-Olfa_Cutting_Matt_A4, CS-Easy_Cutter, CS-Bubble_Pen, CS-Aslan_Squeegee, CS-Aslan_Red_Devil_Squeegee, CS-Weeding_Hook, CS-Weeding_Tweezers,CS-PAPER-APP-TAPE, CS-CLEAR-APP-TAPE","A","","","","","","Matt","","","","","","","","","Matt_Dark_Red_Craft_Vinyl","0","vinyl, craft vinyl, sticky vinyl, coloured vinyl","","","1556635934","0","","0","","CHECKBOX"
"CS-C11471","Matt Apple Green Craft Vinyl","M378","DEFAULT","800","0","CRAFTSTICK","","","","","0","Matt Apple Green Vinyl. Cut and stick for craft decorations","<p>This is perfect for all you crafters and hobbyists out there. Simply design and produce stickers for virtually anything with our self-adhesive vinyl.</p>
<p>Compatible with all craft cutters such as the Cameo, Cricut, Stika and Skycut plus signmaking plotter cutters from Roland, Graphtec, Mimaki and Mutoh.</p>
<p>You can even cut this material using scissors or on a cutting mat with a scalpel too.</p>
<p>Either way you will be able to make stickers that are long lasting and durable, suitable for use onto glassware, windows, mugs, water bottles, cards, gift tags, invitations, wooden giftware, interior walls etc.</p>
<p>So get designing those beautiful creations then just cut, peel and stick to make them come alive!</p>
<b><p>•	3-5 year outdoor durability </p>
<p>•	Semi-permanent clear adhesive </p>
<p>•	Suitable for smooth flat or slightly curved surfaces</p></b>
","C11471_Matt_Apple_Green.png","C11471_Matt_Apple_Green.png","INVITEMS","DEFAULT-CS-C11471-DEFAULT-CS-C11471","","","0","0","0","","1","REGONLY","0","0","0","0","","","","SELECT","SELECT","0","","","","","0","0","","income-service","","","0","0","","","","","CS-SAV-COL","CS-SAV-COL, CS-MOTHERS","","","0","CS-Plastic_Squeegee, CS-Olfa_Art_Knife, CS-Olfa_Premium_Art_Knife, CS-Olfa_Cutting_Matt_A3, CS-Olfa_Cutting_Matt_A4, CS-Easy_Cutter, CS-Bubble_Pen, CS-Aslan_Squeegee, CS-Aslan_Red_Devil_Squeegee, CS-Weeding_Hook, CS-Weeding_Tweezers, CS-PAPER-APP-TAPE, CS-CLEAR-APP-TAPE","CS-Plastic_Squeegee, CS-Olfa_Art_Knife, CS-Olfa_Premium_Art_Knife, CS-Olfa_Cutting_Matt_A3, CS-Olfa_Cutting_Matt_A4, CS-Easy_Cutter, CS-Bubble_Pen, CS-Aslan_Squeegee, CS-Aslan_Red_Devil_Squeegee, CS-Weeding_Hook, CS-Weeding_Tweezers,CS-PAPER-APP-TAPE, CS-CLEAR-APP-TAPE","A","","","","","","Matt, Pastel","","","","","","","","","Matt_Apple_Green_Craft_Vinyl","0","vinyl, craft vinyl, sticky vinyl, coloured vinyl","","","1556635954","0","","0","","CHECKBOX"
"CS-C11473","Matt Green Craft Vinyl","M380","DEFAULT","770","0","CRAFTSTICK","","","","","0","Matt Green Vinyl. Cut and stick for craft decorations","<p>This is perfect for all you crafters and hobbyists out there. Simply design and produce stickers for virtually anything with our self-adhesive vinyl.</p>
<p>Compatible with all craft cutters such as the Cameo, Cricut, Stika and Skycut plus signmaking plotter cutters from Roland, Graphtec, Mimaki and Mutoh.</p>
<p>You can even cut this material using scissors or on a cutting mat with a scalpel too.</p>
<p>Either way you will be able to make stickers that are long lasting and durable, suitable for use onto glassware, windows, mugs, water bottles, cards, gift tags, invitations, wooden giftware, interior walls etc.</p>
<p>So get designing those beautiful creations then just cut, peel and stick to make them come alive!</p>
<b><p>•	3-5 year outdoor durability </p>
<p>•	Semi-permanent clear adhesive </p>
<p>•	Suitable for smooth flat or slightly curved surfaces</p></b>
","C11473_Matt_Green.png","C11473_Matt_Green.png","INVITEMS","DEFAULT-CS-C11473-DEFAULT-CS-C11473","","","0","0","0","","1","REGONLY","0","0","0","0","","","","SELECT","SELECT","0","","","","","0","0","","income-service","","","0","0","","","","","CS-SAV-COL","CS-SAV-COL","","","0","CS-Plastic_Squeegee, CS-Olfa_Art_Knife, CS-Olfa_Premium_Art_Knife, CS-Olfa_Cutting_Matt_A3, CS-Olfa_Cutting_Matt_A4, CS-Easy_Cutter, CS-Bubble_Pen, CS-Aslan_Squeegee, CS-Aslan_Red_Devil_Squeegee, CS-Weeding_Hook, CS-Weeding_Tweezers, CS-PAPER-APP-TAPE, CS-CLEAR-APP-TAPE","CS-Plastic_Squeegee, CS-Olfa_Art_Knife, CS-Olfa_Premium_Art_Knife, CS-Olfa_Cutting_Matt_A3, CS-Olfa_Cutting_Matt_A4, CS-Easy_Cutter, CS-Bubble_Pen, CS-Aslan_Squeegee, CS-Aslan_Red_Devil_Squeegee, CS-Weeding_Hook, CS-Weeding_Tweezers,CS-PAPER-APP-TAPE, CS-CLEAR-APP-TAPE","A","","","","","","Matt","","","","","","","","","Matt_Green_Craft_Vinyl","0","vinyl, craft vinyl, sticky vinyl, coloured vinyl","","","1556635972","0","","0","","CHECKBOX"
"CS-C11475","Matt Forest Green Craft Vinyl","M383","DEFAULT","830","0","CRAFTSTICK","","","","","0","Matt Forest Green Vinyl. Cut and stick for craft decorations","<p>This is perfect for all you crafters and hobbyists out there. Simply design and produce stickers for virtually anything with our self-adhesive vinyl.</p>
<p>Compatible with all craft cutters such as the Cameo, Cricut, Stika and Skycut plus signmaking plotter cutters from Roland, Graphtec, Mimaki and Mutoh.</p>
<p>You can even cut this material using scissors or on a cutting mat with a scalpel too.</p>
<p>Either way you will be able to make stickers that are long lasting and durable, suitable for use onto glassware, windows, mugs, water bottles, cards, gift tags, invitations, wooden giftware, interior walls etc.</p>
<p>So get designing those beautiful creations then just cut, peel and stick to make them come alive!</p>
<b><p>•	3-5 year outdoor durability </p>
<p>•	Semi-permanent clear adhesive </p>
<p>•	Suitable for smooth flat or slightly curved surfaces</p></b>
","C11475_Matt_Forest_Green.png","C11475_Matt_Forest_Green.png","INVITEMS","DEFAULT-CS-C11475-DEFAULT-CS-C11475","","","0","0","0","","1","REGONLY","0","0","0","0","","","","SELECT","SELECT","0","","","","","0","0","","income-service","","","0","0","","","","","CS-SAV-COL","CS-SAV-COL, CS-AUTUMN, CS-FESTIVE","","","0","CS-Plastic_Squeegee, CS-Olfa_Art_Knife, CS-Olfa_Premium_Art_Knife, CS-Olfa_Cutting_Matt_A3, CS-Olfa_Cutting_Matt_A4, CS-Easy_Cutter, CS-Bubble_Pen, CS-Aslan_Squeegee, CS-Aslan_Red_Devil_Squeegee, CS-Weeding_Hook, CS-Weeding_Tweezers, CS-PAPER-APP-TAPE, CS-CLEAR-APP-TAPE","CS-Plastic_Squeegee, CS-Olfa_Art_Knife, CS-Olfa_Premium_Art_Knife, CS-Olfa_Cutting_Matt_A3, CS-Olfa_Cutting_Matt_A4, CS-Easy_Cutter, CS-Bubble_Pen, CS-Aslan_Squeegee, CS-Aslan_Red_Devil_Squeegee, CS-Weeding_Hook, CS-Weeding_Tweezers,CS-PAPER-APP-TAPE, CS-CLEAR-APP-TAPE","A","","","","","","Matt","","","","","","","","","Matt_Forest_Green_Craft_Vinyl","0","vinyl, craft vinyl, sticky vinyl, coloured vinyl","","","1556635990","0","","0","","CHECKBOX"
"CS-C11477","Matt Bright Yellow Craft Vinyl","M312","DEFAULT","510","0","CRAFTSTICK","","","","","0","Matt Bright Yellow Vinyl. Cut and stick for craft decorations","<p>This is perfect for all you crafters and hobbyists out there. Simply design and produce stickers for virtually anything with our self-adhesive vinyl.</p>
<p>Compatible with all craft cutters such as the Cameo, Cricut, Stika and Skycut plus signmaking plotter cutters from Roland, Graphtec, Mimaki and Mutoh.</p>
<p>You can even cut this material using scissors or on a cutting mat with a scalpel too.</p>
<p>Either way you will be able to make stickers that are long lasting and durable, suitable for use onto glassware, windows, mugs, water bottles, cards, gift tags, invitations, wooden giftware, interior walls etc.</p>
<p>So get designing those beautiful creations then just cut, peel and stick to make them come alive!</p>
<b><p>•	3-5 year outdoor durability </p>
<p>•	Semi-permanent clear adhesive </p>
<p>•	Suitable for smooth flat or slightly curved surfaces</p></b>
","C11477_Matt_Bright_Yellow.png","C11477_Matt_Bright_Yellow.png","INVITEMS","DEFAULT-CS-C11477-DEFAULT-CS-C11477","","","0","0","0","","1","REGONLY","0","0","0","0","","","","SELECT","SELECT","0","","","","","0","0","","income-service","","","0","0","","","","","CS-SAV-COL","CS-SAV-COL, CS-AUTUMN, CS-FESTIVE","","","0","CS-Plastic_Squeegee, CS-Olfa_Art_Knife, CS-Olfa_Premium_Art_Knife, CS-Olfa_Cutting_Matt_A3, CS-Olfa_Cutting_Matt_A4, CS-Easy_Cutter, CS-Bubble_Pen, CS-Aslan_Squeegee, CS-Aslan_Red_Devil_Squeegee, CS-Weeding_Hook, CS-Weeding_Tweezers, CS-PAPER-APP-TAPE, CS-CLEAR-APP-TAPE","CS-Plastic_Squeegee, CS-Olfa_Art_Knife, CS-Olfa_Premium_Art_Knife, CS-Olfa_Cutting_Matt_A3, CS-Olfa_Cutting_Matt_A4, CS-Easy_Cutter, CS-Bubble_Pen, CS-Aslan_Squeegee, CS-Aslan_Red_Devil_Squeegee, CS-Weeding_Hook, CS-Weeding_Tweezers,CS-PAPER-APP-TAPE, CS-CLEAR-APP-TAPE","A","","","","","","Matt","","","","","","","","","Matt_Bright_Yellow_Craft_Vinyl","0","vinyl, craft vinyl, sticky vinyl, coloured vinyl","","","1628584237","0","","0","","CHECKBOX"
"CS-C11481","Matt Medium Blue Craft Vinyl","M359","DEFAULT","720","0","CRAFTSTICK","","","","","0","Matt Medium Blue Vinyl. Cut and stick for craft decorations","<p>This is perfect for all you crafters and hobbyists out there. Simply design and produce stickers for virtually anything with our self-adhesive vinyl.</p>
<p>Compatible with all craft cutters such as the Cameo, Cricut, Stika and Skycut plus signmaking plotter cutters from Roland, Graphtec, Mimaki and Mutoh.</p>
<p>You can even cut this material using scissors or on a cutting mat with a scalpel too.</p>
<p>Either way you will be able to make stickers that are long lasting and durable, suitable for use onto glassware, windows, mugs, water bottles, cards, gift tags, invitations, wooden giftware, interior walls etc.</p>
<p>So get designing those beautiful creations then just cut, peel and stick to make them come alive!</p>
<b><p>•	3-5 year outdoor durability </p>
<p>•	Semi-permanent clear adhesive </p>
<p>•	Suitable for smooth flat or slightly curved surfaces</p></b>
","C11481_Matt_Medium_Blue.png","C11481_Matt_Medium_Blue.png","INVITEMS","DEFAULT-CS-C11481-DEFAULT-CS-C11481","","","0","0","0","","1","REGONLY","0","0","0","0","","","","SELECT","SELECT","0","","","","","0","0","","income-service","","","0","0","","","","","CS-SAV-COL","CS-SAV-COL","","","0","CS-Plastic_Squeegee, CS-Olfa_Art_Knife, CS-Olfa_Premium_Art_Knife, CS-Olfa_Cutting_Matt_A3, CS-Olfa_Cutting_Matt_A4, CS-Easy_Cutter, CS-Bubble_Pen, CS-Aslan_Squeegee, CS-Aslan_Red_Devil_Squeegee, CS-Weeding_Hook, CS-Weeding_Tweezers, CS-PAPER-APP-TAPE, CS-CLEAR-APP-TAPE","CS-Plastic_Squeegee, CS-Olfa_Art_Knife, CS-Olfa_Premium_Art_Knife, CS-Olfa_Cutting_Matt_A3, CS-Olfa_Cutting_Matt_A4, CS-Easy_Cutter, CS-Bubble_Pen, CS-Aslan_Squeegee, CS-Aslan_Red_Devil_Squeegee, CS-Weeding_Hook, CS-Weeding_Tweezers,CS-PAPER-APP-TAPE, CS-CLEAR-APP-TAPE","A","","","","","","Matt","","","","","","","","","Matt_Medium_Blue_Craft_Vinyl","0","vinyl, craft vinyl, sticky vinyl, coloured vinyl","","","1556636069","0","","0","","CHECKBOX"
"CS-C11485","Matt Brilliant Blue Craft Vinyl","M368","DEFAULT","680","0","CRAFTSTICK","","","","","0","Matt Brilliant Blue Vinyl. Cut and stick for craft decorations","<p>This is perfect for all you crafters and hobbyists out there. Simply design and produce stickers for virtually anything with our self-adhesive vinyl.</p>
<p>Compatible with all craft cutters such as the Cameo, Cricut, Stika and Skycut plus signmaking plotter cutters from Roland, Graphtec, Mimaki and Mutoh.</p>
<p>You can even cut this material using scissors or on a cutting mat with a scalpel too.</p>
<p>Either way you will be able to make stickers that are long lasting and durable, suitable for use onto glassware, windows, mugs, water bottles, cards, gift tags, invitations, wooden giftware, interior walls etc.</p>
<p>So get designing those beautiful creations then just cut, peel and stick to make them come alive!</p>
<b><p>•	3-5 year outdoor durability </p>
<p>•	Semi-permanent clear adhesive </p>
<p>•	Suitable for smooth flat or slightly curved surfaces</p></b>
","C11485_Matt_Brilliant_Blue.png","C11485_Matt_Brilliant_Blue.png","INVITEMS","DEFAULT-CS-C11485-DEFAULT-CS-C11485","","","0","0","0","","1","REGONLY","0","0","0","0","","","","SELECT","SELECT","0","","","","","0","0","","income-service","","","0","0","","","","","CS-SAV-COL","CS-SAV-COL","","","0","CS-Plastic_Squeegee, CS-Olfa_Art_Knife, CS-Olfa_Premium_Art_Knife, CS-Olfa_Cutting_Matt_A3, CS-Olfa_Cutting_Matt_A4, CS-Easy_Cutter, CS-Bubble_Pen, CS-Aslan_Squeegee, CS-Aslan_Red_Devil_Squeegee, CS-Weeding_Hook, CS-Weeding_Tweezers, CS-PAPER-APP-TAPE, CS-CLEAR-APP-TAPE","CS-Plastic_Squeegee, CS-Olfa_Art_Knife, CS-Olfa_Premium_Art_Knife, CS-Olfa_Cutting_Matt_A3, CS-Olfa_Cutting_Matt_A4, CS-Easy_Cutter, CS-Bubble_Pen, CS-Aslan_Squeegee, CS-Aslan_Red_Devil_Squeegee, CS-Weeding_Hook, CS-Weeding_Tweezers,CS-PAPER-APP-TAPE, CS-CLEAR-APP-TAPE","A","","","","","","Matt","","","","","","","","","Matt_Brilliant_Blue_Craft_Vinyl","0","vinyl, craft vinyl, sticky vinyl, coloured vinyl","","","1556636113","0","","0","","CHECKBOX"
"CS-C11487","Matt Ultra Blue Craft Vinyl","M370","DEFAULT","690","0","CRAFTSTICK","","","","","0","Matt Ultra Blue Vinyl. Cut and stick for craft decorations","<p>This is perfect for all you crafters and hobbyists out there. Simply design and produce stickers for virtually anything with our self-adhesive vinyl.</p>
<p>Compatible with all craft cutters such as the Cameo, Cricut, Stika and Skycut plus signmaking plotter cutters from Roland, Graphtec, Mimaki and Mutoh.</p>
<p>You can even cut this material using scissors or on a cutting mat with a scalpel too.</p>
<p>Either way you will be able to make stickers that are long lasting and durable, suitable for use onto glassware, windows, mugs, water bottles, cards, gift tags, invitations, wooden giftware, interior walls etc.</p>
<p>So get designing those beautiful creations then just cut, peel and stick to make them come alive!</p>
<b><p>•	3-5 year outdoor durability </p>
<p>•	Semi-permanent clear adhesive </p>
<p>•	Suitable for smooth flat or slightly curved surfaces</p></b>
","C11487_Matt_Ultra_Blue.png","C11487_Matt_Ultra_Blue.png","INVITEMS","DEFAULT-CS-C11487-DEFAULT-CS-C11487","","","0","0","0","","1","REGONLY","0","0","0","0","","","","SELECT","SELECT","0","","","","","0","0","","income-service","","","0","0","","","","","CS-SAV-COL","CS-SAV-COL","","","0","CS-Plastic_Squeegee, CS-Olfa_Art_Knife, CS-Olfa_Premium_Art_Knife, CS-Olfa_Cutting_Matt_A3, CS-Olfa_Cutting_Matt_A4, CS-Easy_Cutter, CS-Bubble_Pen, CS-Aslan_Squeegee, CS-Aslan_Red_Devil_Squeegee, CS-Weeding_Hook, CS-Weeding_Tweezers, CS-PAPER-APP-TAPE, CS-CLEAR-APP-TAPE","CS-Plastic_Squeegee, CS-Olfa_Art_Knife, CS-Olfa_Premium_Art_Knife, CS-Olfa_Cutting_Matt_A3, CS-Olfa_Cutting_Matt_A4, CS-Easy_Cutter, CS-Bubble_Pen, CS-Aslan_Squeegee, CS-Aslan_Red_Devil_Squeegee, CS-Weeding_Hook, CS-Weeding_Tweezers,CS-PAPER-APP-TAPE, CS-CLEAR-APP-TAPE","A","","","","","","Matt","","","","","","","","","Matt_Ultra_Blue_Craft_Vinyl","0","vinyl, craft vinyl, sticky vinyl, coloured vinyl","","","1556636139","0","","0","","CHECKBOX"
"CS-C11492","Matt Grey Craft Vinyl","M304","DEFAULT","840","0","CRAFTSTICK","","","","","0","Matt Grey Vinyl. Cut and stick for craft decorations","<p>This is perfect for all you crafters and hobbyists out there. Simply design and produce stickers for virtually anything with our self-adhesive vinyl.</p>
<p>Compatible with all craft cutters such as the Cameo, Cricut, Stika and Skycut plus signmaking plotter cutters from Roland, Graphtec, Mimaki and Mutoh.</p>
<p>You can even cut this material using scissors or on a cutting mat with a scalpel too.</p>
<p>Either way you will be able to make stickers that are long lasting and durable, suitable for use onto glassware, windows, mugs, water bottles, cards, gift tags, invitations, wooden giftware, interior walls etc.</p>
<p>So get designing those beautiful creations then just cut, peel and stick to make them come alive!</p>
<b><p>•	3-5 year outdoor durability </p>
<p>•	Semi-permanent clear adhesive </p>
<p>•	Suitable for smooth flat or slightly curved surfaces</p></b>
","C11492_Matt_Grey.png","C11492_Matt_Grey.png","INVITEMS","DEFAULT-CS-C11492-DEFAULT-CS-C11492","","","0","0","0","","1","REGONLY","0","0","0","0","","","","SELECT","SELECT","0","","","","","0","0","","income-service","","","0","0","","","","","CS-SAV-COL","CS-SAV-COL","","","0","CS-Plastic_Squeegee, CS-Olfa_Art_Knife, CS-Olfa_Premium_Art_Knife, CS-Olfa_Cutting_Matt_A3, CS-Olfa_Cutting_Matt_A4, CS-Easy_Cutter, CS-Bubble_Pen, CS-Aslan_Squeegee, CS-Aslan_Red_Devil_Squeegee, CS-Weeding_Hook, CS-Weeding_Tweezers, CS-PAPER-APP-TAPE, CS-CLEAR-APP-TAPE","CS-Plastic_Squeegee, CS-Olfa_Art_Knife, CS-Olfa_Premium_Art_Knife, CS-Olfa_Cutting_Matt_A3, CS-Olfa_Cutting_Matt_A4, CS-Easy_Cutter, CS-Bubble_Pen, CS-Aslan_Squeegee, CS-Aslan_Red_Devil_Squeegee, CS-Weeding_Hook, CS-Weeding_Tweezers,CS-PAPER-APP-TAPE, CS-CLEAR-APP-TAPE","A","","","","","","Matt","","","","","","","","","Matt_Grey_Craft_Vinyl","0","vinyl, craft vinyl, sticky vinyl, coloured vinyl","","","1556636166","0","","0","","CHECKBOX"
"CS-C11499","Matt Black Craft Vinyl","M301","DEFAULT","900","0","CRAFTSTICK","","","","","0","Matt Black Vinyl. Cut and stick for craft decorations","<p>This is perfect for all you crafters and hobbyists out there. Simply design and produce stickers for virtually anything with our self-adhesive vinyl.</p>
<p>Compatible with all craft cutters such as the Cameo, Cricut, Stika and Skycut plus signmaking plotter cutters from Roland, Graphtec, Mimaki and Mutoh.</p>
<p>You can even cut this material using scissors or on a cutting mat with a scalpel too.</p>
<p>Either way you will be able to make stickers that are long lasting and durable, suitable for use onto glassware, windows, mugs, water bottles, cards, gift tags, invitations, wooden giftware, interior walls etc.</p>
<p>So get designing those beautiful creations then just cut, peel and stick to make them come alive!</p>
<b><p>•	3-5 year outdoor durability </p>
<p>•	Semi-permanent clear adhesive </p>
<p>•	Suitable for smooth flat or slightly curved surfaces</p></b>
","C11499_Matt_Black.png","C11499_Matt_Black.png","INVITEMS","DEFAULT-CS-C11499-DEFAULT-CS-C11499","","","0","0","0","","1","REGONLY","0","0","0","0","","","","SELECT","SELECT","0","","","","","0","0","","income-service","","","0","0","","","","","CS-SAV-COL","CS-SAV-COL","","","0","CS-Plastic_Squeegee, CS-Olfa_Art_Knife, CS-Olfa_Premium_Art_Knife, CS-Olfa_Cutting_Matt_A3, CS-Olfa_Cutting_Matt_A4, CS-Easy_Cutter, CS-Bubble_Pen, CS-Aslan_Squeegee, CS-Aslan_Red_Devil_Squeegee, CS-Weeding_Hook, CS-Weeding_Tweezers, CS-PAPER-APP-TAPE, CS-CLEAR-APP-TAPE","CS-Plastic_Squeegee, CS-Olfa_Art_Knife, CS-Olfa_Premium_Art_Knife, CS-Olfa_Cutting_Matt_A3, CS-Olfa_Cutting_Matt_A4, CS-Easy_Cutter, CS-Bubble_Pen, CS-Aslan_Squeegee, CS-Aslan_Red_Devil_Squeegee, CS-Weeding_Hook, CS-Weeding_Tweezers,CS-PAPER-APP-TAPE, CS-CLEAR-APP-TAPE","A","","","","","","Matt","","","","","","","","","Matt_Black_Craft_Vinyl","0","vinyl, craft vinyl, sticky vinyl, coloured vinyl","","","1556636191","0","","0","","CHECKBOX"
"CS-CF01","Neon Pink Craft Vinyl","CF01","DEFAULT","103","0","CRAFTSTICK","","","","","0","Neon Pink Vinyl. Cut and stick for craft decorations","<p>This is perfect for all you crafters and hobbyists out there. Simply design and produce stickers for virtually anything with our neon self-adhesive vinyl.</p>
<p>Compatible with all craft cutters such as the Cameo, Cricut, Stika and Skycut plus signmaking plotter cutters from Roland, Graphtec, Mimaki and Mutoh.</p>
<p>You can even cut this material using scissors or on a cutting mat with a scalpel too.</p>
<p>Either way you will be able to make stickers that are long lasting and durable, suitable for use onto glassware, windows, mugs, water bottles, cards, invitations, wooden giftware, interior walls etc.</p>
<p>So get designing those beautiful creations then just cut, peel and stick to make them come alive!</p>
<b><p>•	Suitable for indoor applications or up to 6 months outdoors </p>
<p>•	Clear removable adhesive </p>
<p>•	Suitable for flat or slightly curved surfaces</p></b>

","CF01-Pink.png","CF01-Pink.png","INVITEMS","DEFAULT-CS-CF01-DEFAULT-CS-CF01","","","0","0","0","","1","REGONLY","0","0","0","0","","","","SELECT","SELECT","0","","","","","0","0","","income-service","","","0","0","","","","","CS-SAV-FLUORO","CS-SAV-FLUORO","","","0","CS-Plastic_Squeegee, CS-Olfa_Art_Knife, CS-Olfa_Premium_Art_Knife, CS-Olfa_Cutting_Matt_A3, CS-Olfa_Cutting_Matt_A4, CS-Easy_Cutter, CS-Bubble_Pen, CS-Aslan_Squeegee, CS-Aslan_Red_Devil_Squeegee, CS-Weeding_Hook, CS-Weeding_Tweezers, CS-PAPER-APP-TAPE, CS-CLEAR-APP-TAPE","CS-Plastic_Squeegee, CS-Olfa_Art_Knife, CS-Olfa_Premium_Art_Knife, CS-Olfa_Cutting_Matt_A3, CS-Olfa_Cutting_Matt_A4, CS-Easy_Cutter, CS-Bubble_Pen, CS-Aslan_Squeegee, CS-Aslan_Red_Devil_Squeegee, CS-Weeding_Hook, CS-Weeding_Tweezers,CS-PAPER-APP-TAPE, CS-CLEAR-APP-TAPE","A","","","","","","Fluorescent, Satin","","","","","","","","","Neon_Pink_Craft_Vinyl","0","vinyl, neon, fluorescent, glow","","","1566384869","0","","0","","CHECKBOX"
"CS-CLEAR-APP-TAPE","Clear Application Tape","903","DEFAULT","115","0","CRAFTSTICK","","","","","0","Clear transfer tape for your cut self-adhesive vinyl. Prices are per roll","<html>
<title>Clear Application Tape</title>
<body>
<p>Clear transfer tape for your cut self-adhesive vinyl. Prices are per roll</p>
<ul><li>Easy to use</li>
<li>Cut with scissors or knife</li>
<li>Easy to line up your work</li>
<li>Makes overlaying a cinch</li></ul>
</body>
</html>
","Clear_App_Tape.png","Clear_App_Tape.png","INVITEMS","DEFAULT-CS-CLEAR-APP-TAPE-DEFAULT-CS-CLEAR-APP-TAPE","","","0","0","0","","1","REGONLY","0","0","0","0","","","","SELECT","SELECT","0","","","","","0","0","","income-service","","","0","0","","","","","CS-SAV-APP-TAPE","CS-SAV-APP-TAPE, CS-TAPES","","","0","","","A","","","","","","Single_Sided","","","","","","","","","Clear_Application_Tape","0","app tape, transfer tape","","","1565796442","0","","0","",""
"CS-CR62","Blackboard Vinyl","CR62","DEFAULT","1","0","CRAFTSTICK","","","","","0","Blackboard Vinyl. Cut and stick for craft decorations","<p>This is perfect for all you crafters and hobbyists out there. Simply design and produce stencils for virtually anything with our self-adhesive masking vinyl.</p>
<p>Compatible with all craft cutters such as the Cameo, Cricut, Stika and Skycut plus signmaking plotter cutters from Roland, Graphtec, Mimaki and Mutoh.</p>
<p>You can even cut this material using scissors or on a cutting mat with a scalpel too.</p>
<p>Either way you will be able to make stencils that are suitable for use onto glassware, windows, mugs, water bottles, cards, gift tags, invitations, wooden giftware, interior walls etc.</p>
<p>So get designing those beautiful creations then just cut, peel, stick, spray or paint then remove to make them come alive!</p>
<b><p>•	2 year outdoor durability </p>
<p>•	Clear removable adhesive </p>
<p>•	Suitable for smooth flat or slightly curved surfaces</p></b>

","CR62b.png","CR62b.png","INVITEMS","DEFAULT-CS-CR62-DEFAULT-CS-CR62","","","0","0","0","","1","REGONLY","0","0","0","0","","","","SELECT","SELECT","0","","","","","0","0","","income-service","","","0","0","","","","","CS-SAV-CHALKBOARD","CS-SAV-CHALKBOARD","","","0","Lint-Free-Cloths, Aslan_Red_Devil_Squeegee, Olfa_X_Design_Heavy_Duty_Knife, Lint-Free-Gloves, Masking_Tape_25mm, Aslan-Gold-Soft-Squeegee, Olfa_Graphic_Cutter, Swann_Morton_3_Handle, Swann_Morton_10A_Blades, Aslan_Squeegee, Application_Gloves,","Lint-Free-Cloths, Aslan_Red_Devil_Squeegee, Olfa_X_Design_Heavy_Duty_Knife, Lint-Free-Gloves, Masking_Tape_25mm, Aslan-Gold-Soft-Squeegee, Olfa_Graphic_Cutter, Swann_Morton_3_Handle, Swann_Morton_10A_Blades, Aslan_Squeegee, Application_Gloves,","A","","","","","","","","","","","","","","","Blackboard_Craft_Vinyl","0","chalk, blackboard","","","1562774103","0","","0","","CHECKBOX"
"CS-CR63","Clear Chalkboard Vinyl","CR63","DEFAULT","2","0","CRAFTSTICK","","","","","0","Clear Chalkboard Vinyl. Cut and stick for craft decorations","<p>This is perfect for all you crafters and hobbyists out there. Simply design and produce stencils for virtually anything with our self-adhesive masking vinyl.</p>
<p>Compatible with all craft cutters such as the Cameo, Cricut, Stika and Skycut plus signmaking plotter cutters from Roland, Graphtec, Mimaki and Mutoh.</p>
<p>You can even cut this material using scissors or on a cutting mat with a scalpel too.</p>
<p>Either way you will be able to make stencils that are suitable for use onto glassware, windows, mugs, water bottles, cards, gift tags, invitations, wooden giftware, interior walls etc.</p>
<p>So get designing those beautiful creations then just cut, peel, stick, spray or paint then remove to make them come alive!</p>
<b><p>•	2 year outdoor durability </p>
<p>•	Clear removable adhesive </p>
<p>•	Suitable for smooth flat or slightly curved surfaces</p></b>
","CR63.png","CR63.png","INVITEMS","DEFAULT-CS-CR63-DEFAULT-CS-CR63","","","0","0","0","","1","REGONLY","0","0","0","0","","","","SELECT","SELECT","0","","","","","0","0","","income-service","","","0","0","","","","","CS-SAV-CHALKBOARD","CS-SAV-CHALKBOARD","","","0","CS-Plastic_Squeegee, CS-Olfa_Art_Knife, CS-Olfa_Premium_Art_Knife, CS-Olfa_Cutting_Matt_A3, CS-Olfa_Cutting_Matt_A4, CS-Easy_Cutter, CS-Bubble_Pen, CS-Aslan_Squeegee, CS-Aslan_Red_Devil_Squeegee, CS-Weeding_Hook, CS-Weeding_Tweezers, CS-PAPER-APP-TAPE, CS-CLEAR-APP-TAPE","CS-Plastic_Squeegee, CS-Olfa_Art_Knife, CS-Olfa_Premium_Art_Knife, CS-Olfa_Cutting_Matt_A3, CS-Olfa_Cutting_Matt_A4, CS-Easy_Cutter, CS-Bubble_Pen, CS-Aslan_Squeegee, CS-Aslan_Red_Devil_Squeegee, CS-Weeding_Hook, CS-Weeding_Tweezers,CS-PAPER-APP-TAPE, CS-CLEAR-APP-TAPE","A","","","","","","","","","","","","","","","Clear_Chalkboard_Craft_Vinyl","0","chalk, blackboard","","","1562920071","0","","0","",""
"CS-DF42025","Hand Tearable Double Sided Tape :: 25mm x 50m","420","DEFAULT","30","4","CRAFTSTICK","","","","","0","Hand tearable, easy to use double sided tape.","<p>Hand tearable, easy to use double sided tape.</p>
<b>Roll Size: 25mm x 50m</b>","420.png","420.png","INVITEMS","DEFAULT-CS-DF42025-DEFAULT-CS-DF420_025","","","0","0","0","","1","REGONLY","0","0","0","0","","","","SELECT","SELECT","0","","","","","0","0","","income-service","","","0","0","","","","","3285_DF420","CS-TAPES","","","0","","","A","","","","","","Double_Sided","","","","","","","","","Tearable_Double_Sided_Tape","0","tape, tissue, double sided","","","1567440400","0","","0","","CHECKBOX"
"CS-DF46525","Strong Double Sided Tape :: 25mm x 50m","46525","DEFAULT","30","12","CRAFTSTICK","","","","","0","Thin, clear and very sticky double sided tape. This is a real all round tape and a must have for every crafter and hobbyist.
","<p>Thin, clear and very sticky double sided tape.</p>
<p>This is a real all round tape and a must have for every crafter and hobbyist.</p>
<b>Roll Size: 25mm x 50m</b>","465.png","465.png","INVITEMS","DEFAULT-CS-DF46525-DEFAULT-CS-DF465_025","","","0","0","0","","1","REGONLY","0","0","0","0","","","","SELECT","SELECT","0","","","","","0","0","","income-service","","","0","0","","","","","CS-TAPES","CS-TAPES","","","0","","","A","","","","","","Double_Sided","","","","","","","","","Strong_Double_Sided_Tape","0","Tesa Tape, 4965, double sided","","","1567426932","0","","0","","CHECKBOX"
"CS-DM86625","Foam Double Sided Tape :: 25mm x 50m","866","DEFAULT","30","12","CRAFTSTICK","","","","","0","Soft spongy foam tapes that is really sticky on both sides. This is a really handy tape to have as it can be used for all sorts of purposes and is particularly good one slightly uneven surfaces.","<p>Soft spongy foam tapes that is really sticky on both sides.</p>
<p>This is a really handy tape to have as it can be used for all sorts of purposes and is particularly good one slightly uneven surfaces.</p>
<b>Roll Size: 25mm x 50m</b>","866.png","866.png","INVITEMS","DEFAULT-CS-DM86625-DEFAULT-CS-DM866_025","","","0","0","0","","1","REGONLY","0","0","0","0","","","","SELECT","SELECT","0","","","","","0","0","","income-service","","","0","0","","","","","CS-TAPES","CS-TAPES","","","0","","","A","","","","","","Double_Sided","","","","","","","","","Foam_Double_Sided_Tape","0","tape, foam, double sided","","","1567419679","0","","0","","CHECKBOX"
"CS-DM86625P","Foam Double Sided Tape Pads :: 1000 pads 25mm x 25mm","866","DEFAULT","30","17","CRAFTSTICK","","","","","0","25mm square pads of soft spongy foam tape that is really sticky on both sides. This is a really handy tape to have as it can be used for all sorts of purposes and is particularly good one slightly uneven surfaces. Aprox 1000 pads on the roll.","<p>25mm square soft spongy foam tapes that is really sticky on both sides.</p>
<p>This is a really handy tape to have as it can be used for all sorts of purposes and is particularly good one slightly uneven surfaces.</p>
<p>Finger lift liner to make it easy to use</p>
<b>Aprox 1000 pads per roll</b>","866.png","866.png","INVITEMS","DEFAULT-CS-DM86625P-DEFAULT-CS-DM866_025P","","","0","0","0","","1","REGONLY","0","0","0","0","","","","SELECT","SELECT","0","","","","","0","0","","income-service","","","0","0","","","","","CS-TAPES","CS-TAPES","","","0","","","A","","","","","","Double_Sided","","","","","","","","","Foam_Double_Sided_Tape_Pads","0","tape, foam, double sided","","","1567430620","0","","0","","CHECKBOX"
"CS-Easy_Cutter","Easy Backing Cutter","EAS","DEFAULT","120","4","CRAFTSTICK","","","","","0","Ideal for cutting away the backing liner.","<p>An essential craft tool, this little cutter is handy for trimming away the backing sheet without fear of scratching the surface.</p>
<p>It can be used one handed (right or left) and can cut curves too.</p>","CS_EASY_CUTTER.png","CS_EASY_CUTTER.png","INVITEMS","DEFAULT-CS-Easy_Cutter-DEFAULT-CS-Easy_Cutter","","","0","0","0","","1","REGONLY","0","0","0","0","","","","SELECT","SELECT","0","","","","","0","0","","income-service","","","0","0","","","","","CS-TOOLS","CS-TOOLS","","","0","","","A","","","","","","Cutting","","","","","","","","","Easy_Backing_Cutter","0","backing,slitter,cutter,","","","1569950315","0","","0","","CHECKBOX"
"CS-EL300","Easy Apply Frosted Etch Craft Vinyl","EL300","DEFAULT","40","0","CRAFTSTICK","","","","","0","Easy Apply Frosted Etch Vinyl. Cut and stick for craft decorations","<p>This is perfect for all you crafters and hobbyists out there. Simply design and produce stickers for glass and acrylic with our etched effect self-adhesive vinyl.</p>
<p>Compatible with all craft cutters such as the Cameo, Cricut, Stika and Skycut plus signmaking plotter cutters from Roland, Graphtec, Mimaki and Mutoh.</p>
<p>You can even cut this material using scissors or on a cutting mat with a scalpel too.</p>
<p>Either way you will be able to make stickers that are long lasting and durable that are suitable for use onto glassware gifts and acrylic.</p>
<p>So get designing those beautiful creations then just cut, peel and stick to make them come alive.</p>
<b><p>•	7 year outdoor durability </p>
<p>•	Removable adhesive </p>
<p>•	Repositionable &#8203;</p>
<p>•	Suitable for smooth flat or slightly curved surfaces </p></b>
","EL300.png","EL300.png","INVITEMS","DEFAULT-CS-EL300-DEFAULT-CS-EL300","","","0","0","0","","1","REGONLY","0","0","0","0","","","","SELECT","SELECT","0","","","","","0","0","","income-service","","","0","0","","","","","CS-SAV-ETCH","CS-SAV-ETCH","","","0","CS-Plastic_Squeegee, CS-Olfa_Art_Knife, CS-Olfa_Premium_Art_Knife, CS-Olfa_Cutting_Matt_A3, CS-Olfa_Cutting_Matt_A4, CS-Easy_Cutter, CS-Bubble_Pen, CS-Aslan_Squeegee, CS-Aslan_Red_Devil_Squeegee, CS-Weeding_Hook, CS-Weeding_Tweezers, CS-PAPER-APP-TAPE, CS-CLEAR-APP-TAPE","CS-Plastic_Squeegee, CS-Olfa_Art_Knife, CS-Olfa_Premium_Art_Knife, CS-Olfa_Cutting_Matt_A3, CS-Olfa_Cutting_Matt_A4, CS-Easy_Cutter, CS-Bubble_Pen, CS-Aslan_Squeegee, CS-Aslan_Red_Devil_Squeegee, CS-Weeding_Hook, CS-Weeding_Tweezers,CS-PAPER-APP-TAPE, CS-CLEAR-APP-TAPE","A","","","","","","Gloss","","","","","","","","","Easy_Apply_Frosted_Etch_Vinyl","0","etch, frosted, sandblast, etched
","","","1566314598","0","","0","",""
"CS-ESM2_Inks","Roland Eco Sol Max 2 Inks","10002","DEFAULT","20","0","CRAFTSTICK","","","","","0","GENUINE 440cc & 220cc Roland Eco Sol Max 2 Inks to fit Roland printers.









","<html>
<head>
<meta content=""text/html; charset=ISO-8859-1"" http-equiv=""content-type"">
<title>Roland Eco Sol Max Inks</title>
<br style=""color: rgb(153, 186, 58); font-weight: bold;"">
<span style=""color: rgb(153, 186, 58); font-weight: bold;""></span>GENUINE 440cc & 220cc Roland Eco Sol Max 2 Inks to fit Roland printers<br><br>
The Roland Eco Sol Max 2 inks are durable and dependable with a quick drying time, strong water, scratch and chemical resistance and a 3 year outdoor durability for a broad range of coated and uncoated media.<br><br>
</body>
</html>","ESM2.jpg","ESM2.jpg","INVITEMS","DEFAULT-CS-ESM2_Inks-DEFAULT-CS-ESM2_Inks","","","0","0","0","","1","REGONLY","0","0","0","0","","","","SELECT","SELECT","0","","","","","0","0","","income-service","","","0","0","","","","","Digital_Print_Inks","Digital_Print_Inks","","","0","Cleaning_Pads, 4G_Cleaner, Easy-Wipe","","A","","","","","","","","","","","","","","","","0","digital print ink,roland inks,eco sol max ink

































","","","1570037501","0","","0","",""
"CS-ESM3_Inks","Roland Eco Sol Max 3 Inks","10003","DEFAULT","30","0","CRAFTSTICK","","","","","0","GENUINE 500cc & 220cc Roland Eco Sol Max 3 Inks to fit Roland printers.









","<html>
<head>
<meta content=""text/html; charset=ISO-8859-1"" http-equiv=""content-type"">
<title>Roland Eco Sol Max Inks</title>
<br style=""color: rgb(153, 186, 58); font-weight: bold;"">
<span style=""color: rgb(153, 186, 58); font-weight: bold;""></span>GENUINE 500cc & 220cc Roland Eco Sol Max 3 Inks to fit Roland printers<br><br>
The Roland Eco Sol Max 3 inks deliver even faster drying times and bigger cartridges meaning lower price per cc of ink.  Powerful and versatile, this ink boasts incredibly fast drying time, a wide colour gamut and great durability.  You can produce high quality banners, posters, labels, stickers, POS displays, vehicle wraps and window graphics that stand the test of time.<br><br>
</body>
</html>","ESM3.jpg","ESM3.jpg","INVITEMS","DEFAULT-CS-ESM3_Inks-DEFAULT-CS-ESM3_Inks","","","0","0","0","","1","REGONLY","0","0","0","0","","","","SELECT","SELECT","0","","","","","0","0","","income-service","","","0","0","","","","","Digital_Print_Inks","Digital_Print_Inks","","","0","Roland-Cleaning-Kit, Cleaning_Pads, Easy-Wipe, Roland-BN20-waste-Tank","Roland-Cleaning-Kit, Cleaning_Pads","A","","","","","","","","","","","","","","","","0","digital print ink,roland inks,eco sol max ink

































","","","1570037524","0","","0","",""
"CS-ESM_Inks","Roland Eco Sol Max Inks","10001","DEFAULT","10","82","CRAFTSTICK","","","","","0","GENUINE 440cc & 220cc Roland Eco Sol Max Inks to fit Roland printers.









","<html>
<head>
<meta content=""text/html; charset=ISO-8859-1"" http-equiv=""content-type"">
<title>Roland Eco Sol Max Inks</title>
<br style=""color: rgb(153, 186, 58); font-weight: bold;"">
<span style=""color: rgb(153, 186, 58); font-weight: bold;""></span>GENUINE 440cc & 220cc Roland Eco Sol Max Inks to fit Roland printers<br><br>
The Roland Eco Sol Max inks offer super quick drying time, an exceptionally wide colour gamut and rugged scratch resistance for durability and easy handling straight off the printer.<br><br>
Ideal for outdoor and indoor graphic applications, these inks are virtually odourless and are designed to enhance the life of Roland eco-solvent inkjet printer heads and have the power to adhere to a broad range of coated and uncoated media with a durability of up to 3 years outdoor without lamination.
</body>
</html>","ESM.jpg","ESM.jpg","INVITEMS","DEFAULT-CS-ESM_Inks-DEFAULT-CS-ESM_Inks","","","0","0","0","","1","REGONLY","0","0","0","0","","","","SELECT","SELECT","0","","","","","0","0","","income-service","","","0","0","","","","","Digital_Print_Inks","Digital_Print_Inks","","","0","Cleaning_Pads, Easy-Wipe, Roland-Cleaning-Kit, Roland-ESM-Cleaning-Cartridge, Roland-BN20-waste-Tank","Roland-Cleaning-Kit, Roland-ESM-Cleaning-Cartridge, Roland-BN20-waste-Tank","A","","","","","","","","","","","","","","","","0","digital print ink, roland inks, eco sol max ink, eco sol max, esl3, 

































","","","1570037439","0","","0","","CHECKBOX"
"CS-Felt_Squeegee","Felt Squeegee","FS","DEFAULT","50","3","CRAFTSTICK","","","","","0","Felt Squeegee for scratch free application.","<p>Firm but soft Felt Squeegee for scratch free vinyl application</p>
<p>Size: 100mm x 70mm x 13mm</p>","Felt-Squeegee.jpg","Felt-Squeegee.jpg","INVITEMS","DEFAULT-CS-Felt_Squeegee-DEFAULT-CS-Felt_Squeegee","","","0","0","0","","1","REGONLY","0","0","0","0","","","","SELECT","SELECT","0","","","","","0","0","","income-service","","","0","0","","","","","CS-TOOLS","CS-TOOLS","","","0","","","A","","","","","","Squeegees","","","","","","","","","Felt_Block_Squeegee","0","felt,squeegee,","","","1569604422","0","","0","","CHECKBOX"
"CS-FLEXOFF","Flex Off - HTV Remover","12066","DEFAULT","120","19","CRAFTSTICK","","","","","0","Flex Off textile film remover - Works in 5 seconds.  400ml spray bottle.","<p>Specially developed for the removal of heat applied graphics from garments.</p>
<p>Spray from behind, wait 5-10 seconds and remove.</p>
<p>400ml spray bottle.</p>","Flex-Off.png","Flex-Off.png","INVITEMS","DEFAULT-CS-FLEXOFF-DEFAULT-CS-FLEXOFF","","","0","0","0","","1","REGONLY","0","0","0","0","","","","SELECT","SELECT","0","","","","","0","0","","income-service","","","0","0","","","","","CS-HTV-APP-TAPE","CS-HTV-APP-TAPE","","","0","","","A","","","","","","","","","","","","","","","Flex_Off_HTV_Remover","0","flex, remover, transfer remover, spray, htv remover, htv spray","","Flex Off textile film remover - Works in 5 seconds.  400ml spray bottle.","1570108101","0","","0","","CHECKBOX"
"CS-Foamed_PVC_3mm","A4 Sheets 5 pack - 3mm Foamed PVC Sheet","12056","DEFAULT","210","4","CRAFTSTICK","","","","","0","Pack of 5 sheets of A4 White Foamed 3mm PVC.","Pack of 5 sheets of A4 White Foamed 3mm PVC.","Foam_PVC.jpg","Foam_PVC.jpg","INVITEMS","DEFAULT-CS-Foamed_PVC_3mm-DEFAULT-CS-Foamed_PVC_3mm","","","0","0","0","","1","REGONLY","0","0","0","0","","","","SELECT","SELECT","0","","","","","0","0","","income-service","","","0","0","","","","","CS-TAPES","CS-TAPES","","","0","","","A","superuser","","","","","Boards","","","","","","","","","3mm_Foam_Board","0","foam, board, rigid, 3mm","","","1570034769","0","","0","","CHECKBOX"
"CS-Foamed_PVC_5mm","A4 Sheets 5 pack - 5mm Foamed PVC Sheet","12056","DEFAULT","220","4","CRAFTSTICK","","","","","0","Pack of 5 sheets of A4 White Foamed 5mm PVC.","Pack of 5 sheets of A4 White Foamed 5mm PVC.","Foam_PVC.jpg","Foam_PVC.jpg","INVITEMS","DEFAULT-CS-Foamed_PVC_5mm-DEFAULT-CS-Foamed_PVC_5mm","","","0","0","0","","1","REGONLY","0","0","0","0","","","","SELECT","SELECT","0","","","","","0","0","","income-service","","","0","0","","","","","CS-TAPES","CS-TAPES","","","0","","","A","superuser","","","","","Boards","","","","","","","","","5mm_Foam_Board","0","foam, board, rigid, 5mm","","","1570034811","0","","0","","CHECKBOX"
"CS-FREE_DELIVERY","Unlimited First Class Deliveries","UFD","DEFAULT","1","50","CRAFTSTICK","","","","","0","Upgrade your account and enjoy unlimited first class deliveries for 12 months","Upgrade your account and enjoy unlimited first class deliveries for 12 months","CS-GOLD.png","CS-GOLD.png","SERVOPTDL","DEFAULT-CS-FREE_DELIVERY-DEFAULT-DEFAULT","","","0","0","0","","1","REGONLY","0","0","0","0","","","","SELECT","SELECT","0","","","","","0","0","","income-service","","","0","0","","","","","CS-TOOLS","","","","0","","","A","","","","","","","","","","","","","","","Unlimited_First_Class_Deliveries","0","","","","1568033160","0","","0","",""
"CS-GARMENT-APP-TAPE","Heat Resistant Transfer Tape","909L","DEFAULT","10","0","CRAFTSTICK","","","","","0","Heat resistant transfer tape with a liner for use with Glow in the Dark Flex and digitally printed flex films.
","<html>
<title>Heat Resistant Application Tape</title>
<body>
<p>Heat resistant transfer tape with a liner for use with Glow in the Dark Flex and digitally printed flex films.</p>
</body>
</html>","909.png","909.png","INVITEMS","DEFAULT-CS-GARMENT-APP-TAPE-DEFAULT-CS-GARMENT-APP-TAPE","","","0","0","0","","1","REGONLY","0","0","0","0","","","","SELECT","SELECT","0","","","","","0","0","","income-service","","","0","0","","","","","CS-HTV-APP-TAPE","CS-HTV-APP-TAPE","","","0","","","A","","","","","","","","","","","","","","","Heat_Resistant_Transfer_Tape","0","heat transfer app tape, heat transfer tape","","","1567703236","0","","0","",""
"CS-Heat_Pressing_Pillows","Heat Pressing Pillows","PILLOW","Stahls","580","0","CRAFTSTICK","","","","","0","Non Stick covered pillows, with a heat resistant core, enables the user to have a flat surface to heat apply Transfers over buttons, seams and zippers on garments.","<b>Non Stick covered pillows, with a heat resistant core, enables the user to have a flat surface to heat apply Transfers over buttons, seams and zippers on garments.</b><br>
 Non Stick Pillows are available in four popular sizes.","Heat Press Pillows.jpg","Heat Press Pillows.jpg","INVITEMS","DEFAULT-CS-Heat_Pressing_Pillows-DEFAULT-Heat_Pressing_Pillows","","","0","0","0","","1","REGONLY","0","0","0","0","","","","SELECT","SELECT","0","","","","","0","0","","income-service","","","0","0","","FREESHIPPING","","","CS-EQUIPMENT","CS-EQUIPMENT","","","0","","","A","","","","","","","","","","","","","","","","0","heat press,multi press,


","","","1651060485","0","","0","","CHECKBOX"
"CS-Heat_Tape","Heat Tape","61SL","DEFAULT","105","8","CRAFTSTICK","","","","","0","Heat Tape will help to keep HTV in place whilst heatpressing.  Price per 10mm x 66m roll.","Heat Tape will help to keep HTV in place whilst heatpressing.  Price per 10mm x 66m roll.","Heat-Tape.jpg","Heat-Tape.jpg","INVITEMS","DEFAULT-CS-Heat_Tape-DEFAULT-CS-Heat_Tape","","","0","0","0","","1","REGONLY","0","0","0","0","","","","SELECT","SELECT","0","","","","","0","0","","income-service","","","0","0","","","","","CS-HTV-APP-TAPE","CS-HTV-APP-TAPE, CS-TAPES","","","0","","","A","","","","","","","","","","","","","","","Heat_Resistant_Tape","0","heat, tape","","","1570107902","0","","0","","CHECKBOX"
"CS-Hotronix--Lower-Platen_Protectors","Hotronix Lower Platen Protectors","PLAT","DEFAULT","280","0","CRAFTSTICK","","","","","0","Quick Slip Platen Protectors for Hotronix Heatpresses.","<p>These Quick Slip Protectors are designed to protect the bed on the lower platen of the Heat Press, and help garments slide on/off easily.</p>
<p>They are easy to clean and are essential to prolong long life of the bed. Quick Slip Protectors are available in four popular sizes.</p>","Lower Platen Protectors.jpg","Lower Platen Protectors.jpg","INVITEMS","DEFAULT-CS-Hotronix--Lower-Platen_Protectors-DEFAULT-CS-Hotronix-Lower-Platen_Protectors","","","0","0","0","","1","REGONLY","0","0","0","0","","","","SELECT","SELECT","0","","","","","0","0","","income-service","","","0","0","","FREESHIPPING","","","CS-EQUIPMENT","CS-EQUIPMENT","","","0","Heat_Pressing_Pillows, Hotronix-Heatpress-Upper-Platen-Protector","","A","","","","","","","","","","","","","","","Hotronix-Lower-Platen_Protectors","0","heat press,heatpress,platen


","","","1569515441","0","","0","","CHECKBOX"
"CS-Hotronix-Heatpress-Interchangable-Lower-Platens","Hotronix Heatpress Interchangable Lower Platens","PLA3","Stahls","260","0","CRAFTSTICK","","","","","0","Interchangable lower platens for Hotronix Heatpresses.","<p>These quick and easy interchangeable lower platens make your job a lot easier.  Designed with a single collared bolt to hold the platen in place and a quick release lever for speedy platen changes.</p>
","Platen-Interchange.jpg","Platen-Interchange.jpg, Heat Press Platens.jpg","INVITEMS","DEFAULT-CS-Hotronix-Heatpress-Interchangable-Lower-Platens-DEFAULT-CS-Hotronix-Heatpress-Interchangable-Lower-Platens","","","0","0","0","","1","REGONLY","0","0","0","0","","","","SELECT","SELECT","0","","","","","0","0","","income-service","","","0","0","","FREESHIPPING","https://www.youtube.com/embed/rt3MBJSIYQg","","CS-EQUIPMENT","CS-EQUIPMENT","","","0","Hotronix--Lower-Platen_Protectors","","A","","","","","","","","","","","","","","","","0","heat press,heatpress,platen


","","","1651059969","0","","0","","CHECKBOX"
"CS-Hotronix-Heatpress-Upper-Platen-Protector","Hotronix Quick Slip Upper Platen Cover","PLAT4","DEFAULT","280","65","CRAFTSTICK","","","","","0","Non-stick protection cover for Hotronix Heat Platen 50cm x 40cm","<b>Non-stick protection cover for Hotronix  50cm x 40cm Heat Platen.</b><br><br>
","Upper-Platen-Protector.jpg","Upper-Platen-Protector.jpg","INVITEMS","DEFAULT-CS-Hotronix-Heatpress-Upper-Platen-Protector-DEFAULT-CS-Hotronix-Heatpress-Upper-Platen-Protectors","","","0","0","0","","1","REGONLY","0","0","0","0","","","","SELECT","SELECT","0","","","","","0","0","","income-service","","","0","0","","FREESHIPPING","","","CS-EQUIPMENT","CS-EQUIPMENT","","","0","Hotronix--Lower-Platen_Protectors, Heat_Pressing_Pillows","","A","","","","","","","","","","","","","","","Hotronix-Heatpress-Upper-Platen-Protectors","0","heat press,heatpress,platen


","","","1569515496","0","","0","","CHECKBOX"
"CS-HTV-Pastels-Bundle","HTV Pastels Bundle","BUNDLE","DEFAULT","1","0","CRAFTSTICK","","","","","0","Seasonal Bundle of Heat Transfer Vinyl in pastel colours. Iron or Heatpress onto fabric","<p>This is perfect for all you crafters and hobbyists out there. Simply plan and cut your design to be ironed or heatpressed on to fabric craft items or garments.</p>
<p>Compatible with all craft cutters such as the Cameo, Cricut, Stika and Skycut plus signmaking plotter cutters from Roland, Graphtec, Mimaki and Mutoh.</p>
<p>Produce long lasting and durable designs onto cushions, aprons, throws and blankets as well as t-shirts and baby / kidswear etc.</p>
<p>So get designing those cool creations then just cut and iron on to make them come to life!</p>
<p><strong>Pack contains one sheet or roll of each of the following:</strong><br>
<br>Baby Pink Turbo HTV<br>
Beige Turbo HTV<br>
Lemon Yellow Turbo HTV<br>
Mint Turbo HTV<br>
Sky Blue Turbo HTV<br>
</p>","CS_HTV_PASTEL_BUNDLE.png","CS_HTV_PASTEL_BUNDLE.png","INVITEMS","DEFAULT-CS-HTV-Pastels-Bundle-DEFAULT-CS-HTV-Pastels-Bundle","","","0","0","0","","1","REGONLY","0","0","0","0","","","","SELECT","SELECT","0","","","","","0","0","","income-service","","","0","0","","","","","CS-HTV-BUNDLES","CS-HTV-BUNDLES, CS-BUNDLES, CS-HTV-PASTEL","","","0","CS-Heat_Tape, CS-FLEXOFF, CS-Olfa_Cutting_Matt_A3, CS-Olfa_Cutting_Matt_A4, CS-Olfa_Art_Knife, CS-Weeding_Hook, CS-Weeding_Tweezers","CS-Heat_Tape, CS-FLEXOFF, CS-Olfa_Cutting_Matt_A3, CS-Olfa_Cutting_Matt_A4, CS-Olfa_Art_Knife, CS-Weeding_Hook, CS-Weeding_Tweezers","A","","","","","","","","","","","","","","","","0","htv, heat transfer vinyl, flex vinyl, flex, t shirt vinyl, t shirt film, t-shirt film, t-shirt vinyl, t shirt printing, t-shirt printing","","","1613646104","0","","0","",""
"CS-L113","Gloss Stone Yellow Craft Vinyl","L113","DEFAULT","30","0","CRAFTSTICK","","","","","0","Gloss Stone Yellow Vinyl. Cut and stick for craft decorations","<p>This is perfect for all you crafters and hobbyists out there. Simply design and produce stickers for virtually anything with our self-adhesive vinyl.</p>
<p>Compatible with all craft cutters such as the Cameo, Cricut, Stika and Skycut plus signmaking plotter cutters from Roland, Graphtec, Mimaki and Mutoh.</p>
<p>You can even cut this material using scissors or on a cutting mat with a scalpel too.</p>
<p>Either way you will be able to make stickers that are long lasting and durable, suitable for use onto glassware, windows, mugs, water bottles, cards, gift tags, invitations, wooden giftware, interior walls etc.</p>
<p>So get designing those beautiful creations then just cut, peel and stick to make them come alive!</p>
<b><p>•	3-5 year outdoor durability </p>
<p>•	Permanent clear adhesive </p>
<p>•	Suitable for smooth flat or slightly curved surfaces</p></b>
","Event_113_Gloss_Stone_Yellow.png","Event_113_Gloss_Stone_Yellow.png","INVITEMS","DEFAULT-CS-L113-DEFAULT-CS-L113","","","0","0","0","","1","REGONLY","0","0","0","0","","","","SELECT","SELECT","0","","","","","0","0","","income-service","","","0","0","","","","","CS-SAV-COL","CS-SAV-COL, CS-VALENTINES, CS-MOTHERS","","","0","CS-Plastic_Squeegee, CS-Olfa_Art_Knife, CS-Olfa_Premium_Art_Knife, CS-Olfa_Cutting_Matt_A3, CS-Olfa_Cutting_Matt_A4, CS-Easy_Cutter, CS-Bubble_Pen, CS-Aslan_Squeegee, CS-Aslan_Red_Devil_Squeegee, CS-Weeding_Hook, CS-Weeding_Tweezers, CS-PAPER-APP-TAPE, CS-CLEAR-APP-TAPE","CS-Plastic_Squeegee, CS-Olfa_Art_Knife, CS-Olfa_Premium_Art_Knife, CS-Olfa_Cutting_Matt_A3, CS-Olfa_Cutting_Matt_A4, CS-Easy_Cutter, CS-Bubble_Pen, CS-Aslan_Squeegee, CS-Aslan_Red_Devil_Squeegee, CS-Weeding_Hook, CS-Weeding_Tweezers,CS-PAPER-APP-TAPE, CS-CLEAR-APP-TAPE","A","","","","","","Gloss","","","","","","","","","","0","vinyl, monomeric","","","1722524512","0","","0","","CHECKBOX"
"CS-L114","Gloss Butter Yellow Craft Vinyl","L114","DEFAULT","40","0","CRAFTSTICK","","","","","0","Gloss Butter Yellow Vinyl. Cut and stick for craft decorations","<p>This is perfect for all you crafters and hobbyists out there. Simply design and produce stickers for virtually anything with our self-adhesive vinyl.</p>
<p>Compatible with all craft cutters such as the Cameo, Cricut, Stika and Skycut plus signmaking plotter cutters from Roland, Graphtec, Mimaki and Mutoh.</p>
<p>You can even cut this material using scissors or on a cutting mat with a scalpel too.</p>
<p>Either way you will be able to make stickers that are long lasting and durable, suitable for use onto glassware, windows, mugs, water bottles, cards, gift tags, invitations, wooden giftware, interior walls etc.</p>
<p>So get designing those beautiful creations then just cut, peel and stick to make them come alive!</p>
<b><p>•	3-5 year outdoor durability </p>
<p>•	Permanent clear adhesive </p>
<p>•	Suitable for smooth flat or slightly curved surfaces</p></b>
","Event_114_Gloss_Butter_Yellow.png","Event_114_Gloss_Butter_Yellow.png","INVITEMS","DEFAULT-CS-L114-DEFAULT-CS-L114","","","0","0","0","","1","REGONLY","0","0","0","0","","","","SELECT","SELECT","0","","","","","0","0","","income-service","","","0","0","","","","","CS-SAV-COL","CS-SAV-COL, CS-VALENTINES, CS-MOTHERS","","","0","CS-Plastic_Squeegee, CS-Olfa_Art_Knife, CS-Olfa_Premium_Art_Knife, CS-Olfa_Cutting_Matt_A3, CS-Olfa_Cutting_Matt_A4, CS-Easy_Cutter, CS-Bubble_Pen, CS-Aslan_Squeegee, CS-Aslan_Red_Devil_Squeegee, CS-Weeding_Hook, CS-Weeding_Tweezers, CS-PAPER-APP-TAPE, CS-CLEAR-APP-TAPE","CS-Plastic_Squeegee, CS-Olfa_Art_Knife, CS-Olfa_Premium_Art_Knife, CS-Olfa_Cutting_Matt_A3, CS-Olfa_Cutting_Matt_A4, CS-Easy_Cutter, CS-Bubble_Pen, CS-Aslan_Squeegee, CS-Aslan_Red_Devil_Squeegee, CS-Weeding_Hook, CS-Weeding_Tweezers,CS-PAPER-APP-TAPE, CS-CLEAR-APP-TAPE","A","","","","","","Gloss","","","","","","","","","","0","vinyl, monomeric","","","1722524925","0","","0","","CHECKBOX"
"CS-L115","Gloss Light Orange Craft Vinyl","L115","DEFAULT","70","0","CRAFTSTICK","","","","","0","Gloss Light Orange Vinyl. Cut and stick for craft decorations","<p>This is perfect for all you crafters and hobbyists out there. Simply design and produce stickers for virtually anything with our self-adhesive vinyl.</p>
<p>Compatible with all craft cutters such as the Cameo, Cricut, Stika and Skycut plus signmaking plotter cutters from Roland, Graphtec, Mimaki and Mutoh.</p>
<p>You can even cut this material using scissors or on a cutting mat with a scalpel too.</p>
<p>Either way you will be able to make stickers that are long lasting and durable, suitable for use onto glassware, windows, mugs, water bottles, cards, gift tags, invitations, wooden giftware, interior walls etc.</p>
<p>So get designing those beautiful creations then just cut, peel and stick to make them come alive!</p>
<b><p>•	3-5 year outdoor durability </p>
<p>•	Permanent clear adhesive </p>
<p>•	Suitable for smooth flat or slightly curved surfaces</p></b>
","Event_115_Gloss_Light_Orange.png","Event_115_Gloss_Light_Orange.png","INVITEMS","DEFAULT-CS-L115-DEFAULT-CS-L115","","","0","0","0","","1","REGONLY","0","0","0","0","","","","SELECT","SELECT","0","","","","","0","0","","income-service","","","0","0","","","","","CS-SAV-COL","CS-SAV-COL, CS-VALENTINES, CS-MOTHERS","","","0","CS-Plastic_Squeegee, CS-Olfa_Art_Knife, CS-Olfa_Premium_Art_Knife, CS-Olfa_Cutting_Matt_A3, CS-Olfa_Cutting_Matt_A4, CS-Easy_Cutter, CS-Bubble_Pen, CS-Aslan_Squeegee, CS-Aslan_Red_Devil_Squeegee, CS-Weeding_Hook, CS-Weeding_Tweezers, CS-PAPER-APP-TAPE, CS-CLEAR-APP-TAPE","CS-Plastic_Squeegee, CS-Olfa_Art_Knife, CS-Olfa_Premium_Art_Knife, CS-Olfa_Cutting_Matt_A3, CS-Olfa_Cutting_Matt_A4, CS-Easy_Cutter, CS-Bubble_Pen, CS-Aslan_Squeegee, CS-Aslan_Red_Devil_Squeegee, CS-Weeding_Hook, CS-Weeding_Tweezers,CS-PAPER-APP-TAPE, CS-CLEAR-APP-TAPE","A","","","","","","Gloss","","","","","","","","","","0","vinyl, monomeric","","","1722525192","0","","0","","CHECKBOX"
"CS-L121","Gloss Mist Grey Craft Vinyl","L121","DEFAULT","400","0","CRAFTSTICK","","","","","0","Gloss Mist Grey Vinyl. Cut and stick for craft decorations","<p>This is perfect for all you crafters and hobbyists out there. Simply design and produce stickers for virtually anything with our self-adhesive vinyl.</p>
<p>Compatible with all craft cutters such as the Cameo, Cricut, Stika and Skycut plus signmaking plotter cutters from Roland, Graphtec, Mimaki and Mutoh.</p>
<p>You can even cut this material using scissors or on a cutting mat with a scalpel too.</p>
<p>Either way you will be able to make stickers that are long lasting and durable, suitable for use onto glassware, windows, mugs, water bottles, cards, gift tags, invitations, wooden giftware, interior walls etc.</p>
<p>So get designing those beautiful creations then just cut, peel and stick to make them come alive!</p>
<b><p>•	3-5 year outdoor durability </p>
<p>•	Permanent clear adhesive </p>
<p>•	Suitable for smooth flat or slightly curved surfaces</p></b>
","Event_121_Gloss_Mist_Grey.png","Event_121_Gloss_Mist_Grey.png","INVITEMS","DEFAULT-CS-L121-DEFAULT-CS-L121","","","0","0","0","","1","REGONLY","0","0","0","0","","","","SELECT","SELECT","0","","","","","0","0","","income-service","","","0","0","","","","","CS-SAV-COL","CS-SAV-COL, CS-VALENTINES, CS-MOTHERS","","","0","CS-Plastic_Squeegee, CS-Olfa_Art_Knife, CS-Olfa_Premium_Art_Knife, CS-Olfa_Cutting_Matt_A3, CS-Olfa_Cutting_Matt_A4, CS-Easy_Cutter, CS-Bubble_Pen, CS-Aslan_Squeegee, CS-Aslan_Red_Devil_Squeegee, CS-Weeding_Hook, CS-Weeding_Tweezers, CS-PAPER-APP-TAPE, CS-CLEAR-APP-TAPE","CS-Plastic_Squeegee, CS-Olfa_Art_Knife, CS-Olfa_Premium_Art_Knife, CS-Olfa_Cutting_Matt_A3, CS-Olfa_Cutting_Matt_A4, CS-Easy_Cutter, CS-Bubble_Pen, CS-Aslan_Squeegee, CS-Aslan_Red_Devil_Squeegee, CS-Weeding_Hook, CS-Weeding_Tweezers,CS-PAPER-APP-TAPE, CS-CLEAR-APP-TAPE","A","","","","","","Gloss, Pastel","","","","","","","","","","0","vinyl, monomeric","","","1722528124","0","","0","","CHECKBOX"
"CS-L122","Gloss Elephant Grey Craft Vinyl","L122","DEFAULT","420","0","CRAFTSTICK","","","","","0","Gloss Elephant Grey Vinyl. Cut and stick for craft decorations","<p>This is perfect for all you crafters and hobbyists out there. Simply design and produce stickers for virtually anything with our self-adhesive vinyl.</p>
<p>Compatible with all craft cutters such as the Cameo, Cricut, Stika and Skycut plus signmaking plotter cutters from Roland, Graphtec, Mimaki and Mutoh.</p>
<p>You can even cut this material using scissors or on a cutting mat with a scalpel too.</p>
<p>Either way you will be able to make stickers that are long lasting and durable, suitable for use onto glassware, windows, mugs, water bottles, cards, gift tags, invitations, wooden giftware, interior walls etc.</p>
<p>So get designing those beautiful creations then just cut, peel and stick to make them come alive!</p>
<b><p>•	3-5 year outdoor durability </p>
<p>•	Permanent clear adhesive </p>
<p>•	Suitable for smooth flat or slightly curved surfaces</p></b>
","Event_122_Gloss_Elephant_Grey.png","Event_122_Gloss_Elephant_Grey.png","INVITEMS","DEFAULT-CS-L122-DEFAULT-CS-L122","","","0","0","0","","1","REGONLY","0","0","0","0","","","","SELECT","SELECT","0","","","","","0","0","","income-service","","","0","0","","","","","CS-SAV-COL","CS-SAV-COL, CS-VALENTINES, CS-MOTHERS","","","0","CS-Plastic_Squeegee, CS-Olfa_Art_Knife, CS-Olfa_Premium_Art_Knife, CS-Olfa_Cutting_Matt_A3, CS-Olfa_Cutting_Matt_A4, CS-Easy_Cutter, CS-Bubble_Pen, CS-Aslan_Squeegee, CS-Aslan_Red_Devil_Squeegee, CS-Weeding_Hook, CS-Weeding_Tweezers, CS-PAPER-APP-TAPE, CS-CLEAR-APP-TAPE","CS-Plastic_Squeegee, CS-Olfa_Art_Knife, CS-Olfa_Premium_Art_Knife, CS-Olfa_Cutting_Matt_A3, CS-Olfa_Cutting_Matt_A4, CS-Easy_Cutter, CS-Bubble_Pen, CS-Aslan_Squeegee, CS-Aslan_Red_Devil_Squeegee, CS-Weeding_Hook, CS-Weeding_Tweezers,CS-PAPER-APP-TAPE, CS-CLEAR-APP-TAPE","A","","","","","","Gloss","","","","","","","","","","0","vinyl, monomeric","","","1722603429","0","","0","","CHECKBOX"
"CS-L141","Gloss Pink Craft Vinyl","L141","DEFAULT","150","0","CRAFTSTICK","","","","","0","Gloss Pink Vinyl. Cut and stick for craft decorations","<p>This is perfect for all you crafters and hobbyists out there. Simply design and produce stickers for virtually anything with our self-adhesive vinyl.</p>
<p>Compatible with all craft cutters such as the Cameo, Cricut, Stika and Skycut plus signmaking plotter cutters from Roland, Graphtec, Mimaki and Mutoh.</p>
<p>You can even cut this material using scissors or on a cutting mat with a scalpel too.</p>
<p>Either way you will be able to make stickers that are long lasting and durable, suitable for use onto glassware, windows, mugs, water bottles, cards, gift tags, invitations, wooden giftware, interior walls etc.</p>
<p>So get designing those beautiful creations then just cut, peel and stick to make them come alive!</p>
<b><p>•	3-5 year outdoor durability </p>
<p>•	Permanent clear adhesive </p>
<p>•	Suitable for smooth flat or slightly curved surfaces</p></b>
","L141_Gloss_Pink.png","L141_Gloss_Pink.png","INVITEMS","DEFAULT-CS-L141-DEFAULT-CS-L141","","","0","0","0","","1","REGONLY","0","0","0","0","","","","SELECT","SELECT","0","","","","","0","0","","income-service","","","0","0","","","","","CS-SAV-COL","CS-SAV-COL, CS-VALENTINES, CS-MOTHERS","","","0","CS-Plastic_Squeegee, CS-Olfa_Art_Knife, CS-Olfa_Premium_Art_Knife, CS-Olfa_Cutting_Matt_A3, CS-Olfa_Cutting_Matt_A4, CS-Easy_Cutter, CS-Bubble_Pen, CS-Aslan_Squeegee, CS-Aslan_Red_Devil_Squeegee, CS-Weeding_Hook, CS-Weeding_Tweezers, CS-PAPER-APP-TAPE, CS-CLEAR-APP-TAPE","CS-Plastic_Squeegee, CS-Olfa_Art_Knife, CS-Olfa_Premium_Art_Knife, CS-Olfa_Cutting_Matt_A3, CS-Olfa_Cutting_Matt_A4, CS-Easy_Cutter, CS-Bubble_Pen, CS-Aslan_Squeegee, CS-Aslan_Red_Devil_Squeegee, CS-Weeding_Hook, CS-Weeding_Tweezers,CS-PAPER-APP-TAPE, CS-CLEAR-APP-TAPE","A","","","","","","Gloss","","","","","","","","","Gloss_Pink_Craft_Vinyl","0","vinyl, monomeric","","","1560877639","0","","0","","CHECKBOX"
"CS-L157","Gloss Light Blue Craft Vinyl","L157","DEFAULT","260","0","CRAFTSTICK","","","","","0","Gloss Light Blue Vinyl. Cut and stick for craft decorations","<p>This is perfect for all you crafters and hobbyists out there. Simply design and produce stickers for virtually anything with our self-adhesive vinyl.</p>
<p>Compatible with all craft cutters such as the Cameo, Cricut, Stika and Skycut plus signmaking plotter cutters from Roland, Graphtec, Mimaki and Mutoh.</p>
<p>You can even cut this material using scissors or on a cutting mat with a scalpel too.</p>
<p>Either way you will be able to make stickers that are long lasting and durable, suitable for use onto glassware, windows, mugs, water bottles, cards, gift tags, invitations, wooden giftware, interior walls etc.</p>
<p>So get designing those beautiful creations then just cut, peel and stick to make them come alive!</p>
<b><p>•	3-5 year outdoor durability </p>
<p>•	Permanent clear adhesive </p>
<p>•	Suitable for smooth flat or slightly curved surfaces</p></b>
","L157_Light_Blue.png","L157_Light_Blue.png","INVITEMS","DEFAULT-CS-L157-DEFAULT-CS-L157","","","0","0","0","","1","REGONLY","0","0","0","0","","","","SELECT","SELECT","0","","","","","0","0","","income-service","","","0","0","","","","","CS-SAV-COL","CS-SAV-COL, CS-MOTHERS","","","0","CS-Plastic_Squeegee, CS-Olfa_Art_Knife, CS-Olfa_Premium_Art_Knife, CS-Olfa_Cutting_Matt_A3, CS-Olfa_Cutting_Matt_A4, CS-Easy_Cutter, CS-Bubble_Pen, CS-Aslan_Squeegee, CS-Aslan_Red_Devil_Squeegee, CS-Weeding_Hook, CS-Weeding_Tweezers, CS-PAPER-APP-TAPE, CS-CLEAR-APP-TAPE","CS-Plastic_Squeegee, CS-Olfa_Art_Knife, CS-Olfa_Premium_Art_Knife, CS-Olfa_Cutting_Matt_A3, CS-Olfa_Cutting_Matt_A4, CS-Easy_Cutter, CS-Bubble_Pen, CS-Aslan_Squeegee, CS-Aslan_Red_Devil_Squeegee, CS-Weeding_Hook, CS-Weeding_Tweezers,CS-PAPER-APP-TAPE, CS-CLEAR-APP-TAPE","A","","","","","","Gloss, Pastel","","","","","","","","","Gloss_Pale_Blue_Craft_Vinyl","0","vinyl, monomeric","","","1565024713","0","","0","","CHECKBOX"
"CS-L161","Gloss Ultramarine Blue Craft Vinyl","L161","DEFAULT","210","0","CRAFTSTICK","","","","","0","Gloss Ultramarine Blue Vinyl. Cut and stick for craft decorations","<p>This is perfect for all you crafters and hobbyists out there. Simply design and produce stickers for virtually anything with our self-adhesive vinyl.</p>
<p>Compatible with all craft cutters such as the Cameo, Cricut, Stika and Skycut plus signmaking plotter cutters from Roland, Graphtec, Mimaki and Mutoh.</p>
<p>You can even cut this material using scissors or on a cutting mat with a scalpel too.</p>
<p>Either way you will be able to make stickers that are long lasting and durable, suitable for use onto glassware, windows, mugs, water bottles, cards, gift tags, invitations, wooden giftware, interior walls etc.</p>
<p>So get designing those beautiful creations then just cut, peel and stick to make them come alive!</p>
<b><p>•	3-5 year outdoor durability </p>
<p>•	Permanent clear adhesive </p>
<p>•	Suitable for smooth flat or slightly curved surfaces</p></b>
","Event_161_Gloss_Ultramarine_Blue.png","Event_161_Gloss_Ultramarine_Blue.png","INVITEMS","DEFAULT-CS-L161-DEFAULT-CS-L161","","","0","0","0","","1","REGONLY","0","0","0","0","","","","SELECT","SELECT","0","","","","","0","0","","income-service","","","0","0","","","","","CS-SAV-COL","CS-SAV-COL","","","0","CS-Plastic_Squeegee, CS-Olfa_Art_Knife, CS-Olfa_Premium_Art_Knife, CS-Olfa_Cutting_Matt_A3, CS-Olfa_Cutting_Matt_A4, CS-Easy_Cutter, CS-Bubble_Pen, CS-Aslan_Squeegee, CS-Aslan_Red_Devil_Squeegee, CS-Weeding_Hook, CS-Weeding_Tweezers, CS-PAPER-APP-TAPE, CS-CLEAR-APP-TAPE","CS-Plastic_Squeegee, CS-Olfa_Art_Knife, CS-Olfa_Premium_Art_Knife, CS-Olfa_Cutting_Matt_A3, CS-Olfa_Cutting_Matt_A4, CS-Easy_Cutter, CS-Bubble_Pen, CS-Aslan_Squeegee, CS-Aslan_Red_Devil_Squeegee, CS-Weeding_Hook, CS-Weeding_Tweezers,CS-PAPER-APP-TAPE, CS-CLEAR-APP-TAPE","A","","","","","","Gloss","","","","","","","","","","0","vinyl, monomeric","","","1722527929","0","","0","","CHECKBOX"
"CS-L173","Gloss Cobalt Blue Craft Vinyl","L173","DEFAULT","200","0","CRAFTSTICK","","","","","0","Gloss Cobalt Blue Vinyl. Cut and stick for craft decorations","<p>This is perfect for all you crafters and hobbyists out there. Simply design and produce stickers for virtually anything with our self-adhesive vinyl.</p>
<p>Compatible with all craft cutters such as the Cameo, Cricut, Stika and Skycut plus signmaking plotter cutters from Roland, Graphtec, Mimaki and Mutoh.</p>
<p>You can even cut this material using scissors or on a cutting mat with a scalpel too.</p>
<p>Either way you will be able to make stickers that are long lasting and durable, suitable for use onto glassware, windows, mugs, water bottles, cards, gift tags, invitations, wooden giftware, interior walls etc.</p>
<p>So get designing those beautiful creations then just cut, peel and stick to make them come alive!</p>
<b><p>•	3-5 year outdoor durability </p>
<p>•	Permanent clear adhesive </p>
<p>•	Suitable for smooth flat or slightly curved surfaces</p></b>
","Event_173_Gloss_Cobalt_Blue.png","Event_173_Gloss_Cobalt_Blue.png","INVITEMS","DEFAULT-CS-L173-DEFAULT-CS-L173","","","0","0","0","","1","REGONLY","0","0","0","0","","","","SELECT","SELECT","0","","","","","0","0","","income-service","","","0","0","","","","","CS-SAV-COL","CS-SAV-COL","","","0","CS-Plastic_Squeegee, CS-Olfa_Art_Knife, CS-Olfa_Premium_Art_Knife, CS-Olfa_Cutting_Matt_A3, CS-Olfa_Cutting_Matt_A4, CS-Easy_Cutter, CS-Bubble_Pen, CS-Aslan_Squeegee, CS-Aslan_Red_Devil_Squeegee, CS-Weeding_Hook, CS-Weeding_Tweezers, CS-PAPER-APP-TAPE, CS-CLEAR-APP-TAPE","CS-Plastic_Squeegee, CS-Olfa_Art_Knife, CS-Olfa_Premium_Art_Knife, CS-Olfa_Cutting_Matt_A3, CS-Olfa_Cutting_Matt_A4, CS-Easy_Cutter, CS-Bubble_Pen, CS-Aslan_Squeegee, CS-Aslan_Red_Devil_Squeegee, CS-Weeding_Hook, CS-Weeding_Tweezers,CS-PAPER-APP-TAPE, CS-CLEAR-APP-TAPE","A","","","","","","Gloss","","","","","","","","","","0","vinyl, monomeric","","","1722528044","0","","0","","CHECKBOX"
"CS-L176","Gloss Aqua Green Craft Vinyl","L176","DEFAULT","270","0","CRAFTSTICK","","","","","0","Gloss Aqua Green Vinyl. Cut and stick for craft decorations","<p>This is perfect for all you crafters and hobbyists out there. Simply design and produce stickers for virtually anything with our self-adhesive vinyl.</p>
<p>Compatible with all craft cutters such as the Cameo, Cricut, Stika and Skycut plus signmaking plotter cutters from Roland, Graphtec, Mimaki and Mutoh.</p>
<p>You can even cut this material using scissors or on a cutting mat with a scalpel too.</p>
<p>Either way you will be able to make stickers that are long lasting and durable, suitable for use onto glassware, windows, mugs, water bottles, cards, gift tags, invitations, wooden giftware, interior walls etc.</p>
<p>So get designing those beautiful creations then just cut, peel and stick to make them come alive!</p>
<b><p>•	3-5 year outdoor durability </p>
<p>•	Permanent clear adhesive </p>
<p>•	Suitable for smooth flat or slightly curved surfaces</p></b>
","L176_Gloss_Aqua_Green.png","L176_Gloss_Aqua_Green.png","INVITEMS","DEFAULT-CS-L176-DEFAULT-CS-L176","","","0","0","0","","1","REGONLY","0","0","0","0","","","","SELECT","SELECT","0","","","","","0","0","","income-service","","","0","0","","","","","CS-SAV-COL","CS-SAV-COL, CS-MOTHERS","","","0","CS-Plastic_Squeegee, CS-Olfa_Art_Knife, CS-Olfa_Premium_Art_Knife, CS-Olfa_Cutting_Matt_A3, CS-Olfa_Cutting_Matt_A4, CS-Easy_Cutter, CS-Bubble_Pen, CS-Aslan_Squeegee, CS-Aslan_Red_Devil_Squeegee, CS-Weeding_Hook, CS-Weeding_Tweezers, CS-PAPER-APP-TAPE, CS-CLEAR-APP-TAPE","CS-Plastic_Squeegee, CS-Olfa_Art_Knife, CS-Olfa_Premium_Art_Knife, CS-Olfa_Cutting_Matt_A3, CS-Olfa_Cutting_Matt_A4, CS-Easy_Cutter, CS-Bubble_Pen, CS-Aslan_Squeegee, CS-Aslan_Red_Devil_Squeegee, CS-Weeding_Hook, CS-Weeding_Tweezers,CS-PAPER-APP-TAPE, CS-CLEAR-APP-TAPE","A","","","","","","Gloss","","","","","","","","","Gloss_Aqua_Green_Craft_Vinyl","0","vinyl, monomeric","","","1560878195","0","","0","","CHECKBOX"
"CS-L177","Gloss Turquoise Craft Vinyl","L177","DEFAULT","280","0","CRAFTSTICK","","","","","0","Gloss Turquoise Vinyl. Cut and stick for craft decorations","<p>This is perfect for all you crafters and hobbyists out there. Simply design and produce stickers for virtually anything with our self-adhesive vinyl.</p>
<p>Compatible with all craft cutters such as the Cameo, Cricut, Stika and Skycut plus signmaking plotter cutters from Roland, Graphtec, Mimaki and Mutoh.</p>
<p>You can even cut this material using scissors or on a cutting mat with a scalpel too.</p>
<p>Either way you will be able to make stickers that are long lasting and durable, suitable for use onto glassware, windows, mugs, water bottles, cards, gift tags, invitations, wooden giftware, interior walls etc.</p>
<p>So get designing those beautiful creations then just cut, peel and stick to make them come alive!</p>
<b><p>•	3-5 year outdoor durability </p>
<p>•	Permanent clear adhesive </p>
<p>•	Suitable for smooth flat or slightly curved surfaces</p></b>
","L177_Gloss_Turquoise.png","L177_Gloss_Turquoise.png","INVITEMS","DEFAULT-CS-L177-DEFAULT-CS-L177","","","0","0","0","","1","REGONLY","0","0","0","0","","","","SELECT","SELECT","0","","","","","0","0","","income-service","","","0","0","","","","","CS-SAV-COL","CS-SAV-COL","","","0","CS-Plastic_Squeegee, CS-Olfa_Art_Knife, CS-Olfa_Premium_Art_Knife, CS-Olfa_Cutting_Matt_A3, CS-Olfa_Cutting_Matt_A4, CS-Easy_Cutter, CS-Bubble_Pen, CS-Aslan_Squeegee, CS-Aslan_Red_Devil_Squeegee, CS-Weeding_Hook, CS-Weeding_Tweezers, CS-PAPER-APP-TAPE, CS-CLEAR-APP-TAPE","CS-Plastic_Squeegee, CS-Olfa_Art_Knife, CS-Olfa_Premium_Art_Knife, CS-Olfa_Cutting_Matt_A3, CS-Olfa_Cutting_Matt_A4, CS-Easy_Cutter, CS-Bubble_Pen, CS-Aslan_Squeegee, CS-Aslan_Red_Devil_Squeegee, CS-Weeding_Hook, CS-Weeding_Tweezers,CS-PAPER-APP-TAPE, CS-CLEAR-APP-TAPE","A","","","","","","Gloss","","","","","","","","","Gloss_Turquoise_Craft_Vinyl","0","vinyl, monomeric","","","1560878294","0","","0","","CHECKBOX"
"CS-L184","Gloss Racing Green Craft Vinyl","L184","DEFAULT","300","0","CRAFTSTICK","","","","","0","Gloss Racing Green Vinyl. Cut and stick for craft decorations","<p>This is perfect for all you crafters and hobbyists out there. Simply design and produce stickers for virtually anything with our self-adhesive vinyl.</p>
<p>Compatible with all craft cutters such as the Cameo, Cricut, Stika and Skycut plus signmaking plotter cutters from Roland, Graphtec, Mimaki and Mutoh.</p>
<p>You can even cut this material using scissors or on a cutting mat with a scalpel too.</p>
<p>Either way you will be able to make stickers that are long lasting and durable, suitable for use onto glassware, windows, mugs, water bottles, cards, gift tags, invitations, wooden giftware, interior walls etc.</p>
<p>So get designing those beautiful creations then just cut, peel and stick to make them come alive!</p>
<b><p>•	3-5 year outdoor durability </p>
<p>•	Permanent clear adhesive </p>
<p>•	Suitable for smooth flat or slightly curved surfaces</p></b>
","Event_184_Gloss_Racing_Green.png","Event_184_Gloss_Racing_Green.png","INVITEMS","DEFAULT-CS-L184-DEFAULT-CS-L184","","","0","0","0","","1","REGONLY","0","0","0","0","","","","SELECT","SELECT","0","","","","","0","0","","income-service","","","0","0","","","","","CS-SAV-COL","CS-SAV-COL","","","0","CS-Plastic_Squeegee, CS-Olfa_Art_Knife, CS-Olfa_Premium_Art_Knife, CS-Olfa_Cutting_Matt_A3, CS-Olfa_Cutting_Matt_A4, CS-Easy_Cutter, CS-Bubble_Pen, CS-Aslan_Squeegee, CS-Aslan_Red_Devil_Squeegee, CS-Weeding_Hook, CS-Weeding_Tweezers, CS-PAPER-APP-TAPE, CS-CLEAR-APP-TAPE","CS-Plastic_Squeegee, CS-Olfa_Art_Knife, CS-Olfa_Premium_Art_Knife, CS-Olfa_Cutting_Matt_A3, CS-Olfa_Cutting_Matt_A4, CS-Easy_Cutter, CS-Bubble_Pen, CS-Aslan_Squeegee, CS-Aslan_Red_Devil_Squeegee, CS-Weeding_Hook, CS-Weeding_Tweezers,CS-PAPER-APP-TAPE, CS-CLEAR-APP-TAPE","A","","","","","","Gloss","","","","","","","","","","0","vinyl, monomeric","","","1722527831","0","","0","","CHECKBOX"
"CS-L185","Gloss Grass Green Craft Vinyl","L185","DEFAULT","360","0","CRAFTSTICK","","","","","0","Gloss Grass Green Vinyl. Cut and stick for craft decorations","<p>This is perfect for all you crafters and hobbyists out there. Simply design and produce stickers for virtually anything with our self-adhesive vinyl.</p>
<p>Compatible with all craft cutters such as the Cameo, Cricut, Stika and Skycut plus signmaking plotter cutters from Roland, Graphtec, Mimaki and Mutoh.</p>
<p>You can even cut this material using scissors or on a cutting mat with a scalpel too.</p>
<p>Either way you will be able to make stickers that are long lasting and durable, suitable for use onto glassware, windows, mugs, water bottles, cards, gift tags, invitations, wooden giftware, interior walls etc.</p>
<p>So get designing those beautiful creations then just cut, peel and stick to make them come alive!</p>
<b><p>•	3-5 year outdoor durability </p>
<p>•	Permanent clear adhesive </p>
<p>•	Suitable for smooth flat or slightly curved surfaces</p></b>
","Event_185_Gloss_Grass_Green.png","Event_185_Gloss_Grass_Green.png","INVITEMS","DEFAULT-CS-L185-DEFAULT-CS-L185","","","0","0","0","","1","REGONLY","0","0","0","0","","","","SELECT","SELECT","0","","","","","0","0","","income-service","","","0","0","","","","","CS-SAV-COL","CS-SAV-COL","","","0","CS-Plastic_Squeegee, CS-Olfa_Art_Knife, CS-Olfa_Premium_Art_Knife, CS-Olfa_Cutting_Matt_A3, CS-Olfa_Cutting_Matt_A4, CS-Easy_Cutter, CS-Bubble_Pen, CS-Aslan_Squeegee, CS-Aslan_Red_Devil_Squeegee, CS-Weeding_Hook, CS-Weeding_Tweezers, CS-PAPER-APP-TAPE, CS-CLEAR-APP-TAPE","CS-Plastic_Squeegee, CS-Olfa_Art_Knife, CS-Olfa_Premium_Art_Knife, CS-Olfa_Cutting_Matt_A3, CS-Olfa_Cutting_Matt_A4, CS-Easy_Cutter, CS-Bubble_Pen, CS-Aslan_Squeegee, CS-Aslan_Red_Devil_Squeegee, CS-Weeding_Hook, CS-Weeding_Tweezers,CS-PAPER-APP-TAPE, CS-CLEAR-APP-TAPE","A","","","","","","Gloss","","","","","","","","","","0","vinyl, monomeric","","","1722527511","0","","0","","CHECKBOX"
"CS-L186","Gloss Lime Green Craft Vinyl","L186","DEFAULT","360","0","CRAFTSTICK","","","","","0","Gloss Lime Green Vinyl. Cut and stick for craft decorations","<p>This is perfect for all you crafters and hobbyists out there. Simply design and produce stickers for virtually anything with our self-adhesive vinyl.</p>
<p>Compatible with all craft cutters such as the Cameo, Cricut, Stika and Skycut plus signmaking plotter cutters from Roland, Graphtec, Mimaki and Mutoh.</p>
<p>You can even cut this material using scissors or on a cutting mat with a scalpel too.</p>
<p>Either way you will be able to make stickers that are long lasting and durable, suitable for use onto glassware, windows, mugs, water bottles, cards, gift tags, invitations, wooden giftware, interior walls etc.</p>
<p>So get designing those beautiful creations then just cut, peel and stick to make them come alive!</p>
<b><p>•	3-5 year outdoor durability </p>
<p>•	Permanent clear adhesive </p>
<p>•	Suitable for smooth flat or slightly curved surfaces</p></b>
","Event_186_Gloss_Lime.png","Event_186_Gloss_Lime.png","INVITEMS","DEFAULT-CS-L186-DEFAULT-CS-L186","","","0","0","0","","1","REGONLY","0","0","0","0","","","","SELECT","SELECT","0","","","","","0","0","","income-service","","","0","0","","","","","CS-SAV-COL","CS-SAV-COL, CS-VALENTINES, CS-MOTHERS","","","0","CS-Plastic_Squeegee, CS-Olfa_Art_Knife, CS-Olfa_Premium_Art_Knife, CS-Olfa_Cutting_Matt_A3, CS-Olfa_Cutting_Matt_A4, CS-Easy_Cutter, CS-Bubble_Pen, CS-Aslan_Squeegee, CS-Aslan_Red_Devil_Squeegee, CS-Weeding_Hook, CS-Weeding_Tweezers, CS-PAPER-APP-TAPE, CS-CLEAR-APP-TAPE","CS-Plastic_Squeegee, CS-Olfa_Art_Knife, CS-Olfa_Premium_Art_Knife, CS-Olfa_Cutting_Matt_A3, CS-Olfa_Cutting_Matt_A4, CS-Easy_Cutter, CS-Bubble_Pen, CS-Aslan_Squeegee, CS-Aslan_Red_Devil_Squeegee, CS-Weeding_Hook, CS-Weeding_Tweezers,CS-PAPER-APP-TAPE, CS-CLEAR-APP-TAPE","A","","","","","","Gloss","","","","","","","","","","0","vinyl, monomeric","","","1722527342","0","","0","","CHECKBOX"
"CS-L187","Gloss Kelly Green Craft Vinyl","L187","DEFAULT","320","0","CRAFTSTICK","","","","","0","Gloss Kelly Green Vinyl. Cut and stick for craft decorations","<p>This is perfect for all you crafters and hobbyists out there. Simply design and produce stickers for virtually anything with our self-adhesive vinyl.</p>
<p>Compatible with all craft cutters such as the Cameo, Cricut, Stika and Skycut plus signmaking plotter cutters from Roland, Graphtec, Mimaki and Mutoh.</p>
<p>You can even cut this material using scissors or on a cutting mat with a scalpel too.</p>
<p>Either way you will be able to make stickers that are long lasting and durable, suitable for use onto glassware, windows, mugs, water bottles, cards, gift tags, invitations, wooden giftware, interior walls etc.</p>
<p>So get designing those beautiful creations then just cut, peel and stick to make them come alive!</p>
<b><p>•	3-5 year outdoor durability </p>
<p>•	Permanent clear adhesive </p>
<p>•	Suitable for smooth flat or slightly curved surfaces</p></b>
","Event_187_Gloss_Kelly_Green.png","Event_187_Gloss_Kelly_Green.png","INVITEMS","DEFAULT-CS-L187-DEFAULT-CS-L187","","","0","0","0","","1","REGONLY","0","0","0","0","","","","SELECT","SELECT","0","","","","","0","0","","income-service","","","0","0","","","","","CS-SAV-COL","CS-SAV-COL, CS-VALENTINES, CS-MOTHERS","","","0","CS-Plastic_Squeegee, CS-Olfa_Art_Knife, CS-Olfa_Premium_Art_Knife, CS-Olfa_Cutting_Matt_A3, CS-Olfa_Cutting_Matt_A4, CS-Easy_Cutter, CS-Bubble_Pen, CS-Aslan_Squeegee, CS-Aslan_Red_Devil_Squeegee, CS-Weeding_Hook, CS-Weeding_Tweezers, CS-PAPER-APP-TAPE, CS-CLEAR-APP-TAPE","CS-Plastic_Squeegee, CS-Olfa_Art_Knife, CS-Olfa_Premium_Art_Knife, CS-Olfa_Cutting_Matt_A3, CS-Olfa_Cutting_Matt_A4, CS-Easy_Cutter, CS-Bubble_Pen, CS-Aslan_Squeegee, CS-Aslan_Red_Devil_Squeegee, CS-Weeding_Hook, CS-Weeding_Tweezers,CS-PAPER-APP-TAPE, CS-CLEAR-APP-TAPE","A","","","","","","Gloss","","","","","","","","","","0","vinyl, monomeric","","","1722527707","0","","0","","CHECKBOX"
"CS-Lint-Free-Cloths","Lint Free Wipes","3017","DEFAULT","75","22","CRAFTSTICK","","","","","0","Microfibre cleaning cloths with high absorption qualities. Pack of 100 cloths.","<p>Soft and strong Microfibre cleaning cloths.</p>
<p>Designed to pick up and hold dirt</p>
<p>High absorption qualities.</p>
<p>These cloths have a soft smooth feel and unlike cotton they are lint free</p> 
<p>Pack of 100 cloths.</p>","Lint-Free-Cloths.jpg","Lint-Free-Cloths.jpg","INVITEMS","DEFAULT-CS-Lint-Free-Cloths-DEFAULT-CS-Lint-Free-Cloths","","","0","0","0","","1","REGONLY","0","0","0","0","","","","SELECT","SELECT","0","","","","","0","0","","income-service","","","0","0","","","","","CS-TOOLS","CS-TOOLS","","","0","","","A","","","","","","Squeegees","","","","","","","","","Lint_Free_Wipes","0","cloths, wipes, lint free, clean","","","1569949207","0","","0","","CHECKBOX"
"CS-M303","Matt Charcoal Craft Vinyl","M303","DEFAULT","860","0","CRAFTSTICK","","","","","0","Matt Charcoal Vinyl. Cut and stick for craft decorations","<p>This is perfect for all you crafters and hobbyists out there. Simply design and produce stickers for virtually anything with our self-adhesive vinyl.</p>
<p>Compatible with all craft cutters such as the Cameo, Cricut, Stika and Skycut plus signmaking plotter cutters from Roland, Graphtec, Mimaki and Mutoh.</p>
<p>You can even cut this material using scissors or on a cutting mat with a scalpel too.</p>
<p>Either way you will be able to make stickers that are long lasting and durable, suitable for use onto glassware, windows, mugs, water bottles, cards, gift tags, invitations, wooden giftware, interior walls etc.</p>
<p>So get designing those beautiful creations then just cut, peel and stick to make them come alive!</p>
<b><p>•	3-5 year outdoor durability </p>
<p>•	Semi-permanent clear adhesive </p>
<p>•	Suitable for smooth flat or slightly curved surfaces</p></b>
","Event_303_Matt_Charcoal.png","Event_303_Matt_Charcoal.png","INVITEMS","DEFAULT-CS-M303-DEFAULT-CS-M303","","","0","0","0","","1","REGONLY","0","0","0","0","","","","SELECT","SELECT","0","","","","","0","0","","income-service","","","0","0","","","","","CS-SAV-COL","CS-SAV-COL","","","0","CS-Plastic_Squeegee, CS-Olfa_Art_Knife, CS-Olfa_Premium_Art_Knife, CS-Olfa_Cutting_Matt_A3, CS-Olfa_Cutting_Matt_A4, CS-Easy_Cutter, CS-Bubble_Pen, CS-Aslan_Squeegee, CS-Aslan_Red_Devil_Squeegee, CS-Weeding_Hook, CS-Weeding_Tweezers, CS-PAPER-APP-TAPE, CS-CLEAR-APP-TAPE","CS-Plastic_Squeegee, CS-Olfa_Art_Knife, CS-Olfa_Premium_Art_Knife, CS-Olfa_Cutting_Matt_A3, CS-Olfa_Cutting_Matt_A4, CS-Easy_Cutter, CS-Bubble_Pen, CS-Aslan_Squeegee, CS-Aslan_Red_Devil_Squeegee, CS-Weeding_Hook, CS-Weeding_Tweezers,CS-PAPER-APP-TAPE, CS-CLEAR-APP-TAPE","A","","","","","","Matt","","","","","","","","","","0","vinyl, monomeric","","","1722602852","0","","0","","CHECKBOX"
"CS-M305","Matt Beige Craft Vinyl","M305","DEFAULT","630","0","CRAFTSTICK","","","","","0","Matt Beige Vinyl. Cut and stick for craft decorations","<p>This is perfect for all you crafters and hobbyists out there. Simply design and produce stickers for virtually anything with our self-adhesive vinyl.</p>
<p>Compatible with all craft cutters such as the Cameo, Cricut, Stika and Skycut plus signmaking plotter cutters from Roland, Graphtec, Mimaki and Mutoh.</p>
<p>You can even cut this material using scissors or on a cutting mat with a scalpel too.</p>
<p>Either way you will be able to make stickers that are long lasting and durable, suitable for use onto glassware, windows, mugs, water bottles, cards, gift tags, invitations, wooden giftware, interior walls etc.</p>
<p>So get designing those beautiful creations then just cut, peel and stick to make them come alive!</p>
<b><p>•	3-5 year outdoor durability </p>
<p>•	Semi-permanent clear adhesive </p>
<p>•	Suitable for smooth flat or slightly curved surfaces</p></b>
","M305_Matt_Beige.png","M305_Matt_Beige.png","INVITEMS","DEFAULT-CS-M305-DEFAULT-CS-M305","","","0","0","0","","1","REGONLY","0","0","0","0","","","","SELECT","SELECT","0","","","","","0","0","","income-service","","","0","0","","","","","CS-SAV-COL","CS-SAV-COL","","","0","CS-Plastic_Squeegee, CS-Olfa_Art_Knife, CS-Olfa_Premium_Art_Knife, CS-Olfa_Cutting_Matt_A3, CS-Olfa_Cutting_Matt_A4, CS-Easy_Cutter, CS-Bubble_Pen, CS-Aslan_Squeegee, CS-Aslan_Red_Devil_Squeegee, CS-Weeding_Hook, CS-Weeding_Tweezers, CS-PAPER-APP-TAPE, CS-CLEAR-APP-TAPE","CS-Plastic_Squeegee, CS-Olfa_Art_Knife, CS-Olfa_Premium_Art_Knife, CS-Olfa_Cutting_Matt_A3, CS-Olfa_Cutting_Matt_A4, CS-Easy_Cutter, CS-Bubble_Pen, CS-Aslan_Squeegee, CS-Aslan_Red_Devil_Squeegee, CS-Weeding_Hook, CS-Weeding_Tweezers,CS-PAPER-APP-TAPE, CS-CLEAR-APP-TAPE","A","","","","","","Matt, Pastel","","","","","","","","","Matt_Beige_Craft_Vinyl","0","vinyl, monomeric","","","1560878808","0","","0","","CHECKBOX"
"CS-M307","Matt Medium Grey Craft Vinyl","M307","DEFAULT","850","0","CRAFTSTICK","","","","","0","Matt Medium Grey Vinyl. Cut and stick for craft decorations","<p>This is perfect for all you crafters and hobbyists out there. Simply design and produce stickers for virtually anything with our self-adhesive vinyl.</p>
<p>Compatible with all craft cutters such as the Cameo, Cricut, Stika and Skycut plus signmaking plotter cutters from Roland, Graphtec, Mimaki and Mutoh.</p>
<p>You can even cut this material using scissors or on a cutting mat with a scalpel too.</p>
<p>Either way you will be able to make stickers that are long lasting and durable, suitable for use onto glassware, windows, mugs, water bottles, cards, gift tags, invitations, wooden giftware, interior walls etc.</p>
<p>So get designing those beautiful creations then just cut, peel and stick to make them come alive!</p>
<b><p>•	3-5 year outdoor durability </p>
<p>•	Semi-permanent clear adhesive </p>
<p>•	Suitable for smooth flat or slightly curved surfaces</p></b>
","Event_307_Matt_Medium_Grey.png","Event_307_Matt_Medium_Grey.png","INVITEMS","DEFAULT-CS-M307-DEFAULT-CS-M307","","","0","0","0","","1","REGONLY","0","0","0","0","","","","SELECT","SELECT","0","","","","","0","0","","income-service","","","0","0","","","","","CS-SAV-COL","CS-SAV-COL","","","0","CS-Plastic_Squeegee, CS-Olfa_Art_Knife, CS-Olfa_Premium_Art_Knife, CS-Olfa_Cutting_Matt_A3, CS-Olfa_Cutting_Matt_A4, CS-Easy_Cutter, CS-Bubble_Pen, CS-Aslan_Squeegee, CS-Aslan_Red_Devil_Squeegee, CS-Weeding_Hook, CS-Weeding_Tweezers, CS-PAPER-APP-TAPE, CS-CLEAR-APP-TAPE","CS-Plastic_Squeegee, CS-Olfa_Art_Knife, CS-Olfa_Premium_Art_Knife, CS-Olfa_Cutting_Matt_A3, CS-Olfa_Cutting_Matt_A4, CS-Easy_Cutter, CS-Bubble_Pen, CS-Aslan_Squeegee, CS-Aslan_Red_Devil_Squeegee, CS-Weeding_Hook, CS-Weeding_Tweezers,CS-PAPER-APP-TAPE, CS-CLEAR-APP-TAPE","A","","","","","","Matt","","","","","","","","","","0","vinyl, monomeric","","","1722602711","0","","0","","CHECKBOX"
"CS-M313","Matt Stone Yellow Craft Vinyl","M313","DEFAULT","490","0","CRAFTSTICK","","","","","0","Matt Stone Yellow Vinyl. Cut and stick for craft decorations","<p>This is perfect for all you crafters and hobbyists out there. Simply design and produce stickers for virtually anything with our self-adhesive vinyl.</p>
<p>Compatible with all craft cutters such as the Cameo, Cricut, Stika and Skycut plus signmaking plotter cutters from Roland, Graphtec, Mimaki and Mutoh.</p>
<p>You can even cut this material using scissors or on a cutting mat with a scalpel too.</p>
<p>Either way you will be able to make stickers that are long lasting and durable, suitable for use onto glassware, windows, mugs, water bottles, cards, gift tags, invitations, wooden giftware, interior walls etc.</p>
<p>So get designing those beautiful creations then just cut, peel and stick to make them come alive!</p>
<b><p>•	3-5 year outdoor durability </p>
<p>•	Semi-permanent clear adhesive </p>
<p>•	Suitable for smooth flat or slightly curved surfaces</p></b>
","Event_313_Matt_Stone_Yellow.png","Event_313_Matt_Stone_Yellow.png","INVITEMS","DEFAULT-CS-M313-DEFAULT-CS-M313","","","0","0","0","","1","REGONLY","0","0","0","0","","","","SELECT","SELECT","0","","","","","0","0","","income-service","","","0","0","","","","","CS-SAV-COL","CS-SAV-COL","","","0","CS-Plastic_Squeegee, CS-Olfa_Art_Knife, CS-Olfa_Premium_Art_Knife, CS-Olfa_Cutting_Matt_A3, CS-Olfa_Cutting_Matt_A4, CS-Easy_Cutter, CS-Bubble_Pen, CS-Aslan_Squeegee, CS-Aslan_Red_Devil_Squeegee, CS-Weeding_Hook, CS-Weeding_Tweezers, CS-PAPER-APP-TAPE, CS-CLEAR-APP-TAPE","CS-Plastic_Squeegee, CS-Olfa_Art_Knife, CS-Olfa_Premium_Art_Knife, CS-Olfa_Cutting_Matt_A3, CS-Olfa_Cutting_Matt_A4, CS-Easy_Cutter, CS-Bubble_Pen, CS-Aslan_Squeegee, CS-Aslan_Red_Devil_Squeegee, CS-Weeding_Hook, CS-Weeding_Tweezers,CS-PAPER-APP-TAPE, CS-CLEAR-APP-TAPE","A","","","","","","Matt","","","","","","","","","","0","vinyl, monomeric","","","1722594714","0","","0","","CHECKBOX"
"CS-M314","Matt Butter Yellow Craft Vinyl","M314","DEFAULT","500","0","CRAFTSTICK","","","","","0","Matt Butter Yellow Vinyl. Cut and stick for craft decorations","<p>This is perfect for all you crafters and hobbyists out there. Simply design and produce stickers for virtually anything with our self-adhesive vinyl.</p>
<p>Compatible with all craft cutters such as the Cameo, Cricut, Stika and Skycut plus signmaking plotter cutters from Roland, Graphtec, Mimaki and Mutoh.</p>
<p>You can even cut this material using scissors or on a cutting mat with a scalpel too.</p>
<p>Either way you will be able to make stickers that are long lasting and durable, suitable for use onto glassware, windows, mugs, water bottles, cards, gift tags, invitations, wooden giftware, interior walls etc.</p>
<p>So get designing those beautiful creations then just cut, peel and stick to make them come alive!</p>
<b><p>•	3-5 year outdoor durability </p>
<p>•	Semi-permanent clear adhesive </p>
<p>•	Suitable for smooth flat or slightly curved surfaces</p></b>
","Event_314_Matt_Butter_Yellow.png","Event_314_Matt_Butter_Yellow.png","INVITEMS","DEFAULT-CS-M314-DEFAULT-CS-M314","","","0","0","0","","1","REGONLY","0","0","0","0","","","","SELECT","SELECT","0","","","","","0","0","","income-service","","","0","0","","","","","CS-SAV-COL","CS-SAV-COL","","","0","CS-Plastic_Squeegee, CS-Olfa_Art_Knife, CS-Olfa_Premium_Art_Knife, CS-Olfa_Cutting_Matt_A3, CS-Olfa_Cutting_Matt_A4, CS-Easy_Cutter, CS-Bubble_Pen, CS-Aslan_Squeegee, CS-Aslan_Red_Devil_Squeegee, CS-Weeding_Hook, CS-Weeding_Tweezers, CS-PAPER-APP-TAPE, CS-CLEAR-APP-TAPE","CS-Plastic_Squeegee, CS-Olfa_Art_Knife, CS-Olfa_Premium_Art_Knife, CS-Olfa_Cutting_Matt_A3, CS-Olfa_Cutting_Matt_A4, CS-Easy_Cutter, CS-Bubble_Pen, CS-Aslan_Squeegee, CS-Aslan_Red_Devil_Squeegee, CS-Weeding_Hook, CS-Weeding_Tweezers,CS-PAPER-APP-TAPE, CS-CLEAR-APP-TAPE","A","","","","","","Matt","","","","","","","","","","0","vinyl, monomeric","","","1722595676","0","","0","","CHECKBOX"
"CS-M315","Matt Light Orange Craft Vinyl","M315","DEFAULT","530","0","CRAFTSTICK","","","","","0","Matt Light Orange Vinyl. Cut and stick for craft decorations","<p>This is perfect for all you crafters and hobbyists out there. Simply design and produce stickers for virtually anything with our self-adhesive vinyl.</p>
<p>Compatible with all craft cutters such as the Cameo, Cricut, Stika and Skycut plus signmaking plotter cutters from Roland, Graphtec, Mimaki and Mutoh.</p>
<p>You can even cut this material using scissors or on a cutting mat with a scalpel too.</p>
<p>Either way you will be able to make stickers that are long lasting and durable, suitable for use onto glassware, windows, mugs, water bottles, cards, gift tags, invitations, wooden giftware, interior walls etc.</p>
<p>So get designing those beautiful creations then just cut, peel and stick to make them come alive!</p>
<b><p>•	3-5 year outdoor durability </p>
<p>•	Semi-permanent clear adhesive </p>
<p>•	Suitable for smooth flat or slightly curved surfaces</p></b>
","Event_315_Matt_Light_Orange.png","Event_315_Matt_Light_Orange.png","INVITEMS","DEFAULT-CS-M315-DEFAULT-CS-M315","","","0","0","0","","1","REGONLY","0","0","0","0","","","","SELECT","SELECT","0","","","","","0","0","","income-service","","","0","0","","","","","CS-SAV-COL","CS-SAV-COL","","","0","CS-Plastic_Squeegee, CS-Olfa_Art_Knife, CS-Olfa_Premium_Art_Knife, CS-Olfa_Cutting_Matt_A3, CS-Olfa_Cutting_Matt_A4, CS-Easy_Cutter, CS-Bubble_Pen, CS-Aslan_Squeegee, CS-Aslan_Red_Devil_Squeegee, CS-Weeding_Hook, CS-Weeding_Tweezers, CS-PAPER-APP-TAPE, CS-CLEAR-APP-TAPE","CS-Plastic_Squeegee, CS-Olfa_Art_Knife, CS-Olfa_Premium_Art_Knife, CS-Olfa_Cutting_Matt_A3, CS-Olfa_Cutting_Matt_A4, CS-Easy_Cutter, CS-Bubble_Pen, CS-Aslan_Squeegee, CS-Aslan_Red_Devil_Squeegee, CS-Weeding_Hook, CS-Weeding_Tweezers,CS-PAPER-APP-TAPE, CS-CLEAR-APP-TAPE","A","","","","","","Matt","","","","","","","","","","0","vinyl, monomeric","","","1722595888","0","","0","","CHECKBOX"
"CS-M316","Matt Shining Orange Craft Vinyl","M316","DEFAULT","540","0","CRAFTSTICK","","","","","0","Matt Shining Orange Vinyl. Cut and stick for craft decorations","<p>This is perfect for all you crafters and hobbyists out there. Simply design and produce stickers for virtually anything with our self-adhesive vinyl.</p>
<p>Compatible with all craft cutters such as the Cameo, Cricut, Stika and Skycut plus signmaking plotter cutters from Roland, Graphtec, Mimaki and Mutoh.</p>
<p>You can even cut this material using scissors or on a cutting mat with a scalpel too.</p>
<p>Either way you will be able to make stickers that are long lasting and durable, suitable for use onto glassware, windows, mugs, water bottles, cards, gift tags, invitations, wooden giftware, interior walls etc.</p>
<p>So get designing those beautiful creations then just cut, peel and stick to make them come alive!</p>
<b><p>•	3-5 year outdoor durability </p>
<p>•	Semi-permanent clear adhesive </p>
<p>•	Suitable for smooth flat or slightly curved surfaces</p></b>
","Event_316_Matt_Shining_Orange.png","Event_316_Matt_Shining_Orange.png","INVITEMS","DEFAULT-CS-M316-DEFAULT-CS-M316","","","0","0","0","","1","REGONLY","0","0","0","0","","","","SELECT","SELECT","0","","","","","0","0","","income-service","","","0","0","","","","","CS-SAV-COL","CS-SAV-COL","","","0","CS-Plastic_Squeegee, CS-Olfa_Art_Knife, CS-Olfa_Premium_Art_Knife, CS-Olfa_Cutting_Matt_A3, CS-Olfa_Cutting_Matt_A4, CS-Easy_Cutter, CS-Bubble_Pen, CS-Aslan_Squeegee, CS-Aslan_Red_Devil_Squeegee, CS-Weeding_Hook, CS-Weeding_Tweezers, CS-PAPER-APP-TAPE, CS-CLEAR-APP-TAPE","CS-Plastic_Squeegee, CS-Olfa_Art_Knife, CS-Olfa_Premium_Art_Knife, CS-Olfa_Cutting_Matt_A3, CS-Olfa_Cutting_Matt_A4, CS-Easy_Cutter, CS-Bubble_Pen, CS-Aslan_Squeegee, CS-Aslan_Red_Devil_Squeegee, CS-Weeding_Hook, CS-Weeding_Tweezers,CS-PAPER-APP-TAPE, CS-CLEAR-APP-TAPE","A","","","","","","Matt","","","","","","","","","","0","vinyl, monomeric","","","1722596040","0","","0","","CHECKBOX"
"CS-M321","Matt Mist Grey Craft Vinyl","M321","DEFAULT","870","0","CRAFTSTICK","","","","","0","Matt Mist Grey Vinyl. Cut and stick for craft decorations","<p>This is perfect for all you crafters and hobbyists out there. Simply design and produce stickers for virtually anything with our self-adhesive vinyl.</p>
<p>Compatible with all craft cutters such as the Cameo, Cricut, Stika and Skycut plus signmaking plotter cutters from Roland, Graphtec, Mimaki and Mutoh.</p>
<p>You can even cut this material using scissors or on a cutting mat with a scalpel too.</p>
<p>Either way you will be able to make stickers that are long lasting and durable, suitable for use onto glassware, windows, mugs, water bottles, cards, gift tags, invitations, wooden giftware, interior walls etc.</p>
<p>So get designing those beautiful creations then just cut, peel and stick to make them come alive!</p>
<b><p>•	3-5 year outdoor durability </p>
<p>•	Semi-permanent clear adhesive </p>
<p>•	Suitable for smooth flat or slightly curved surfaces</p></b>
","Event_321_Matt_Mist_Grey.png","Event_321_Matt_Mist_Grey.png","INVITEMS","DEFAULT-CS-M321-DEFAULT-CS-M321","","","0","0","0","","1","REGONLY","0","0","0","0","","","","SELECT","SELECT","0","","","","","0","0","","income-service","","","0","0","","","","","CS-SAV-COL","CS-SAV-COL","","","0","CS-Plastic_Squeegee, CS-Olfa_Art_Knife, CS-Olfa_Premium_Art_Knife, CS-Olfa_Cutting_Matt_A3, CS-Olfa_Cutting_Matt_A4, CS-Easy_Cutter, CS-Bubble_Pen, CS-Aslan_Squeegee, CS-Aslan_Red_Devil_Squeegee, CS-Weeding_Hook, CS-Weeding_Tweezers, CS-PAPER-APP-TAPE, CS-CLEAR-APP-TAPE","CS-Plastic_Squeegee, CS-Olfa_Art_Knife, CS-Olfa_Premium_Art_Knife, CS-Olfa_Cutting_Matt_A3, CS-Olfa_Cutting_Matt_A4, CS-Easy_Cutter, CS-Bubble_Pen, CS-Aslan_Squeegee, CS-Aslan_Red_Devil_Squeegee, CS-Weeding_Hook, CS-Weeding_Tweezers,CS-PAPER-APP-TAPE, CS-CLEAR-APP-TAPE","A","","","","","","Matt, Pastel","","","","","","","","","","0","vinyl, monomeric","","","1722600555","0","","0","","CHECKBOX"
"CS-M323","Matt Mouse Grey Craft Vinyl","M323","DEFAULT","880","0","CRAFTSTICK","","","","","0","Matt Mouse Grey Vinyl. Cut and stick for craft decorations","<p>This is perfect for all you crafters and hobbyists out there. Simply design and produce stickers for virtually anything with our self-adhesive vinyl.</p>
<p>Compatible with all craft cutters such as the Cameo, Cricut, Stika and Skycut plus signmaking plotter cutters from Roland, Graphtec, Mimaki and Mutoh.</p>
<p>You can even cut this material using scissors or on a cutting mat with a scalpel too.</p>
<p>Either way you will be able to make stickers that are long lasting and durable, suitable for use onto glassware, windows, mugs, water bottles, cards, gift tags, invitations, wooden giftware, interior walls etc.</p>
<p>So get designing those beautiful creations then just cut, peel and stick to make them come alive!</p>
<b><p>•	3-5 year outdoor durability </p>
<p>•	Semi-permanent clear adhesive </p>
<p>•	Suitable for smooth flat or slightly curved surfaces</p></b>
","Event_323_Matt_Mouse_Grey.png","Event_323_Matt_Mouse_Grey.png","INVITEMS","DEFAULT-CS-M323-DEFAULT-CS-M323","","","0","0","0","","1","REGONLY","0","0","0","0","","","","SELECT","SELECT","0","","","","","0","0","","income-service","","","0","0","","","","","CS-SAV-COL","CS-SAV-COL","","","0","CS-Plastic_Squeegee, CS-Olfa_Art_Knife, CS-Olfa_Premium_Art_Knife, CS-Olfa_Cutting_Matt_A3, CS-Olfa_Cutting_Matt_A4, CS-Easy_Cutter, CS-Bubble_Pen, CS-Aslan_Squeegee, CS-Aslan_Red_Devil_Squeegee, CS-Weeding_Hook, CS-Weeding_Tweezers, CS-PAPER-APP-TAPE, CS-CLEAR-APP-TAPE","CS-Plastic_Squeegee, CS-Olfa_Art_Knife, CS-Olfa_Premium_Art_Knife, CS-Olfa_Cutting_Matt_A3, CS-Olfa_Cutting_Matt_A4, CS-Easy_Cutter, CS-Bubble_Pen, CS-Aslan_Squeegee, CS-Aslan_Red_Devil_Squeegee, CS-Weeding_Hook, CS-Weeding_Tweezers,CS-PAPER-APP-TAPE, CS-CLEAR-APP-TAPE","A","","","","","","Matt","","","","","","","","","","0","vinyl, monomeric","","","1722602598","0","","0","","CHECKBOX"
"CS-M332","Matt Medium Red Craft Vinyl","M332","DEFAULT","570","0","CRAFTSTICK","","","","","0","Matt Medium Red Vinyl. Cut and stick for craft decorations","<p>This is perfect for all you crafters and hobbyists out there. Simply design and produce stickers for virtually anything with our self-adhesive vinyl.</p>
<p>Compatible with all craft cutters such as the Cameo, Cricut, Stika and Skycut plus signmaking plotter cutters from Roland, Graphtec, Mimaki and Mutoh.</p>
<p>You can even cut this material using scissors or on a cutting mat with a scalpel too.</p>
<p>Either way you will be able to make stickers that are long lasting and durable, suitable for use onto glassware, windows, mugs, water bottles, cards, gift tags, invitations, wooden giftware, interior walls etc.</p>
<p>So get designing those beautiful creations then just cut, peel and stick to make them come alive!</p>
<b><p>•	3-5 year outdoor durability </p>
<p>•	Semi-permanent clear adhesive </p>
<p>•	Suitable for smooth flat or slightly curved surfaces</p></b>
","Event_332_Matt_Medium_Red.png","Event_332_Matt_Medium_Red.png","INVITEMS","DEFAULT-CS-M332-DEFAULT-CS-M332","","","0","0","0","","1","REGONLY","0","0","0","0","","","","SELECT","SELECT","0","","","","","0","0","","income-service","","","0","0","","","","","CS-SAV-COL","CS-SAV-COL","","","0","CS-Plastic_Squeegee, CS-Olfa_Art_Knife, CS-Olfa_Premium_Art_Knife, CS-Olfa_Cutting_Matt_A3, CS-Olfa_Cutting_Matt_A4, CS-Easy_Cutter, CS-Bubble_Pen, CS-Aslan_Squeegee, CS-Aslan_Red_Devil_Squeegee, CS-Weeding_Hook, CS-Weeding_Tweezers, CS-PAPER-APP-TAPE, CS-CLEAR-APP-TAPE","CS-Plastic_Squeegee, CS-Olfa_Art_Knife, CS-Olfa_Premium_Art_Knife, CS-Olfa_Cutting_Matt_A3, CS-Olfa_Cutting_Matt_A4, CS-Easy_Cutter, CS-Bubble_Pen, CS-Aslan_Squeegee, CS-Aslan_Red_Devil_Squeegee, CS-Weeding_Hook, CS-Weeding_Tweezers,CS-PAPER-APP-TAPE, CS-CLEAR-APP-TAPE","A","","","","","","Matt","","","","","","","","","","0","vinyl, monomeric","","","1722596135","0","","0","","CHECKBOX"
"CS-M335","Matt Burgundy Craft Vinyl","M332","DEFAULT","610","0","CRAFTSTICK","","","","","0","Matt Burgundy Vinyl. Cut and stick for craft decorations","<p>This is perfect for all you crafters and hobbyists out there. Simply design and produce stickers for virtually anything with our self-adhesive vinyl.</p>
<p>Compatible with all craft cutters such as the Cameo, Cricut, Stika and Skycut plus signmaking plotter cutters from Roland, Graphtec, Mimaki and Mutoh.</p>
<p>You can even cut this material using scissors or on a cutting mat with a scalpel too.</p>
<p>Either way you will be able to make stickers that are long lasting and durable, suitable for use onto glassware, windows, mugs, water bottles, cards, gift tags, invitations, wooden giftware, interior walls etc.</p>
<p>So get designing those beautiful creations then just cut, peel and stick to make them come alive!</p>
<b><p>•	3-5 year outdoor durability </p>
<p>•	Semi-permanent clear adhesive </p>
<p>•	Suitable for smooth flat or slightly curved surfaces</p></b>
","Event_335_Matt_Burgundy.png","Event_335_Matt_Burgundy.png","INVITEMS","DEFAULT-CS-M335-DEFAULT-CS-M335","","","0","0","0","","1","REGONLY","0","0","0","0","","","","SELECT","SELECT","0","","","","","0","0","","income-service","","","0","0","","","","","CS-SAV-COL","CS-SAV-COL","","","0","CS-Plastic_Squeegee, CS-Olfa_Art_Knife, CS-Olfa_Premium_Art_Knife, CS-Olfa_Cutting_Matt_A3, CS-Olfa_Cutting_Matt_A4, CS-Easy_Cutter, CS-Bubble_Pen, CS-Aslan_Squeegee, CS-Aslan_Red_Devil_Squeegee, CS-Weeding_Hook, CS-Weeding_Tweezers, CS-PAPER-APP-TAPE, CS-CLEAR-APP-TAPE","CS-Plastic_Squeegee, CS-Olfa_Art_Knife, CS-Olfa_Premium_Art_Knife, CS-Olfa_Cutting_Matt_A3, CS-Olfa_Cutting_Matt_A4, CS-Easy_Cutter, CS-Bubble_Pen, CS-Aslan_Squeegee, CS-Aslan_Red_Devil_Squeegee, CS-Weeding_Hook, CS-Weeding_Tweezers,CS-PAPER-APP-TAPE, CS-CLEAR-APP-TAPE","A","","","","","","Matt","","","","","","","","","","0","vinyl, monomeric","","","1722596246","0","","0","","CHECKBOX"
"CS-M341","Matt Pink Craft Vinyl","M341","DEFAULT","650","0","CRAFTSTICK","","","","","0","Matt Pink Vinyl. Cut and stick for craft decorations","<p>This is perfect for all you crafters and hobbyists out there. Simply design and produce stickers for virtually anything with our self-adhesive vinyl.</p>
<p>Compatible with all craft cutters such as the Cameo, Cricut, Stika and Skycut plus signmaking plotter cutters from Roland, Graphtec, Mimaki and Mutoh.</p>
<p>You can even cut this material using scissors or on a cutting mat with a scalpel too.</p>
<p>Either way you will be able to make stickers that are long lasting and durable, suitable for use onto glassware, windows, mugs, water bottles, cards, gift tags, invitations, wooden giftware, interior walls etc.</p>
<p>So get designing those beautiful creations then just cut, peel and stick to make them come alive!</p>
<b><p>•	3-5 year outdoor durability </p>
<p>•	Semi-permanent clear adhesive </p>
<p>•	Suitable for smooth flat or slightly curved surfaces</p></b>
","Event_341_Matt_Pink.png","Event_341_Matt_Pink.png","INVITEMS","DEFAULT-CS-M341-DEFAULT-CS-M341","","","0","0","0","","1","REGONLY","0","0","0","0","","","","SELECT","SELECT","0","","","","","0","0","","income-service","","","0","0","","","","","CS-SAV-COL","CS-SAV-COL","","","0","CS-Plastic_Squeegee, CS-Olfa_Art_Knife, CS-Olfa_Premium_Art_Knife, CS-Olfa_Cutting_Matt_A3, CS-Olfa_Cutting_Matt_A4, CS-Easy_Cutter, CS-Bubble_Pen, CS-Aslan_Squeegee, CS-Aslan_Red_Devil_Squeegee, CS-Weeding_Hook, CS-Weeding_Tweezers, CS-PAPER-APP-TAPE, CS-CLEAR-APP-TAPE","CS-Plastic_Squeegee, CS-Olfa_Art_Knife, CS-Olfa_Premium_Art_Knife, CS-Olfa_Cutting_Matt_A3, CS-Olfa_Cutting_Matt_A4, CS-Easy_Cutter, CS-Bubble_Pen, CS-Aslan_Squeegee, CS-Aslan_Red_Devil_Squeegee, CS-Weeding_Hook, CS-Weeding_Tweezers,CS-PAPER-APP-TAPE, CS-CLEAR-APP-TAPE","A","","","","","","Matt","","","","","","","","","","0","vinyl, monomeric","","","1722596908","0","","0","","CHECKBOX"
"CS-M342","Matt Light Pink Craft Vinyl","M342","DEFAULT","640","0","CRAFTSTICK","","","","","0","Matt Light Pink Vinyl. Cut and stick for craft decorations","<p>This is perfect for all you crafters and hobbyists out there. Simply design and produce stickers for virtually anything with our self-adhesive vinyl.</p>
<p>Compatible with all craft cutters such as the Cameo, Cricut, Stika and Skycut plus signmaking plotter cutters from Roland, Graphtec, Mimaki and Mutoh.</p>
<p>You can even cut this material using scissors or on a cutting mat with a scalpel too.</p>
<p>Either way you will be able to make stickers that are long lasting and durable, suitable for use onto glassware, windows, mugs, water bottles, cards, gift tags, invitations, wooden giftware, interior walls etc.</p>
<p>So get designing those beautiful creations then just cut, peel and stick to make them come alive!</p>
<b><p>•	3-5 year outdoor durability </p>
<p>•	Semi-permanent clear adhesive </p>
<p>•	Suitable for smooth flat or slightly curved surfaces</p></b>
","Event_342_Matt_Light_Pink.png","Event_342_Matt_Light_Pink.png","INVITEMS","DEFAULT-CS-M342-DEFAULT-CS-M342","","","0","0","0","","1","REGONLY","0","0","0","0","","","","SELECT","SELECT","0","","","","","0","0","","income-service","","","0","0","","","","","CS-SAV-COL","CS-SAV-COL","","","0","CS-Plastic_Squeegee, CS-Olfa_Art_Knife, CS-Olfa_Premium_Art_Knife, CS-Olfa_Cutting_Matt_A3, CS-Olfa_Cutting_Matt_A4, CS-Easy_Cutter, CS-Bubble_Pen, CS-Aslan_Squeegee, CS-Aslan_Red_Devil_Squeegee, CS-Weeding_Hook, CS-Weeding_Tweezers, CS-PAPER-APP-TAPE, CS-CLEAR-APP-TAPE","CS-Plastic_Squeegee, CS-Olfa_Art_Knife, CS-Olfa_Premium_Art_Knife, CS-Olfa_Cutting_Matt_A3, CS-Olfa_Cutting_Matt_A4, CS-Easy_Cutter, CS-Bubble_Pen, CS-Aslan_Squeegee, CS-Aslan_Red_Devil_Squeegee, CS-Weeding_Hook, CS-Weeding_Tweezers,CS-PAPER-APP-TAPE, CS-CLEAR-APP-TAPE","A","","","","","","Matt, Pastel","","","","","","","","","","0","vinyl, monomeric","","","1722597028","0","","0","","CHECKBOX"
"CS-M350","Matt Violet Craft Vinyl","M350","DEFAULT","660","0","CRAFTSTICK","","","","","0","Matt Violet Vinyl. Cut and stick for craft decorations","<p>This is perfect for all you crafters and hobbyists out there. Simply design and produce stickers for virtually anything with our self-adhesive vinyl.</p>
<p>Compatible with all craft cutters such as the Cameo, Cricut, Stika and Skycut plus signmaking plotter cutters from Roland, Graphtec, Mimaki and Mutoh.</p>
<p>You can even cut this material using scissors or on a cutting mat with a scalpel too.</p>
<p>Either way you will be able to make stickers that are long lasting and durable, suitable for use onto glassware, windows, mugs, water bottles, cards, gift tags, invitations, wooden giftware, interior walls etc.</p>
<p>So get designing those beautiful creations then just cut, peel and stick to make them come alive!</p>
<b><p>•	3-5 year outdoor durability </p>
<p>•	Semi-permanent clear adhesive </p>
<p>•	Suitable for smooth flat or slightly curved surfaces</p></b>
","Event_350_Matt_Violet.png","Event_350_Matt_Violet.png","INVITEMS","DEFAULT-CS-M350-DEFAULT-CS-M350","","","0","0","0","","1","REGONLY","0","0","0","0","","","","SELECT","SELECT","0","","","","","0","0","","income-service","","","0","0","","","","","CS-SAV-COL","CS-SAV-COL","","","0","CS-Plastic_Squeegee, CS-Olfa_Art_Knife, CS-Olfa_Premium_Art_Knife, CS-Olfa_Cutting_Matt_A3, CS-Olfa_Cutting_Matt_A4, CS-Easy_Cutter, CS-Bubble_Pen, CS-Aslan_Squeegee, CS-Aslan_Red_Devil_Squeegee, CS-Weeding_Hook, CS-Weeding_Tweezers, CS-PAPER-APP-TAPE, CS-CLEAR-APP-TAPE","CS-Plastic_Squeegee, CS-Olfa_Art_Knife, CS-Olfa_Premium_Art_Knife, CS-Olfa_Cutting_Matt_A3, CS-Olfa_Cutting_Matt_A4, CS-Easy_Cutter, CS-Bubble_Pen, CS-Aslan_Squeegee, CS-Aslan_Red_Devil_Squeegee, CS-Weeding_Hook, CS-Weeding_Tweezers,CS-PAPER-APP-TAPE, CS-CLEAR-APP-TAPE","A","","","","","","Matt","","","","","","","","","","0","vinyl, monomeric","","","1722596322","0","","0","","CHECKBOX"
"CS-M356","Matt Pastel Blue Craft Vinyl","M356","DEFAULT","750","0","CRAFTSTICK","","","","","0","Matt Pastel Blue Vinyl. Cut and stick for craft decorations","<p>This is perfect for all you crafters and hobbyists out there. Simply design and produce stickers for virtually anything with our self-adhesive vinyl.</p>
<p>Compatible with all craft cutters such as the Cameo, Cricut, Stika and Skycut plus signmaking plotter cutters from Roland, Graphtec, Mimaki and Mutoh.</p>
<p>You can even cut this material using scissors or on a cutting mat with a scalpel too.</p>
<p>Either way you will be able to make stickers that are long lasting and durable, suitable for use onto glassware, windows, mugs, water bottles, cards, gift tags, invitations, wooden giftware, interior walls etc.</p>
<p>So get designing those beautiful creations then just cut, peel and stick to make them come alive!</p>
<b><p>•	3-5 year outdoor durability </p>
<p>•	Semi-permanent clear adhesive </p>
<p>•	Suitable for smooth flat or slightly curved surfaces</p></b>
","Event_356_Matt_Pastel_Blue.png","Event_356_Matt_Pastel_Blue.png","INVITEMS","DEFAULT-CS-M356-DEFAULT-CS-M356","","","0","0","0","","1","REGONLY","0","0","0","0","","","","SELECT","SELECT","0","","","","","0","0","","income-service","","","0","0","","","","","CS-SAV-COL","CS-SAV-COL","","","0","CS-Plastic_Squeegee, CS-Olfa_Art_Knife, CS-Olfa_Premium_Art_Knife, CS-Olfa_Cutting_Matt_A3, CS-Olfa_Cutting_Matt_A4, CS-Easy_Cutter, CS-Bubble_Pen, CS-Aslan_Squeegee, CS-Aslan_Red_Devil_Squeegee, CS-Weeding_Hook, CS-Weeding_Tweezers, CS-PAPER-APP-TAPE, CS-CLEAR-APP-TAPE","CS-Plastic_Squeegee, CS-Olfa_Art_Knife, CS-Olfa_Premium_Art_Knife, CS-Olfa_Cutting_Matt_A3, CS-Olfa_Cutting_Matt_A4, CS-Easy_Cutter, CS-Bubble_Pen, CS-Aslan_Squeegee, CS-Aslan_Red_Devil_Squeegee, CS-Weeding_Hook, CS-Weeding_Tweezers,CS-PAPER-APP-TAPE, CS-CLEAR-APP-TAPE","A","","","","","","Matt, Pastel","","","","","","","","","","0","vinyl, monomeric","","","1722599553","0","","0","","CHECKBOX"
"CS-M357","Matt Light Blue Craft Vinyl","M357","DEFAULT","740","0","CRAFTSTICK","","","","","0","Matt Light Blue Vinyl. Cut and stick for craft decorations","<p>This is perfect for all you crafters and hobbyists out there. Simply design and produce stickers for virtually anything with our self-adhesive vinyl.</p>
<p>Compatible with all craft cutters such as the Cameo, Cricut, Stika and Skycut plus signmaking plotter cutters from Roland, Graphtec, Mimaki and Mutoh.</p>
<p>You can even cut this material using scissors or on a cutting mat with a scalpel too.</p>
<p>Either way you will be able to make stickers that are long lasting and durable, suitable for use onto glassware, windows, mugs, water bottles, cards, gift tags, invitations, wooden giftware, interior walls etc.</p>
<p>So get designing those beautiful creations then just cut, peel and stick to make them come alive!</p>
<b><p>•	3-5 year outdoor durability </p>
<p>•	Semi-permanent clear adhesive </p>
<p>•	Suitable for smooth flat or slightly curved surfaces</p></b>
","M357_Light_Blue.png","M357_Light_Blue.png","INVITEMS","DEFAULT-CS-M357-DEFAULT-CS-M357","","","0","0","0","","1","REGONLY","0","0","0","0","","","","SELECT","SELECT","0","","","","","0","0","","income-service","","","0","0","","","","","CS-SAV-COL","CS-SAV-COL, CS-MOTHERS","","","0","CS-Plastic_Squeegee, CS-Olfa_Art_Knife, CS-Olfa_Premium_Art_Knife, CS-Olfa_Cutting_Matt_A3, CS-Olfa_Cutting_Matt_A4, CS-Easy_Cutter, CS-Bubble_Pen, CS-Aslan_Squeegee, CS-Aslan_Red_Devil_Squeegee, CS-Weeding_Hook, CS-Weeding_Tweezers, CS-PAPER-APP-TAPE, CS-CLEAR-APP-TAPE","CS-Plastic_Squeegee, CS-Olfa_Art_Knife, CS-Olfa_Premium_Art_Knife, CS-Olfa_Cutting_Matt_A3, CS-Olfa_Cutting_Matt_A4, CS-Easy_Cutter, CS-Bubble_Pen, CS-Aslan_Squeegee, CS-Aslan_Red_Devil_Squeegee, CS-Weeding_Hook, CS-Weeding_Tweezers,CS-PAPER-APP-TAPE, CS-CLEAR-APP-TAPE","A","","","","","","Matt, Pastel","","","","","","","","","Matt_Light_Blue_Craft_Vinyl","0","vinyl, monomeric","","","1565024819","0","","0","","CHECKBOX"
"CS-M358","Matt Olympic Blue Craft Vinyl","M358","DEFAULT","730","0","CRAFTSTICK","","","","","0","Matt Olympic Blue Vinyl. Cut and stick for craft decorations","<p>This is perfect for all you crafters and hobbyists out there. Simply design and produce stickers for virtually anything with our self-adhesive vinyl.</p>
<p>Compatible with all craft cutters such as the Cameo, Cricut, Stika and Skycut plus signmaking plotter cutters from Roland, Graphtec, Mimaki and Mutoh.</p>
<p>You can even cut this material using scissors or on a cutting mat with a scalpel too.</p>
<p>Either way you will be able to make stickers that are long lasting and durable, suitable for use onto glassware, windows, mugs, water bottles, cards, gift tags, invitations, wooden giftware, interior walls etc.</p>
<p>So get designing those beautiful creations then just cut, peel and stick to make them come alive!</p>
<b><p>•	3-5 year outdoor durability </p>
<p>•	Semi-permanent clear adhesive </p>
<p>•	Suitable for smooth flat or slightly curved surfaces</p></b>
","Event_358_Matt_Olympic_Blue.png","Event_358_Matt_Olympic_Blue.png","INVITEMS","DEFAULT-CS-M358-DEFAULT-CS-M358","","","0","0","0","","1","REGONLY","0","0","0","0","","","","SELECT","SELECT","0","","","","","0","0","","income-service","","","0","0","","","","","CS-SAV-COL","CS-SAV-COL","","","0","CS-Plastic_Squeegee, CS-Olfa_Art_Knife, CS-Olfa_Premium_Art_Knife, CS-Olfa_Cutting_Matt_A3, CS-Olfa_Cutting_Matt_A4, CS-Easy_Cutter, CS-Bubble_Pen, CS-Aslan_Squeegee, CS-Aslan_Red_Devil_Squeegee, CS-Weeding_Hook, CS-Weeding_Tweezers, CS-PAPER-APP-TAPE, CS-CLEAR-APP-TAPE","CS-Plastic_Squeegee, CS-Olfa_Art_Knife, CS-Olfa_Premium_Art_Knife, CS-Olfa_Cutting_Matt_A3, CS-Olfa_Cutting_Matt_A4, CS-Easy_Cutter, CS-Bubble_Pen, CS-Aslan_Squeegee, CS-Aslan_Red_Devil_Squeegee, CS-Weeding_Hook, CS-Weeding_Tweezers,CS-PAPER-APP-TAPE, CS-CLEAR-APP-TAPE","A","","","","","","Matt","","","","","","","","","","0","vinyl, monomeric","","","1722599643","0","","0","","CHECKBOX"
"CS-M360","Matt Permanent Blue Craft Vinyl","M360","DEFAULT","700","0","CRAFTSTICK","","","","","0","Matt Permanent Blue Vinyl. Cut and stick for craft decorations","<p>This is perfect for all you crafters and hobbyists out there. Simply design and produce stickers for virtually anything with our self-adhesive vinyl.</p>
<p>Compatible with all craft cutters such as the Cameo, Cricut, Stika and Skycut plus signmaking plotter cutters from Roland, Graphtec, Mimaki and Mutoh.</p>
<p>You can even cut this material using scissors or on a cutting mat with a scalpel too.</p>
<p>Either way you will be able to make stickers that are long lasting and durable, suitable for use onto glassware, windows, mugs, water bottles, cards, gift tags, invitations, wooden giftware, interior walls etc.</p>
<p>So get designing those beautiful creations then just cut, peel and stick to make them come alive!</p>
<b><p>•	3-5 year outdoor durability </p>
<p>•	Semi-permanent clear adhesive </p>
<p>•	Suitable for smooth flat or slightly curved surfaces</p></b>
","Event_360_Matt_Permanent_Blue.png","Event_360_Matt_Permanent_Blue.png","INVITEMS","DEFAULT-CS-M360-DEFAULT-CS-M360","","","0","0","0","","1","REGONLY","0","0","0","0","","","","SELECT","SELECT","0","","","","","0","0","","income-service","","","0","0","","","","","CS-SAV-COL","CS-SAV-COL","","","0","CS-Plastic_Squeegee, CS-Olfa_Art_Knife, CS-Olfa_Premium_Art_Knife, CS-Olfa_Cutting_Matt_A3, CS-Olfa_Cutting_Matt_A4, CS-Easy_Cutter, CS-Bubble_Pen, CS-Aslan_Squeegee, CS-Aslan_Red_Devil_Squeegee, CS-Weeding_Hook, CS-Weeding_Tweezers, CS-PAPER-APP-TAPE, CS-CLEAR-APP-TAPE","CS-Plastic_Squeegee, CS-Olfa_Art_Knife, CS-Olfa_Premium_Art_Knife, CS-Olfa_Cutting_Matt_A3, CS-Olfa_Cutting_Matt_A4, CS-Easy_Cutter, CS-Bubble_Pen, CS-Aslan_Squeegee, CS-Aslan_Red_Devil_Squeegee, CS-Weeding_Hook, CS-Weeding_Tweezers,CS-PAPER-APP-TAPE, CS-CLEAR-APP-TAPE","A","","","","","","Matt","","","","","","","","","","0","vinyl, monomeric","","","1722599761","0","","0","","CHECKBOX"
"CS-M366","Matt Vivid Blue Craft Vinyl","M366","DEFAULT","710","0","CRAFTSTICK","","","","","0","Matt Vivid Blue Vinyl. Cut and stick for craft decorations","<p>This is perfect for all you crafters and hobbyists out there. Simply design and produce stickers for virtually anything with our self-adhesive vinyl.</p>
<p>Compatible with all craft cutters such as the Cameo, Cricut, Stika and Skycut plus signmaking plotter cutters from Roland, Graphtec, Mimaki and Mutoh.</p>
<p>You can even cut this material using scissors or on a cutting mat with a scalpel too.</p>
<p>Either way you will be able to make stickers that are long lasting and durable, suitable for use onto glassware, windows, mugs, water bottles, cards, gift tags, invitations, wooden giftware, interior walls etc.</p>
<p>So get designing those beautiful creations then just cut, peel and stick to make them come alive!</p>
<b><p>•	3-5 year outdoor durability </p>
<p>•	Semi-permanent clear adhesive </p>
<p>•	Suitable for smooth flat or slightly curved surfaces</p></b>
","Event_366_Matt_Vivid_Blue.png","Event_366_Matt_Vivid_Blue.png","INVITEMS","DEFAULT-CS-M366-DEFAULT-CS-M366","","","0","0","0","","1","REGONLY","0","0","0","0","","","","SELECT","SELECT","0","","","","","0","0","","income-service","","","0","0","","","","","CS-SAV-COL","CS-SAV-COL","","","0","CS-Plastic_Squeegee, CS-Olfa_Art_Knife, CS-Olfa_Premium_Art_Knife, CS-Olfa_Cutting_Matt_A3, CS-Olfa_Cutting_Matt_A4, CS-Easy_Cutter, CS-Bubble_Pen, CS-Aslan_Squeegee, CS-Aslan_Red_Devil_Squeegee, CS-Weeding_Hook, CS-Weeding_Tweezers, CS-PAPER-APP-TAPE, CS-CLEAR-APP-TAPE","CS-Plastic_Squeegee, CS-Olfa_Art_Knife, CS-Olfa_Premium_Art_Knife, CS-Olfa_Cutting_Matt_A3, CS-Olfa_Cutting_Matt_A4, CS-Easy_Cutter, CS-Bubble_Pen, CS-Aslan_Squeegee, CS-Aslan_Red_Devil_Squeegee, CS-Weeding_Hook, CS-Weeding_Tweezers,CS-PAPER-APP-TAPE, CS-CLEAR-APP-TAPE","A","","","","","","Matt","","","","","","","","","","0","vinyl, monomeric","","","1722600463","0","","0","","CHECKBOX"
"CS-M371","Matt Gold Craft Vinyl","M371","DEFAULT","920","0","CRAFTSTICK","","","","","0","Matt Gold Vinyl. Cut and stick for craft decorations","<p>This is perfect for all you crafters and hobbyists out there. Simply design and produce stickers for virtually anything with our self-adhesive vinyl.</p>
<p>Compatible with all craft cutters such as the Cameo, Cricut, Stika and Skycut plus signmaking plotter cutters from Roland, Graphtec, Mimaki and Mutoh.</p>
<p>You can even cut this material using scissors or on a cutting mat with a scalpel too.</p>
<p>Either way you will be able to make stickers that are long lasting and durable, suitable for use onto glassware, windows, mugs, water bottles, cards, gift tags, invitations, wooden giftware, interior walls etc.</p>
<p>So get designing those beautiful creations then just cut, peel and stick to make them come alive!</p>
<b><p>•	3-5 year outdoor durability </p>
<p>•	Semi-permanent clear adhesive </p>
<p>•	Suitable for smooth flat or slightly curved surfaces</p></b>
","Event_371_Matt_Gold.png","Event_371_Matt_Gold.png","INVITEMS","DEFAULT-CS-M371-DEFAULT-CS-M371","","","0","0","0","","1","REGONLY","0","0","0","0","","","","SELECT","SELECT","0","","","","","0","0","","income-service","","","0","0","","","","","CS-SAV-COL","CS-SAV-COL","","","0","CS-Plastic_Squeegee, CS-Olfa_Art_Knife, CS-Olfa_Premium_Art_Knife, CS-Olfa_Cutting_Matt_A3, CS-Olfa_Cutting_Matt_A4, CS-Easy_Cutter, CS-Bubble_Pen, CS-Aslan_Squeegee, CS-Aslan_Red_Devil_Squeegee, CS-Weeding_Hook, CS-Weeding_Tweezers, CS-PAPER-APP-TAPE, CS-CLEAR-APP-TAPE","CS-Plastic_Squeegee, CS-Olfa_Art_Knife, CS-Olfa_Premium_Art_Knife, CS-Olfa_Cutting_Matt_A3, CS-Olfa_Cutting_Matt_A4, CS-Easy_Cutter, CS-Bubble_Pen, CS-Aslan_Squeegee, CS-Aslan_Red_Devil_Squeegee, CS-Weeding_Hook, CS-Weeding_Tweezers,CS-PAPER-APP-TAPE, CS-CLEAR-APP-TAPE","A","","","","","","Matt","","","","","","","","","","0","vinyl, monomeric","","","1722606624","0","","0","","CHECKBOX"
"CS-M373","Matt Light Green Craft Vinyl","M373","DEFAULT","810","0","CRAFTSTICK","","","","","0","Matt Light Green Vinyl. Cut and stick for craft decorations","<p>This is perfect for all you crafters and hobbyists out there. Simply design and produce stickers for virtually anything with our self-adhesive vinyl.</p>
<p>Compatible with all craft cutters such as the Cameo, Cricut, Stika and Skycut plus signmaking plotter cutters from Roland, Graphtec, Mimaki and Mutoh.</p>
<p>You can even cut this material using scissors or on a cutting mat with a scalpel too.</p>
<p>Either way you will be able to make stickers that are long lasting and durable, suitable for use onto glassware, windows, mugs, water bottles, cards, gift tags, invitations, wooden giftware, interior walls etc.</p>
<p>So get designing those beautiful creations then just cut, peel and stick to make them come alive!</p>
<b><p>•	3-5 year outdoor durability </p>
<p>•	Semi-permanent clear adhesive </p>
<p>•	Suitable for smooth flat or slightly curved surfaces</p></b>
","Event_373_Matt_Light_Green.png","Event_373_Matt_Light_Green.png","INVITEMS","DEFAULT-CS-M373-DEFAULT-CS-M373","","","0","0","0","","1","REGONLY","0","0","0","0","","","","SELECT","SELECT","0","","","","","0","0","","income-service","","","0","0","","","","","CS-SAV-COL","CS-SAV-COL","","","0","CS-Plastic_Squeegee, CS-Olfa_Art_Knife, CS-Olfa_Premium_Art_Knife, CS-Olfa_Cutting_Matt_A3, CS-Olfa_Cutting_Matt_A4, CS-Easy_Cutter, CS-Bubble_Pen, CS-Aslan_Squeegee, CS-Aslan_Red_Devil_Squeegee, CS-Weeding_Hook, CS-Weeding_Tweezers, CS-PAPER-APP-TAPE, CS-CLEAR-APP-TAPE","CS-Plastic_Squeegee, CS-Olfa_Art_Knife, CS-Olfa_Premium_Art_Knife, CS-Olfa_Cutting_Matt_A3, CS-Olfa_Cutting_Matt_A4, CS-Easy_Cutter, CS-Bubble_Pen, CS-Aslan_Squeegee, CS-Aslan_Red_Devil_Squeegee, CS-Weeding_Hook, CS-Weeding_Tweezers,CS-PAPER-APP-TAPE, CS-CLEAR-APP-TAPE","A","","","","","","Matt","","","","","","","","","","0","vinyl, monomeric","","","1722598158","0","","0","","CHECKBOX"
"CS-M374","Matt Cactus Green Craft Vinyl","M374","DEFAULT","820","0","CRAFTSTICK","","","","","0","Matt Cactus Green Vinyl. Cut and stick for craft decorations","<p>This is perfect for all you crafters and hobbyists out there. Simply design and produce stickers for virtually anything with our self-adhesive vinyl.</p>
<p>Compatible with all craft cutters such as the Cameo, Cricut, Stika and Skycut plus signmaking plotter cutters from Roland, Graphtec, Mimaki and Mutoh.</p>
<p>You can even cut this material using scissors or on a cutting mat with a scalpel too.</p>
<p>Either way you will be able to make stickers that are long lasting and durable, suitable for use onto glassware, windows, mugs, water bottles, cards, gift tags, invitations, wooden giftware, interior walls etc.</p>
<p>So get designing those beautiful creations then just cut, peel and stick to make them come alive!</p>
<b><p>•	3-5 year outdoor durability </p>
<p>•	Semi-permanent clear adhesive </p>
<p>•	Suitable for smooth flat or slightly curved surfaces</p></b>
","Event_374_Matt_Cactus_Green.png","Event_374_Matt_Cactus_Green.png","INVITEMS","DEFAULT-CS-M374-DEFAULT-CS-M374","","","0","0","0","","1","REGONLY","0","0","0","0","","","","SELECT","SELECT","0","","","","","0","0","","income-service","","","0","0","","","","","CS-SAV-COL","CS-SAV-COL","","","0","CS-Plastic_Squeegee, CS-Olfa_Art_Knife, CS-Olfa_Premium_Art_Knife, CS-Olfa_Cutting_Matt_A3, CS-Olfa_Cutting_Matt_A4, CS-Easy_Cutter, CS-Bubble_Pen, CS-Aslan_Squeegee, CS-Aslan_Red_Devil_Squeegee, CS-Weeding_Hook, CS-Weeding_Tweezers, CS-PAPER-APP-TAPE, CS-CLEAR-APP-TAPE","CS-Plastic_Squeegee, CS-Olfa_Art_Knife, CS-Olfa_Premium_Art_Knife, CS-Olfa_Cutting_Matt_A3, CS-Olfa_Cutting_Matt_A4, CS-Easy_Cutter, CS-Bubble_Pen, CS-Aslan_Squeegee, CS-Aslan_Red_Devil_Squeegee, CS-Weeding_Hook, CS-Weeding_Tweezers,CS-PAPER-APP-TAPE, CS-CLEAR-APP-TAPE","A","","","","","","Matt","","","","","","","","","","0","vinyl, monomeric","","","1722598247","0","","0","","CHECKBOX"
"CS-M376","Matt Aqua Green Craft Vinyl","M376","DEFAULT","760","0","CRAFTSTICK","","","","","0","Matt Aqua Green Vinyl. Cut and stick for craft decorations","<p>This is perfect for all you crafters and hobbyists out there. Simply design and produce stickers for virtually anything with our self-adhesive vinyl.</p>
<p>Compatible with all craft cutters such as the Cameo, Cricut, Stika and Skycut plus signmaking plotter cutters from Roland, Graphtec, Mimaki and Mutoh.</p>
<p>You can even cut this material using scissors or on a cutting mat with a scalpel too.</p>
<p>Either way you will be able to make stickers that are long lasting and durable, suitable for use onto glassware, windows, mugs, water bottles, cards, gift tags, invitations, wooden giftware, interior walls etc.</p>
<p>So get designing those beautiful creations then just cut, peel and stick to make them come alive!</p>
<b><p>•	3-5 year outdoor durability </p>
<p>•	Semi-permanent clear adhesive </p>
<p>•	Suitable for smooth flat or slightly curved surfaces</p></b>
","Event_376_Matt_Aqua_Green.png","Event_376_Matt_Aqua_Green.png","INVITEMS","DEFAULT-CS-M376-DEFAULT-CS-M376","","","0","0","0","","1","REGONLY","0","0","0","0","","","","SELECT","SELECT","0","","","","","0","0","","income-service","","","0","0","","","","","CS-SAV-COL","CS-SAV-COL","","","0","CS-Plastic_Squeegee, CS-Olfa_Art_Knife, CS-Olfa_Premium_Art_Knife, CS-Olfa_Cutting_Matt_A3, CS-Olfa_Cutting_Matt_A4, CS-Easy_Cutter, CS-Bubble_Pen, CS-Aslan_Squeegee, CS-Aslan_Red_Devil_Squeegee, CS-Weeding_Hook, CS-Weeding_Tweezers, CS-PAPER-APP-TAPE, CS-CLEAR-APP-TAPE","CS-Plastic_Squeegee, CS-Olfa_Art_Knife, CS-Olfa_Premium_Art_Knife, CS-Olfa_Cutting_Matt_A3, CS-Olfa_Cutting_Matt_A4, CS-Easy_Cutter, CS-Bubble_Pen, CS-Aslan_Squeegee, CS-Aslan_Red_Devil_Squeegee, CS-Weeding_Hook, CS-Weeding_Tweezers,CS-PAPER-APP-TAPE, CS-CLEAR-APP-TAPE","A","","","","","","Matt","","","","","","","","","","0","vinyl, monomeric","","","1722599476","0","","0","","CHECKBOX"
"CS-M379","Matt Bright Green Craft Vinyl","M379","DEFAULT","790","0","CRAFTSTICK","","","","","0","Matt Bright Green Vinyl. Cut and stick for craft decorations","<p>This is perfect for all you crafters and hobbyists out there. Simply design and produce stickers for virtually anything with our self-adhesive vinyl.</p>
<p>Compatible with all craft cutters such as the Cameo, Cricut, Stika and Skycut plus signmaking plotter cutters from Roland, Graphtec, Mimaki and Mutoh.</p>
<p>You can even cut this material using scissors or on a cutting mat with a scalpel too.</p>
<p>Either way you will be able to make stickers that are long lasting and durable, suitable for use onto glassware, windows, mugs, water bottles, cards, gift tags, invitations, wooden giftware, interior walls etc.</p>
<p>So get designing those beautiful creations then just cut, peel and stick to make them come alive!</p>
<b><p>•	3-5 year outdoor durability </p>
<p>•	Semi-permanent clear adhesive </p>
<p>•	Suitable for smooth flat or slightly curved surfaces</p></b>
","Event_379_Matt_Bright_Green.png","Event_379_Matt_Bright_Green.png","INVITEMS","DEFAULT-CS-M379-DEFAULT-CS-M379","","","0","0","0","","1","REGONLY","0","0","0","0","","","","SELECT","SELECT","0","","","","","0","0","","income-service","","","0","0","","","","","CS-SAV-COL","CS-SAV-COL","","","0","CS-Plastic_Squeegee, CS-Olfa_Art_Knife, CS-Olfa_Premium_Art_Knife, CS-Olfa_Cutting_Matt_A3, CS-Olfa_Cutting_Matt_A4, CS-Easy_Cutter, CS-Bubble_Pen, CS-Aslan_Squeegee, CS-Aslan_Red_Devil_Squeegee, CS-Weeding_Hook, CS-Weeding_Tweezers, CS-PAPER-APP-TAPE, CS-CLEAR-APP-TAPE","CS-Plastic_Squeegee, CS-Olfa_Art_Knife, CS-Olfa_Premium_Art_Knife, CS-Olfa_Cutting_Matt_A3, CS-Olfa_Cutting_Matt_A4, CS-Easy_Cutter, CS-Bubble_Pen, CS-Aslan_Squeegee, CS-Aslan_Red_Devil_Squeegee, CS-Weeding_Hook, CS-Weeding_Tweezers,CS-PAPER-APP-TAPE, CS-CLEAR-APP-TAPE","A","","","","","","Matt","","","","","","","","","","0","vinyl, monomeric","","","1722599252","0","","0","","CHECKBOX"
"CS-M381","Matt Silver Craft Vinyl","M381","DEFAULT","910","0","CRAFTSTICK","","","","","0","Matt Silver Vinyl. Cut and stick for craft decorations","<p>This is perfect for all you crafters and hobbyists out there. Simply design and produce stickers for virtually anything with our self-adhesive vinyl.</p>
<p>Compatible with all craft cutters such as the Cameo, Cricut, Stika and Skycut plus signmaking plotter cutters from Roland, Graphtec, Mimaki and Mutoh.</p>
<p>You can even cut this material using scissors or on a cutting mat with a scalpel too.</p>
<p>Either way you will be able to make stickers that are long lasting and durable, suitable for use onto glassware, windows, mugs, water bottles, cards, gift tags, invitations, wooden giftware, interior walls etc.</p>
<p>So get designing those beautiful creations then just cut, peel and stick to make them come alive!</p>
<b><p>•	3-5 year outdoor durability </p>
<p>•	Semi-permanent clear adhesive </p>
<p>•	Suitable for smooth flat or slightly curved surfaces</p></b>
","Event_381_Matt_Silver.png","Event_381_Matt_Silver.png","INVITEMS","DEFAULT-CS-M381-DEFAULT-CS-M381","","","0","0","0","","1","REGONLY","0","0","0","0","","","","SELECT","SELECT","0","","","","","0","0","","income-service","","","0","0","","","","","CS-SAV-COL","CS-SAV-COL","","","0","CS-Plastic_Squeegee, CS-Olfa_Art_Knife, CS-Olfa_Premium_Art_Knife, CS-Olfa_Cutting_Matt_A3, CS-Olfa_Cutting_Matt_A4, CS-Easy_Cutter, CS-Bubble_Pen, CS-Aslan_Squeegee, CS-Aslan_Red_Devil_Squeegee, CS-Weeding_Hook, CS-Weeding_Tweezers, CS-PAPER-APP-TAPE, CS-CLEAR-APP-TAPE","CS-Plastic_Squeegee, CS-Olfa_Art_Knife, CS-Olfa_Premium_Art_Knife, CS-Olfa_Cutting_Matt_A3, CS-Olfa_Cutting_Matt_A4, CS-Easy_Cutter, CS-Bubble_Pen, CS-Aslan_Squeegee, CS-Aslan_Red_Devil_Squeegee, CS-Weeding_Hook, CS-Weeding_Tweezers,CS-PAPER-APP-TAPE, CS-CLEAR-APP-TAPE","A","","","","","","Matt","","","","","","","","","","0","vinyl, monomeric","","","1722605145","0","","0","","CHECKBOX"
"CS-M382","Matt Leaf Green Craft Vinyl","M382","DEFAULT","780","0","CRAFTSTICK","","","","","0","Matt Leaf Green Vinyl. Cut and stick for craft decorations","<p>This is perfect for all you crafters and hobbyists out there. Simply design and produce stickers for virtually anything with our self-adhesive vinyl.</p>
<p>Compatible with all craft cutters such as the Cameo, Cricut, Stika and Skycut plus signmaking plotter cutters from Roland, Graphtec, Mimaki and Mutoh.</p>
<p>You can even cut this material using scissors or on a cutting mat with a scalpel too.</p>
<p>Either way you will be able to make stickers that are long lasting and durable, suitable for use onto glassware, windows, mugs, water bottles, cards, gift tags, invitations, wooden giftware, interior walls etc.</p>
<p>So get designing those beautiful creations then just cut, peel and stick to make them come alive!</p>
<b><p>•	3-5 year outdoor durability </p>
<p>•	Semi-permanent clear adhesive </p>
<p>•	Suitable for smooth flat or slightly curved surfaces</p></b>
","Event_382_Matt_Leaf_Green.png","Event_382_Matt_Leaf_Green.png","INVITEMS","DEFAULT-CS-M382-DEFAULT-CS-M382","","","0","0","0","","1","REGONLY","0","0","0","0","","","","SELECT","SELECT","0","","","","","0","0","","income-service","","","0","0","","","","","CS-SAV-COL","CS-SAV-COL","","","0","CS-Plastic_Squeegee, CS-Olfa_Art_Knife, CS-Olfa_Premium_Art_Knife, CS-Olfa_Cutting_Matt_A3, CS-Olfa_Cutting_Matt_A4, CS-Easy_Cutter, CS-Bubble_Pen, CS-Aslan_Squeegee, CS-Aslan_Red_Devil_Squeegee, CS-Weeding_Hook, CS-Weeding_Tweezers, CS-PAPER-APP-TAPE, CS-CLEAR-APP-TAPE","CS-Plastic_Squeegee, CS-Olfa_Art_Knife, CS-Olfa_Premium_Art_Knife, CS-Olfa_Cutting_Matt_A3, CS-Olfa_Cutting_Matt_A4, CS-Easy_Cutter, CS-Bubble_Pen, CS-Aslan_Squeegee, CS-Aslan_Red_Devil_Squeegee, CS-Weeding_Hook, CS-Weeding_Tweezers,CS-PAPER-APP-TAPE, CS-CLEAR-APP-TAPE","A","","","","","","Matt","","","","","","","","","","0","vinyl, monomeric","","","1722599402","0","","0","","CHECKBOX"
"CS-Olfa_Art_Knife","Olfa Art Knife","AK-1","DEFAULT","85","5","CRAFTSTICK","","","","","0","Original Art Knife by Olfa that feels like a pen. Spin the shaft to fit new blades.  Comes with 25 KB all-purpose art blades.","Original Art Knife by Olfa that feels like a pen. Spin the shaft to fit new blades.  Comes with 25 KB all-purpose art blades.","CS_ART_KNIFE.jpg","CS_ART_KNIFE.jpg","INVITEMS","DEFAULT-CS-Olfa_Art_Knife-DEFAULT-CS-Olfa_Art_Knife","","","0","0","0","","1","REGONLY","0","0","0","0","","","","SELECT","SELECT","0","","","","","0","0","","income-service","","","0","0","","","","","CS-TOOLS","CS-TOOLS","","","0","CS-Olfa_Cutting_Matt_A3, CS-Olfa_Cutting_Matt_A4, CS-Olfa_KB_Art_Blades","CS-Olfa_Cutting_Matt_A3, CS-Olfa_Cutting_Matt_A4, CS-Olfa_KB_Art_Blades","A","","","","","","Cutting","","","","","","","","","","0","art knife, art, ak-1, olfa","","","1627054871","0","","0","","CHECKBOX"
"CS-Olfa_Comfort_Grip_Knife","Olfa Soft Grip Knife","XA-1","DEFAULT","67","7","CRAFTSTICK","","","","","0","Olfa Soft Grip Knife is safe and comfortable to use.  Takes 'Excel Black' ultra Sharp blades ABB-50.","<p>Ergonomic and anti-slip soft grip makes it safe and comfortable to use.</p>
<p>Takes Olfa's unique 'Excel Black' ultra Sharp blades ABB-50.</p>

","Olfa_XA1.jpg","Olfa_XA1.jpg","INVITEMS","DEFAULT-CS-Olfa_Comfort_Grip_Knife-DEFAULT-CS-Olfa_Comfort_Grip_Knife","","","0","0","0","","1","REGONLY","0","0","0","0","","","","SELECT","SELECT","0","","","","","0","0","","income-service","","","0","0","","","","","CS-TOOLS","CS-TOOLS","","","0","CS-Olfa_Pro_Knife_Blades_50, CS-Sharps_Box","CS-Olfa_Pro_Knife_Blades_50, CS-Sharps_Box","A","","","","","","Cutting","","","","","","","","","Olfa_Soft_Grip_Knife","0","olfa,comfort,grip,knife,","","","1569947324","0","","0","","CHECKBOX"
"CS-Olfa_Cutting_Matt_A3","Self Healing Double Sided A3 Cutting Matt","CMA3","DEFAULT","85","12","CRAFTSTICK","","","","","0","Double sided self healing cutting matt. A3 size suitable for craft and hobby work.","<p>Double sided self healing cutting matt. A3 size suitable for craft and hobby work.</p>
<p>Matt size: 43cm x 30cm</p>
<p>Metric on one side and imperial measurements on the other.</p>","CS_Cutting_Matt_A3.jpg","CS_Cutting_Matt_A3.jpg, CS_Cutting_Matt_A3_Reverse.jpg","INVITEMS","DEFAULT-CS-Olfa_Cutting_Matt_A3-DEFAULT-CS-Olfa_Cutting_Matt_A3","","","0","0","0","","1","REGONLY","0","0","0","0","","","","SELECT","SELECT","0","","","","","0","0","","income-service","","","0","0","","","","","CS-TOOLS","CS-TOOLS","","","0","Olfa_Pro_Knife_Blades, Olfa_Pro_Knife_Blades_50, Sharps_Box, Sharpsguard","","A","","","","","","","","","","","","","","","","0","cutting matt, self healing","","","1627381175","0","","0","",""
"CS-Olfa_Cutting_Matt_A4","Self Healing Double Sided A4 Cutting Matt","CMA4","DEFAULT","85","8","CRAFTSTICK","","","","","0","Double sided self healing cutting matt. A4 size suitable for craft and hobby work.","<p>Double sided self healing cutting matt. A4 size suitable for craft and hobby work.</p>
<p>Matt size: 30cm x 22.5cm</p>
<p>Metric on one side and imperial measurements on the other.</p>","CS_Cutting_Matt_A4.jpg","CS_Cutting_Matt_A4.jpg, CS_Cutting_Matt_A4_Reverse.jpg","INVITEMS","DEFAULT-CS-Olfa_Cutting_Matt_A4-DEFAULT-CS-Olfa_Cutting_Matt_A4","","","0","0","0","","1","REGONLY","0","0","0","0","","","","SELECT","SELECT","0","","","","","0","0","","income-service","","","0","0","","","","","CS-TOOLS","CS-TOOLS","","","0","Olfa_Pro_Knife_Blades, Olfa_Pro_Knife_Blades_50, Sharps_Box, Sharpsguard","","A","","","","","","","","","","","","","","","","0","cutting matt, self healing","","","1627646991","0","","0","","CHECKBOX"
"CS-Olfa_Graphic_Cutter","Olfa Graphic Cutter","SAC-1","DEFAULT","60","7","CRAFTSTICK","","","","","0","Stainless Steel handle and a 30 degree cutting blade. Takes Olfa SAB-10 blades.
","<p>Stainless Steel handle and a 30 degree cutting blade.</p>
<p>Perfect for crafters and hobbyists for it's accuracy.</p>
<p>Takes Olfa SAB-10 blades.</p>
","OLFA_SAC-1.jpg","OLFA_SAC-1.jpg","INVITEMS","DEFAULT-CS-Olfa_Graphic_Cutter-DEFAULT-CS-Olfa_Graphic_Cutter","","","0","0","0","","1","REGONLY","0","0","0","0","","","","SELECT","SELECT","0","","","","","0","0","","income-service","","","0","0","","","","","CS-TOOLS","CS-TOOLS","","","0","CS-Olfa_Graphic_Cutter_Blades, CS-Sharps_Box","CS-Olfa_Graphic_Cutter_Blades, CS-Sharps_Box","A","","","","","","Cutting","","","","","","","","","Olfa_30degree_Knife","0","Olfa,knife,graphic,cutter,blade,

","","","1569947017","0","","0","","CHECKBOX"
"CS-Olfa_Graphic_Cutter_Blades","Snap Off Blades for Olfa Graphic Cutter","SAB-10","DEFAULT","62","4","CRAFTSTICK","","","","","0","10 Snap Off Blades for Olfa Graphic Cutter.","10 Snap Off Blades for Olfa Graphic Cutter.","OLFA_SAB-10.jpg","OLFA_SAB-10.jpg","INVITEMS","DEFAULT-CS-Olfa_Graphic_Cutter_Blades-DEFAULT-CS-Olfa_Graphic_Cutter_Blades","","","0","0","0","","1","REGONLY","0","0","0","0","","","","SELECT","SELECT","0","","","","","0","0","","income-service","","","0","0","","","","","CS-TOOLS","CS-TOOLS","","","0","CS-Olfa_Graphic_Cutter, CS-Sharps_Box","","A","","","","","","Cutting","","","","","","","","","Olfa_30degree_blades","0","Olfa,blades,","","","1569947212","0","","0","","CHECKBOX"
"CS-Olfa_KB4_Art_Blades","Olfa KB4 Premium Art Blades","KB4S5","Olfa","165","3","CRAFTSTICK","","","","","0","Pack of 5 OLFA® KB4 Art blades compatible with AK-4 Art Knives and suitable for a wide variety of uses.","Pack of 5 OLFA® KB4 Art blades compatible with AK-4 Art Knives and suitable for a wide variety of uses.
","CS_Premium_Art_Knife_Blades.jpg","CS_Premium_Art_Knife_Blades.jpg","INVITEMS","DEFAULT-CS-Olfa_KB4_Art_Blades-DEFAULT-CS-Olfa_KB4_Art_Blades","","","0","0","0","","1","REGONLY","0","0","0","0","","","","SELECT","SELECT","0","","","","","0","0","","income-service","","","0","0","","","","","CS-TOOLS","CS-TOOLS","","","0","Sharps_Box, Sharpsguard","","A","","","","","","Cutting","","","","","","","","","","0","olfa, ak-1, art knife","","","1627647225","0","","0","",""
"CS-Olfa_KB_Art_Blades","Olfa KB Art Blades","KB","Olfa","160","3","CRAFTSTICK","","","","","0","Pack of 25 OLFA® KB Art blades compatible with AK-1 and AK-4 Art Knives and suitable for a wide variety of uses.","Pack of 25 OLFA® KB Art blades compatible with AK-1 and AK-4 Art Knives and suitable for a wide variety of uses.","CS_Art_Knife_Blades.jpg","CS_Art_Knife_Blades.jpg","INVITEMS","DEFAULT-CS-Olfa_KB_Art_Blades-DEFAULT-CS-Olfa_KB_Art_Blades","","","0","0","0","","1","REGONLY","0","0","0","0","","","","SELECT","SELECT","0","","","","","0","0","","income-service","","","0","0","","","","","CS-TOOLS","CS-TOOLS","","","0","Sharps_Box, Sharpsguard","","A","","","","","","Cutting","","","","","","","","","","0","olfa, ak-1, art knife","","","1627647296","0","","0","",""
"CS-Olfa_Premium_Art_Knife","Olfa Premium Art Knife","AK-4","DEFAULT","85","11","CRAFTSTICK","","","","","0","The Olfa Premium Art Knife is so well balanced that it feels like you're holding a pen. Spin the shaft to fit new blades.  Comes with 4 KB art blades.","The Olfa Premium Art Knife is so well balanced that it feels like you're holding a pen. Spin the shaft to fit new blades.  Comes with 4 KB art blades.","CS_PREMIUM_ART_KNIFE.jpg","CS_PREMIUM_ART_KNIFE.jpg","INVITEMS","DEFAULT-CS-Olfa_Premium_Art_Knife-DEFAULT-CS-Olfa_Premium_Art_Knife","","","0","0","0","","1","REGONLY","0","0","0","0","","","","SELECT","SELECT","0","","","","","0","0","","income-service","","","0","0","","","","","CS-TOOLS","CS-TOOLS","","","0","CS-Olfa_Cutting_Matt_A3, CS-Olfa_Cutting_Matt_A4, CS-Olfa_KB4_Art_Blades, CS-Olfa_KB_Art_Blades","CS-Olfa_Cutting_Matt_A3, CS-Olfa_Cutting_Matt_A4, CS-Olfa_KB4_Art_Blades, CS-Olfa_KB_Art_Blades","A","","","","","","Cutting","","","","","","","","","","0","art knife, art, ak-1, olfa","","","1627647054","0","","0","",""
"CS-Olfa_Pro_Knife_Blades_50","Snap off Ultra Sharp Blades for OLFA® SVR2 & XA1 Precision Knives","ABB-50","DEFAULT","68","11","CRAFTSTICK","","","","","0","50 Ultra Sharp Snap Off Blades.","<p>50 Ultra Sharp snap off blades</p>
<p>Designed to fit the Olfa Soft Grip Knife</p>","Olfa_ABB-50.jpg","Olfa_ABB-50.jpg","INVITEMS","DEFAULT-CS-Olfa_Pro_Knife_Blades_50-DEFAULT-CS-Olfa_Pro_Knife_Blades_50","","","0","0","0","","1","REGONLY","0","0","0","0","","","","SELECT","SELECT","0","","","","","0","0","","income-service","","","0","0","","","","","CS-TOOLS","CS-TOOLS","","","0","CS-Olfa_Comfort_Grip_Knife, CS-Sharps_Box","Olfa_Comfort_Grip_Knife, Sharps_Box","A","","","","","","Cutting","","","","","","","","","Olfa_Soft_Grip_Blades","0","olfa,blades,","","","1569947532","0","","0","","CHECKBOX"
"CS-PAPER-APP-TAPE","Paper Application Tape","900E","DEFAULT","110","0","CRAFTSTICK","","","","","0","Paper transfer tape for your cut self-adhesive vinyl. Prices are per roll
","<html>
<title>Paper Application Tape</title>
<body>
<p>Paper transfer tape for your cut self-adhesive vinyl. Prices are per roll</p>
<ul><li>Easy to use</li>
<li>Tear by hand or cut with scissors or knife</li>
<li>Easy peel</li></ul>
</body>
</html>","Paper_App_Tape.png","Paper_App_Tape.png","INVITEMS","DEFAULT-CS-PAPER-APP-TAPE-DEFAULT-CS-PAPER-APP-TAPE","","","0","0","0","","1","REGONLY","0","0","0","0","","","","SELECT","SELECT","0","","","","","0","0","","income-service","","","0","0","","","","","CS-SAV-APP-TAPE","CS-SAV-APP-TAPE, CS-TAPES","","","0","","","A","","","","","","Single_Sided","","","","","","","","","Paper_Application_Tape","0","app tape, transfer tape","","","1565796191","0","","0","",""
"CS-PATTERNED-BUNDLE","Patterned Heat Transfer Vinyl Bundle","02/01/4280","DEFAULT","40","3","CRAFTSTICK","","","","","0","10% OFF Multi Pack Bundle includes 1 x Camouflage, 1 x Leopard and 1 x Zebra Pre-printed Heat Transfer Vinyl. Iron or Heatpress onto fabric","<p>This is perfect for all you crafters and hobbyists out there. Simply plan and cut your design to be ironed or heatpressed on to fabric craft items or garments.</p>
<p>Compatible with all craft cutters such as the Cameo, Cricut, Stika and Skycut plus signmaking plotter cutters from Roland, Graphtec, Mimaki and Mutoh.</p>
<p>Produce long lasting and durable designs onto cushions, aprons, throws and blankets as well as t-shirts and baby / kidswear etc.</p>
<p>So get designing those beautiful creations then just cut and iron on to make them come to life!</p>

","Pattern_Flex_Bundle.png","Pattern_Flex_Bundle.png","INVITEMS","DEFAULT-CS-PATTERNED-BUNDLE-DEFAULT-CS-PATTERNED-BUNDLE","","","0","0","0","","1","REGONLY","0","0","0","0","","","","SELECT","SELECT","0","","","","","0","0","","income-service","","","0","0","","","","","CS-HTV-PRINT","CS-HTV-PRINT, CS-BUNDLES, CS-HTV-BUNDLES","","","0","CS-Heat_Tape, CS-FLEXOFF, CS-Olfa_Cutting_Matt_A3, CS-Olfa_Cutting_Matt_A4, CS-Olfa_Art_Knife, CS-Weeding_Hook, CS-Weeding_Tweezers","CS-Heat_Tape, CS-FLEXOFF, CS-Olfa_Cutting_Matt_A3, CS-Olfa_Cutting_Matt_A4, CS-Olfa_Art_Knife, CS-Weeding_Hook, CS-Weeding_Tweezers","N","","","","","","","Heat Pressing and Washing Info","<style>
#data {
    border-collapse: collapse;
    width: 100%;
}

#data td, #customers th {
    border: 10px solid white;
border-bottom-color: white;
border-left-width: thin;
    padding: 5px;
text-align: center;
color: white;
width: 100px;
height: 50px;
}

#data tr:nth-child(even){background-color: #fba100;}

#data th {
    padding-top: 5px;
    padding-bottom: 5px;
border: 10px solid white;
border-left-width: thin;
border-bottom-color: #fba100;
width: 100px;
height: 50px;
    text-align: center;
    background-color: #fba100;
    color: white;
}
<head>
<style>
#data {
    border-collapse: collapse;
    width: 100%;
}

#data td, #customers th {
    border: 5px solid white;
border-bottom-color: white;
    padding: 5px;
text-align: center;
font-size: 20px;
color: white;
width: 100px;
height: 50px;
}

#data tr:nth-child(even){background-color: #fba100;}

#data th {
    padding-top: 5px;
    padding-bottom: 5px;
border: 5px solid white;
border-bottom-color: #fba100;
width: 100px;
height: 50px;
    text-align: center;
font-size: 15px;
    background-color: #fba100;
    color: white;
}
</style>



<table id=""data"">
  <tbody><tr>
    <th>PRESS TEMP</th>
<th>PRESS TIME</th>
<th>PRESSURE</th>
<th>EASY WEED</th>
<th>PEEL</th>
  </tr>
  <tr>
    <td>160<sup>o</sup>C<br></td>
<td>15 secs</td>
<td>Medium<br></td>
<td><span style=""font-size:30px;"">&#10003;</span></td>
<td>Warm</td>
  </tr>

<tr>
    <th>LAYER</th>
<th>REVERSE IMAGE</th>
<th>WASH</th>
<th>TUMBLE DRY</th>
<th>DRY CLEAN</th>
  </tr>
  <tr>
    <td><span style=""font-size:30px;"">&#10003;</span></td>
<td><span style=""font-size:30px;"">&#10003;</span></td>
<td>60<sup>o</sup>C</td>
<td><span style=""font-size:30px; color: white;"">&#10003;</span></td>
<td><span style=""font-size:30px;"">&#10003;</span></td>
  </tr>
  </tbody></table>
","","","","","","","","0","htv, heat transfer vinyl, flex vinyl, flex, t shirt vinyl, t shirt film, t-shirt film, t-shirt vinyl, t shirt printing, t-shirt printing","","","1596111078","0","","0","","CHECKBOX"
"CS-Plastic_Squeegee","Plastic Squeegee","S","DEFAULT","10","3","CRAFTSTICK","","","","","0","Plastic squeegee","<p>Everyday squeegee to apply self-adhesive vinyl. </p>
<p>Size: 100mm x 70mm</p>","CS_BLUE_SQUEEGEE.png","CS_BLUE_SQUEEGEE.png","INVITEMS","DEFAULT-CS-Plastic_Squeegee-DEFAULT-CS-Plastic_Squeegee","","","0","0","0","","1","REGONLY","0","0","0","0","","","","SELECT","SELECT","0","","","","","0","0","","income-service","","","0","0","","","","","CS-TOOLS","CS-TOOLS","","","0","PLASQGOLD, FELTSQ, ASLANSQ, ASLANSQRD, APPROLL","","A","","","","","","Squeegees","","","","","","","","","Squeegees","0","squeegee,","","","1569519183","0","","0","",""
"CS-PTA","Frosted Etch Craft Vinyl","PTA","DEFAULT","1","0","CRAFTSTICK","","","","","0","Frosted Etch Vinyl. Cut and stick for craft decorations","<p>This is perfect for all you crafters and hobbyists out there. Simply design and produce stickers for glass and acrylic with our etched effect self-adhesive vinyl.</p>
<p>Compatible with all craft cutters such as the Cameo, Cricut, Stika and Skycut plus signmaking plotter cutters from Roland, Graphtec, Mimaki and Mutoh.</p>
<p>You can even cut this material using scissors or on a cutting mat with a scalpel too.</p>
<p>Either way you will be able to make stickers that are long lasting and durable that are suitable for use onto glassware gifts and acrylic.</p>
<p>So get designing those beautiful creations then just cut, peel and stick to make them come alive.</p>
<b><p>•	5 year outdoor durability </p>
<p>•	Permanent adhesive </p>
<p>•	Suitable for smooth flat or slightly curved surfaces </p></b>

","PTA.png","PTA.png","INVITEMS","DEFAULT-CS-PTA-DEFAULT-CS-PTA","","","0","0","0","","1","REGONLY","0","0","0","0","","","","SELECT","SELECT","0","","","","","0","0","","income-service","","","0","0","","","","","CS-SAV-ETCH","CS-SAV-ETCH","","","0","CS-Plastic_Squeegee, CS-Olfa_Art_Knife, CS-Olfa_Premium_Art_Knife, CS-Olfa_Cutting_Matt_A3, CS-Olfa_Cutting_Matt_A4, CS-Easy_Cutter, CS-Bubble_Pen, CS-Aslan_Squeegee, CS-Aslan_Red_Devil_Squeegee, CS-Weeding_Hook, CS-Weeding_Tweezers, CS-PAPER-APP-TAPE, CS-CLEAR-APP-TAPE","CS-Plastic_Squeegee, CS-Olfa_Art_Knife, CS-Olfa_Premium_Art_Knife, CS-Olfa_Cutting_Matt_A3, CS-Olfa_Cutting_Matt_A4, CS-Easy_Cutter, CS-Bubble_Pen, CS-Aslan_Squeegee, CS-Aslan_Red_Devil_Squeegee, CS-Weeding_Hook, CS-Weeding_Tweezers,CS-PAPER-APP-TAPE, CS-CLEAR-APP-TAPE","A","","","","","","Gloss","","","","","","","","","Frosted_Etch_Craft_Vinyl","0","etch, frosted, sandblast, etched
","","","1566313851","0","","0","","CHECKBOX"
"CS-PTAS","Dark Frosted Etch Craft Vinyl","PTA","DEFAULT","20","0","CRAFTSTICK","","","","","0","Dark Frosted Etch Vinyl. Cut and stick for craft decorations","<p>This is perfect for all you crafters and hobbyists out there. Simply design and produce stickers for glass and acrylic with our etched effect self-adhesive vinyl.</p>
<p>Compatible with all craft cutters such as the Cameo, Cricut, Stika and Skycut plus signmaking plotter cutters from Roland, Graphtec, Mimaki and Mutoh.</p>
<p>You can even cut this material using scissors or on a cutting mat with a scalpel too.</p>
<p>Either way you will be able to make stickers that are long lasting and durable that are suitable for use onto glassware gifts and acrylic.</p>
<p>So get designing those beautiful creations then just cut, peel and stick to make them come alive.</p>
<b><p>•	5 year outdoor durability </p>
<p>•	Permanent adhesive </p>
<p>•	Suitable for smooth flat or slightly curved surfaces </p></b>
","PTAS.png","PTAS.png","INVITEMS","DEFAULT-CS-PTAS-DEFAULT-CS-PTAS","","","0","0","0","","1","REGONLY","0","0","0","0","","","","SELECT","SELECT","0","","","","","0","0","","income-service","","","0","0","","","","","CS-SAV-ETCH","CS-SAV-ETCH","","","0","CS-Plastic_Squeegee, CS-Olfa_Art_Knife, CS-Olfa_Premium_Art_Knife, CS-Olfa_Cutting_Matt_A3, CS-Olfa_Cutting_Matt_A4, CS-Easy_Cutter, CS-Bubble_Pen, CS-Aslan_Squeegee, CS-Aslan_Red_Devil_Squeegee, CS-Weeding_Hook, CS-Weeding_Tweezers, CS-PAPER-APP-TAPE, CS-CLEAR-APP-TAPE","CS-Plastic_Squeegee, CS-Olfa_Art_Knife, CS-Olfa_Premium_Art_Knife, CS-Olfa_Cutting_Matt_A3, CS-Olfa_Cutting_Matt_A4, CS-Easy_Cutter, CS-Bubble_Pen, CS-Aslan_Squeegee, CS-Aslan_Red_Devil_Squeegee, CS-Weeding_Hook, CS-Weeding_Tweezers,CS-PAPER-APP-TAPE, CS-CLEAR-APP-TAPE","A","","","","","","Gloss","","","","","","","","","Dark_Frosted_Etch_Craft_Vinyl","0","etch, frosted, sandblast, etched
","","","1566314339","0","","0","",""
"CS-PTF","Dusted Etch Craft Vinyl","PTF","DEFAULT","30","0","CRAFTSTICK","","","","","0","Dusted Etch Vinyl. Cut and stick for craft decorations","<p>This is perfect for all you crafters and hobbyists out there. Simply design and produce stickers for glass and acrylic with our etched effect self-adhesive vinyl.</p>
<p>Compatible with all craft cutters such as the Cameo, Cricut, Stika and Skycut plus signmaking plotter cutters from Roland, Graphtec, Mimaki and Mutoh.</p>
<p>You can even cut this material using scissors or on a cutting mat with a scalpel too.</p>
<p>Either way you will be able to make stickers that are long lasting and durable that are suitable for use onto glassware gifts and acrylic.</p>
<p>So get designing those beautiful creations then just cut, peel and stick to make them come alive.</p>
<b><p>•	5 year outdoor durability </p>
<p>•	Permanent adhesive </p>
<p>•	Suitable for smooth flat or slightly curved surfaces </p></b>
","PTF.png","PTF.png","INVITEMS","DEFAULT-CS-PTF-DEFAULT-CS-PTF","","","0","0","0","","1","REGONLY","0","0","0","0","","","","SELECT","SELECT","0","","","","","0","0","","income-service","","","0","0","","","","","CS-SAV-ETCH","CS-SAV-ETCH","","","0","CS-Plastic_Squeegee, CS-Olfa_Art_Knife, CS-Olfa_Premium_Art_Knife, CS-Olfa_Cutting_Matt_A3, CS-Olfa_Cutting_Matt_A4, CS-Easy_Cutter, CS-Bubble_Pen, CS-Aslan_Squeegee, CS-Aslan_Red_Devil_Squeegee, CS-Weeding_Hook, CS-Weeding_Tweezers, CS-PAPER-APP-TAPE, CS-CLEAR-APP-TAPE","CS-Plastic_Squeegee, CS-Olfa_Art_Knife, CS-Olfa_Premium_Art_Knife, CS-Olfa_Cutting_Matt_A3, CS-Olfa_Cutting_Matt_A4, CS-Easy_Cutter, CS-Bubble_Pen, CS-Aslan_Squeegee, CS-Aslan_Red_Devil_Squeegee, CS-Weeding_Hook, CS-Weeding_Tweezers,CS-PAPER-APP-TAPE, CS-CLEAR-APP-TAPE","A","","","","","","Gloss","","","","","","","","","Dusted_Etch_Craft_Vinyl","0","etch, frosted, sandblast, etched
","","","1566314468","0","","0","","CHECKBOX"
"CS-REFLECTIVE","Reflective Heat Transfer Vinyl","SILVALITE","DEFAULT","5","0","CRAFTSTICK","","","","","0","Reflective Heat Transfer Vinyl. Iron or Heatpress onto fabric","","Silvalite.png","Silvalite.png","INVITEMS","DEFAULT-CS-REFLECTIVE-DEFAULT-CS-REFLECTIVE","","","0","0","0","","1","REGONLY","0","0","0","0","","","","SELECT","SELECT","0","","","","","0","0","","income-service","","","0","0","","","","","CS-HTV-REFLECTIVE","CS-HTV-REFLECTIVE","","","0","CS-Heat_Tape, CS-FLEXOFF, CS-Olfa_Cutting_Matt_A3, CS-Olfa_Cutting_Matt_A4, CS-Olfa_Art_Knife, CS-Weeding_Hook, CS-Weeding_Tweezers","CS-Heat_Tape, CS-FLEXOFF, CS-Olfa_Cutting_Matt_A3, CS-Olfa_Cutting_Matt_A4, CS-Olfa_Art_Knife, CS-Weeding_Hook, CS-Weeding_Tweezers","A","","","","","","","Heat Pressing and Washing Info","<style>

table {

margin: 0 auto 0 auto;
}

table, th, td {
  
  border-collapse: collapse;
padding: 5px;
}
th, td {
  padding: 5px;
  text-align: center; 
  width: 100px;
  height: 50px;
  background-color:#FBA100;
  color: white;
  border-left: 5px solid white;
  border-right: 5px solid white;
}

th {
  border-top-color: white;
  font-size: 15px;
}

td {

padding-bottom: 1em;
border-bottom: 5px solid white;
font-size: 20px;
  
</style>



<table id=""data"">
  <tbody><tr>
    <th>PRESS TEMP</th>
<th>PRESS TIME</th>
<th>PRESSURE</th>
<th>EASY WEED</th>
<th>PEEL</th>
  </tr>
  <tr>
    <td>150<sup>o</sup>C</td>
<td>20 secs</td>
<td>Medium<br></td>
<td><span style=""font-size:30px;"">&#10003;</span></td>
<td>Cool</td>
  </tr>

<tr>
    <th>LAYER</th>
<th>REVERSE IMAGE</th>
<th>WASH</th>
<th>TUMBLE DRY</th>
<th>DRY CLEAN</th>
  </tr>
  <tr>
    <td><span style=""font-size:30px;"">&#10003;</span></td>
<td><span style=""font-size:30px;"">&#10003;</span></td>
<td>60<sup>o</sup>C</td>
<td><span style=""font-size:30px; color: white;"">&#10003;</span></td>
<td><span style=""font-size:30px;"">&#10003;</span></td>
  </tr>
  </tbody></table>
","","","","","","","Reflective_Heat_Transfer_Vinyl","0","reflective
","","","1566409448","0","","0","","CHECKBOX"
"CS-Retractable_Scalpel_Handle","Retractable Scalpel Handle","RET","DEFAULT","50","7","CRAFTSTICK","","","","","0","Retractable Safety Scalpel Handle.
","<p>Retractable Safety Scalpel Handle</p>
<p>To take No:10A blades.</p>
","CS_RETRACTABLE_HANDLE_1.png","CS_RETRACTABLE_HANDLE_1.png, CS_RETRACTABLE_HANDLE_2.png","INVITEMS","DEFAULT-CS-Retractable_Scalpel_Handle-DEFAULT-CS-Retractable_Scalpel_Handle","","","0","0","0","","1","REGONLY","0","0","0","0","","","","SELECT","SELECT","0","","","","","0","0","","income-service","","","0","0","","","","","CS-TOOLS","CS-TOOLS","","","0","CS_Swann_Morton_10A_Blades, CS_Swann_Morton_11_Blades","","A","","","","","","Cutting","","","","","","","","","Retractable_Safety_Scalpel_Handle","0","swann morton, retractable, scalpel, handle, safety

","","","1569604670","0","","0","","CHECKBOX"
"CS-Roland-BN20-Waste-Tank","Roland BN20 Waste Tank","ROLWASTE","DEFAULT","40","63","CRAFTSTICK","","","","","0","Waste ink tank for Roland BN-20 VersaStudio.","<p>Waste ink tank for Roland BN-20 VersaStudio.</p>
","Roland-Waste-Tank.jpg","Roland-Waste-Tank.jpg","INVITEMS","DEFAULT-CS-Roland-BN20-Waste-Tank-DEFAULT-CS-Roland-BN20-Waste-Tank","","","0","0","0","","1","REGONLY","0","0","0","0","","","","SELECT","SELECT","0","","","","","0","0","","income-service","","","0","0","","","","","Digital_Print_Inks","Digital_Print_Cleaning","","","0","","","A","","","","","","","","","","","","","","","Roland-BN20-Waste-Ink-Tank","0","roland, bn20, waste tank, ink waste","","","1569518732","0","","0","",""
"CS-Roland-Cleaning-Kit","Roland Cleaning Kit","ROLC-K","DEFAULT","80","42","CRAFTSTICK","","","","","0","Roland cleaning kit for printer maintenance.","<p>Roland cleaning kit for printer maintenance.</p>
","Roland-Cleaning-Kit.jpg","Roland-Cleaning-Kit.jpg","INVITEMS","DEFAULT-CS-Roland-Cleaning-Kit-DEFAULT-CS-Roland-Cleaning-Kit","","","0","0","0","","1","REGONLY","0","0","0","0","","","","SELECT","SELECT","0","","","","","0","0","","income-service","","","0","0","","","","","Digital_Print_Inks","Digital_Print_Cleaning","","","0","ESM_Inks, ESM2_Inks, ESM3_Inks, Roland-Wipers","ESM_Inks, ESM2_Inks, ESM3_Inks, Roland-Wipers","A","","","","","","","","","","","","","","","Roland-BN20-Cleaning-Kit","0","roland, cleaner, cleaning, maintenance","","","1569518848","0","","0","","CHECKBOX"
"CS-Roland-Cutting-Strip","Roland BN20 Cutting Strip","ROLCUT","DEFAULT","60","16","CRAFTSTICK","","","","","0","Roland cutting strip for Roland BN20 VersaStudio.","<p>Roland cutting strip for Roland BN20 VersaStudio.</p>
<p>It allows for straight and true cuts without any jagged edges or ruined material.</p>","Roland-Cutting-Strip-BN20.jpg","Roland-Cutting-Strip-BN20.jpg","INVITEMS","DEFAULT-CS-Roland-Cutting-Strip-DEFAULT-CS-Roland-Cutting-Strip","","","0","0","0","","1","REGONLY","0","0","0","0","","","","SELECT","SELECT","0","","","","","0","0","","income-service","","","0","0","","","","","Plotter_Blades","Plotter_Blades, Digital_Print_Cleaning","","","0","","","A","","","","","","","","","","","","","","","Roland-Blade-Cutting-Strip","0","roland,plotter,cutting strip,cutting pad","","","1569518908","0","","0","",""
"CS-Roland-ESM-Cleaning-Cartridge","Roland EcoSol Max Cleaning Cartridge","ROLCLEAN","DEFAULT","70","79","CRAFTSTICK","","","","","0","220cc Cleaning cartridge for EcoSol Max ink systems.","<p>220cc Cleaning cartridge for EcoSol Max ink systems.</p>
<p>Code: SL-CL</p>
","Roland-ESM-Cleaning-Cartridge.jpg","Roland-ESM-Cleaning-Cartridge.jpg","INVITEMS","DEFAULT-CS-Roland-ESM-Cleaning-Cartridge-DEFAULT-CS-Roland-ESM-Cleaning-Cartridge","","","0","0","0","","1","REGONLY","0","0","0","0","","","","SELECT","SELECT","0","","","","","0","0","","income-service","","","0","0","","","","","Digital_Print_Inks","Digital_Print_Inks","","","0","ESM_Inks, Roland-Wipers","ESM_Inks, Roland-Wipers","A","","","","","","","","","","","","","","","","0","roland, cleaner, cleaning, maintenance","","","1570037563","0","","0","","CHECKBOX"
"CS-Roland-Wipers","Roland Wipers","ROLWIPE / 2","DEFAULT","60","12","CRAFTSTICK","","","","","0","Roland rubber & felt wipers for Roland BN20 VersaStudio.","<p>Roland rubber & felt wipers for Roland BN20 VersaStudio.</p>
","Roland-Wipers.jpg","Roland-Wipers.jpg","INVITEMS","DEFAULT-CS-Roland-Wipers-DEFAULT-CS-Roland-Wipers","","","0","0","0","","1","REGONLY","0","0","0","0","","","","SELECT","SELECT","0","","","","","0","0","","income-service","","","0","0","","","","","Plotter_Blades","Digital_Print_Cleaning","","","0","Roland-Cleaning-Kit, Cleaning_Pads, Roland-ESM-Cleaning-Cartridge","Roland-Cleaning-Kit, Cleaning_Pads, Roland-ESM-Cleaning-Cartridge","A","","","","","","","","","","","","","","","Roland-Wiper","0","roland,plotter,cutting strip,cutting pad","","","1569518965","0","","0","",""
"CS-Ruler","Safety Ruler","12042","DEFAULT","160","20","CRAFTSTICK","","","","","0","Aluminium Safety Ruler. Half a metre long
","<p>Aluminium Safety Ruler. Half a metre long.</p>
<p>Strong, stable, straight, but above all safe. This allows you to make long cuts with ease, without the fear of the knife jumping and running across your fingers.</p>
<p>The special anti-slip underside ensures perfect stability on every surface.</p>
","CS_SAFETY_RULER.png","CS_SAFETY_RULER.png","INVITEMS","DEFAULT-CS-Ruler-DEFAULT-CS-Ruler","","","0","0","0","","1","REGONLY","0","0","0","0","","","","SELECT","SELECT","0","","","","","0","0","","income-service","","","0","0","","","","","CS-TOOLS","CS-TOOLS","","","0","PENCIL, RIVETBRUSH, GLOVES","","A","","","","","","","","","","","","","","","Safety_Ruler","0","safety ruler,ruler,measure,

","","","1567615631","0","","0","","CHECKBOX"
"CS-SAV-Colour-Change-Bundle","SAV Colour Change Bundle","BUNDLE","DEFAULT","1","0","CRAFTSTICK","","","","","0","Seasonal Bundle of Craft Vinyl in colour change effects. Cut and stick for craft decorations","<p>This is perfect for all you crafters and hobbyists out there. Simply design and produce stickers for virtually anything with our self-adhesive vinyl.</p>
<p>Compatible with all craft cutters such as the Cameo, Cricut, Stika and Skycut plus signmaking plotter cutters from Roland, Graphtec, Mimaki and Mutoh.</p>
<p>You can even cut this material using scissors or on a cutting mat with a scalpel too.</p>
<p>Either way you will be able to make stickers that are long lasting and durable, suitable for use onto glassware, windows, mugs, water bottles, cards, gift tags, invitations, wooden giftware, interior walls etc.</p>
<p>So get designing those cool creations then just cut, peel and stick to make them come alive!
</p><p><strong>Pack contains one sheet or roll of each of the following:</strong><br>
<br>Aurora Colour Change Vinyl<br>
Andromeda Colour Change Vinyl<br>
Alpha Colour Change Vinyl<br>
Plasma Colour Change Vinyl<br>
</p>","CS_SAV_COLOUR_CHANGE_BUNDLE.png","CS_SAV_COLOUR_CHANGE_BUNDLE.png","INVITEMS","DEFAULT-CS-SAV-Colour-Change-Bundle-DEFAULT-CS-SAV-Colour-Change-Bundle","","","0","0","0","","1","REGONLY","0","0","0","0","","","","SELECT","SELECT","0","","","","","0","0","","income-service","","","0","0","","","","","CS-SAV-BUNDLES","CS-SAV-BUNDLES, CS-BUNDLES, CS-SAV-DICHROIC","","","0","CS-Plastic_Squeegee, CS-Olfa_Art_Knife, CS-Olfa_Premium_Art_Knife, CS-Olfa_Cutting_Matt_A3, CS-Olfa_Cutting_Matt_A4, CS-Easy_Cutter, CS-Bubble_Pen, CS-Aslan_Squeegee, CS-Aslan_Red_Devil_Squeegee, CS-Weeding_Hook, CS-Weeding_Tweezers, CS-PAPER-APP-TAPE, CS-CLEAR-APP-TAPE","CS-Plastic_Squeegee, CS-Olfa_Art_Knife, CS-Olfa_Premium_Art_Knife, CS-Olfa_Cutting_Matt_A3, CS-Olfa_Cutting_Matt_A4, CS-Easy_Cutter, CS-Bubble_Pen, CS-Aslan_Squeegee, CS-Aslan_Red_Devil_Squeegee, CS-Weeding_Hook, CS-Weeding_Tweezers,CS-PAPER-APP-TAPE, CS-CLEAR-APP-TAPE","A","","","","","","","","","","","","","","","","0","htv, heat transfer vinyl, flex vinyl, flex, t shirt vinyl, t shirt film, t-shirt film, t-shirt vinyl, t shirt printing, t-shirt printing","","","1617191699","0","","0","",""
"CS-Scrape_Rite","Scrape Rite","SCRA","DEFAULT","25","2","CRAFTSTICK","","","","","0","This handy little scraper is superb at removing stubborn dirt, tar, adhesive residue & even old vinyl without causing scratching.","<p>This handy little scraper is superb at adhesive residue and old vinyl without causing scratching.</p>
<p>Another must have tool for the bag!!</p>","CS_SCRAPERITE.png","CS_SCRAPERITE.png","INVITEMS","DEFAULT-CS-Scrape_Rite-DEFAULT-CS-Scrape_Rite","","","0","0","0","","1","REGONLY","0","0","0","0","","","","SELECT","SELECT","0","","","","","0","0","","income-service","","","0","0","","","","","CS-TOOLS","CS-TOOLS","","","0","4G_Cleaner, IPA_100, Right_Off, Lint-Free-Cloths","","A","","","","","","Squeegees","","","","","","","","","Scrape_Rite_Tool","0","scrape, rite, cleaning, scraperite, scrape tool, remover, remover tool, ","","","1569603831","0","","0","","CHECKBOX"
"CS-Sharps_Box","Olfa Sharps Disposal Box","SHARP","DEFAULT","110","3","CRAFTSTICK","","","","","0","Olfa Sharps Disposal Case","<p>Olfa blade disposal case with door that slides open to use.</p>
<p>Easily fits into a pocket or toolbox.</p>
<p>Overall size: 67mm diameter x 24mm depth</p>


","Olfa-Sharps-Box.jpg","Olfa-Sharps-Box.jpg","INVITEMS","DEFAULT-CS-Sharps_Box-DEFAULT-CS-Sharps_Box","","","0","0","0","","1","REGONLY","0","0","0","0","","","","SELECT","SELECT","0","","","","","0","0","","income-service","","","0","0","","","","","CS-TOOLS","CS-TOOLS","","","0","","","A","","","","","","Cutting","","","","","","","","","Olfa_Sharps_Box","0","Olfa,sharps,box,disposal,","","","1569948911","0","","0","","CHECKBOX"
"CS-ST491-Silver-Starflex","Silver Starflex Heat Transfer Vinyl","ST491","DEFAULT","17","6","CRAFTSTICK","","","","","0","Silver Starflex Heat Transfer Vinyl. Iron or Heatpress onto fabric","<p>This is perfect for all you crafters and hobbyists out there. Simply plan and cut your design to be ironed or heatpressed on to fabric craft items or garments.</p>
<p>Compatible with all craft cutters such as the Cameo, Cricut, Stika and Skycut plus signmaking plotter cutters from Roland, Graphtec, Mimaki and Mutoh.</p>
<p>Produce long lasting and durable designs onto cushions, aprons, throws and blankets as well as t-shirts and baby / kidswear etc.</p>
<p>So get designing those beautiful creations then just cut and iron on to make them come to life!</p>

","ST491-Starflex-Silver.png","ST491-Starflex-Silver.png","INVITEMS","DEFAULT-CS-ST491-Silver-Starflex-DEFAULT-CS-ST491-Silver-Starflex","","","0","0","0","","1","REGONLY","0","0","0","0","","","","SELECT","SELECT","0","","","","","0","0","","income-service","","","0","0","","","","","CS-HTV-GLITTER","CS-HTV-GLITTER, CS-FESTIVE","","","0","CS-Heat_Tape, CS-FLEXOFF, CS-Olfa_Cutting_Matt_A3, CS-Olfa_Cutting_Matt_A4, CS-Olfa_Art_Knife, CS-Weeding_Hook, CS-Weeding_Tweezers","CS-Heat_Tape, CS-FLEXOFF, CS-Olfa_Cutting_Matt_A3, CS-Olfa_Cutting_Matt_A4, CS-Olfa_Art_Knife, CS-Weeding_Hook, CS-Weeding_Tweezers","A","","","","","","","Heat Pressing and Washing Info","<style>

table {

margin: 0 auto 0 auto;
}

table, th, td {
  
  border-collapse: collapse;
padding: 5px;
}
th, td {
  padding: 5px;
  text-align: center; 
  width: 100px;
  height: 50px;
  background-color:#FBA100;
  color: white;
  border-left: 5px solid white;
  border-right: 5px solid white;
}

th {
  border-top-color: white;
  font-size: 15px;
}

td {

padding-bottom: 1em;
border-bottom: 5px solid white;
font-size: 20px;
  
</style>



<table id=""data"">
  <tbody><tr>
    <th>PRESS TEMP</th>
<th>PRESS TIME</th>
<th>PRESSURE</th>
<th>EASY WEED</th>
<th>PEEL</th>
  </tr>
  <tr>
    <td>160<sup>o</sup>C</td>
<td>15 secs</td>
<td>Medium<br></td>
<td><span style=""font-size:30px;"">&#10003;</span></td>
<td>Cool</td>
  </tr>

<tr>
    <th>LAYER</th>
<th>REVERSE IMAGE</th>
<th>WASH</th>
<th>TUMBLE DRY</th>
<th>DRY CLEAN</th>
  </tr>
  <tr>
    <td><span style=""font-size:30px;"">&#10005;</span></td>
<td><span style=""font-size:30px;"">&#10003;</span></td>
<td>40<sup>o</sup>C</td>
<td><span style=""font-size:30px; color: white;"">&#10003;</span></td>
<td><span style=""font-size:30px; color: white;"">&#10005;</span></td>
  </tr>
  </tbody></table>
","","","","","","","Silver_Starflex_Heat_Transfer_Vinyl","0","htv, heat transfer vinyl, flex vinyl, flex, t shirt vinyl, t shirt film, t-shirt film, t-shirt vinyl, t shirt printing, t-shirt printing","","","1568821252","0","","0","","CHECKBOX"
"CS-ST492-Gold-Starflex","Gold Starflex Heat Transfer Vinyl","ST492","DEFAULT","16","6","CRAFTSTICK","","","","","0","Gold Starflex Heat Transfer Vinyl. Iron or Heatpress onto fabric","<p>This is perfect for all you crafters and hobbyists out there. Simply plan and cut your design to be ironed or heatpressed on to fabric craft items or garments.</p>
<p>Compatible with all craft cutters such as the Cameo, Cricut, Stika and Skycut plus signmaking plotter cutters from Roland, Graphtec, Mimaki and Mutoh.</p>
<p>Produce long lasting and durable designs onto cushions, aprons, throws and blankets as well as t-shirts and baby / kidswear etc.</p>
<p>So get designing those beautiful creations then just cut and iron on to make them come to life!</p>

","ST492-Starflex-Gold.png","ST492-Starflex-Gold.png","INVITEMS","DEFAULT-CS-ST492-Gold-Starflex-DEFAULT-CS-ST492-Gold-Starflex","","","0","0","0","","1","REGONLY","0","0","0","0","","","","SELECT","SELECT","0","","","","","0","0","","income-service","","","0","0","","","","","CS-HTV-GLITTER","CS-HTV-GLITTER, CS-FESTIVE","","","0","CS-Heat_Tape, CS-FLEXOFF, CS-Olfa_Cutting_Matt_A3, CS-Olfa_Cutting_Matt_A4, CS-Olfa_Art_Knife, CS-Weeding_Hook, CS-Weeding_Tweezers","CS-Heat_Tape, CS-FLEXOFF, CS-Olfa_Cutting_Matt_A3, CS-Olfa_Cutting_Matt_A4, CS-Olfa_Art_Knife, CS-Weeding_Hook, CS-Weeding_Tweezers","A","","","","","","","Heat Pressing and Washing Info","<style>

table {

margin: 0 auto 0 auto;
}

table, th, td {
  
  border-collapse: collapse;
padding: 5px;
}
th, td {
  padding: 5px;
  text-align: center; 
  width: 100px;
  height: 50px;
  background-color:#FBA100;
  color: white;
  border-left: 5px solid white;
  border-right: 5px solid white;
}

th {
  border-top-color: white;
  font-size: 15px;
}

td {

padding-bottom: 1em;
border-bottom: 5px solid white;
font-size: 20px;
  
</style>



<table id=""data"">
  <tbody><tr>
    <th>PRESS TEMP</th>
<th>PRESS TIME</th>
<th>PRESSURE</th>
<th>EASY WEED</th>
<th>PEEL</th>
  </tr>
  <tr>
    <td>160<sup>o</sup>C</td>
<td>15 secs</td>
<td>Medium<br></td>
<td><span style=""font-size:30px;"">&#10003;</span></td>
<td>Cool</td>
  </tr>

<tr>
    <th>LAYER</th>
<th>REVERSE IMAGE</th>
<th>WASH</th>
<th>TUMBLE DRY</th>
<th>DRY CLEAN</th>
  </tr>
  <tr>
    <td><span style=""font-size:30px;"">&#10005;</span></td>
<td><span style=""font-size:30px;"">&#10003;</span></td>
<td>40<sup>o</sup>C</td>
<td><span style=""font-size:30px; color: white;"">&#10003;</span></td>
<td><span style=""font-size:30px; color: white;"">&#10005;</span></td>
  </tr>
  </tbody></table>
","","","","","","","Gold_Starflex_Heat_Transfer_Vinyl","0","htv, heat transfer vinyl, flex vinyl, flex, t shirt vinyl, t shirt film, t-shirt film, t-shirt vinyl, t shirt printing, t-shirt printing","","","1568821320","0","","0","","CHECKBOX"
"CS-ST494-Blue-Starflex","Blue Starflex Heat Transfer Vinyl","ST494","DEFAULT","15","6","CRAFTSTICK","","","","","0","Blue Starflex Heat Transfer Vinyl. Iron or Heatpress onto fabric","<p>This is perfect for all you crafters and hobbyists out there. Simply plan and cut your design to be ironed or heatpressed on to fabric craft items or garments.</p>
<p>Compatible with all craft cutters such as the Cameo, Cricut, Stika and Skycut plus signmaking plotter cutters from Roland, Graphtec, Mimaki and Mutoh.</p>
<p>Produce long lasting and durable designs onto cushions, aprons, throws and blankets as well as t-shirts and baby / kidswear etc.</p>
<p>So get designing those beautiful creations then just cut and iron on to make them come to life!</p>

","ST494-Starflex-Blue.png","ST494-Starflex-Blue.png","INVITEMS","DEFAULT-CS-ST494-Blue-Starflex-DEFAULT-CS-ST494-Blue-Starflex","","","0","0","0","","1","REGONLY","0","0","0","0","","","","SELECT","SELECT","0","","","","","0","0","","income-service","","","0","0","","","","","CS-HTV-GLITTER","CS-HTV-GLITTER","","","0","CS-Heat_Tape, CS-FLEXOFF, CS-Olfa_Cutting_Matt_A3, CS-Olfa_Cutting_Matt_A4, CS-Olfa_Art_Knife, CS-Weeding_Hook, CS-Weeding_Tweezers","CS-Heat_Tape, CS-FLEXOFF, CS-Olfa_Cutting_Matt_A3, CS-Olfa_Cutting_Matt_A4, CS-Olfa_Art_Knife, CS-Weeding_Hook, CS-Weeding_Tweezers","A","","","","","","","Heat Pressing and Washing Info","<style>

table {

margin: 0 auto 0 auto;
}

table, th, td {
  
  border-collapse: collapse;
padding: 5px;
}
th, td {
  padding: 5px;
  text-align: center; 
  width: 100px;
  height: 50px;
  background-color:#FBA100;
  color: white;
  border-left: 5px solid white;
  border-right: 5px solid white;
}

th {
  border-top-color: white;
  font-size: 15px;
}

td {

padding-bottom: 1em;
border-bottom: 5px solid white;
font-size: 20px;
  
</style>



<table id=""data"">
  <tbody><tr>
    <th>PRESS TEMP</th>
<th>PRESS TIME</th>
<th>PRESSURE</th>
<th>EASY WEED</th>
<th>PEEL</th>
  </tr>
  <tr>
    <td>160<sup>o</sup>C</td>
<td>15 secs</td>
<td>Medium<br></td>
<td><span style=""font-size:30px;"">&#10003;</span></td>
<td>Cool</td>
  </tr>

<tr>
    <th>LAYER</th>
<th>REVERSE IMAGE</th>
<th>WASH</th>
<th>TUMBLE DRY</th>
<th>DRY CLEAN</th>
  </tr>
  <tr>
    <td><span style=""font-size:30px;"">&#10005;</span></td>
<td><span style=""font-size:30px;"">&#10003;</span></td>
<td>40<sup>o</sup>C</td>
<td><span style=""font-size:30px; color: white;"">&#10003;</span></td>
<td><span style=""font-size:30px; color: white;"">&#10005;</span></td>
  </tr>
  </tbody></table>
","","","","","","","Blue_Starflex_Heat_Transfer_Vinyl","0","htv, heat transfer vinyl, flex vinyl, flex, t shirt vinyl, t shirt film, t-shirt film, t-shirt vinyl, t shirt printing, t-shirt printing, blue, starflex, st494, htv, heat transfer, heat-transfer, iron, iron-on, iron on, ironon, ","","","1568821333","0","","0","","CHECKBOX"
"CS-Tygaflor","Tygaflor Sheet","TYGA","DEFAULT","500","6","CRAFTSTICK","","","","","0","A 50cm x 40cm silicon coated woven fabric used as extra protection during heat pressing.","<p>A 50cm x 40cm silicon coated woven fabric used as extra protection during heat pressing.</p>
<p>The sheet can withstand very high temperatures and can be used repeatedly.</p>","Tygaflor.jpg","Tygaflor.jpg","INVITEMS","DEFAULT-CS-Tygaflor-DEFAULT-CS-Tygaflor","","","0","0","0","","1","REGONLY","0","0","0","0","","","","SELECT","SELECT","0","","","","","0","0","","income-service","","","0","0","","","","","CS-HTV-APP-TAPE","CS-HTV-APP-TAPE","","","0","","","A","","","","","","","","","","","","","","","","0","tygaflor,tigerfloor,tigerflor,","","","1578053341","0","","0","","CHECKBOX"
"CS-Weeding_Hook","Hook End Weeding Tool ","WEE2","DEFAULT","30","7","CRAFTSTICK","","","","","0","Make picking and weeding a lot easier by using this hook ended weeding tool.","Make picking and weeding a lot easier by using this hook ended weeding tool.","CS_WEEDING_TOOL.png","CS_WEEDING_TOOL.png, CS_WEEDING_TOOL_2.png","INVITEMS","DEFAULT-CS-Weeding_Hook-DEFAULT-CS-Weeding_Hook","","","0","0","0","","1","REGONLY","0","0","0","0","","","","SELECT","SELECT","0","","","","","0","0","","income-service","","","0","0","","","","","CS-TOOLS","CS-TOOLS","","","0","Weeding_Tweezers","","A","","","","","","Weeding","","","","","","","","","Weeding_Hook_Tool","0","weeding,hook,","","","1569604252","0","","0","","CHECKBOX"
"CS-Weeding_Tweezers","Fine Point Tweezers","TWE","DEFAULT","10","4","CRAFTSTICK","","","","","0","Pointed tip tweezers for accurate weeding","<p>Premium quality weeding tweezers with a fine point.</p>
<p>Great for fine detail work.</p>","CS_TWEEZERS.png","CS_TWEEZERS.png, CS_TWEEZERS_2.png","INVITEMS","DEFAULT-CS-Weeding_Tweezers-DEFAULT-CS-Weeding_Tweezers","","","0","0","0","","1","REGONLY","0","0","0","0","","","","SELECT","SELECT","0","","","","","0","0","","income-service","","","0","0","","","","","CS-TOOLS","CS-TOOLS","","","0","Weeding_Hook","","A","","","","","","Weeding","","","","","","","","","Weeding_Tweezer","0","weeding,tweezers,","","","1569602613","0","","0","","CHECKBOX"
"CS_3101_Smooth_Silver","Smooth Silver Craft Vinyl","3101","DEFAULT","1","4","CRAFTSTICK","","","","","0","Smooth Silver Vinyl. Cut and stick for craft decorations","<p>This is perfect for all you crafters and hobbyists out there. Simply design and produce stickers for glass and acrylic with our etched effect self-adhesive vinyl.</p>
<p>Compatible with all craft cutters such as the Cameo, Cricut, Stika and Skycut plus signmaking plotter cutters from Roland, Graphtec, Mimaki and Mutoh.</p>
<p>You can even cut this material using scissors or on a cutting mat with a scalpel too.</p>
<p>Either way you will be able to make stickers that are long lasting and durable that are suitable for use onto glassware gifts and acrylic.</p>
<p>So get designing those beautiful creations then just cut, peel and stick to make them come alive.</p>
<b><p>•	Suitable for indoor applications or up to 6 months outdoors </p>
<p>•	Permanent adhesive</p>
<p>•	Silver on the reverse </p>
<p>•	Suitable for smooth flat or slightly curved surfaces</p></b>
","3101_Smooth_Silver.png","3101_Smooth_Silver.png","INVITEMS","DEFAULT-CS_3101_Smooth_Silver-DEFAULT-CS_3101_Smooth_Silver","","","0","0","0","","1","REGONLY","0","0","0","0","","","","SELECT","SELECT","0","","","","","0","0","","income-service","","","0","0","","","","","CS-SAV-MET","CS-SAV-MET, CS-FESTIVE","","","0","CS-Plastic_Squeegee, CS-Olfa_Art_Knife, CS-Olfa_Premium_Art_Knife, CS-Olfa_Cutting_Matt_A3, CS-Olfa_Cutting_Matt_A4, CS-Easy_Cutter, CS-Bubble_Pen, CS-Aslan_Squeegee, CS-Aslan_Red_Devil_Squeegee, CS-Weeding_Hook, CS-Weeding_Tweezers, CS-PAPER-APP-TAPE, CS-CLEAR-APP-TAPE","CS-Plastic_Squeegee, CS-Olfa_Art_Knife, CS-Olfa_Premium_Art_Knife, CS-Olfa_Cutting_Matt_A3, CS-Olfa_Cutting_Matt_A4, CS-Easy_Cutter, CS-Bubble_Pen, CS-Aslan_Squeegee, CS-Aslan_Red_Devil_Squeegee, CS-Weeding_Hook, CS-Weeding_Tweezers,CS-PAPER-APP-TAPE, CS-CLEAR-APP-TAPE","A","","","","","","Polished","","","","","","","","","Smooth_Silver_Craft_Vinyl","0","metal,metallic","","","1560523504","0","","0","",""
"CS_3102_Smooth_Gold","Smooth Gold Craft Vinyl","3102","DEFAULT","2","4","CRAFTSTICK","","","","","0","Smooth Gold Vinyl. Cut and stick for craft decorations","<p>This is perfect for all you crafters and hobbyists out there. Simply design and produce stickers for glass and acrylic with our etched effect self-adhesive vinyl.</p>
<p>Compatible with all craft cutters such as the Cameo, Cricut, Stika and Skycut plus signmaking plotter cutters from Roland, Graphtec, Mimaki and Mutoh.</p>
<p>You can even cut this material using scissors or on a cutting mat with a scalpel too.</p>
<p>Either way you will be able to make stickers that are long lasting and durable that are suitable for use onto glassware gifts and acrylic.</p>
<p>So get designing those beautiful creations then just cut, peel and stick to make them come alive.</p>
<b><p>•	Suitable for indoor applications or up to 6 months outdoors </p>
<p>•	Permanent adhesive</p>
<p>•	Silver on the reverse </p>
<p>•	Suitable for smooth flat or slightly curved surfaces</p></b>
","3102_Smooth_Gold.png","3102_Smooth_Gold.png","INVITEMS","DEFAULT-CS_3102_Smooth_Gold-DEFAULT-CS_3102_Smooth_Gold","","","0","0","0","","1","REGONLY","0","0","0","0","","","","SELECT","SELECT","0","","","","","0","0","","income-service","","","0","0","","","","","CS-SAV-MET","CS-SAV-MET, CS-FESTIVE, CS-VALENTINES","","","0","CS-Plastic_Squeegee, CS-Olfa_Art_Knife, CS-Olfa_Premium_Art_Knife, CS-Olfa_Cutting_Matt_A3, CS-Olfa_Cutting_Matt_A4, CS-Easy_Cutter, CS-Bubble_Pen, CS-Aslan_Squeegee, CS-Aslan_Red_Devil_Squeegee, CS-Weeding_Hook, CS-Weeding_Tweezers, CS-PAPER-APP-TAPE, CS-CLEAR-APP-TAPE","CS-Plastic_Squeegee, CS-Olfa_Art_Knife, CS-Olfa_Premium_Art_Knife, CS-Olfa_Cutting_Matt_A3, CS-Olfa_Cutting_Matt_A4, CS-Easy_Cutter, CS-Bubble_Pen, CS-Aslan_Squeegee, CS-Aslan_Red_Devil_Squeegee, CS-Weeding_Hook, CS-Weeding_Tweezers,CS-PAPER-APP-TAPE, CS-CLEAR-APP-TAPE","A","","","","","","Polished","","","","","","","","","Smooth_Gold_Craft_Vinyl","0","metal, metallic","","","1560768821","0","","0","","CHECKBOX"
"CS_6630_Andromeda","Andromeda Colour Change Craft Vinyl","6630","DEFAULT","2","10","CRAFTSTICK","","","","","0","Andromeda Colour Change Film Vinyl. Cut and stick for craft decorations","<p>This is perfect for all you crafters and hobbyists out there. Simply design and produce stickers for glass and acrylic with our etched effect self-adhesive vinyl.</p>
<p>Compatible with all craft cutters such as the Cameo, Cricut, Stika and Skycut plus signmaking plotter cutters from Roland, Graphtec, Mimaki and Mutoh.</p>
<p>You can even cut this material using scissors or on a cutting mat with a scalpel too.</p>
<p>Either way you will be able to make stickers that are long lasting and durable that are suitable for use onto glassware gifts and acrylic.</p>
<p>So get designing those beautiful creations then just cut, peel and stick to make them come alive.</p>
<p><b>•	Suitable for indoor applications </p>
<p>•	Permanent adhesive </p>
<p>•	Black on the reverse </p>
<p>•	Suitable for smooth flat or slightly curved surfaces </p></b>
","Andromeda.png","Andromeda.png","INVITEMS","DEFAULT-CS_6630_Andromeda-DEFAULT-CS_6630_Andromeda","","","0","0","0","","1","REGONLY","0","0","0","0","","","","SELECT","SELECT","0","","","","","0","0","","income-service","","","0","0","","","","","CS-SAV-DICHROIC","CS-SAV-DICHROIC, CS-AUTUMN, CS-VALENTINES","","","0","CS-Plastic_Squeegee, CS-Olfa_Art_Knife, CS-Olfa_Premium_Art_Knife, CS-Olfa_Cutting_Matt_A3, CS-Olfa_Cutting_Matt_A4, CS-Easy_Cutter, CS-Bubble_Pen, CS-Aslan_Squeegee, CS-Aslan_Red_Devil_Squeegee, CS-Weeding_Hook, CS-Weeding_Tweezers, CS-PAPER-APP-TAPE, CS-CLEAR-APP-TAPE","CS-Plastic_Squeegee, CS-Olfa_Art_Knife, CS-Olfa_Premium_Art_Knife, CS-Olfa_Cutting_Matt_A3, CS-Olfa_Cutting_Matt_A4, CS-Easy_Cutter, CS-Bubble_Pen, CS-Aslan_Squeegee, CS-Aslan_Red_Devil_Squeegee, CS-Weeding_Hook, CS-Weeding_Tweezers,CS-PAPER-APP-TAPE, CS-CLEAR-APP-TAPE","A","","","","","","","","","","","","","","","Andromeda_Colour_Change_Craft_Vinyl","0","colour change,iridescent,dichroic","","","1566484930","0","","0","",""
"CS_6641_Aurora","Aurora Colour Change Craft Vinyl","6641","DEFAULT","1","10","CRAFTSTICK","","","","","0","Aurora Colour Change Film Vinyl. Cut and stick for craft decorations","<p>This is perfect for all you crafters and hobbyists out there. Simply design and produce stickers for glass and acrylic with our etched effect self-adhesive vinyl.</p>
<p>Compatible with all craft cutters such as the Cameo, Cricut, Stika and Skycut plus signmaking plotter cutters from Roland, Graphtec, Mimaki and Mutoh.</p>
<p>You can even cut this material using scissors or on a cutting mat with a scalpel too.</p>
<p>Either way you will be able to make stickers that are long lasting and durable that are suitable for use onto glassware gifts and acrylic.</p>
<p>So get designing those beautiful creations then just cut, peel and stick to make them come alive.</p>
<b><p>•	Suitable for indoor applications </p>
<p>•	Permanent adhesive </p>
<p>•	White on the reverse </p>
<p>•	Suitable for smooth flat or slightly curved surfaces </p></b>

","Aurora.png","Aurora.png","INVITEMS","DEFAULT-CS_6641_Aurora-DEFAULT-CS_6641_Aurora","","","0","0","0","","1","REGONLY","0","0","0","0","","","","SELECT","SELECT","0","","","","","0","0","","income-service","","","0","0","","","","","CS-SAV-DICHROIC","CS-SAV-DICHROIC, CS-MOTHERS","","","0","CS-Plastic_Squeegee, CS-Olfa_Art_Knife, CS-Olfa_Premium_Art_Knife, CS-Olfa_Cutting_Matt_A3, CS-Olfa_Cutting_Matt_A4, CS-Easy_Cutter, CS-Bubble_Pen, CS-Aslan_Squeegee, CS-Aslan_Red_Devil_Squeegee, CS-Weeding_Hook, CS-Weeding_Tweezers, CS-PAPER-APP-TAPE, CS-CLEAR-APP-TAPE","CS-Plastic_Squeegee, CS-Olfa_Art_Knife, CS-Olfa_Premium_Art_Knife, CS-Olfa_Cutting_Matt_A3, CS-Olfa_Cutting_Matt_A4, CS-Easy_Cutter, CS-Bubble_Pen, CS-Aslan_Squeegee, CS-Aslan_Red_Devil_Squeegee, CS-Weeding_Hook, CS-Weeding_Tweezers,CS-PAPER-APP-TAPE, CS-CLEAR-APP-TAPE","A","","","","","","","","","","","","","","","Aurora_Colour_Change_Craft_Vinyl","0","colour change,iridescent,dichroic","","","1564672379","0","","0","",""
"CS_6651_Alpha","Alpha Colour Change Craft Vinyl","6651","DEFAULT","3","10","CRAFTSTICK","","","","","0","Alpha Colour Change Film Vinyl. Cut and stick for craft decorations","<p>This is perfect for all you crafters and hobbyists out there. Simply design and produce stickers for glass and acrylic with our etched effect self-adhesive vinyl.</p>
<p>Compatible with all craft cutters such as the Cameo, Cricut, Stika and Skycut plus signmaking plotter cutters from Roland, Graphtec, Mimaki and Mutoh.</p>
<p>You can even cut this material using scissors or on a cutting mat with a scalpel too.</p>
<p>Either way you will be able to make stickers that are long lasting and durable that are suitable for use onto glassware gifts and acrylic.</p>
<p>So get designing those beautiful creations then just cut, peel and stick to make them come alive.</p>
<b><p>•	Suitable for indoor applications </p>
<p>•	Permanent adhesive </p>
<p>•	White on the reverse</p>
<p>•	Suitable for smooth flat or slightly curved surfaces</p></b>

","Alpha.png","Alpha.png","INVITEMS","DEFAULT-CS_6651_Alpha-DEFAULT-CS_6651_Alpha","","","0","0","0","","1","REGONLY","0","0","0","0","","","","SELECT","SELECT","0","","","","","0","0","","income-service","","","0","0","","","","","CS-SAV-DICHROIC","CS-SAV-DICHROIC, CS-MOTHERS","","","0","CS-Plastic_Squeegee, CS-Olfa_Art_Knife, CS-Olfa_Premium_Art_Knife, CS-Olfa_Cutting_Matt_A3, CS-Olfa_Cutting_Matt_A4, CS-Easy_Cutter, CS-Bubble_Pen, CS-Aslan_Squeegee, CS-Aslan_Red_Devil_Squeegee, CS-Weeding_Hook, CS-Weeding_Tweezers, CS-PAPER-APP-TAPE, CS-CLEAR-APP-TAPE","CS-Plastic_Squeegee, CS-Olfa_Art_Knife, CS-Olfa_Premium_Art_Knife, CS-Olfa_Cutting_Matt_A3, CS-Olfa_Cutting_Matt_A4, CS-Easy_Cutter, CS-Bubble_Pen, CS-Aslan_Squeegee, CS-Aslan_Red_Devil_Squeegee, CS-Weeding_Hook, CS-Weeding_Tweezers,CS-PAPER-APP-TAPE, CS-CLEAR-APP-TAPE","A","","","","","","","","","","","","","","","Alpha_Colour_Change_Craft_Vinyl","0","colour change,iridescent,dichroic","","","1571647903","0","","0","",""
"CS_6652_Plasma","Plasma Colour Change Craft Vinyl","6652","DEFAULT","4","10","CRAFTSTICK","","","","","0","Plasma Colour Change Film Vinyl. Cut and stick for craft decorations","<p>This is perfect for all you crafters and hobbyists out there. Simply design and produce stickers for glass and acrylic with our etched effect self-adhesive vinyl.</p>
<p>Compatible with all craft cutters such as the Cameo, Cricut, Stika and Skycut plus signmaking plotter cutters from Roland, Graphtec, Mimaki and Mutoh.</p>
<p>You can even cut this material using scissors or on a cutting mat with a scalpel too.</p>
<p>Either way you will be able to make stickers that are long lasting and durable that are suitable for use onto glassware gifts and acrylic.</p>
<p>So get designing those beautiful creations then just cut, peel and stick to make them come alive.</p>
<p><b>•	Suitable for indoor applications </p>
<p>•	Permanent adhesive </p>
<p>•	Black on the reverse </p>
<p>•	Suitable for smooth flat or slightly curved surfaces </p></b>

","Plasma.png","Plasma.png","INVITEMS","DEFAULT-CS_6652_Plasma-DEFAULT-CS_6652_Plasma","","","0","0","0","","1","REGONLY","0","0","0","0","","","","SELECT","SELECT","0","","","","","0","0","","income-service","","","0","0","","","","","CS-SAV-DICHROIC","CS-SAV-DICHROIC","","","0","CS-Plastic_Squeegee, CS-Olfa_Art_Knife, CS-Olfa_Premium_Art_Knife, CS-Olfa_Cutting_Matt_A3, CS-Olfa_Cutting_Matt_A4, CS-Easy_Cutter, CS-Bubble_Pen, CS-Aslan_Squeegee, CS-Aslan_Red_Devil_Squeegee, CS-Weeding_Hook, CS-Weeding_Tweezers, CS-PAPER-APP-TAPE, CS-CLEAR-APP-TAPE","CS-Plastic_Squeegee, CS-Olfa_Art_Knife, CS-Olfa_Premium_Art_Knife, CS-Olfa_Cutting_Matt_A3, CS-Olfa_Cutting_Matt_A4, CS-Easy_Cutter, CS-Bubble_Pen, CS-Aslan_Squeegee, CS-Aslan_Red_Devil_Squeegee, CS-Weeding_Hook, CS-Weeding_Tweezers,CS-PAPER-APP-TAPE, CS-CLEAR-APP-TAPE","A","","","","","","","","","","","","","","","Plasma_Colour_Change_Craft_Vinyl","0","colour change,iridescent,dichroic","","","1566484842","0","","0","",""
"CS_7357_Diamond","Diamond Craft Vinyl","7357","DEFAULT","11","1","CRAFTSTICK","","","","","0","Diamond Vinyl. Cut and stick for craft decorations","<p>This is perfect for all you crafters and hobbyists out there. Simply design and produce stickers for glass and acrylic with our etched effect self-adhesive vinyl.</p>
<p>Compatible with all craft cutters such as the Cameo, Cricut, Stika and Skycut plus signmaking plotter cutters from Roland, Graphtec, Mimaki and Mutoh.</p>
<p>You can even cut this material using scissors or on a cutting mat with a scalpel too.</p>
<p>Either way you will be able to make stickers that are long lasting and durable that are suitable for use onto glassware gifts and acrylic.</p>
<p>So get designing those beautiful creations then just cut, peel and stick to make them come alive.</p>
<b><p>•	5 year outdoor durability </p>
<p>•	Permanent grey adhesive </p>
<p>•	Suitable for smooth flat, curved or contoured surfaces</p></b>
","7357-Diamond.png","7357-Diamond.png","INVITEMS","DEFAULT-CS_7357_Diamond-DEFAULT-CS_7357_Diamond","","","0","0","0","","1","REGONLY","0","0","0","0","","","","SELECT","SELECT","0","","","","","0","0","","income-service","","","0","0","","","","","CS-SAV-METALLIC","CS-SAV-METALLIC, CS-FESTIVE","","","0","CS-Plastic_Squeegee, CS-Olfa_Art_Knife, CS-Olfa_Premium_Art_Knife, CS-Olfa_Cutting_Matt_A3, CS-Olfa_Cutting_Matt_A4, CS-Easy_Cutter, CS-Bubble_Pen, CS-Aslan_Squeegee, CS-Aslan_Red_Devil_Squeegee, CS-Weeding_Hook, CS-Weeding_Tweezers, CS-PAPER-APP-TAPE, CS-CLEAR-APP-TAPE","CS-Plastic_Squeegee, CS-Olfa_Art_Knife, CS-Olfa_Premium_Art_Knife, CS-Olfa_Cutting_Matt_A3, CS-Olfa_Cutting_Matt_A4, CS-Easy_Cutter, CS-Bubble_Pen, CS-Aslan_Squeegee, CS-Aslan_Red_Devil_Squeegee, CS-Weeding_Hook, CS-Weeding_Tweezers,CS-PAPER-APP-TAPE, CS-CLEAR-APP-TAPE","N","","","","","","","","","","","","","","","Diamond_Craft_Vinyl","0","gemstone, metallic, glitter","","","1782136482","0","","0","","CHECKBOX"
"CS_7591_Smoky_Quartz","Smoky Quartz Craft Vinyl","7591","DEFAULT","5","1","CRAFTSTICK","","","","","0","Smoky Quartz Vinyl. Cut and stick for craft decorations","<p>This is perfect for all you crafters and hobbyists out there. Simply design and produce stickers for glass and acrylic with our etched effect self-adhesive vinyl.</p>
<p>Compatible with all craft cutters such as the Cameo, Cricut, Stika and Skycut plus signmaking plotter cutters from Roland, Graphtec, Mimaki and Mutoh.</p>
<p>You can even cut this material using scissors or on a cutting mat with a scalpel too.</p>
<p>Either way you will be able to make stickers that are long lasting and durable that are suitable for use onto glassware gifts and acrylic.</p>
<p>So get designing those beautiful creations then just cut, peel and stick to make them come alive.</p>
<b><p>•	5 year outdoor durability </p>
<p>•	Permanent grey adhesive </p>
<p>•	Suitable for smooth flat, curved or contoured surfaces</p></b>
","7591-Smoky-Quartz.png","7591-Smoky-Quartz.png","INVITEMS","DEFAULT-CS_7591_Smoky_Quartz-DEFAULT-CS_7591_Smoky_Quartz","","","0","0","0","","1","REGONLY","0","0","0","0","","","","SELECT","SELECT","0","","","","","0","0","","income-service","","","0","0","","","","","CS-SAV-METALLIC","CS-SAV-METALLIC, CS-FESTIVE","","","0","CS-Plastic_Squeegee, CS-Olfa_Art_Knife, CS-Olfa_Premium_Art_Knife, CS-Olfa_Cutting_Matt_A3, CS-Olfa_Cutting_Matt_A4, CS-Easy_Cutter, CS-Bubble_Pen, CS-Aslan_Squeegee, CS-Aslan_Red_Devil_Squeegee, CS-Weeding_Hook, CS-Weeding_Tweezers, CS-PAPER-APP-TAPE, CS-CLEAR-APP-TAPE","CS-Plastic_Squeegee, CS-Olfa_Art_Knife, CS-Olfa_Premium_Art_Knife, CS-Olfa_Cutting_Matt_A3, CS-Olfa_Cutting_Matt_A4, CS-Easy_Cutter, CS-Bubble_Pen, CS-Aslan_Squeegee, CS-Aslan_Red_Devil_Squeegee, CS-Weeding_Hook, CS-Weeding_Tweezers,CS-PAPER-APP-TAPE, CS-CLEAR-APP-TAPE","A","","","","","","","","","","","","","","","Smoky_Quartz_Craft_Vinyl","0","gemstone, metallic, glitter","","","","0","","0","",""
"CS_7667_Azurite","Azurite Craft Vinyl","7667","DEFAULT","6","1","CRAFTSTICK","","","","","0","Azurite Vinyl. Cut and stick for craft decorations","<p>This is perfect for all you crafters and hobbyists out there. Simply design and produce stickers for glass and acrylic with our etched effect self-adhesive vinyl.</p>
<p>Compatible with all craft cutters such as the Cameo, Cricut, Stika and Skycut plus signmaking plotter cutters from Roland, Graphtec, Mimaki and Mutoh.</p>
<p>You can even cut this material using scissors or on a cutting mat with a scalpel too.</p>
<p>Either way you will be able to make stickers that are long lasting and durable that are suitable for use onto glassware gifts and acrylic.</p>
<p>So get designing those beautiful creations then just cut, peel and stick to make them come alive.</p>
<b><p>•	5 year outdoor durability </p>
<p>•	Permanent grey adhesive </p>
<p>•	Suitable for smooth flat, curved or contoured surfaces</p></b>
","7667-Azurite.png","7667-Azurite.png","INVITEMS","DEFAULT-CS_7667_Azurite-DEFAULT-CS_7667_Azurite","","","0","0","0","","1","REGONLY","0","0","0","0","","","","SELECT","SELECT","0","","","","","0","0","","income-service","","","0","0","","","","","CS-SAV-METALLIC","CS-SAV-METALLIC","","","0","CS-Plastic_Squeegee, CS-Olfa_Art_Knife, CS-Olfa_Premium_Art_Knife, CS-Olfa_Cutting_Matt_A3, CS-Olfa_Cutting_Matt_A4, CS-Easy_Cutter, CS-Bubble_Pen, CS-Aslan_Squeegee, CS-Aslan_Red_Devil_Squeegee, CS-Weeding_Hook, CS-Weeding_Tweezers, CS-PAPER-APP-TAPE, CS-CLEAR-APP-TAPE","CS-Plastic_Squeegee, CS-Olfa_Art_Knife, CS-Olfa_Premium_Art_Knife, CS-Olfa_Cutting_Matt_A3, CS-Olfa_Cutting_Matt_A4, CS-Easy_Cutter, CS-Bubble_Pen, CS-Aslan_Squeegee, CS-Aslan_Red_Devil_Squeegee, CS-Weeding_Hook, CS-Weeding_Tweezers,CS-PAPER-APP-TAPE, CS-CLEAR-APP-TAPE","A","","","","","","","","","","","","","","","Azurite_Craft_Vinyl","0","gemstone, metallic, glitter","","","","0","","0","",""
"CS_7668_Beryl","Beryl Craft Vinyl","7668","DEFAULT","12","1","CRAFTSTICK","","","","","0","Beryl Vinyl. Cut and stick for craft decorations","<p>This is perfect for all you crafters and hobbyists out there. Simply design and produce stickers for glass and acrylic with our etched effect self-adhesive vinyl.</p>
<p>Compatible with all craft cutters such as the Cameo, Cricut, Stika and Skycut plus signmaking plotter cutters from Roland, Graphtec, Mimaki and Mutoh.</p>
<p>You can even cut this material using scissors or on a cutting mat with a scalpel too.</p>
<p>Either way you will be able to make stickers that are long lasting and durable that are suitable for use onto glassware gifts and acrylic.</p>
<p>So get designing those beautiful creations then just cut, peel and stick to make them come alive.</p>
<b><p>•	5 year outdoor durability </p>
<p>•	Permanent grey adhesive </p>
<p>•	Suitable for smooth flat, curved or contoured surfaces</p></b>
","7668-Beryl.png","7668-Beryl.png","INVITEMS","DEFAULT-CS_7668_Beryl-DEFAULT-CS_7668_Beryl","","","0","0","0","","1","REGONLY","0","0","0","0","","","","SELECT","SELECT","0","","","","","0","0","","income-service","","","0","0","","","","","CS-SAV-METALLIC","CS-SAV-METALLIC","","","0","CS-Plastic_Squeegee, CS-Olfa_Art_Knife, CS-Olfa_Premium_Art_Knife, CS-Olfa_Cutting_Matt_A3, CS-Olfa_Cutting_Matt_A4, CS-Easy_Cutter, CS-Bubble_Pen, CS-Aslan_Squeegee, CS-Aslan_Red_Devil_Squeegee, CS-Weeding_Hook, CS-Weeding_Tweezers, CS-PAPER-APP-TAPE, CS-CLEAR-APP-TAPE","CS-Plastic_Squeegee, CS-Olfa_Art_Knife, CS-Olfa_Premium_Art_Knife, CS-Olfa_Cutting_Matt_A3, CS-Olfa_Cutting_Matt_A4, CS-Easy_Cutter, CS-Bubble_Pen, CS-Aslan_Squeegee, CS-Aslan_Red_Devil_Squeegee, CS-Weeding_Hook, CS-Weeding_Tweezers,CS-PAPER-APP-TAPE, CS-CLEAR-APP-TAPE","A","","","","","","","","","","","","","","","Beryl_Craft_Vinyl","0","gemstone, metallic, glitter","","","1578923560","0","","0","",""
"CS_7669_Rose_Quartz","Rose Quartz Craft Vinyl","7669","DEFAULT","13","1","CRAFTSTICK","","","","","0","Rose Quartz Vinyl. Cut and stick for craft decorations","<p>This is perfect for all you crafters and hobbyists out there. Simply design and produce stickers for glass and acrylic with our etched effect self-adhesive vinyl.</p>
<p>Compatible with all craft cutters such as the Cameo, Cricut, Stika and Skycut plus signmaking plotter cutters from Roland, Graphtec, Mimaki and Mutoh.</p>
<p>You can even cut this material using scissors or on a cutting mat with a scalpel too.</p>
<p>Either way you will be able to make stickers that are long lasting and durable that are suitable for use onto glassware gifts and acrylic.</p>
<p>So get designing those beautiful creations then just cut, peel and stick to make them come alive.</p>
<b><p>•	5 year outdoor durability </p>
<p>•	Permanent grey adhesive </p>
<p>•	Suitable for smooth flat, curved or contoured surfaces</p></b>
","7669-Rose-Quartz.png","7669-Rose-Quartz.png","INVITEMS","DEFAULT-CS_7669_Rose_Quartz-DEFAULT-CS_7669_Rose_Quartz","","","0","0","0","","1","REGONLY","0","0","0","0","","","","SELECT","SELECT","0","","","","","0","0","","income-service","","","0","0","","","","","CS-SAV-METALLIC","CS-SAV-METALLIC, CS-VALENTINES","","","0","CS-Plastic_Squeegee, CS-Olfa_Art_Knife, CS-Olfa_Premium_Art_Knife, CS-Olfa_Cutting_Matt_A3, CS-Olfa_Cutting_Matt_A4, CS-Easy_Cutter, CS-Bubble_Pen, CS-Aslan_Squeegee, CS-Aslan_Red_Devil_Squeegee, CS-Weeding_Hook, CS-Weeding_Tweezers, CS-PAPER-APP-TAPE, CS-CLEAR-APP-TAPE","CS-Plastic_Squeegee, CS-Olfa_Art_Knife, CS-Olfa_Premium_Art_Knife, CS-Olfa_Cutting_Matt_A3, CS-Olfa_Cutting_Matt_A4, CS-Easy_Cutter, CS-Bubble_Pen, CS-Aslan_Squeegee, CS-Aslan_Red_Devil_Squeegee, CS-Weeding_Hook, CS-Weeding_Tweezers,CS-PAPER-APP-TAPE, CS-CLEAR-APP-TAPE","A","","","","","","","","","","","","","","","Rose_Quartz_Craft_Vinyl","0","gemstone, metallic, glitter","","","","0","","0","",""
"CS_7671_Cinnabar","Cinnabar Craft Vinyl","7671","DEFAULT","7","1","CRAFTSTICK","","","","","0","Cinnabar Vinyl. Cut and stick for craft decorations","<p>This is perfect for all you crafters and hobbyists out there. Simply design and produce stickers for glass and acrylic with our etched effect self-adhesive vinyl.</p>
<p>Compatible with all craft cutters such as the Cameo, Cricut, Stika and Skycut plus signmaking plotter cutters from Roland, Graphtec, Mimaki and Mutoh.</p>
<p>You can even cut this material using scissors or on a cutting mat with a scalpel too.</p>
<p>Either way you will be able to make stickers that are long lasting and durable that are suitable for use onto glassware gifts and acrylic.</p>
<p>So get designing those beautiful creations then just cut, peel and stick to make them come alive.</p>
<b><p>•	5 year outdoor durability </p>
<p>•	Permanent grey adhesive </p>
<p>•	Suitable for smooth flat, curved or contoured surfaces</p></b>
","7671-Cinnabar.png","7671-Cinnabar.png","INVITEMS","DEFAULT-CS_7671_Cinnabar-DEFAULT-CS_7671_Cinnabar","","","0","0","0","","1","REGONLY","0","0","0","0","","","","SELECT","SELECT","0","","","","","0","0","","income-service","","","0","0","","","","","CS-SAV-METALLIC","CS-SAV-METALLIC, CS-AUTUMN","","","0","CS-Plastic_Squeegee, CS-Olfa_Art_Knife, CS-Olfa_Premium_Art_Knife, CS-Olfa_Cutting_Matt_A3, CS-Olfa_Cutting_Matt_A4, CS-Easy_Cutter, CS-Bubble_Pen, CS-Aslan_Squeegee, CS-Aslan_Red_Devil_Squeegee, CS-Weeding_Hook, CS-Weeding_Tweezers, CS-PAPER-APP-TAPE, CS-CLEAR-APP-TAPE","CS-Plastic_Squeegee, CS-Olfa_Art_Knife, CS-Olfa_Premium_Art_Knife, CS-Olfa_Cutting_Matt_A3, CS-Olfa_Cutting_Matt_A4, CS-Easy_Cutter, CS-Bubble_Pen, CS-Aslan_Squeegee, CS-Aslan_Red_Devil_Squeegee, CS-Weeding_Hook, CS-Weeding_Tweezers,CS-PAPER-APP-TAPE, CS-CLEAR-APP-TAPE","A","","","","","","","","","","","","","","","Cinnabar_Craft_Vinyl","0","gemstone, metallic, glitter","","","1570461355","0","","0","",""
"CS_7672_Sapphire_Blue","Sapphire Blue Craft Vinyl","7672","DEFAULT","3","1","CRAFTSTICK","","","","","0","Sapphire Blue Vinyl. Cut and stick for craft decorations","<p>This is perfect for all you crafters and hobbyists out there. Simply design and produce stickers for glass and acrylic with our etched effect self-adhesive vinyl.</p>
<p>Compatible with all craft cutters such as the Cameo, Cricut, Stika and Skycut plus signmaking plotter cutters from Roland, Graphtec, Mimaki and Mutoh.</p>
<p>You can even cut this material using scissors or on a cutting mat with a scalpel too.</p>
<p>Either way you will be able to make stickers that are long lasting and durable that are suitable for use onto glassware gifts and acrylic.</p>
<p>So get designing those beautiful creations then just cut, peel and stick to make them come alive.</p>
<b><p>•	5 year outdoor durability </p>
<p>•	Permanent grey adhesive </p>
<p>•	Suitable for smooth flat, curved or contoured surfaces</p></b>
","7672-Sapphire-Blue.png","7672-Sapphire-Blue.png","INVITEMS","DEFAULT-CS_7672_Sapphire_Blue-DEFAULT-CS_7672_Sapphire_Blue","","","0","0","0","","1","REGONLY","0","0","0","0","","","","SELECT","SELECT","0","","","","","0","0","","income-service","","","0","0","","","","","CS-SAV-METALLIC","CS-SAV-METALLIC","","","0","CS-Plastic_Squeegee, CS-Olfa_Art_Knife, CS-Olfa_Premium_Art_Knife, CS-Olfa_Cutting_Matt_A3, CS-Olfa_Cutting_Matt_A4, CS-Easy_Cutter, CS-Bubble_Pen, CS-Aslan_Squeegee, CS-Aslan_Red_Devil_Squeegee, CS-Weeding_Hook, CS-Weeding_Tweezers, CS-PAPER-APP-TAPE, CS-CLEAR-APP-TAPE","CS-Plastic_Squeegee, CS-Olfa_Art_Knife, CS-Olfa_Premium_Art_Knife, CS-Olfa_Cutting_Matt_A3, CS-Olfa_Cutting_Matt_A4, CS-Easy_Cutter, CS-Bubble_Pen, CS-Aslan_Squeegee, CS-Aslan_Red_Devil_Squeegee, CS-Weeding_Hook, CS-Weeding_Tweezers,CS-PAPER-APP-TAPE, CS-CLEAR-APP-TAPE","A","","","","","","","","","","","","","","","Sapphire_Blue_Craft_Vinyl","0","gemstone, metallic, glitter","","","","0","","0","",""
"CS_7673_Amethyst","Amethyst Craft Vinyl","7673","DEFAULT","4","1","CRAFTSTICK","","","","","0","Amethyst Vinyl. Cut and stick for craft decorations","<p>This is perfect for all you crafters and hobbyists out there. Simply design and produce stickers for glass and acrylic with our etched effect self-adhesive vinyl.</p>
<p>Compatible with all craft cutters such as the Cameo, Cricut, Stika and Skycut plus signmaking plotter cutters from Roland, Graphtec, Mimaki and Mutoh.</p>
<p>You can even cut this material using scissors or on a cutting mat with a scalpel too.</p>
<p>Either way you will be able to make stickers that are long lasting and durable that are suitable for use onto glassware gifts and acrylic.</p>
<p>So get designing those beautiful creations then just cut, peel and stick to make them come alive.</p>
<b><p>•	5 year outdoor durability </p>
<p>•	Permanent grey adhesive </p>
<p>•	Suitable for smooth flat, curved or contoured surfaces</p></b>
","7673-Amethyst.png","7673-Amethyst.png","INVITEMS","DEFAULT-CS_7673_Amethyst-DEFAULT-CS_7673_Amethyst","","","0","0","0","","1","REGONLY","0","0","0","0","","","","SELECT","SELECT","0","","","","","0","0","","income-service","","","0","0","","","","","CS-SAV-METALLIC","CS-SAV-METALLIC","","","0","CS-Plastic_Squeegee, CS-Olfa_Art_Knife, CS-Olfa_Premium_Art_Knife, CS-Olfa_Cutting_Matt_A3, CS-Olfa_Cutting_Matt_A4, CS-Easy_Cutter, CS-Bubble_Pen, CS-Aslan_Squeegee, CS-Aslan_Red_Devil_Squeegee, CS-Weeding_Hook, CS-Weeding_Tweezers, CS-PAPER-APP-TAPE, CS-CLEAR-APP-TAPE","CS-Plastic_Squeegee, CS-Olfa_Art_Knife, CS-Olfa_Premium_Art_Knife, CS-Olfa_Cutting_Matt_A3, CS-Olfa_Cutting_Matt_A4, CS-Easy_Cutter, CS-Bubble_Pen, CS-Aslan_Squeegee, CS-Aslan_Red_Devil_Squeegee, CS-Weeding_Hook, CS-Weeding_Tweezers,CS-PAPER-APP-TAPE, CS-CLEAR-APP-TAPE","A","","","","","","","","","","","","","","","Amethyst_Craft_Vinyl","0","gemstone, metallic, glitter","","","","0","","0","",""
"CS_7684_Topaz","Topaz Craft Vinyl","7684","DEFAULT","2","1","CRAFTSTICK","","","","","0","Topaz Vinyl. Cut and stick for craft decorations","<p>This is perfect for all you crafters and hobbyists out there. Simply design and produce stickers for glass and acrylic with our etched effect self-adhesive vinyl.</p>
<p>Compatible with all craft cutters such as the Cameo, Cricut, Stika and Skycut plus signmaking plotter cutters from Roland, Graphtec, Mimaki and Mutoh.</p>
<p>You can even cut this material using scissors or on a cutting mat with a scalpel too.</p>
<p>Either way you will be able to make stickers that are long lasting and durable that are suitable for use onto glassware gifts and acrylic.</p>
<p>So get designing those beautiful creations then just cut, peel and stick to make them come alive.</p>
<b><p>•	5 year outdoor durability </p>
<p>•	Permanent grey adhesive </p>
<p>•	Suitable for smooth flat, curved or contoured surfaces</p></b>
","7684-Topaz.png","7684-Topaz.png","INVITEMS","DEFAULT-CS_7684_Topaz-DEFAULT-CS_7684_Topaz","","","0","0","0","","1","REGONLY","0","0","0","0","","","","SELECT","SELECT","0","","","","","0","0","","income-service","","","0","0","","","","","CS-SAV-METALLIC","CS-SAV-METALLIC, CS-FESTIVE, CS-VALENTINES","","","0","CS-Plastic_Squeegee, CS-Olfa_Art_Knife, CS-Olfa_Premium_Art_Knife, CS-Olfa_Cutting_Matt_A3, CS-Olfa_Cutting_Matt_A4, CS-Easy_Cutter, CS-Bubble_Pen, CS-Aslan_Squeegee, CS-Aslan_Red_Devil_Squeegee, CS-Weeding_Hook, CS-Weeding_Tweezers, CS-PAPER-APP-TAPE, CS-CLEAR-APP-TAPE","CS-Plastic_Squeegee, CS-Olfa_Art_Knife, CS-Olfa_Premium_Art_Knife, CS-Olfa_Cutting_Matt_A3, CS-Olfa_Cutting_Matt_A4, CS-Easy_Cutter, CS-Bubble_Pen, CS-Aslan_Squeegee, CS-Aslan_Red_Devil_Squeegee, CS-Weeding_Hook, CS-Weeding_Tweezers,CS-PAPER-APP-TAPE, CS-CLEAR-APP-TAPE","A","","","","","","","","","","","","","","","Topaz_Craft_Vinyl","0","gemstone, metallic, glitter","","","","0","","0","",""
"CS_7901_Brite_Overall","Brite Overall Craft Vinyl","7901","DEFAULT","13","4","CRAFTSTICK","","","","","0","Brite Overall Vinyl. Cut and stick for craft decorations","<p>This is perfect for all you crafters and hobbyists out there. Simply design and produce stickers for glass and acrylic with our etched effect self-adhesive vinyl.</p>
<p>Compatible with all craft cutters such as the Cameo, Cricut, Stika and Skycut plus signmaking plotter cutters from Roland, Graphtec, Mimaki and Mutoh.</p>
<p>You can even cut this material using scissors or on a cutting mat with a scalpel too.</p>
<p>Either way you will be able to make stickers that are long lasting and durable that are suitable for use onto glassware gifts and acrylic.</p>
<p>So get designing those beautiful creations then just cut, peel and stick to make them come alive.</p>
<b><p>•	Suitable for indoor applications or up to 6 months outdoors </p>
<p>•	Permanent adhesive</p>
<p>•	Silver on the reverse </p>
<p>•	Suitable for smooth flat or slightly curved surfaces</p></b>
","7901_Brite_Overall.png","7901_Brite_Overall.png","INVITEMS","DEFAULT-CS_7901_Brite_Overall-DEFAULT-CS_7901_Brite_Overall","","","0","0","0","","1","REGONLY","0","0","0","0","","","","SELECT","SELECT","0","","","","","0","0","","income-service","","","0","0","","","","","CS-SAV-MET","CS-SAV-MET, CS-SAV-HOLO","","","0","CS-Plastic_Squeegee, CS-Olfa_Art_Knife, CS-Olfa_Premium_Art_Knife, CS-Olfa_Cutting_Matt_A3, CS-Olfa_Cutting_Matt_A4, CS-Easy_Cutter, CS-Bubble_Pen, CS-Aslan_Squeegee, CS-Aslan_Red_Devil_Squeegee, CS-Weeding_Hook, CS-Weeding_Tweezers, CS-PAPER-APP-TAPE, CS-CLEAR-APP-TAPE","CS-Plastic_Squeegee, CS-Olfa_Art_Knife, CS-Olfa_Premium_Art_Knife, CS-Olfa_Cutting_Matt_A3, CS-Olfa_Cutting_Matt_A4, CS-Easy_Cutter, CS-Bubble_Pen, CS-Aslan_Squeegee, CS-Aslan_Red_Devil_Squeegee, CS-Weeding_Hook, CS-Weeding_Tweezers,CS-PAPER-APP-TAPE, CS-CLEAR-APP-TAPE","A","","","","","","Polished","","","","","","","","","Brite_Overall_Craft_Vinyl","0","metal,metallic","","","1562346082","0","","0","",""
"CS_7945_Fire_Opal","Fire Opal Craft Vinyl","7945","DEFAULT","10","1","CRAFTSTICK","","","","","0","Fire Opal Vinyl. Cut and stick for craft decorations","<p>This is perfect for all you crafters and hobbyists out there. Simply design and produce stickers for glass and acrylic with our etched effect self-adhesive vinyl.</p>
<p>Compatible with all craft cutters such as the Cameo, Cricut, Stika and Skycut plus signmaking plotter cutters from Roland, Graphtec, Mimaki and Mutoh.</p>
<p>You can even cut this material using scissors or on a cutting mat with a scalpel too.</p>
<p>Either way you will be able to make stickers that are long lasting and durable that are suitable for use onto glassware gifts and acrylic.</p>
<p>So get designing those beautiful creations then just cut, peel and stick to make them come alive.</p>
<b><p>•	5 year outdoor durability </p>
<p>•	Permanent grey adhesive </p>
<p>•	Suitable for smooth flat, curved or contoured surfaces</p></b>
","7945-Fire-Opal.png","7945-Fire-Opal.png","INVITEMS","DEFAULT-CS_7945_Fire_Opal-DEFAULT-CS_7945_Fire_Opal","","","0","0","0","","1","REGONLY","0","0","0","0","","","","SELECT","SELECT","0","","","","","0","0","","income-service","","","0","0","","","","","CS-SAV-METALLIC","CS-SAV-METALLIC, CS-FESTIVE, CS-VALENTINES","","","0","CS-Plastic_Squeegee, CS-Olfa_Art_Knife, CS-Olfa_Premium_Art_Knife, CS-Olfa_Cutting_Matt_A3, CS-Olfa_Cutting_Matt_A4, CS-Easy_Cutter, CS-Bubble_Pen, CS-Aslan_Squeegee, CS-Aslan_Red_Devil_Squeegee, CS-Weeding_Hook, CS-Weeding_Tweezers, CS-PAPER-APP-TAPE, CS-CLEAR-APP-TAPE","CS-Plastic_Squeegee, CS-Olfa_Art_Knife, CS-Olfa_Premium_Art_Knife, CS-Olfa_Cutting_Matt_A3, CS-Olfa_Cutting_Matt_A4, CS-Easy_Cutter, CS-Bubble_Pen, CS-Aslan_Squeegee, CS-Aslan_Red_Devil_Squeegee, CS-Weeding_Hook, CS-Weeding_Tweezers,CS-PAPER-APP-TAPE, CS-CLEAR-APP-TAPE","A","","","","","","","","","","","","","","","Fire_Opal_Craft_Vinyl","0","gemstone, metallic, glitter","","","","0","","0","",""
"CS_7946_Cobalt_Blue","Cobalt Blue Craft Vinyl","7946","DEFAULT","1","1","CRAFTSTICK","","","","","0","Cobalt Blue Vinyl. Cut and stick for craft decorations","<p>This is perfect for all you crafters and hobbyists out there. Simply design and produce stickers for glass and acrylic with our etched effect self-adhesive vinyl.</p>
<p>Compatible with all craft cutters such as the Cameo, Cricut, Stika and Skycut plus signmaking plotter cutters from Roland, Graphtec, Mimaki and Mutoh.</p>
<p>You can even cut this material using scissors or on a cutting mat with a scalpel too.</p>
<p>Either way you will be able to make stickers that are long lasting and durable that are suitable for use onto glassware gifts and acrylic.</p>
<p>So get designing those beautiful creations then just cut, peel and stick to make them come alive.</p>
<b><p>•	5 year outdoor durability </p>
<p>•	Permanent grey adhesive </p>
<p>•	Suitable for smooth flat, curved or contoured surfaces</p></b>
","7946-Cobalt-Blue.png","7946-Cobalt-Blue.png","INVITEMS","DEFAULT-CS_7946_Cobalt_Blue-DEFAULT-CS_7946_Cobalt_Blue","","","0","0","0","","1","REGONLY","0","0","0","0","","","","SELECT","SELECT","0","","","","","0","0","","income-service","","","0","0","","","","","CS-SAV-METALLIC","CS-SAV-METALLIC","","","0","CS-Plastic_Squeegee, CS-Olfa_Art_Knife, CS-Olfa_Premium_Art_Knife, CS-Olfa_Cutting_Matt_A3, CS-Olfa_Cutting_Matt_A4, CS-Easy_Cutter, CS-Bubble_Pen, CS-Aslan_Squeegee, CS-Aslan_Red_Devil_Squeegee, CS-Weeding_Hook, CS-Weeding_Tweezers, CS-PAPER-APP-TAPE, CS-CLEAR-APP-TAPE","CS-Plastic_Squeegee, CS-Olfa_Art_Knife, CS-Olfa_Premium_Art_Knife, CS-Olfa_Cutting_Matt_A3, CS-Olfa_Cutting_Matt_A4, CS-Easy_Cutter, CS-Bubble_Pen, CS-Aslan_Squeegee, CS-Aslan_Red_Devil_Squeegee, CS-Weeding_Hook, CS-Weeding_Tweezers,CS-PAPER-APP-TAPE, CS-CLEAR-APP-TAPE","A","","","","","","","","","","","","","","","Cobalt_Blue_Craft_Vinyl","0","gemstone, metallic, glitter","","","1561542332","0","","0","",""
"CS_8220_Emerald_Green","Emerald Green Craft Vinyl","8220","DEFAULT","9","1","CRAFTSTICK","","","","","0","Emerald Green Vinyl. Cut and stick for craft decorations","<p>This is perfect for all you crafters and hobbyists out there. Simply design and produce stickers for glass and acrylic with our etched effect self-adhesive vinyl.</p>
<p>Compatible with all craft cutters such as the Cameo, Cricut, Stika and Skycut plus signmaking plotter cutters from Roland, Graphtec, Mimaki and Mutoh.</p>
<p>You can even cut this material using scissors or on a cutting mat with a scalpel too.</p>
<p>Either way you will be able to make stickers that are long lasting and durable that are suitable for use onto glassware gifts and acrylic.</p>
<p>So get designing those beautiful creations then just cut, peel and stick to make them come alive.</p>
<b><p>•	5 year outdoor durability </p>
<p>•	Permanent grey adhesive </p>
<p>•	Suitable for smooth flat, curved or contoured surfaces</p></b>
","8220-Emerald-Green.png","8220-Emerald-Green.png","INVITEMS","DEFAULT-CS_8220_Emerald_Green-DEFAULT-CS_8220_Emerald_Green","","","0","0","0","","1","REGONLY","0","0","0","0","","","","SELECT","SELECT","0","","","","","0","0","","income-service","","","0","0","","","","","CS-SAV-METALLIC","CS-SAV-METALLIC, CS-FESTIVE","","","0","CS-Plastic_Squeegee, CS-Olfa_Art_Knife, CS-Olfa_Premium_Art_Knife, CS-Olfa_Cutting_Matt_A3, CS-Olfa_Cutting_Matt_A4, CS-Easy_Cutter, CS-Bubble_Pen, CS-Aslan_Squeegee, CS-Aslan_Red_Devil_Squeegee, CS-Weeding_Hook, CS-Weeding_Tweezers, CS-PAPER-APP-TAPE, CS-CLEAR-APP-TAPE","CS-Plastic_Squeegee, CS-Olfa_Art_Knife, CS-Olfa_Premium_Art_Knife, CS-Olfa_Cutting_Matt_A3, CS-Olfa_Cutting_Matt_A4, CS-Easy_Cutter, CS-Bubble_Pen, CS-Aslan_Squeegee, CS-Aslan_Red_Devil_Squeegee, CS-Weeding_Hook, CS-Weeding_Tweezers,CS-PAPER-APP-TAPE, CS-CLEAR-APP-TAPE","A","","","","","","","","","","","","","","","Emerald_Green_Craft_Vinyl","0","gemstone, metallic, glitter","","","","0","","0","",""
"CS_8774_Light_Onyx","Light Onyx Craft Vinyl","8774","DEFAULT","8","1","CRAFTSTICK","","","","","0","Light Onyx Vinyl. Cut and stick for craft decorations","<p>This is perfect for all you crafters and hobbyists out there. Simply design and produce stickers for glass and acrylic with our etched effect self-adhesive vinyl.</p>
<p>Compatible with all craft cutters such as the Cameo, Cricut, Stika and Skycut plus signmaking plotter cutters from Roland, Graphtec, Mimaki and Mutoh.</p>
<p>You can even cut this material using scissors or on a cutting mat with a scalpel too.</p>
<p>Either way you will be able to make stickers that are long lasting and durable that are suitable for use onto glassware gifts and acrylic.</p>
<p>So get designing those beautiful creations then just cut, peel and stick to make them come alive.</p>
<b><p>•	5 year outdoor durability </p>
<p>•	Permanent grey adhesive </p>
<p>•	Suitable for smooth flat, curved or contoured surfaces</p></b>
","8774-Light-Onyx.png","8774-Light-Onyx.png","INVITEMS","DEFAULT-CS_8774_Light_Onyx-DEFAULT-CS_8774_Light_Onyx","","","0","0","0","","1","REGONLY","0","0","0","0","","","","SELECT","SELECT","0","","","","","0","0","","income-service","","","0","0","","","","","CS-SAV-METALLIC","CS-SAV-METALLIC","","","0","CS-Plastic_Squeegee, CS-Olfa_Art_Knife, CS-Olfa_Premium_Art_Knife, CS-Olfa_Cutting_Matt_A3, CS-Olfa_Cutting_Matt_A4, CS-Easy_Cutter, CS-Bubble_Pen, CS-Aslan_Squeegee, CS-Aslan_Red_Devil_Squeegee, CS-Weeding_Hook, CS-Weeding_Tweezers, CS-PAPER-APP-TAPE, CS-CLEAR-APP-TAPE","CS-Plastic_Squeegee, CS-Olfa_Art_Knife, CS-Olfa_Premium_Art_Knife, CS-Olfa_Cutting_Matt_A3, CS-Olfa_Cutting_Matt_A4, CS-Easy_Cutter, CS-Bubble_Pen, CS-Aslan_Squeegee, CS-Aslan_Red_Devil_Squeegee, CS-Weeding_Hook, CS-Weeding_Tweezers,CS-PAPER-APP-TAPE, CS-CLEAR-APP-TAPE","A","","","","","","","","","","","","","","","Light_Onyx_Craft_Craft_Vinyl","0","gemstone, metallic, glitter","","","","0","","0","",""
"CS_C201_Silver_Metal_Flake","Silver Metal Flake Craft Vinyl","C201","DEFAULT","19","4","CRAFTSTICK","","","","","0","Silver Metal Flake Vinyl. Cut and stick for craft decorations","<p>This is perfect for all you crafters and hobbyists out there. Simply design and produce stickers for glass and acrylic with our etched effect self-adhesive vinyl.</p>
<p>Compatible with all craft cutters such as the Cameo, Cricut, Stika and Skycut plus signmaking plotter cutters from Roland, Graphtec, Mimaki and Mutoh.</p>
<p>You can even cut this material using scissors or on a cutting mat with a scalpel too.</p>
<p>Either way you will be able to make stickers that are long lasting and durable that are suitable for use onto glassware gifts and acrylic.</p>
<p>So get designing those beautiful creations then just cut, peel and stick to make them come alive.</p>
<b><p>•	Suitable for indoor applications or up to 6 months outdoors </p>
<p>•	Permanent adhesive</p>
<p>•	Silver on the reverse </p>
<p>•	Suitable for smooth flat or slightly curved surfaces</p></b>
","C201_Silver_Metal_Flake.png","C201_Silver_Metal_Flake.png","INVITEMS","DEFAULT-CS_C201_Silver_Metal_Flake-DEFAULT-CS_C201_Silver_Metal_Flake","","","0","0","0","","1","REGONLY","0","0","0","0","","","","SELECT","SELECT","0","","","","","0","0","","income-service","","","0","0","","","","","CS-SAV-MET","CS-SAV-MET,CS-SAV-HOLO, CS-FESTIVE","","","0","CS-Plastic_Squeegee, CS-Olfa_Art_Knife, CS-Olfa_Premium_Art_Knife, CS-Olfa_Cutting_Matt_A3, CS-Olfa_Cutting_Matt_A4, CS-Easy_Cutter, CS-Bubble_Pen, CS-Aslan_Squeegee, CS-Aslan_Red_Devil_Squeegee, CS-Weeding_Hook, CS-Weeding_Tweezers, CS-PAPER-APP-TAPE, CS-CLEAR-APP-TAPE","CS-Plastic_Squeegee, CS-Olfa_Art_Knife, CS-Olfa_Premium_Art_Knife, CS-Olfa_Cutting_Matt_A3, CS-Olfa_Cutting_Matt_A4, CS-Easy_Cutter, CS-Bubble_Pen, CS-Aslan_Squeegee, CS-Aslan_Red_Devil_Squeegee, CS-Weeding_Hook, CS-Weeding_Tweezers,CS-PAPER-APP-TAPE, CS-CLEAR-APP-TAPE","A","","","","","","Sparkly","","","","","","","","","Silver_Metal_Flake_Craft_Vinyl","0","metal,metallic","","","","0","","0","",""
"CS_C202_Gold_Metal_Flake","Gold Metal Flake Craft Vinyl","C202","DEFAULT","17","4","CRAFTSTICK","","","","","0","Gold Metal Flake Vinyl. Cut and stick for craft decorations","<p>This is perfect for all you crafters and hobbyists out there. Simply design and produce stickers for glass and acrylic with our etched effect self-adhesive vinyl.</p>
<p>Compatible with all craft cutters such as the Cameo, Cricut, Stika and Skycut plus signmaking plotter cutters from Roland, Graphtec, Mimaki and Mutoh.</p>
<p>You can even cut this material using scissors or on a cutting mat with a scalpel too.</p>
<p>Either way you will be able to make stickers that are long lasting and durable that are suitable for use onto glassware gifts and acrylic.</p>
<p>So get designing those beautiful creations then just cut, peel and stick to make them come alive.</p>
<b><p>•	Suitable for indoor applications or up to 6 months outdoors </p>
<p>•	Permanent adhesive</p>
<p>•	Silver on the reverse </p>
<p>•	Suitable for smooth flat or slightly curved surfaces</p></b>
","C202_Gold_Metal_Flake.png","C202_Gold_Metal_Flake.png","INVITEMS","DEFAULT-CS_C202_Gold_Metal_Flake-DEFAULT-CS_C202_Gold_Metal_Flake","","","0","0","0","","1","REGONLY","0","0","0","0","","","","SELECT","SELECT","0","","","","","0","0","","income-service","","","0","0","","","","","CS-SAV-MET","CS-SAV-MET,CS-SAV-HOLO, CS-FESTIVE, CS-VALENTINES","","","0","CS-Plastic_Squeegee, CS-Olfa_Art_Knife, CS-Olfa_Premium_Art_Knife, CS-Olfa_Cutting_Matt_A3, CS-Olfa_Cutting_Matt_A4, CS-Easy_Cutter, CS-Bubble_Pen, CS-Aslan_Squeegee, CS-Aslan_Red_Devil_Squeegee, CS-Weeding_Hook, CS-Weeding_Tweezers, CS-PAPER-APP-TAPE, CS-CLEAR-APP-TAPE","CS-Plastic_Squeegee, CS-Olfa_Art_Knife, CS-Olfa_Premium_Art_Knife, CS-Olfa_Cutting_Matt_A3, CS-Olfa_Cutting_Matt_A4, CS-Easy_Cutter, CS-Bubble_Pen, CS-Aslan_Squeegee, CS-Aslan_Red_Devil_Squeegee, CS-Weeding_Hook, CS-Weeding_Tweezers,CS-PAPER-APP-TAPE, CS-CLEAR-APP-TAPE","A","","","","","","Sparkly","","","","","","","","","Gold_Metal_Flake_Craft_Vinyl","0","metal,metallic","","","","0","","0","",""
"CS_C203_Red_Metal_Flake","Red Metal Flake Craft Vinyl","C203","DEFAULT","18","4","CRAFTSTICK","","","","","0","Red Metal Flake Vinyl. Cut and stick for craft decorations","<p>This is perfect for all you crafters and hobbyists out there. Simply design and produce stickers for glass and acrylic with our etched effect self-adhesive vinyl.</p>
<p>Compatible with all craft cutters such as the Cameo, Cricut, Stika and Skycut plus signmaking plotter cutters from Roland, Graphtec, Mimaki and Mutoh.</p>
<p>You can even cut this material using scissors or on a cutting mat with a scalpel too.</p>
<p>Either way you will be able to make stickers that are long lasting and durable that are suitable for use onto glassware gifts and acrylic.</p>
<p>So get designing those beautiful creations then just cut, peel and stick to make them come alive.</p>
<b><p>•	Suitable for indoor applications or up to 6 months outdoors </p>
<p>•	Permanent adhesive</p>
<p>•	Silver on the reverse </p>
<p>•	Suitable for smooth flat or slightly curved surfaces</p></b>
","C203_Red_Metal_Flake.png","C203_Red_Metal_Flake.png","INVITEMS","DEFAULT-CS_C203_Red_Metal_Flake-DEFAULT-CS_C203_Red_Metal_Flake","","","0","0","0","","1","REGONLY","0","0","0","0","","","","SELECT","SELECT","0","","","","","0","0","","income-service","","","0","0","","","","","CS-SAV-MET","CS-SAV-MET,CS-SAV-HOLO, CS-FESTIVE, CS-VALENTINES","","","0","CS-Plastic_Squeegee, CS-Olfa_Art_Knife, CS-Olfa_Premium_Art_Knife, CS-Olfa_Cutting_Matt_A3, CS-Olfa_Cutting_Matt_A4, CS-Easy_Cutter, CS-Bubble_Pen, CS-Aslan_Squeegee, CS-Aslan_Red_Devil_Squeegee, CS-Weeding_Hook, CS-Weeding_Tweezers, CS-PAPER-APP-TAPE, CS-CLEAR-APP-TAPE","CS-Plastic_Squeegee, CS-Olfa_Art_Knife, CS-Olfa_Premium_Art_Knife, CS-Olfa_Cutting_Matt_A3, CS-Olfa_Cutting_Matt_A4, CS-Easy_Cutter, CS-Bubble_Pen, CS-Aslan_Squeegee, CS-Aslan_Red_Devil_Squeegee, CS-Weeding_Hook, CS-Weeding_Tweezers,CS-PAPER-APP-TAPE, CS-CLEAR-APP-TAPE","A","","","","","","Sparkly","","","","","","","","","Red_Metal_Flake_Craft_Vinyl","0","metal,metallic","","","","0","","0","",""
"CS_C204_Royal_Blue_Metal_Flake","Royal Blue Metal Flake Craft Vinyl","C204","DEFAULT","15","4","CRAFTSTICK","","","","","0","Royal Blue Metal Flake Vinyl. Cut and stick for craft decorations","<p>This is perfect for all you crafters and hobbyists out there. Simply design and produce stickers for glass and acrylic with our etched effect self-adhesive vinyl.</p>
<p>Compatible with all craft cutters such as the Cameo, Cricut, Stika and Skycut plus signmaking plotter cutters from Roland, Graphtec, Mimaki and Mutoh.</p>
<p>You can even cut this material using scissors or on a cutting mat with a scalpel too.</p>
<p>Either way you will be able to make stickers that are long lasting and durable that are suitable for use onto glassware gifts and acrylic.</p>
<p>So get designing those beautiful creations then just cut, peel and stick to make them come alive.</p>
<b><p>•	Suitable for indoor applications or up to 6 months outdoors </p>
<p>•	Permanent adhesive</p>
<p>•	Silver on the reverse </p>
<p>•	Suitable for smooth flat or slightly curved surfaces</p></b>
","C204_Royal_Blue_Metal_Flake.png","C204_Royal_Blue_Metal_Flake.png","INVITEMS","DEFAULT-CS_C204_Royal_Blue_Metal_Flake-DEFAULT-CS_C204_Royal_Blue_Metal_Flake","","","0","0","0","","1","REGONLY","0","0","0","0","","","","SELECT","SELECT","0","","","","","0","0","","income-service","","","0","0","","","","","CS-SAV-MET","CS-SAV-MET,CS-SAV-HOLO, CS-FESTIVE","","","0","CS-Plastic_Squeegee, CS-Olfa_Art_Knife, CS-Olfa_Premium_Art_Knife, CS-Olfa_Cutting_Matt_A3, CS-Olfa_Cutting_Matt_A4, CS-Easy_Cutter, CS-Bubble_Pen, CS-Aslan_Squeegee, CS-Aslan_Red_Devil_Squeegee, CS-Weeding_Hook, CS-Weeding_Tweezers, CS-PAPER-APP-TAPE, CS-CLEAR-APP-TAPE","CS-Plastic_Squeegee, CS-Olfa_Art_Knife, CS-Olfa_Premium_Art_Knife, CS-Olfa_Cutting_Matt_A3, CS-Olfa_Cutting_Matt_A4, CS-Easy_Cutter, CS-Bubble_Pen, CS-Aslan_Squeegee, CS-Aslan_Red_Devil_Squeegee, CS-Weeding_Hook, CS-Weeding_Tweezers,CS-PAPER-APP-TAPE, CS-CLEAR-APP-TAPE","A","","","","","","Sparkly","","","","","","","","","Royal_Blue_Metal_Flake_Craft_Vinyl","0","metal,metallic","","","","0","","0","",""
"CS_GL10_Copper_Glitter","Copper Glitter Craft Vinyl","GL10","DEFAULT","6","3","CRAFTSTICK","","","","","0","Copper Glitter Vinyl. Cut and stick for craft decorations","<p>This is perfect for all you crafters and hobbyists out there. Simply design and produce stickers for glass and acrylic with our etched effect self-adhesive vinyl.</p>
<p>Compatible with all craft cutters such as the Cameo, Cricut, Stika and Skycut plus signmaking plotter cutters from Roland, Graphtec, Mimaki and Mutoh.</p>
<p>You can even cut this material using scissors or on a cutting mat with a scalpel too.</p>
<p>Either way you will be able to make stickers that are long lasting and durable that are suitable for use onto glassware gifts and acrylic.</p>
<p>So get designing those beautiful creations then just cut, peel and stick to make them come alive.</p>
<b><p>•	Suitable for indoor applications </p>
<p>•	Textured surface </p>
<p>•	Permanent clear adhesive </p>
<p>•	Suitable for smooth flat or slightly curved surfaces </p></b>

","GL10.jpg","GL10.jpeg","INVITEMS","DEFAULT-CS_GL10_Copper_Glitter-DEFAULT-CS_GL10_Copper_Glitter","","","0","0","0","","1","REGONLY","0","0","0","0","","","","SELECT","SELECT","0","","","","","0","0","","income-service","","","0","0","","","","","CS-SAV-GLIT","CS-SAV-GLIT, CS-AUTUMN, CS-FESTIVE, CS-VALENTINES","","","0","CS-Plastic_Squeegee, CS-Olfa_Art_Knife, CS-Olfa_Premium_Art_Knife, CS-Olfa_Cutting_Matt_A3, CS-Olfa_Cutting_Matt_A4, CS-Easy_Cutter, CS-Bubble_Pen, CS-Aslan_Squeegee, CS-Aslan_Red_Devil_Squeegee, CS-Weeding_Hook, CS-Weeding_Tweezers, CS-PAPER-APP-TAPE, CS-CLEAR-APP-TAPE","CS-Plastic_Squeegee, CS-Olfa_Art_Knife, CS-Olfa_Premium_Art_Knife, CS-Olfa_Cutting_Matt_A3, CS-Olfa_Cutting_Matt_A4, CS-Easy_Cutter, CS-Bubble_Pen, CS-Aslan_Squeegee, CS-Aslan_Red_Devil_Squeegee, CS-Weeding_Hook, CS-Weeding_Tweezers,CS-PAPER-APP-TAPE, CS-CLEAR-APP-TAPE","A","","","","","","","","","","","","","","","Copper_Glitter_Craft_Vinyl","0","glitter, sparkle, 
","","","1570461494","0","","0","","CHECKBOX"
"CS_GL11_Blue_Glitter","Blue Glitter Craft Vinyl","GL11","DEFAULT","7","3","CRAFTSTICK","","","","","0","Blue Glitter Vinyl. Cut and stick for craft decorations","<p>This is perfect for all you crafters and hobbyists out there. Simply design and produce stickers for glass and acrylic with our etched effect self-adhesive vinyl.</p>
<p>Compatible with all craft cutters such as the Cameo, Cricut, Stika and Skycut plus signmaking plotter cutters from Roland, Graphtec, Mimaki and Mutoh.</p>
<p>You can even cut this material using scissors or on a cutting mat with a scalpel too.</p>
<p>Either way you will be able to make stickers that are long lasting and durable that are suitable for use onto glassware gifts and acrylic.</p>
<p>So get designing those beautiful creations then just cut, peel and stick to make them come alive.</p>
<b><p>•	Suitable for indoor applications </p>
<p>•	Textured surface </p>
<p>•	Permanent clear adhesive </p>
<p>•	Suitable for smooth flat or slightly curved surfaces </p></b>
","GL11.jpg","GL11.jpeg","INVITEMS","DEFAULT-CS_GL11_Blue_Glitter-DEFAULT-CS_GL11_Blue_Glitter","","","0","0","0","","1","REGONLY","0","0","0","0","","","","SELECT","SELECT","0","","","","","0","0","","income-service","","","0","0","","","","","CS-SAV-GLIT","CS-SAV-GLIT","","","0","CS-Plastic_Squeegee, CS-Olfa_Art_Knife, CS-Olfa_Premium_Art_Knife, CS-Olfa_Cutting_Matt_A3, CS-Olfa_Cutting_Matt_A4, CS-Easy_Cutter, CS-Bubble_Pen, CS-Aslan_Squeegee, CS-Aslan_Red_Devil_Squeegee, CS-Weeding_Hook, CS-Weeding_Tweezers, CS-PAPER-APP-TAPE, CS-CLEAR-APP-TAPE","CS-Plastic_Squeegee, CS-Olfa_Art_Knife, CS-Olfa_Premium_Art_Knife, CS-Olfa_Cutting_Matt_A3, CS-Olfa_Cutting_Matt_A4, CS-Easy_Cutter, CS-Bubble_Pen, CS-Aslan_Squeegee, CS-Aslan_Red_Devil_Squeegee, CS-Weeding_Hook, CS-Weeding_Tweezers,CS-PAPER-APP-TAPE, CS-CLEAR-APP-TAPE","A","","","","","","","","","","","","","","","Blue_Glitter_Craft_Vinyl","0","glitter, sparkle
","","","1619539992","0","","0","","CHECKBOX"
"CS_GL12_Green_Glitter","Green Glitter Craft Vinyl","GL12","DEFAULT","8","3","CRAFTSTICK","","","","","0","Green Glitter Vinyl. Cut and stick for craft decorations","<p>This is perfect for all you crafters and hobbyists out there. Simply design and produce stickers for glass and acrylic with our etched effect self-adhesive vinyl.</p>
<p>Compatible with all craft cutters such as the Cameo, Cricut, Stika and Skycut plus signmaking plotter cutters from Roland, Graphtec, Mimaki and Mutoh.</p>
<p>You can even cut this material using scissors or on a cutting mat with a scalpel too.</p>
<p>Either way you will be able to make stickers that are long lasting and durable that are suitable for use onto glassware gifts and acrylic.</p>
<p>So get designing those beautiful creations then just cut, peel and stick to make them come alive.</p>
<b><p>•	Suitable for indoor applications </p>
<p>•	Textured surface </p>
<p>•	Permanent clear adhesive </p>
<p>•	Suitable for smooth flat or slightly curved surfaces </p></b>
","GL12.jpg","GL12.jpeg","INVITEMS","DEFAULT-CS_GL12_Green_Glitter-DEFAULT-CS_GL12_Green_Glitter","","","0","0","0","","1","REGONLY","0","0","0","0","","","","SELECT","SELECT","0","","","","","0","0","","income-service","","","0","0","","","","","CS-SAV-GLIT","CS-SAV-GLIT, CS-FESTIVE, CS-MOTHERS","","","0","CS-Plastic_Squeegee, CS-Olfa_Art_Knife, CS-Olfa_Premium_Art_Knife, CS-Olfa_Cutting_Matt_A3, CS-Olfa_Cutting_Matt_A4, CS-Easy_Cutter, CS-Bubble_Pen, CS-Aslan_Squeegee, CS-Aslan_Red_Devil_Squeegee, CS-Weeding_Hook, CS-Weeding_Tweezers, CS-PAPER-APP-TAPE, CS-CLEAR-APP-TAPE","CS-Plastic_Squeegee, CS-Olfa_Art_Knife, CS-Olfa_Premium_Art_Knife, CS-Olfa_Cutting_Matt_A3, CS-Olfa_Cutting_Matt_A4, CS-Easy_Cutter, CS-Bubble_Pen, CS-Aslan_Squeegee, CS-Aslan_Red_Devil_Squeegee, CS-Weeding_Hook, CS-Weeding_Tweezers,CS-PAPER-APP-TAPE, CS-CLEAR-APP-TAPE","A","","","","","","","","","","","","","","","Green_Glitter_Craft_Vinyl","0","glitter, sparkle
","","","1619540008","0","","0","","CHECKBOX"
"CS_GL13_Magenta_Glitter","Magenta Glitter Craft Vinyl","GL13","DEFAULT","9","3","CRAFTSTICK","","","","","0","Magenta Glitter Vinyl. Cut and stick for craft decorations","<p>This is perfect for all you crafters and hobbyists out there. Simply design and produce stickers for glass and acrylic with our etched effect self-adhesive vinyl.</p>
<p>Compatible with all craft cutters such as the Cameo, Cricut, Stika and Skycut plus signmaking plotter cutters from Roland, Graphtec, Mimaki and Mutoh.</p>
<p>You can even cut this material using scissors or on a cutting mat with a scalpel too.</p>
<p>Either way you will be able to make stickers that are long lasting and durable that are suitable for use onto glassware gifts and acrylic.</p>
<p>So get designing those beautiful creations then just cut, peel and stick to make them come alive.</p>
<b><p>•	Suitable for indoor applications </p>
<p>•	Textured surface </p>
<p>•	Permanent clear adhesive </p>
<p>•	Suitable for smooth flat or slightly curved surfaces </p></b>
","GL13.jpg","GL13.jpeg","INVITEMS","DEFAULT-CS_GL13_Magenta_Glitter-DEFAULT-CS_GL13_Magenta_Glitter","","","0","0","0","","1","REGONLY","0","0","0","0","","","","SELECT","SELECT","0","","","","","0","0","","income-service","","","0","0","","","","","CS-SAV-GLIT","CS-SAV-GLIT, CS-FESTIVE, CS-VALENTINES","","","0","CS-Plastic_Squeegee, CS-Olfa_Art_Knife, CS-Olfa_Premium_Art_Knife, CS-Olfa_Cutting_Matt_A3, CS-Olfa_Cutting_Matt_A4, CS-Easy_Cutter, CS-Bubble_Pen, CS-Aslan_Squeegee, CS-Aslan_Red_Devil_Squeegee, CS-Weeding_Hook, CS-Weeding_Tweezers, CS-PAPER-APP-TAPE, CS-CLEAR-APP-TAPE","CS-Plastic_Squeegee, CS-Olfa_Art_Knife, CS-Olfa_Premium_Art_Knife, CS-Olfa_Cutting_Matt_A3, CS-Olfa_Cutting_Matt_A4, CS-Easy_Cutter, CS-Bubble_Pen, CS-Aslan_Squeegee, CS-Aslan_Red_Devil_Squeegee, CS-Weeding_Hook, CS-Weeding_Tweezers,CS-PAPER-APP-TAPE, CS-CLEAR-APP-TAPE","A","","","","","","","","","","","","","","","Magenta_Glitter_Craft_Vinyl","0","glitter, sparkle
","","","1619540050","0","","0","","CHECKBOX"
"CS_GL15_Navy_Blue_Glitter","Navy Blue Glitter Craft Vinyl","GL15","DEFAULT","11","3","CRAFTSTICK","","","","","0","Navy Blue Glitter Vinyl. Cut and stick for craft decorations","<p>This is perfect for all you crafters and hobbyists out there. Simply design and produce stickers for glass and acrylic with our etched effect self-adhesive vinyl.</p>
<p>Compatible with all craft cutters such as the Cameo, Cricut, Stika and Skycut plus signmaking plotter cutters from Roland, Graphtec, Mimaki and Mutoh.</p>
<p>You can even cut this material using scissors or on a cutting mat with a scalpel too.</p>
<p>Either way you will be able to make stickers that are long lasting and durable that are suitable for use onto glassware gifts and acrylic.</p>
<p>So get designing those beautiful creations then just cut, peel and stick to make them come alive.</p>
<b><p>•	Suitable for indoor applications </p>
<p>•	Textured surface </p>
<p>•	Permanent clear adhesive </p>
<p>•	Suitable for smooth flat or slightly curved surfaces </p></b>
","GL15.jpg","GL15.jpeg","INVITEMS","DEFAULT-CS_GL15_Navy_Blue_Glitter-DEFAULT-CS_GL15_Navy_Blue_Glitter","","","0","0","0","","1","REGONLY","0","0","0","0","","","","SELECT","SELECT","0","","","","","0","0","","income-service","","","0","0","","","","","CS-SAV-GLIT","CS-SAV-GLIT, CS-FESTIVE, CS-VALENTINES","","","0","CS-Plastic_Squeegee, CS-Olfa_Art_Knife, CS-Olfa_Premium_Art_Knife, CS-Olfa_Cutting_Matt_A3, CS-Olfa_Cutting_Matt_A4, CS-Easy_Cutter, CS-Bubble_Pen, CS-Aslan_Squeegee, CS-Aslan_Red_Devil_Squeegee, CS-Weeding_Hook, CS-Weeding_Tweezers, CS-PAPER-APP-TAPE, CS-CLEAR-APP-TAPE","CS-Plastic_Squeegee, CS-Olfa_Art_Knife, CS-Olfa_Premium_Art_Knife, CS-Olfa_Cutting_Matt_A3, CS-Olfa_Cutting_Matt_A4, CS-Easy_Cutter, CS-Bubble_Pen, CS-Aslan_Squeegee, CS-Aslan_Red_Devil_Squeegee, CS-Weeding_Hook, CS-Weeding_Tweezers,CS-PAPER-APP-TAPE, CS-CLEAR-APP-TAPE","A","","","","","","","","","","","","","","","","0","glitter, sparkle
","","","1661519465","0","","0","","CHECKBOX"
"CS_GL17_Butter_Glitter","Butter Glitter Craft Vinyl","GL17","DEFAULT","13","3","CRAFTSTICK","","","","","0","Butter Glitter Vinyl. Cut and stick for craft decorations","<p>This is perfect for all you crafters and hobbyists out there. Simply design and produce stickers for glass and acrylic with our etched effect self-adhesive vinyl.</p>
<p>Compatible with all craft cutters such as the Cameo, Cricut, Stika and Skycut plus signmaking plotter cutters from Roland, Graphtec, Mimaki and Mutoh.</p>
<p>You can even cut this material using scissors or on a cutting mat with a scalpel too.</p>
<p>Either way you will be able to make stickers that are long lasting and durable that are suitable for use onto glassware gifts and acrylic.</p>
<p>So get designing those beautiful creations then just cut, peel and stick to make them come alive.</p>
<b><p>•	Suitable for indoor applications </p>
<p>•	Textured surface </p>
<p>•	Permanent clear adhesive </p>
<p>•	Suitable for smooth flat or slightly curved surfaces </p></b>
","GL17.jpg","GL17.jpeg","INVITEMS","DEFAULT-CS_GL17_Butter_Glitter-DEFAULT-CS_GL17_Butter_Glitter","","","0","0","0","","1","REGONLY","0","0","0","0","","","","SELECT","SELECT","0","","","","","0","0","","income-service","","","0","0","","","","","CS-SAV-GLIT","CS-SAV-GLIT, CS-FESTIVE, CS-VALENTINES","","","0","CS-Plastic_Squeegee, CS-Olfa_Art_Knife, CS-Olfa_Premium_Art_Knife, CS-Olfa_Cutting_Matt_A3, CS-Olfa_Cutting_Matt_A4, CS-Easy_Cutter, CS-Bubble_Pen, CS-Aslan_Squeegee, CS-Aslan_Red_Devil_Squeegee, CS-Weeding_Hook, CS-Weeding_Tweezers, CS-PAPER-APP-TAPE, CS-CLEAR-APP-TAPE","CS-Plastic_Squeegee, CS-Olfa_Art_Knife, CS-Olfa_Premium_Art_Knife, CS-Olfa_Cutting_Matt_A3, CS-Olfa_Cutting_Matt_A4, CS-Easy_Cutter, CS-Bubble_Pen, CS-Aslan_Squeegee, CS-Aslan_Red_Devil_Squeegee, CS-Weeding_Hook, CS-Weeding_Tweezers,CS-PAPER-APP-TAPE, CS-CLEAR-APP-TAPE","A","","","","","","","","","","","","","","","","0","glitter, sparkle
","","","1661519977","0","","0","","CHECKBOX"
"CS_GL18_Salmon_Glitter","Salmon Glitter Craft Vinyl","GL18","DEFAULT","14","3","CRAFTSTICK","","","","","0","Salmon Glitter Vinyl. Cut and stick for craft decorations","<p>This is perfect for all you crafters and hobbyists out there. Simply design and produce stickers for glass and acrylic with our etched effect self-adhesive vinyl.</p>
<p>Compatible with all craft cutters such as the Cameo, Cricut, Stika and Skycut plus signmaking plotter cutters from Roland, Graphtec, Mimaki and Mutoh.</p>
<p>You can even cut this material using scissors or on a cutting mat with a scalpel too.</p>
<p>Either way you will be able to make stickers that are long lasting and durable that are suitable for use onto glassware gifts and acrylic.</p>
<p>So get designing those beautiful creations then just cut, peel and stick to make them come alive.</p>
<b><p>•	Suitable for indoor applications </p>
<p>•	Textured surface </p>
<p>•	Permanent clear adhesive </p>
<p>•	Suitable for smooth flat or slightly curved surfaces </p></b>
","GL18.jpg","GL18.jpeg","INVITEMS","DEFAULT-CS_GL18_Salmon_Glitter-DEFAULT-CS_GL18_Salmon_Glitter","","","0","0","0","","1","REGONLY","0","0","0","0","","","","SELECT","SELECT","0","","","","","0","0","","income-service","","","0","0","","","","","CS-SAV-GLIT","CS-SAV-GLIT, CS-FESTIVE, CS-VALENTINES","","","0","CS-Plastic_Squeegee, CS-Olfa_Art_Knife, CS-Olfa_Premium_Art_Knife, CS-Olfa_Cutting_Matt_A3, CS-Olfa_Cutting_Matt_A4, CS-Easy_Cutter, CS-Bubble_Pen, CS-Aslan_Squeegee, CS-Aslan_Red_Devil_Squeegee, CS-Weeding_Hook, CS-Weeding_Tweezers, CS-PAPER-APP-TAPE, CS-CLEAR-APP-TAPE","CS-Plastic_Squeegee, CS-Olfa_Art_Knife, CS-Olfa_Premium_Art_Knife, CS-Olfa_Cutting_Matt_A3, CS-Olfa_Cutting_Matt_A4, CS-Easy_Cutter, CS-Bubble_Pen, CS-Aslan_Squeegee, CS-Aslan_Red_Devil_Squeegee, CS-Weeding_Hook, CS-Weeding_Tweezers,CS-PAPER-APP-TAPE, CS-CLEAR-APP-TAPE","A","","","","","","","","","","","","","","","Salmon_Glitter_Craft_Vinyl","0","glitter, sparkle
","","","1652960579","0","","0","","CHECKBOX"
"CS_GL5_Gold_Glitter","Gold Glitter Craft Vinyl","GL5","DEFAULT","1","3","CRAFTSTICK","","","","","0","Gold Glitter Vinyl. Cut and stick for craft decorations","<p>This is perfect for all you crafters and hobbyists out there. Simply design and produce stickers for glass and acrylic with our etched effect self-adhesive vinyl.</p>
<p>Compatible with all craft cutters such as the Cameo, Cricut, Stika and Skycut plus signmaking plotter cutters from Roland, Graphtec, Mimaki and Mutoh.</p>
<p>You can even cut this material using scissors or on a cutting mat with a scalpel too.</p>
<p>Either way you will be able to make stickers that are long lasting and durable that are suitable for use onto glassware gifts and acrylic.</p>
<p>So get designing those beautiful creations then just cut, peel and stick to make them come alive.</p>
<b><p>•	Suitable for indoor applications </p>
<p>•	Textured surface </p>
<p>•	Permanent clear adhesive </p>
<p>•	Suitable for smooth flat or slightly curved surfaces </p></b>
","GL5.jpg","GL5.jpeg","INVITEMS","DEFAULT-CS_GL5_Gold_Glitter-DEFAULT-CS_GL5_Gold_Glitter","","","0","0","0","","1","REGONLY","0","0","0","0","","","","SELECT","SELECT","0","","","","","0","0","","income-service","","","0","0","","","","","CS-SAV-GLIT","CS-SAV-GLIT, CS-AUTUMN, CS-FESTIVE, CS-VALENTINES","","","0","CS-Plastic_Squeegee, CS-Olfa_Art_Knife, CS-Olfa_Premium_Art_Knife, CS-Olfa_Cutting_Matt_A3, CS-Olfa_Cutting_Matt_A4, CS-Easy_Cutter, CS-Bubble_Pen, CS-Aslan_Squeegee, CS-Aslan_Red_Devil_Squeegee, CS-Weeding_Hook, CS-Weeding_Tweezers, CS-PAPER-APP-TAPE, CS-CLEAR-APP-TAPE","CS-Plastic_Squeegee, CS-Olfa_Art_Knife, CS-Olfa_Premium_Art_Knife, CS-Olfa_Cutting_Matt_A3, CS-Olfa_Cutting_Matt_A4, CS-Easy_Cutter, CS-Bubble_Pen, CS-Aslan_Squeegee, CS-Aslan_Red_Devil_Squeegee, CS-Weeding_Hook, CS-Weeding_Tweezers,CS-PAPER-APP-TAPE, CS-CLEAR-APP-TAPE","A","","","","","","","","","","","","","","","Gold_Glitter_Craft_Vinyl","0","glitter, sparkle
","","","1561995650","0","","0","","CHECKBOX"
"CS_GL6_Yellow_Glitter","Yellow Glitter Craft Vinyl","GL6","DEFAULT","2","3","CRAFTSTICK","","","","","0","Yellow Glitter Vinyl. Cut and stick for craft decorations","<p>This is perfect for all you crafters and hobbyists out there. Simply design and produce stickers for glass and acrylic with our etched effect self-adhesive vinyl.</p>
<p>Compatible with all craft cutters such as the Cameo, Cricut, Stika and Skycut plus signmaking plotter cutters from Roland, Graphtec, Mimaki and Mutoh.</p>
<p>You can even cut this material using scissors or on a cutting mat with a scalpel too.</p>
<p>Either way you will be able to make stickers that are long lasting and durable that are suitable for use onto glassware gifts and acrylic.</p>
<p>So get designing those beautiful creations then just cut, peel and stick to make them come alive.</p>
<b><p>•	Suitable for indoor applications </p>
<p>•	Textured surface </p>
<p>•	Permanent clear adhesive </p>
<p>•	Suitable for smooth flat or slightly curved surfaces </p></b>
","GL6.jpg","GL6.jpeg","INVITEMS","DEFAULT-CS_GL6_Yellow_Glitter-DEFAULT-CS_GL6_Yellow_Glitter","","","0","0","0","","1","REGONLY","0","0","0","0","","","","SELECT","SELECT","0","","","","","0","0","","income-service","","","0","0","","","","","CS-SAV-GLIT","CS-SAV-GLIT, CS-AUTUMN","","","0","CS-Plastic_Squeegee, CS-Olfa_Art_Knife, CS-Olfa_Premium_Art_Knife, CS-Olfa_Cutting_Matt_A3, CS-Olfa_Cutting_Matt_A4, CS-Easy_Cutter, CS-Bubble_Pen, CS-Aslan_Squeegee, CS-Aslan_Red_Devil_Squeegee, CS-Weeding_Hook, CS-Weeding_Tweezers, CS-PAPER-APP-TAPE, CS-CLEAR-APP-TAPE","CS-Plastic_Squeegee, CS-Olfa_Art_Knife, CS-Olfa_Premium_Art_Knife, CS-Olfa_Cutting_Matt_A3, CS-Olfa_Cutting_Matt_A4, CS-Easy_Cutter, CS-Bubble_Pen, CS-Aslan_Squeegee, CS-Aslan_Red_Devil_Squeegee, CS-Weeding_Hook, CS-Weeding_Tweezers,CS-PAPER-APP-TAPE, CS-CLEAR-APP-TAPE","A","","","","","","","","","","","","","","","Yellow_Glitter_Craft_Vinyl","0","glitter, sparkle
","","","1570461449","0","","0","","CHECKBOX"
"CS_GL7_Silver_Glitter","Silver Glitter Craft Vinyl","GL7","DEFAULT","3","3","CRAFTSTICK","","","","","0","Silver Glitter Vinyl. Cut and stick for craft decorations","<p>This is perfect for all you crafters and hobbyists out there. Simply design and produce stickers for glass and acrylic with our etched effect self-adhesive vinyl.</p>
<p>Compatible with all craft cutters such as the Cameo, Cricut, Stika and Skycut plus signmaking plotter cutters from Roland, Graphtec, Mimaki and Mutoh.</p>
<p>You can even cut this material using scissors or on a cutting mat with a scalpel too.</p>
<p>Either way you will be able to make stickers that are long lasting and durable that are suitable for use onto glassware gifts and acrylic.</p>
<p>So get designing those beautiful creations then just cut, peel and stick to make them come alive.</p>
<b><p>•	Suitable for indoor applications </p>
<p>•	Textured surface </p>
<p>•	Permanent clear adhesive </p>
<p>•	Suitable for smooth flat or slightly curved surfaces </p></b>
","GL7.jpg","GL7.jpeg","INVITEMS","DEFAULT-CS_GL7_Silver_Glitter-DEFAULT-CS_GL7_Silver_Glitter","","","0","0","0","","1","REGONLY","0","0","0","0","","","","SELECT","SELECT","0","","","","","0","0","","income-service","","","0","0","","","","","CS-SAV-GLIT","CS-SAV-GLIT, CS-FESTIVE","","","0","CS-Plastic_Squeegee, CS-Olfa_Art_Knife, CS-Olfa_Premium_Art_Knife, CS-Olfa_Cutting_Matt_A3, CS-Olfa_Cutting_Matt_A4, CS-Easy_Cutter, CS-Bubble_Pen, CS-Aslan_Squeegee, CS-Aslan_Red_Devil_Squeegee, CS-Weeding_Hook, CS-Weeding_Tweezers, CS-PAPER-APP-TAPE, CS-CLEAR-APP-TAPE","CS-Plastic_Squeegee, CS-Olfa_Art_Knife, CS-Olfa_Premium_Art_Knife, CS-Olfa_Cutting_Matt_A3, CS-Olfa_Cutting_Matt_A4, CS-Easy_Cutter, CS-Bubble_Pen, CS-Aslan_Squeegee, CS-Aslan_Red_Devil_Squeegee, CS-Weeding_Hook, CS-Weeding_Tweezers,CS-PAPER-APP-TAPE, CS-CLEAR-APP-TAPE","A","","","","","","","","","","","","","","","Silver_Glitter_Craft_Vinyl","0","glitter, sparkle
","","","1619540179","0","","0","","CHECKBOX"
"CS_GL8_Red_Glitter","Red Glitter Craft Vinyl","GL8","DEFAULT","4","3","CRAFTSTICK","","","","","0","Red Glitter Vinyl. Cut and stick for craft decorations","<p>This is perfect for all you crafters and hobbyists out there. Simply design and produce stickers for glass and acrylic with our etched effect self-adhesive vinyl.</p>
<p>Compatible with all craft cutters such as the Cameo, Cricut, Stika and Skycut plus signmaking plotter cutters from Roland, Graphtec, Mimaki and Mutoh.</p>
<p>You can even cut this material using scissors or on a cutting mat with a scalpel too.</p>
<p>Either way you will be able to make stickers that are long lasting and durable that are suitable for use onto glassware gifts and acrylic.</p>
<p>So get designing those beautiful creations then just cut, peel and stick to make them come alive.</p>
<b><p>•	Suitable for indoor applications </p>
<p>•	Textured surface </p>
<p>•	Permanent clear adhesive </p>
<p>•	Suitable for smooth flat or slightly curved surfaces </p></b>
","GL8.jpg","GL8.jpeg","INVITEMS","DEFAULT-CS_GL8_Red_Glitter-DEFAULT-CS_GL8_Red_Glitter","","","0","0","0","","1","REGONLY","0","0","0","0","","","","SELECT","SELECT","0","","","","","0","0","","income-service","","","0","0","","","","","CS-SAV-GLIT","CS-SAV-GLIT, CS-FESTIVE, CS-VALENTINES","","","0","CS-Plastic_Squeegee, CS-Olfa_Art_Knife, CS-Olfa_Premium_Art_Knife, CS-Olfa_Cutting_Matt_A3, CS-Olfa_Cutting_Matt_A4, CS-Easy_Cutter, CS-Bubble_Pen, CS-Aslan_Squeegee, CS-Aslan_Red_Devil_Squeegee, CS-Weeding_Hook, CS-Weeding_Tweezers, CS-PAPER-APP-TAPE, CS-CLEAR-APP-TAPE","CS-Plastic_Squeegee, CS-Olfa_Art_Knife, CS-Olfa_Premium_Art_Knife, CS-Olfa_Cutting_Matt_A3, CS-Olfa_Cutting_Matt_A4, CS-Easy_Cutter, CS-Bubble_Pen, CS-Aslan_Squeegee, CS-Aslan_Red_Devil_Squeegee, CS-Weeding_Hook, CS-Weeding_Tweezers,CS-PAPER-APP-TAPE, CS-CLEAR-APP-TAPE","A","","","","","","","","","","","","","","","Red_Glitter_Craft_Vinyl","0","glitter, sparkle
","","","1570461474","0","","0","","CHECKBOX"
"CS_GL9_Black_Glitter","Black Glitter Craft Vinyl","GL9","DEFAULT","5","3","CRAFTSTICK","","","","","0","Black Glitter Vinyl. Cut and stick for craft decorations","<p>This is perfect for all you crafters and hobbyists out there. Simply design and produce stickers for glass and acrylic with our etched effect self-adhesive vinyl.</p>
<p>Compatible with all craft cutters such as the Cameo, Cricut, Stika and Skycut plus signmaking plotter cutters from Roland, Graphtec, Mimaki and Mutoh.</p>
<p>You can even cut this material using scissors or on a cutting mat with a scalpel too.</p>
<p>Either way you will be able to make stickers that are long lasting and durable that are suitable for use onto glassware gifts and acrylic.</p>
<p>So get designing those beautiful creations then just cut, peel and stick to make them come alive.</p>
<b><p>•	Suitable for indoor applications </p>
<p>•	Textured surface </p>
<p>•	Permanent clear adhesive </p>
<p>•	Suitable for smooth flat or slightly curved surfaces </p></b>
","GL9.jpg","GL9.jpeg","INVITEMS","DEFAULT-CS_GL9_Black_Glitter-DEFAULT-CS_GL9_Black_Glitter","","","0","0","0","","1","REGONLY","0","0","0","0","","","","SELECT","SELECT","0","","","","","0","0","","income-service","","","0","0","","","","","CS-SAV-GLIT","CS-SAV-GLIT, CS-AUTUMN","","","0","CS-Plastic_Squeegee, CS-Olfa_Art_Knife, CS-Olfa_Premium_Art_Knife, CS-Olfa_Cutting_Matt_A3, CS-Olfa_Cutting_Matt_A4, CS-Easy_Cutter, CS-Bubble_Pen, CS-Aslan_Squeegee, CS-Aslan_Red_Devil_Squeegee, CS-Weeding_Hook, CS-Weeding_Tweezers, CS-PAPER-APP-TAPE, CS-CLEAR-APP-TAPE","CS-Plastic_Squeegee, CS-Olfa_Art_Knife, CS-Olfa_Premium_Art_Knife, CS-Olfa_Cutting_Matt_A3, CS-Olfa_Cutting_Matt_A4, CS-Easy_Cutter, CS-Bubble_Pen, CS-Aslan_Squeegee, CS-Aslan_Red_Devil_Squeegee, CS-Weeding_Hook, CS-Weeding_Tweezers,CS-PAPER-APP-TAPE, CS-CLEAR-APP-TAPE","A","","","","","","","","","","","","","","","Black_Glitter_Craft_Vinyl","0","glitter, sparkle
","","","1570638712","0","","0","","CHECKBOX"
"CS_K301_Diamond_Plate","Diamond Plate Craft Vinyl","K301","DEFAULT","14","4","CRAFTSTICK","","","","","0","Diamond Plate Vinyl. Cut and stick for craft decorations","<p>This is perfect for all you crafters and hobbyists out there. Simply design and produce stickers for glass and acrylic with our etched effect self-adhesive vinyl.</p>
<p>Compatible with all craft cutters such as the Cameo, Cricut, Stika and Skycut plus signmaking plotter cutters from Roland, Graphtec, Mimaki and Mutoh.</p>
<p>You can even cut this material using scissors or on a cutting mat with a scalpel too.</p>
<p>Either way you will be able to make stickers that are long lasting and durable that are suitable for use onto glassware gifts and acrylic.</p>
<p>So get designing those beautiful creations then just cut, peel and stick to make them come alive.</p>
<b><p>•	Suitable for indoor applications or up to 6 months outdoors </p>
<p>•	Permanent adhesive</p>
<p>•	Silver on the reverse </p>
<p>•	Suitable for smooth flat or slightly curved surfaces</p></b>
","K301_Diamond_Plate.png","K301_Diamond_Plate.png","INVITEMS","DEFAULT-CS_K301_Diamond_Plate-DEFAULT-CS_K301_Diamond_Plate","","","0","0","0","","1","REGONLY","0","0","0","0","","","","SELECT","SELECT","0","","","","","0","0","","income-service","","","0","0","","","","","CS-SAV-MET","CS-SAV-MET,CS-SAV-HOLO","","","0","CS-Plastic_Squeegee, CS-Olfa_Art_Knife, CS-Olfa_Premium_Art_Knife, CS-Olfa_Cutting_Matt_A3, CS-Olfa_Cutting_Matt_A4, CS-Easy_Cutter, CS-Bubble_Pen, CS-Aslan_Squeegee, CS-Aslan_Red_Devil_Squeegee, CS-Weeding_Hook, CS-Weeding_Tweezers, CS-PAPER-APP-TAPE, CS-CLEAR-APP-TAPE","CS-Plastic_Squeegee, CS-Olfa_Art_Knife, CS-Olfa_Premium_Art_Knife, CS-Olfa_Cutting_Matt_A3, CS-Olfa_Cutting_Matt_A4, CS-Easy_Cutter, CS-Bubble_Pen, CS-Aslan_Squeegee, CS-Aslan_Red_Devil_Squeegee, CS-Weeding_Hook, CS-Weeding_Tweezers,CS-PAPER-APP-TAPE, CS-CLEAR-APP-TAPE","A","","","","","","Polished","","","","","","","","","Diamond_Plate_Craft_Vinyl","0","metal,metallic","","","","0","","0","",""
"CS_S3161_Smooth_Satin_Copper","Smooth Satin Copper Craft Vinyl","S3161","DEFAULT","6","4","CRAFTSTICK","","","","","0","Smooth Satin Copper Vinyl. Cut and stick for craft decorations","<p>This is perfect for all you crafters and hobbyists out there. Simply design and produce stickers for glass and acrylic with our etched effect self-adhesive vinyl.</p>
<p>Compatible with all craft cutters such as the Cameo, Cricut, Stika and Skycut plus signmaking plotter cutters from Roland, Graphtec, Mimaki and Mutoh.</p>
<p>You can even cut this material using scissors or on a cutting mat with a scalpel too.</p>
<p>Either way you will be able to make stickers that are long lasting and durable that are suitable for use onto glassware gifts and acrylic.</p>
<p>So get designing those beautiful creations then just cut, peel and stick to make them come alive.</p>
<b><p>•	Suitable for indoor applications or up to 6 months outdoors </p>
<p>•	Permanent adhesive</p>
<p>•	Silver on the reverse </p>
<p>•	Suitable for smooth flat or slightly curved surfaces</p></b>
","S3161_Smooth_Satin_Copper.png","S3161_Smooth_Satin_Copper.png","INVITEMS","DEFAULT-CS_3161_Smooth_Satin_Copper-DEFAULT-CS_3161_Smooth_Satin_Copper","","","0","0","0","","1","REGONLY","0","0","0","0","","","","SELECT","SELECT","0","","","","","0","0","","income-service","","","0","0","","","","","CS-SAV-MET","CS-SAV-MET, CS-FESTIVE","","","0","CS-Plastic_Squeegee, CS-Olfa_Art_Knife, CS-Olfa_Premium_Art_Knife, CS-Olfa_Cutting_Matt_A3, CS-Olfa_Cutting_Matt_A4, CS-Easy_Cutter, CS-Bubble_Pen, CS-Aslan_Squeegee, CS-Aslan_Red_Devil_Squeegee, CS-Weeding_Hook, CS-Weeding_Tweezers, CS-PAPER-APP-TAPE, CS-CLEAR-APP-TAPE","CS-Plastic_Squeegee, CS-Olfa_Art_Knife, CS-Olfa_Premium_Art_Knife, CS-Olfa_Cutting_Matt_A3, CS-Olfa_Cutting_Matt_A4, CS-Easy_Cutter, CS-Bubble_Pen, CS-Aslan_Squeegee, CS-Aslan_Red_Devil_Squeegee, CS-Weeding_Hook, CS-Weeding_Tweezers,CS-PAPER-APP-TAPE, CS-CLEAR-APP-TAPE","A","","","","","","Polished","","","","","","","","","Smooth_Satin_Copper_Craft_Vinyl","0","metal,metallic","","","","0","","0","",""
"CS_S3162_Smooth_Rose_Gold","Smooth Rose Gold Craft Vinyl","S3162","DEFAULT","5","4","CRAFTSTICK","","","","","0","Smooth Rose Gold Vinyl. Cut and stick for craft decorations","<p>This is perfect for all you crafters and hobbyists out there. Simply design and produce stickers for glass and acrylic with our etched effect self-adhesive vinyl.</p>
<p>Compatible with all craft cutters such as the Cameo, Cricut, Stika and Skycut plus signmaking plotter cutters from Roland, Graphtec, Mimaki and Mutoh.</p>
<p>You can even cut this material using scissors or on a cutting mat with a scalpel too.</p>
<p>Either way you will be able to make stickers that are long lasting and durable that are suitable for use onto glassware gifts and acrylic.</p>
<p>So get designing those beautiful creations then just cut, peel and stick to make them come alive.</p>
<b><p>•	Suitable for indoor applications or up to 6 months outdoors </p>
<p>•	Permanent adhesive</p>
<p>•	Silver on the reverse </p>
<p>•	Suitable for smooth flat or slightly curved surfaces</p></b>
","S3162_Smooth_Rose_Gold.png","S3162_Smooth_Rose_Gold.png","INVITEMS","DEFAULT-CS_3162_Smooth_Rose_Gold-DEFAULT-CS_3162_Smooth_Rose_Gold","","","0","0","0","","1","REGONLY","0","0","0","0","","","","SELECT","SELECT","0","","","","","0","0","","income-service","","","0","0","","","","","CS-SAV-MET","CS-SAV-MET, CS-FESTIVE, CS-VALENTINES","","","0","CS-Plastic_Squeegee, CS-Olfa_Art_Knife, CS-Olfa_Premium_Art_Knife, CS-Olfa_Cutting_Matt_A3, CS-Olfa_Cutting_Matt_A4, CS-Easy_Cutter, CS-Bubble_Pen, CS-Aslan_Squeegee, CS-Aslan_Red_Devil_Squeegee, CS-Weeding_Hook, CS-Weeding_Tweezers, CS-PAPER-APP-TAPE, CS-CLEAR-APP-TAPE","CS-Plastic_Squeegee, CS-Olfa_Art_Knife, CS-Olfa_Premium_Art_Knife, CS-Olfa_Cutting_Matt_A3, CS-Olfa_Cutting_Matt_A4, CS-Easy_Cutter, CS-Bubble_Pen, CS-Aslan_Squeegee, CS-Aslan_Red_Devil_Squeegee, CS-Weeding_Hook, CS-Weeding_Tweezers,CS-PAPER-APP-TAPE, CS-CLEAR-APP-TAPE","A","","","","","","Polished","","","","","","","","","Smooth_Rose_Gold_Craft_Vinyl","0","metal,metallic","","","","0","","0","",""
"CS_S3163_Smooth_Champagne","Smooth Champagne Craft Vinyl","S3163","DEFAULT","4","4","CRAFTSTICK","","","","","0","Smooth Champagne Vinyl. Cut and stick for craft decorations","<p>This is perfect for all you crafters and hobbyists out there. Simply design and produce stickers for glass and acrylic with our etched effect self-adhesive vinyl.</p>
<p>Compatible with all craft cutters such as the Cameo, Cricut, Stika and Skycut plus signmaking plotter cutters from Roland, Graphtec, Mimaki and Mutoh.</p>
<p>You can even cut this material using scissors or on a cutting mat with a scalpel too.</p>
<p>Either way you will be able to make stickers that are long lasting and durable that are suitable for use onto glassware gifts and acrylic.</p>
<p>So get designing those beautiful creations then just cut, peel and stick to make them come alive.</p>
<b><p>•	Suitable for indoor applications or up to 6 months outdoors </p>
<p>•	Permanent adhesive</p>
<p>•	Silver on the reverse </p>
<p>•	Suitable for smooth flat or slightly curved surfaces</p></b>
","S3163_Smooth_Champagne.png","S3163_Smooth_Champagne.png","INVITEMS","DEFAULT-CS_S3163_Smooth_Champagne-DEFAULT-CS_S3163_Smooth_Champagne","","","0","0","0","","1","REGONLY","0","0","0","0","","","","SELECT","SELECT","0","","","","","0","0","","income-service","","","0","0","","","","","CS-SAV-MET","CS-SAV-MET, CS-FESTIVE, CS-VALENTINES","","","0","CS-Plastic_Squeegee, CS-Olfa_Art_Knife, CS-Olfa_Premium_Art_Knife, CS-Olfa_Cutting_Matt_A3, CS-Olfa_Cutting_Matt_A4, CS-Easy_Cutter, CS-Bubble_Pen, CS-Aslan_Squeegee, CS-Aslan_Red_Devil_Squeegee, CS-Weeding_Hook, CS-Weeding_Tweezers, CS-PAPER-APP-TAPE, CS-CLEAR-APP-TAPE","CS-Plastic_Squeegee, CS-Olfa_Art_Knife, CS-Olfa_Premium_Art_Knife, CS-Olfa_Cutting_Matt_A3, CS-Olfa_Cutting_Matt_A4, CS-Easy_Cutter, CS-Bubble_Pen, CS-Aslan_Squeegee, CS-Aslan_Red_Devil_Squeegee, CS-Weeding_Hook, CS-Weeding_Tweezers,CS-PAPER-APP-TAPE, CS-CLEAR-APP-TAPE","A","","","","","","Polished","","","","","","","","","Smooth_Champagne_Craft_Vinyl","0","metal,metallic","","","1733921938","0","","0","","CHECKBOX"
"CS_S4402_Florentine_Leaf","Florentine Leaf Craft Vinyl","S4402","DEFAULT","12","4","CRAFTSTICK","","","","","0","Florentine Leaf Vinyl. Cut and stick for craft decorations","<p>This is perfect for all you crafters and hobbyists out there. Simply design and produce stickers for glass and acrylic with our etched effect self-adhesive vinyl.</p>
<p>Compatible with all craft cutters such as the Cameo, Cricut, Stika and Skycut plus signmaking plotter cutters from Roland, Graphtec, Mimaki and Mutoh.</p>
<p>You can even cut this material using scissors or on a cutting mat with a scalpel too.</p>
<p>Either way you will be able to make stickers that are long lasting and durable that are suitable for use onto glassware gifts and acrylic.</p>
<p>So get designing those beautiful creations then just cut, peel and stick to make them come alive.</p>
<b><p>•	Suitable for indoor applications or up to 6 months outdoors </p>
<p>•	Permanent adhesive</p>
<p>•	Silver on the reverse </p>
<p>•	Suitable for smooth flat or slightly curved surfaces</p></b>
","S4402_Florentine_Leaf.png","S4402_Florentine_Leaf.png","INVITEMS","DEFAULT-CS_S4402_Florentine_Leaf-DEFAULT-CS_S4402_Florentine_Leaf","","","0","0","0","","1","REGONLY","0","0","0","0","","","","SELECT","SELECT","0","","","","","0","0","","income-service","","","0","0","","","","","CS-SAV-MET","CS-SAV-MET, CS-FESTIVE","","","0","CS-Plastic_Squeegee, CS-Olfa_Art_Knife, CS-Olfa_Premium_Art_Knife, CS-Olfa_Cutting_Matt_A3, CS-Olfa_Cutting_Matt_A4, CS-Easy_Cutter, CS-Bubble_Pen, CS-Aslan_Squeegee, CS-Aslan_Red_Devil_Squeegee, CS-Weeding_Hook, CS-Weeding_Tweezers, CS-PAPER-APP-TAPE, CS-CLEAR-APP-TAPE","CS-Plastic_Squeegee, CS-Olfa_Art_Knife, CS-Olfa_Premium_Art_Knife, CS-Olfa_Cutting_Matt_A3, CS-Olfa_Cutting_Matt_A4, CS-Easy_Cutter, CS-Bubble_Pen, CS-Aslan_Squeegee, CS-Aslan_Red_Devil_Squeegee, CS-Weeding_Hook, CS-Weeding_Tweezers,CS-PAPER-APP-TAPE, CS-CLEAR-APP-TAPE","A","","","","","","Gloss","","","","","","","","","Florentine_Leaf_Craft_Vinyl","0","metal,metallic","","","","0","","0","",""
"CS_S6501_Fine_Brush_Silver","Fine Brush Silver Craft Vinyl","S6501","DEFAULT","11","4","CRAFTSTICK","","","","","0","Fine Brush Silver Vinyl. Cut and stick for craft decorations","<p>This is perfect for all you crafters and hobbyists out there. Simply design and produce stickers for glass and acrylic with our etched effect self-adhesive vinyl.</p>
<p>Compatible with all craft cutters such as the Cameo, Cricut, Stika and Skycut plus signmaking plotter cutters from Roland, Graphtec, Mimaki and Mutoh.</p>
<p>You can even cut this material using scissors or on a cutting mat with a scalpel too.</p>
<p>Either way you will be able to make stickers that are long lasting and durable that are suitable for use onto glassware gifts and acrylic.</p>
<p>So get designing those beautiful creations then just cut, peel and stick to make them come alive.</p>
<b><p>•	Suitable for indoor applications or up to 6 months outdoors </p>
<p>•	Permanent adhesive</p>
<p>•	Silver on the reverse </p>
<p>•	Suitable for smooth flat or slightly curved surfaces</p></b>
","S6501_Fine_Brush_Silver.png","S6501_Fine_Brush_Silver.png","INVITEMS","DEFAULT-CS_6501_Fine_Brush_Silver-DEFAULT-CS_6501_Fine_Brush_Silver","","","0","0","0","","1","REGONLY","0","0","0","0","","","","SELECT","SELECT","0","","","","","0","0","","income-service","","","0","0","","","","","CS-SAV-MET","CS-SAV-MET, CS-FESTIVE","","","0","CS-Plastic_Squeegee, CS-Olfa_Art_Knife, CS-Olfa_Premium_Art_Knife, CS-Olfa_Cutting_Matt_A3, CS-Olfa_Cutting_Matt_A4, CS-Easy_Cutter, CS-Bubble_Pen, CS-Aslan_Squeegee, CS-Aslan_Red_Devil_Squeegee, CS-Weeding_Hook, CS-Weeding_Tweezers, CS-PAPER-APP-TAPE, CS-CLEAR-APP-TAPE","CS-Plastic_Squeegee, CS-Olfa_Art_Knife, CS-Olfa_Premium_Art_Knife, CS-Olfa_Cutting_Matt_A3, CS-Olfa_Cutting_Matt_A4, CS-Easy_Cutter, CS-Bubble_Pen, CS-Aslan_Squeegee, CS-Aslan_Red_Devil_Squeegee, CS-Weeding_Hook, CS-Weeding_Tweezers,CS-PAPER-APP-TAPE, CS-CLEAR-APP-TAPE","A","","","","","","Brushed","","","","","","","","","Fine_Brush_Silver_Craft_Vinyl","0","metal,metallic","","","","0","","0","",""
"CS_S6561_Fine_Brush_Satin_Copper","Fine Brush Satin Copper Craft Vinyl","S6561","DEFAULT","10","4","CRAFTSTICK","","","","","0","Fine Brush Satin Copper Vinyl. Cut and stick for craft decorations","<p>This is perfect for all you crafters and hobbyists out there. Simply design and produce stickers for glass and acrylic with our etched effect self-adhesive vinyl.</p>
<p>Compatible with all craft cutters such as the Cameo, Cricut, Stika and Skycut plus signmaking plotter cutters from Roland, Graphtec, Mimaki and Mutoh.</p>
<p>You can even cut this material using scissors or on a cutting mat with a scalpel too.</p>
<p>Either way you will be able to make stickers that are long lasting and durable that are suitable for use onto glassware gifts and acrylic.</p>
<p>So get designing those beautiful creations then just cut, peel and stick to make them come alive.</p>
<b><p>•	Suitable for indoor applications or up to 6 months outdoors </p>
<p>•	Permanent adhesive</p>
<p>•	Silver on the reverse </p>
<p>•	Suitable for smooth flat or slightly curved surfaces</p></b>
","S6561_Fine_Brush_Satin_Copper.png","S6561_Fine_Brush_Satin_Copper.png","INVITEMS","DEFAULT-CS_6561_Fine_Brush_Satin_Copper-DEFAULT-CS_6561_Fine_Brush_Satin_Copper","","","0","0","0","","1","REGONLY","0","0","0","0","","","","SELECT","SELECT","0","","","","","0","0","","income-service","","","0","0","","","","","CS-SAV-MET","CS-SAV-MET, CS-FESTIVE","","","0","CS-Plastic_Squeegee, CS-Olfa_Art_Knife, CS-Olfa_Premium_Art_Knife, CS-Olfa_Cutting_Matt_A3, CS-Olfa_Cutting_Matt_A4, CS-Easy_Cutter, CS-Bubble_Pen, CS-Aslan_Squeegee, CS-Aslan_Red_Devil_Squeegee, CS-Weeding_Hook, CS-Weeding_Tweezers, CS-PAPER-APP-TAPE, CS-CLEAR-APP-TAPE","CS-Plastic_Squeegee, CS-Olfa_Art_Knife, CS-Olfa_Premium_Art_Knife, CS-Olfa_Cutting_Matt_A3, CS-Olfa_Cutting_Matt_A4, CS-Easy_Cutter, CS-Bubble_Pen, CS-Aslan_Squeegee, CS-Aslan_Red_Devil_Squeegee, CS-Weeding_Hook, CS-Weeding_Tweezers,CS-PAPER-APP-TAPE, CS-CLEAR-APP-TAPE","A","","","","","","Brushed","","","","","","","","","Fine_Brush_Satin_Copper_Craft_Vinyl","0","metal,metallic","","","","0","","0","",""
"CS_S6562_Fine_Brush_Rose_Gold","Fine Brush Rose Gold Craft Vinyl","S6562","DEFAULT","9","4","CRAFTSTICK","","","","","0","Fine Brush Rose Gold Vinyl. Cut and stick for craft decorations","<p>This is perfect for all you crafters and hobbyists out there. Simply design and produce stickers for glass and acrylic with our etched effect self-adhesive vinyl.</p>
<p>Compatible with all craft cutters such as the Cameo, Cricut, Stika and Skycut plus signmaking plotter cutters from Roland, Graphtec, Mimaki and Mutoh.</p>
<p>You can even cut this material using scissors or on a cutting mat with a scalpel too.</p>
<p>Either way you will be able to make stickers that are long lasting and durable that are suitable for use onto glassware gifts and acrylic.</p>
<p>So get designing those beautiful creations then just cut, peel and stick to make them come alive.</p>
<b><p>•	Suitable for indoor applications or up to 6 months outdoors </p>
<p>•	Permanent adhesive</p>
<p>•	Silver on the reverse </p>
<p>•	Suitable for smooth flat or slightly curved surfaces</p></b>
","S6562_Fine_Brush_Rose_Gold.png","S6562_Fine_Brush_Rose_Gold.png","INVITEMS","DEFAULT-CS_6562_Fine_Brush_Rose_Gold-DEFAULT-CS_6562_Fine_Brush_Rose_Gold","","","0","0","0","","1","REGONLY","0","0","0","0","","","","SELECT","SELECT","0","","","","","0","0","","income-service","","","0","0","","","","","CS-SAV-MET","CS-SAV-MET, CS-FESTIVE, CS-VALENTINES","","","0","CS-Plastic_Squeegee, CS-Olfa_Art_Knife, CS-Olfa_Premium_Art_Knife, CS-Olfa_Cutting_Matt_A3, CS-Olfa_Cutting_Matt_A4, CS-Easy_Cutter, CS-Bubble_Pen, CS-Aslan_Squeegee, CS-Aslan_Red_Devil_Squeegee, CS-Weeding_Hook, CS-Weeding_Tweezers, CS-PAPER-APP-TAPE, CS-CLEAR-APP-TAPE","CS-Plastic_Squeegee, CS-Olfa_Art_Knife, CS-Olfa_Premium_Art_Knife, CS-Olfa_Cutting_Matt_A3, CS-Olfa_Cutting_Matt_A4, CS-Easy_Cutter, CS-Bubble_Pen, CS-Aslan_Squeegee, CS-Aslan_Red_Devil_Squeegee, CS-Weeding_Hook, CS-Weeding_Tweezers,CS-PAPER-APP-TAPE, CS-CLEAR-APP-TAPE","A","","","","","","Brushed","","","","","","","","","Fine_Brush_Rose_Gold_Craft_Vinyl","0","metal,metallic","","","","0","","0","",""
"CS_S6564_Fine_Brush_Bronze","Fine Brush Bronze Craft Vinyl","S6564","DEFAULT","7","4","CRAFTSTICK","","","","","0","Fine Brush Bronze Vinyl. Cut and stick for craft decorations","<p>This is perfect for all you crafters and hobbyists out there. Simply design and produce stickers for glass and acrylic with our etched effect self-adhesive vinyl.</p>
<p>Compatible with all craft cutters such as the Cameo, Cricut, Stika and Skycut plus signmaking plotter cutters from Roland, Graphtec, Mimaki and Mutoh.</p>
<p>You can even cut this material using scissors or on a cutting mat with a scalpel too.</p>
<p>Either way you will be able to make stickers that are long lasting and durable that are suitable for use onto glassware gifts and acrylic.</p>
<p>So get designing those beautiful creations then just cut, peel and stick to make them come alive.</p>
<b><p>•	Suitable for indoor applications or up to 6 months outdoors </p>
<p>•	Permanent adhesive</p>
<p>•	Silver on the reverse </p>
<p>•	Suitable for smooth flat or slightly curved surfaces</p></b>
","S6564_Fine_Brush_Bronze.png","S6564_Fine_Brush_Bronze.png","INVITEMS","DEFAULT-CS_S6564_Fine_Brush_Bronze-DEFAULT-CS_S6564_Fine_Brush_Bronze","","","0","0","0","","1","REGONLY","0","0","0","0","","","","SELECT","SELECT","0","","","","","0","0","","income-service","","","0","0","","","","","CS-SAV-MET","CS-SAV-MET, CS-FESTIVE","","","0","CS-Plastic_Squeegee, CS-Olfa_Art_Knife, CS-Olfa_Premium_Art_Knife, CS-Olfa_Cutting_Matt_A3, CS-Olfa_Cutting_Matt_A4, CS-Easy_Cutter, CS-Bubble_Pen, CS-Aslan_Squeegee, CS-Aslan_Red_Devil_Squeegee, CS-Weeding_Hook, CS-Weeding_Tweezers, CS-PAPER-APP-TAPE, CS-CLEAR-APP-TAPE","CS-Plastic_Squeegee, CS-Olfa_Art_Knife, CS-Olfa_Premium_Art_Knife, CS-Olfa_Cutting_Matt_A3, CS-Olfa_Cutting_Matt_A4, CS-Easy_Cutter, CS-Bubble_Pen, CS-Aslan_Squeegee, CS-Aslan_Red_Devil_Squeegee, CS-Weeding_Hook, CS-Weeding_Tweezers,CS-PAPER-APP-TAPE, CS-CLEAR-APP-TAPE","A","","","","","","Brushed","","","","","","","","","Fine_Brush_Bronze_Craft_Vinyl","0","metal,metallic","","","","0","","0","",""
"CS_Swann_Morton_10A_Blades","Swann Morton No:10A Scalpel Blades ","No: 10A Blades","DEFAULT","55","15","CRAFTSTICK","","","","","0","Carbon steel scalpel blades. Pack of 100","<p>Carbon steel scalpel blades</p>
<p>Fits No:5A & Retractable handles.</p>
<p>Pack of 100</p>","CS_SWAN_MORTON_10A_BLADES.png","CS_SWAN_MORTON_10A_BLADES.png","INVITEMS","DEFAULT-CS_Swann_Morton_10A_Blades-DEFAULT-CS_Swann_Morton_10A_Blades","","","0","0","0","","1","REGONLY","0","0","0","0","","","","SELECT","SELECT","0","","","","","0","0","","income-service","","","0","0","","","","","CS-TOOLS","CS-TOOLS","","","0","CS_Swann_Morton_3_Handle, CS_Swann_Morton_7_Handle, CS_Swann_Morton_5A_Handle, CS_Swann_Morton_Blade_Remover","","A","","","","","","Cutting","","","","","","","","","","0","swann morton,scalpel,handle,surgical,

","","","1573490271","0","","1","","CHECKBOX"
"CS_Swann_Morton_11_Blades","Swann Morton No:11 Scalpel Blades ","No: 11 Blades","DEFAULT","58","15","CRAFTSTICK","","","","","0","Carbon steel scalpel blades. Pack of 100","<p>Carbon steel scalpel blades</p>
<p>Fits No:3 & No:7 handles.</p>
<p>Pack of 100</p>","Swann_Morton_11_Blade_Box.png","Swann_Morton_11_Blade_Box.png, Swann_Morton_11_Blade.png","INVITEMS","DEFAULT-CS_Swann_Morton_11_Blades-DEFAULT-CS_Swann_Morton_11_Blades","","","0","0","0","","1","REGONLY","0","0","0","0","","","","SELECT","SELECT","0","","","","","0","0","","income-service","","","0","0","","","","","CS-TOOLS","CS-TOOLS","","","0","CS_Swann_Morton_3_Handle, CS_Swann_Morton_7_Handle, CS_Swann_Morton_Blade_Remover","","A","","","","","","Cutting","","","","","","","","","","0","swann morton,scalpel,handle,surgical,

","","","1573490590","0","","1","","CHECKBOX"
"CS_Swann_Morton_2_Blades","Swann Morton No:2 ACM Scalpel Blades","No: 2ACM Blades","DEFAULT","50","2","CRAFTSTICK","","","","","0","Replacement carbon steel scalpel blades for the No:2 ACM knife handle. Pack of 5","<p>Replacement carbon steel scalpel blades</p>
<p>Fits No:2 ACM knife handle only.</p>
<p>Pack of 5</p>","CS_SWAN_MORTON_2_BLADES.png","CS_SWAN_MORTON_2_BLADES.png","INVITEMS","DEFAULT-CS_Swann_Morton_2_Blades-DEFAULT-CS_Swann_Morton_2_Blades","","","0","0","0","","1","REGONLY","0","0","0","0","","","","SELECT","SELECT","0","","","","","0","0","","income-service","","","0","0","","","","","CS-TOOLS","CS-TOOLS","","","0","CS_Swann_Morton_2_Handle","","A","","","","","","Cutting","","","","","","","","","","0","swann morton,scalpel,handle,surgical,

","","","1573491749","0","","1","","CHECKBOX"
"CS_Swann_Morton_2_Handle","Swann Morton No:2 ACM Scalpel Handle with blade and blade guard","No: 2ACM Handle","DEFAULT","10","6","CRAFTSTICK","","","","","0","Round barrel handle craft knife with X-Acto loaded No: 2 blade and blade guard.","<p>Round barrel handle craft knife with X-Acto loaded No: 2 ACM blade and blade guard.</p>
<p>Takes No:2 ACM blades only.</p>","CS_SWAN_MORTON_2_HANDLE.png","CS_SWAN_MORTON_2_HANDLE.png","INVITEMS","DEFAULT-CS_Swann_Morton_2_Handle-DEFAULT-CS_Swann_Morton_2_Handle","","","0","0","0","","1","REGONLY","0","0","0","0","","","","SELECT","SELECT","0","","","","","0","0","","income-service","","","0","0","","","","","CS-TOOLS","CS-TOOLS","","","0","CS_Swann_Morton_2_Blades, CS-Olfa_Cutting_Matt_A3, CS-Olfa_Cutting_Matt_A4, CS_Swann_Morton_Blade_Remover","CS_Swann_Morton_2_Blades, CS_Swann_Morton_Blade_Remover, CS-Olfa_Cutting_Matt_A3, CS-Olfa_Cutting_Matt_A4","A","","","","","","Cutting","","","","","","","","","","0","swann morton,scalpel,handle,surgical,

","","","1573489644","0","","1","","CHECKBOX"
"CS_Swann_Morton_3_Handle","Swann Morton No:3 Scalpel Handle","No: 3 Handle","DEFAULT","30","6","CRAFTSTICK","","","","","0","Stainless steel scalpel handle","<p>Stainless steel scalpel handle</p>
<p>Takes No:10A or No: 11 blades.</p>","Swann_Morton_3_Handle.png","Swann_Morton_3_Handle.png","INVITEMS","DEFAULT-CS_Swann_Morton_3_Handle-DEFAULT-Swann_Morton_3_Handle","","","0","0","0","","1","REGONLY","0","0","0","0","","","","SELECT","SELECT","0","","","","","0","0","","income-service","","","0","0","","","","","CS-TOOLS","CS-TOOLS","","","0","CS_Swann_Morton_10A_Blades, CS_Swann_Morton_11_Blades, CS_Swann_Morton_Blade_Remover","","N","","","","","","Cutting","","","","","","","","","","0","swann morton,scalpel,handle,surgical,

","","","1573482695","0","","1","","CHECKBOX"
"CS_Swann_Morton_5A_Handle","Swann Morton No:5A ACM Scalpel Handle with 5 x 10A blades","No: 5 Handle","DEFAULT","20","10","CRAFTSTICK","","","","","0","Acrylic craft scalpel handle","<p>Acrylic Craft Handle with Stainless Steel bayonet</p>
<p>Especially for Craft enthusiasts</p>
<p>Takes No:10A blades.</p>","CS_SWAN_MORTON_5A_HANDLE.png","CS_SWAN_MORTON_5A_HANDLE.png","INVITEMS","DEFAULT-CS_Swann_Morton_5A_Handle-DEFAULT-CS_Swann_Morton_5A_Handle","","","0","0","0","","1","REGONLY","0","0","0","0","","","","SELECT","SELECT","0","","","","","0","0","","income-service","","","0","0","","","","","CS-TOOLS","CS-TOOLS","","","0","CS_Swann_Morton_10A_Blades, CS_Swann_Morton_Blade_Remover","","A","","","","","","Cutting","","","","","","","","","","0","swann morton,scalpel,handle,surgical,

","","","1573481283","0","","1","","CHECKBOX"
"CS_Swann_Morton_Blade_Remover","Swann Morton Blade Remover","SHARP-SC","DEFAULT","120","1","CRAFTSTICK","","","","","0","Ensure safe removal of scalpel blades with this Swann Morton blade remover.","<p>Ensure safe removal of scalpel blades with this Swann Morton blade remover.</p>
<p>Takes up to 100 blades.</p>","CS_SWAN_MORTON_BLADE_REMOVE.png","CS_SWAN_MORTON_BLADE_REMOVE.png","INVITEMS","DEFAULT-CS_Swann_Morton_Blade_Remover-DEFAULT-CS_Swann_Morton_Blade_Remover","","","0","0","0","","1","REGONLY","0","0","0","0","","","","SELECT","SELECT","0","","","","","0","0","","income-service","","","0","0","","","","","CS-TOOLS","CS-TOOLS","","","0","Swann_Morton_10A_Blades, CS_Swann_Morton_11_Blades","","A","","","","","","Cutting","","","","","","","","","","0","swann morton,scalpel,handle,surgical,

","","","1573554970","0","","1","","CHECKBOX"
"CT11355","ASLAN CT11355 Yellow Transparent Vinyl","11355","Aslan","10","0","DEFAULT","","","","","0","ASLAN CT11355 Yellow self-adhesive transparent colour film for brilliant designs and advertising on glass and acrylic surfaces. 


","<head><title>ASLAN CT11355 Yellow Transparent Vinyl</title>

<style>
.responsive {
  width: 50%;
  height: auto;
}
</style>
</head>

<img style=""height: 50px; width: 236px;"" alt=""Aslan logo""
src=""media/ecom/onpagegraphics/ASLAN_Logo_New.png"" class=""responsive""><br><br>
<p>ASLAN CT11355 Yellow self-adhesive transparent colour film for brilliant designs and advertising on glass and acrylic surfaces.</p>

<span style=""font-weight: bold; color: #d7328a;"">Structure:</span><br>
<ul><li>80<span>&#181;</span>m PVC
<li>Transparent water based adhesive - Semi permanent
<li>Premium quality siliconized backing liner - 140gm<sup>2</sup>
</li></ul>

<span style=""font-weight: bold; color: #d7328a;"">Suitability:</span><br>
<ul><li>Vibrant retail and commercial window displays
<li>Decorative displays onto glass or acrylic for promotional or seasonal events
<li>Layering materials to create an infinite range of colour shades and blends
<li>Transforming backlit films and reflective surfaces
<li>Beautiful art installations as seen in <a href=""https://www.dorotape.co.uk/Study-Fiona-Grady-Art-Station"" target=""_blank""><font color=""#d7328a""><b>Fiona Grady Art Station Case Study</b></font></a>
</li></ul>

<span style=""font-weight: bold; color: #d7328a;"">Advantages:</span><br>
<ul><li>Available in 22 bright finishes, ideal for producing high quality window graphics, vibrant retail promotions and in store displays
<li>High level of coloured transparency giving a truly professional result
<li>Apply wet for completely streak free finish with an even colour covering
<li>Up to 5 year outdoor durability
<li>Water resistant adhesive for outdoor applications</li></ul>

<span style=""font-weight: bold; color: #d7328a;"">Technical Information:</span><br>
<ul><a href=""media/ecom/pdfs/datasheets/GlassColour_ASLAN_CT113_e.pdf""
target=""_blank""><img
style=""border: 0px solid ; width: 200px; height: 60px;"" alt=""pdf""
src=""media/ecom/onpagegraphics/Datasheet.png""></a>
<a href=""media/ecom/colselxl/Colourcard_ASLAN_CT_113.pdf""
target=""_blank""><img
style=""border: 0px solid ; width: 200px; height: 60px;"" alt=""pdf""
src=""media/ecom/onpagegraphics/Colour.png""></a></ul>

<p><p style=""font-weight: bold; font-size: 1.0em;"">Prices shown are per roll at 1250mm wide</p>
</body>","CT11355.png","CT11355.png","INVITEMS","DEFAULT-CT11355-DEFAULT-CT11355","","","0","0","0","","1","REGONLY","0","0","0","0","","","","SELECT","SELECT","0","","","","","0","0","","income-service","","","0","0","","","https://www.youtube.com/embed/hAz28VdVrTQ","","Aslan_CT113_Transparent","Aslan_CT113_Transparent","","","0","Blue_Max, Fusion_5, Olfa_Graphic_Cutter, Olfa_X_Design_Heavy_Duty_Knife, Lint-Free-Gloves, Masking_Tape_25mm, Aslan_Squeegee, Swann_Morton_3_Handle, Swann_Morton_10A_Blades, Float_On, IPA_100, Anti_Static_Cleaner,","Blue_Max, Fusion_5, Olfa_Graphic_Cutter, Olfa_X_Design_Heavy_Duty_Knife, Lint-Free-Gloves, Masking_Tape_25mm, Aslan_Squeegee, Swann_Morton_3_Handle, Swann_Morton_10A_Blades, Float_On, IPA_100, Anti_Static_Cleaner,","A","","","","","","","","","","","","","","","","0","aslan, cT113, aslan vinyl, aslan sign vinyl for walls, monomeric, aslan schwarz, transparent vinyl, stained glass vinyl, coloured film, backlit, transparent, window, vinyl, 11355, yellow, 




","","","1583760052","0","","0","","CHECKBOX"
"CT11356","ASLAN CT11356 Golden Yellow Transparent Vinyl","11356","Aslan","30","0","DEFAULT","","","","","0","ASLAN CT11356 Golden Yellow self-adhesive transparent colour film for brilliant designs and advertising on glass and acrylic surfaces. 



","<html>
<head><title>ASLAN CT11356 Golden Yellow Transparent Vinyl</title>

<style>
.responsive {
  width: 50%;
  height: auto;
}
</style>
</head>

<body>
<img style=""height: 50px; width: 236px;"" alt=""Aslan logo""
src=""media/ecom/onpagegraphics/ASLAN_Logo_New.png"" class=""responsive""><br><br>
<p>ASLAN CT11356 Golden Yellow self-adhesive transparent colour film for brilliant designs and advertising on glass and acrylic surfaces.</p>

<span style=""font-weight: bold; color: #d7328a;"">Structure:</span><br>
<ul><li>80<span>&#181;</span>m PVC</li>
<li>Transparent water based adhesive - Semi permanent</li>
<li>Premium quality siliconized backing liner - 140gm<sup>2</sup>
</li></ul>

<span style=""font-weight: bold; color: #d7328a;"">Suitability:</span><br>
<ul><li>Vibrant retail and commercial window displays</li>
<li>Decorative displays onto glass or acrylic for promotional or seasonal events</li>
<li>Layering materials to create an infinite range of colour shades and blends</li>
<li>Transforming backlit films and reflective surfaces</li>
<li>Beautiful art installations as seen in <a href=""https://www.dorotape.co.uk/Study-Fiona-Grady-Art-Station"" target=""_blank""><font color=""#d7328a""><b>Fiona Grady Art Station Case Study</b></font></a>
</li></ul>

<span style=""font-weight: bold; color: #d7328a;"">Advantages:</span><br>
<ul><li>Available in 22 bright finishes, ideal for producing high quality window graphics, vibrant retail promotions and in store displays</li>
<li>High level of coloured transparency giving a truly professional result</li>
<li>Apply wet for completely streak free finish with an even colour covering</li>
<li>Up to 5 year outdoor durability</li>
<li>Water resistant adhesive for outdoor applications</li></ul>

<span style=""font-weight: bold; color: #d7328a;"">Technical Information:</span><br>
<ul><a href=""media/ecom/pdfs/datasheets/GlassColour_ASLAN_CT113_e.pdf""
target=""_blank""><img
style=""border: 0px solid ; width: 200px; height: 60px;"" alt=""pdf""
src=""media/ecom/onpagegraphics/Datasheet.png""></a>
<a href=""media/ecom/colselxl/Colourcard_ASLAN_CT_113.pdf""
target=""_blank""><img
style=""border: 0px solid ; width: 200px; height: 60px;"" alt=""pdf""
src=""media/ecom/onpagegraphics/Colour.png""></a></ul>

<p style=""font-weight: bold; font-size: 1.0em;"">Prices shown are per roll at 1250mm wide</p>
</body>
</html>","CT11356.png","CT11356.png","INVITEMS","DEFAULT-CT11356-DEFAULT-CT11356","","","0","0","0","","1","REGONLY","0","0","0","0","","","","SELECT","SELECT","0","","","","","0","0","","income-service","","","0","0","","","https://www.youtube.com/embed/hAz28VdVrTQ","","Aslan_CT113_Transparent","Aslan_CT113_Transparent","","","0","Blue_Max, Fusion_5, Olfa_Graphic_Cutter, Olfa_X_Design_Heavy_Duty_Knife, Lint-Free-Gloves, Masking_Tape_25mm, Aslan_Squeegee, Swann_Morton_3_Handle, Swann_Morton_10A_Blades, Float_On, IPA_100, Anti_Static_Cleaner,","Blue_Max, Fusion_5, Olfa_Graphic_Cutter, Olfa_X_Design_Heavy_Duty_Knife, Lint-Free-Gloves, Masking_Tape_25mm, Aslan_Squeegee, Swann_Morton_3_Handle, Swann_Morton_10A_Blades, Float_On, IPA_100, Anti_Static_Cleaner,","A","","","","","","","","","","","","","","","","0","aslan, cT113, aslan vinyl, aslan sign vinyl for walls, monomeric, aslan schwarz, transparent vinyl, stained glass vinyl, coloured film, backlit, transparent, window, vinyl, 11356, 11356k, golden, yellow, goldenyellow, orange, ","","","1583760907","0","","0","","CHECKBOX"
"CT11357","ASLAN CT11357 Orange Transparent Vinyl","11357","Aslan","40","0","DEFAULT","","","","","0","ASLAN CT11357 Orange self-adhesive transparent colour film for brilliant designs and advertising on glass and acrylic surfaces.



","<html>
<head><title>ASLAN CT11357 Orange Transparent Vinyl</title>

<style>
.responsive {
  width: 50%;
  height: auto;
}
</style>
</head>

<body>
<img style=""height: 50px; width: 236px;"" alt=""Aslan logo""
src=""media/ecom/onpagegraphics/ASLAN_Logo_New.png"" class=""responsive""><br><br>
<p>ASLAN CT11357 Orange self-adhesive transparent colour film for brilliant designs and advertising on glass and acrylic surfaces.</p>

<span style=""font-weight: bold; color: #d7328a;"">Structure:</span><br>
<ul><li>80<span>&#181;</span>m PVC</li>
<li>Transparent water based adhesive - Semi permanent</li>
<li>Premium quality siliconized backing liner - 140gm<sup>2</sup>
</li></ul>

<span style=""font-weight: bold; color: #d7328a;"">Suitability:</span><br>
<ul><li>Vibrant retail and commercial window displays</li>
<li>Decorative displays onto glass or acrylic for promotional or seasonal events</li>
<li>Layering materials to create an infinite range of colour shades and blends</li>
<li>Transforming backlit films and reflective surfaces</li>
<li>Beautiful art installations as seen in <a href=""https://www.dorotape.co.uk/Study-Fiona-Grady-Art-Station"" target=""_blank""><font color=""#d7328a""><b>Fiona Grady Art Station Case Study</b></font></a>
</li></ul>

<span style=""font-weight: bold; color: #d7328a;"">Advantages:</span><br>
<ul><li>Available in 22 bright finishes, ideal for producing high quality window graphics, vibrant retail promotions and in store displays</li>
<li>High level of coloured transparency giving a truly professional result</li>
<li>Apply wet for completely streak free finish with an even colour covering</li>
<li>Up to 5 year outdoor durability</li>
<li>Water resistant adhesive for outdoor applications</li></ul>

<span style=""font-weight: bold; color: #d7328a;"">Technical Information:</span><br>
<ul><a href=""media/ecom/pdfs/datasheets/GlassColour_ASLAN_CT113_e.pdf""
target=""_blank""><img
style=""border: 0px solid ; width: 200px; height: 60px;"" alt=""pdf""
src=""media/ecom/onpagegraphics/Datasheet.png""></a>
<a href=""media/ecom/colselxl/Colourcard_ASLAN_CT_113.pdf""
target=""_blank""><img
style=""border: 0px solid ; width: 200px; height: 60px;"" alt=""pdf""
src=""media/ecom/onpagegraphics/Colour.png""></a></ul>

<p style=""font-weight: bold; font-size: 1.0em;"">Prices shown are per roll at 1250mm wide</p>
</body>
</html>","CT11357.png","CT11357.png","INVITEMS","DEFAULT-CT11357-DEFAULT-CT11357","","","0","0","0","","1","REGONLY","0","0","0","0","","","","SELECT","SELECT","0","","","","","0","0","","income-service","","","0","0","","","https://www.youtube.com/embed/hAz28VdVrTQ","","Aslan_CT113_Transparent","Aslan_CT113_Transparent","","","0","Blue_Max, Fusion_5, Olfa_Graphic_Cutter, Olfa_X_Design_Heavy_Duty_Knife, Lint-Free-Gloves, Masking_Tape_25mm, Aslan_Squeegee, Swann_Morton_3_Handle, Swann_Morton_10A_Blades, Float_On, IPA_100, Anti_Static_Cleaner,","Blue_Max, Fusion_5, Olfa_Graphic_Cutter, Olfa_X_Design_Heavy_Duty_Knife, Lint-Free-Gloves, Masking_Tape_25mm, Aslan_Squeegee, Swann_Morton_3_Handle, Swann_Morton_10A_Blades, Float_On, IPA_100, Anti_Static_Cleaner,","A","","","","","","","","","","","","","","","","0","aslan, cT113, aslan vinyl, aslan sign vinyl for walls, monomeric, aslan schwarz, transparent vinyl, stained glass vinyl, coloured film, backlit, transparent, window, vinyl, 11357, 11357k, orange, ","","","1583768256","0","","0","","CHECKBOX"
"CT11359","ASLAN CT11359 Dark Red Transparent Vinyl","11359","Aslan","70","0","DEFAULT","","","","","0","ASLAN CT11359 Dark Red self-adhesive transparent colour film for brilliant designs and advertising on glass and acrylic surfaces. 



","<html>
<head><title>ASLAN CT11359 Dark Red Transparent Vinyl</title>

<style>
.responsive {
  width: 50%;
  height: auto;
}
</style>
</head>

<body>
<img style=""height: 50px; width: 236px;"" alt=""Aslan logo""
src=""media/ecom/onpagegraphics/ASLAN_Logo_New.png"" class=""responsive""><br><br>
<p>ASLAN CT11359 Dark Red self-adhesive transparent colour film for brilliant designs and advertising on glass and acrylic surfaces.</p>

<span style=""font-weight: bold; color: #d7328a;"">Structure:</span><br>
<ul><li>80<span>&#181;</span>m PVC</li>
<li>Transparent water based adhesive - Semi permanent</li>
<li>Premium quality siliconized backing liner - 140gm<sup>2</sup>
</li></ul>

<span style=""font-weight: bold; color: #d7328a;"">Suitability:</span><br>
<ul><li>Vibrant retail and commercial window displays</li>
<li>Decorative displays onto glass or acrylic for promotional or seasonal events</li>
<li>Layering materials to create an infinite range of colour shades and blends</li>
<li>Transforming backlit films and reflective surfaces</li>
<li>Beautiful art installations as seen in <a href=""https://www.dorotape.co.uk/Study-Fiona-Grady-Art-Station"" target=""_blank""><font color=""#d7328a""><b>Fiona Grady Art Station Case Study</b></font></a>
</li></ul>

<span style=""font-weight: bold; color: #d7328a;"">Advantages:</span><br>
<ul><li>Available in 22 bright finishes, ideal for producing high quality window graphics, vibrant retail promotions and in store displays</li>
<li>High level of coloured transparency giving a truly professional result</li>
<li>Apply wet for completely streak free finish with an even colour covering</li>
<li>Up to 5 year outdoor durability</li>
<li>Water resistant adhesive for outdoor applications</li></ul>

<span style=""font-weight: bold; color: #d7328a;"">Technical Information:</span><br>
<ul><a href=""media/ecom/pdfs/datasheets/GlassColour_ASLAN_CT113_e.pdf""
target=""_blank""><img
style=""border: 0px solid ; width: 200px; height: 60px;"" alt=""pdf""
src=""media/ecom/onpagegraphics/Datasheet.png""></a>
<a href=""media/ecom/colselxl/Colourcard_ASLAN_CT_113.pdf""
target=""_blank""><img
style=""border: 0px solid ; width: 200px; height: 60px;"" alt=""pdf""
src=""media/ecom/onpagegraphics/Colour.png""></a></ul>

<p style=""font-weight: bold; font-size: 1.0em;"">Prices shown are per roll at 1250mm wide</p>
</body>
</html>","CT11359.png","CT11359.png","INVITEMS","DEFAULT-CT11359-DEFAULT-CT11359","","","0","0","0","","1","REGONLY","0","0","0","0","","","","SELECT","SELECT","0","","","","","0","0","","income-service","","","0","0","","","https://www.youtube.com/embed/hAz28VdVrTQ","","Aslan_CT113_Transparent","Aslan_CT113_Transparent","","","0","Blue_Max, Fusion_5, Olfa_Graphic_Cutter, Olfa_X_Design_Heavy_Duty_Knife, Lint-Free-Gloves, Masking_Tape_25mm, Aslan_Squeegee, Swann_Morton_3_Handle, Swann_Morton_10A_Blades, Float_On, IPA_100, Anti_Static_Cleaner,","Blue_Max, Fusion_5, Olfa_Graphic_Cutter, Olfa_X_Design_Heavy_Duty_Knife, Lint-Free-Gloves, Masking_Tape_25mm, Aslan_Squeegee, Swann_Morton_3_Handle, Swann_Morton_10A_Blades, Float_On, IPA_100, Anti_Static_Cleaner,","A","","","","","","","","","","","","","","","","0","aslan, cT113, aslan vinyl, aslan sign vinyl for walls, monomeric, aslan schwarz, transparent vinyl, stained glass vinyl, coloured film, backlit, transparent, window, vinyl, 11359, 11359k, dark, red, darkred, ","","","1583769364","0","","0","","CHECKBOX"
"CT11360","ASLAN CT11360 Violet Transparent Vinyl","11360","Aslan","80","0","DEFAULT","","","","","0","ASLAN CT11360 Violet self-adhesive transparent colour film for brilliant designs and advertising on glass and acrylic surfaces. 



","<html>
<head><title>ASLAN CT11360 Violet Transparent Vinyl</title>

<style>
.responsive {
  width: 50%;
  height: auto;
}
</style>
</head>

<body>
<img style=""height: 50px; width: 236px;"" alt=""Aslan logo""
src=""media/ecom/onpagegraphics/ASLAN_Logo_New.png"" class=""responsive""><br><br>
<p>ASLAN CT11360 Violet self-adhesive transparent colour film for brilliant designs and advertising on glass and acrylic surfaces.</p>

<span style=""font-weight: bold; color: #d7328a;"">Structure:</span><br>
<ul><li>80<span>&#181;</span>m PVC</li>
<li>Transparent water based adhesive - Semi permanent</li>
<li>Premium quality siliconized backing liner - 140gm<sup>2</sup>
</li></ul>

<span style=""font-weight: bold; color: #d7328a;"">Suitability:</span><br>
<ul><li>Vibrant retail and commercial window displays</li>
<li>Decorative displays onto glass or acrylic for promotional or seasonal events</li>
<li>Layering materials to create an infinite range of colour shades and blends</li>
<li>Transforming backlit films and reflective surfaces</li>
<li>Beautiful art installations as seen in <a href=""https://www.dorotape.co.uk/Study-Fiona-Grady-Art-Station"" target=""_blank""><font color=""#d7328a""><b>Fiona Grady Art Station Case Study</b></font></a>
</li></ul>

<span style=""font-weight: bold; color: #d7328a;"">Advantages:</span><br>
<ul><li>Available in 22 bright finishes, ideal for producing high quality window graphics, vibrant retail promotions and in store displays</li>
<li>High level of coloured transparency giving a truly professional result</li>
<li>Apply wet for completely streak free finish with an even colour covering</li>
<li>Up to 5 year outdoor durability</li>
<li>Water resistant adhesive for outdoor applications</li></ul>

<span style=""font-weight: bold; color: #d7328a;"">Technical Information:</span><br>
<ul><a href=""media/ecom/pdfs/datasheets/GlassColour_ASLAN_CT113_e.pdf""
target=""_blank""><img
style=""border: 0px solid ; width: 200px; height: 60px;"" alt=""pdf""
src=""media/ecom/onpagegraphics/Datasheet.png""></a>
<a href=""media/ecom/colselxl/Colourcard_ASLAN_CT_113.pdf""
target=""_blank""><img
style=""border: 0px solid ; width: 200px; height: 60px;"" alt=""pdf""
src=""media/ecom/onpagegraphics/Colour.png""></a></ul>

<p style=""font-weight: bold; font-size: 1.0em;"">Prices shown are per roll at 1250mm wide</p>
</body>
</html>","CT11360.png","CT11360.png","INVITEMS","DEFAULT-CT11360-DEFAULT-CT11360","","","0","0","0","","1","REGONLY","0","0","0","0","","","","SELECT","SELECT","0","","","","","0","0","","income-service","","","0","0","","","https://www.youtube.com/embed/hAz28VdVrTQ","","Aslan_CT113_Transparent","Aslan_CT113_Transparent","","","0","Blue_Max, Fusion_5, Olfa_Graphic_Cutter, Olfa_X_Design_Heavy_Duty_Knife, Lint-Free-Gloves, Masking_Tape_25mm, Aslan_Squeegee, Swann_Morton_3_Handle, Swann_Morton_10A_Blades, Float_On, IPA_100, Anti_Static_Cleaner,","Blue_Max, Fusion_5, Olfa_Graphic_Cutter, Olfa_X_Design_Heavy_Duty_Knife, Lint-Free-Gloves, Masking_Tape_25mm, Aslan_Squeegee, Swann_Morton_3_Handle, Swann_Morton_10A_Blades, Float_On, IPA_100, Anti_Static_Cleaner,","A","","","","","","","","","","","","","","","","0","aslan, cT113, aslan vinyl, aslan sign vinyl for walls, monomeric, aslan schwarz, transparent vinyl, stained glass vinyl, coloured film, backlit, transparent, window, vinyl, 11360, 11360k, violet, ","","","1583769835","0","","0","","CHECKBOX"
"CT11364","ASLAN CT11364 Mint Green Transparent Vinyl","11364","Aslan","170","0","DEFAULT","","","","","0","ASLAN CT11364 Mint Green  self-adhesive transparent colour film for brilliant designs and advertising on glass and acrylic surfaces. 



","<html>
<head><title>ASLAN CT11364 Mint Green Transparent Vinyl</title>

<style>
.responsive {
  width: 50%;
  height: auto;
}
</style>
</head>

<body>
<img style=""height: 50px; width: 236px;"" alt=""Aslan logo""
src=""media/ecom/onpagegraphics/ASLAN_Logo_New.png"" class=""responsive""><br><br>
<p>ASLAN CT11364 Mint Green self-adhesive transparent colour film for brilliant designs and advertising on glass and acrylic surfaces.</p>

<span style=""font-weight: bold; color: #d7328a;"">Structure:</span><br>
<ul><li>80<span>&#181;</span>m PVC</li>
<li>Transparent water based adhesive - Semi permanent</li>
<li>Premium quality siliconized backing liner - 140gm<sup>2</sup>
</li></ul>

<span style=""font-weight: bold; color: #d7328a;"">Suitability:</span><br>
<ul><li>Vibrant retail and commercial window displays</li>
<li>Decorative displays onto glass or acrylic for promotional or seasonal events</li>
<li>Layering materials to create an infinite range of colour shades and blends</li>
<li>Transforming backlit films and reflective surfaces</li>
<li>Beautiful art installations as seen in <a href=""https://www.dorotape.co.uk/Study-Fiona-Grady-Art-Station"" target=""_blank""><font color=""#d7328a""><b>Fiona Grady Art Station Case Study</b></font></a>
</li></ul>

<span style=""font-weight: bold; color: #d7328a;"">Advantages:</span><br>
<ul><li>Available in 22 bright finishes, ideal for producing high quality window graphics, vibrant retail promotions and in store displays</li>
<li>High level of coloured transparency giving a truly professional result</li>
<li>Apply wet for completely streak free finish with an even colour covering</li>
<li>Up to 5 year outdoor durability</li>
<li>Water resistant adhesive for outdoor applications</li></ul>

<span style=""font-weight: bold; color: #d7328a;"">Technical Information:</span><br>
<ul><a href=""media/ecom/pdfs/datasheets/GlassColour_ASLAN_CT113_e.pdf""
target=""_blank""><img
style=""border: 0px solid ; width: 200px; height: 60px;"" alt=""pdf""
src=""media/ecom/onpagegraphics/Datasheet.png""></a>
<a href=""media/ecom/colselxl/Colourcard_ASLAN_CT_113.pdf""
target=""_blank""><img
style=""border: 0px solid ; width: 200px; height: 60px;"" alt=""pdf""
src=""media/ecom/onpagegraphics/Colour.png""></a></ul>

<p style=""font-weight: bold; font-size: 1.0em;"">Prices shown are per roll at 1250mm wide</p>
</body>
</html>","CT11364.png","CT11364.png","INVITEMS","DEFAULT-CT11364-DEFAULT-CT11364","","","0","0","0","","1","REGONLY","0","0","0","0","","","","SELECT","SELECT","0","","","","","0","0","","income-service","","","0","0","","","https://www.youtube.com/embed/hAz28VdVrTQ","","Aslan_CT113_Transparent","Aslan_CT113_Transparent","","","0","Blue_Max, Fusion_5, Olfa_Graphic_Cutter, Olfa_X_Design_Heavy_Duty_Knife, Lint-Free-Gloves, Masking_Tape_25mm, Aslan_Squeegee, Swann_Morton_3_Handle, Swann_Morton_10A_Blades, Float_On, IPA_100, Anti_Static_Cleaner,","Blue_Max, Fusion_5, Olfa_Graphic_Cutter, Olfa_X_Design_Heavy_Duty_Knife, Lint-Free-Gloves, Masking_Tape_25mm, Aslan_Squeegee, Swann_Morton_3_Handle, Swann_Morton_10A_Blades, Float_On, IPA_100, Anti_Static_Cleaner,","A","","","","","","","","","","","","","","","","0","aslan, cT113, aslan vinyl, aslan sign vinyl for walls, monomeric, aslan schwarz, transparent vinyl, stained glass vinyl, coloured film, backlit, transparent, window, vinyl, 11364, 11364k, ct11364, mint, green, mintgreen, ","","","1583775678","0","","0","","CHECKBOX"
"CT11368","ASLAN CT11368 Dove Grey Transparent Vinyl","11368","Aslan","230","0","DEFAULT","","","","","0","ASLAN CT11368 Dove Grey self-adhesive transparent colour film for brilliant designs and advertising on glass and acrylic surfaces. 



","<html>
<head><title>ASLAN CT11368 Dove Grey Transparent Vinyl</title>

<style>
.responsive {
  width: 50%;
  height: auto;
}
</style>
</head>

<body>
<img style=""height: 50px; width: 236px;"" alt=""Aslan logo""
src=""media/ecom/onpagegraphics/ASLAN_Logo_New.png"" class=""responsive""><br><br>
<p>ASLAN CT11368 Dove Grey self-adhesive transparent colour film for brilliant designs and advertising on glass and acrylic surfaces.</p>

<span style=""font-weight: bold; color: #d7328a;"">Structure:</span><br>
<ul><li>80<span>&#181;</span>m PVC</li>
<li>Transparent water based adhesive - Semi permanent</li>
<li>Premium quality siliconized backing liner - 140gm<sup>2</sup>
</li></ul>

<span style=""font-weight: bold; color: #d7328a;"">Suitability:</span><br>
<ul><li>Vibrant retail and commercial window displays</li>
<li>Decorative displays onto glass or acrylic for promotional or seasonal events</li>
<li>Layering materials to create an infinite range of colour shades and blends</li>
<li>Transforming backlit films and reflective surfaces</li>
<li>Beautiful art installations as seen in <a href=""https://www.dorotape.co.uk/Study-Fiona-Grady-Art-Station"" target=""_blank""><font color=""#d7328a""><b>Fiona Grady Art Station Case Study</b></font></a>
</li></ul>

<span style=""font-weight: bold; color: #d7328a;"">Advantages:</span><br>
<ul><li>Available in 22 bright finishes, ideal for producing high quality window graphics, vibrant retail promotions and in store displays</li>
<li>High level of coloured transparency giving a truly professional result</li>
<li>Apply wet for completely streak free finish with an even colour covering</li>
<li>Up to 5 year outdoor durability</li>
<li>Water resistant adhesive for outdoor applications</li></ul>

<span style=""font-weight: bold; color: #d7328a;"">Technical Information:</span><br>
<ul><a href=""media/ecom/pdfs/datasheets/GlassColour_ASLAN_CT113_e.pdf""
target=""_blank""><img
style=""border: 0px solid ; width: 200px; height: 60px;"" alt=""pdf""
src=""media/ecom/onpagegraphics/Datasheet.png""></a>
<a href=""media/ecom/colselxl/Colourcard_ASLAN_CT_113.pdf""
target=""_blank""><img
style=""border: 0px solid ; width: 200px; height: 60px;"" alt=""pdf""
src=""media/ecom/onpagegraphics/Colour.png""></a></ul>

<p style=""font-weight: bold; font-size: 1.0em;"">Prices shown are per roll at 1250mm wide</p>
</body>
</html>","CT11368.png","CT11368.png","INVITEMS","DEFAULT-CT11368-DEFAULT-CT11368","","","0","0","0","","1","REGONLY","0","0","0","0","","","","SELECT","SELECT","0","","","","","0","0","","income-service","","","0","0","","","https://www.youtube.com/embed/hAz28VdVrTQ","","Aslan_CT113_Transparent","Aslan_CT113_Transparent","","","0","Blue_Max, Fusion_5, Olfa_Graphic_Cutter, Olfa_X_Design_Heavy_Duty_Knife, Lint-Free-Gloves, Masking_Tape_25mm, Aslan_Squeegee, Swann_Morton_3_Handle, Swann_Morton_10A_Blades, Float_On, IPA_100, Anti_Static_Cleaner,","Blue_Max, Fusion_5, Olfa_Graphic_Cutter, Olfa_X_Design_Heavy_Duty_Knife, Lint-Free-Gloves, Masking_Tape_25mm, Aslan_Squeegee, Swann_Morton_3_Handle, Swann_Morton_10A_Blades, Float_On, IPA_100, Anti_Static_Cleaner,","A","","","","","","","","","","","","","","","","0","aslan, cT113, aslan vinyl, aslan sign vinyl for walls, monomeric, aslan schwarz, transparent vinyl, stained glass vinyl, coloured film, backlit, transparent, window, vinyl, 11368, 11368k, ct11368, dove, grey, dovegrey","","","1583776682","0","","0","","CHECKBOX"
"CT11369","ASLAN CT11369 Medium Grey Transparent Vinyl","11369","Aslan","250","0","DEFAULT","","","","","0","ASLAN CT11369 Medium Grey self-adhesive transparent colour film for brilliant designs and advertising on glass and acrylic surfaces. 



","<html>
<head><title>ASLAN CT11369 Medium Grey Transparent Vinyl</title>

<style>
.responsive {
  width: 50%;
  height: auto;
}
</style>
</head>

<body>
<img style=""height: 50px; width: 236px;"" alt=""Aslan logo""
src=""media/ecom/onpagegraphics/ASLAN_Logo_New.png"" class=""responsive""><br><br>
<p>ASLAN CT11369 Medium Grey self-adhesive transparent colour film for brilliant designs and advertising on glass and acrylic surfaces.</p>

<span style=""font-weight: bold; color: #d7328a;"">Structure:</span><br>
<ul><li>80<span>&#181;</span>m PVC</li>
<li>Transparent water based adhesive - Semi permanent</li>
<li>Premium quality siliconized backing liner - 140gm<sup>2</sup>
</li></ul>

<span style=""font-weight: bold; color: #d7328a;"">Suitability:</span><br>
<ul><li>Vibrant retail and commercial window displays</li>
<li>Decorative displays onto glass or acrylic for promotional or seasonal events</li>
<li>Layering materials to create an infinite range of colour shades and blends</li>
<li>Transforming backlit films and reflective surfaces</li>
<li>Beautiful art installations as seen in <a href=""https://www.dorotape.co.uk/Study-Fiona-Grady-Art-Station"" target=""_blank""><font color=""#d7328a""><b>Fiona Grady Art Station Case Study</b></font></a>
</li></ul>

<span style=""font-weight: bold; color: #d7328a;"">Advantages:</span><br>
<ul><li>Available in 22 bright finishes, ideal for producing high quality window graphics, vibrant retail promotions and in store displays</li>
<li>High level of coloured transparency giving a truly professional result</li>
<li>Apply wet for completely streak free finish with an even colour covering</li>
<li>Up to 5 year outdoor durability</li>
<li>Water resistant adhesive for outdoor applications</li></ul>

<span style=""font-weight: bold; color: #d7328a;"">Technical Information:</span><br>
<ul><a href=""media/ecom/pdfs/datasheets/GlassColour_ASLAN_CT113_e.pdf""
target=""_blank""><img
style=""border: 0px solid ; width: 200px; height: 60px;"" alt=""pdf""
src=""media/ecom/onpagegraphics/Datasheet.png""></a>
<a href=""media/ecom/colselxl/Colourcard_ASLAN_CT_113.pdf""
target=""_blank""><img
style=""border: 0px solid ; width: 200px; height: 60px;"" alt=""pdf""
src=""media/ecom/onpagegraphics/Colour.png""></a></ul>

<p style=""font-weight: bold; font-size: 1.0em;"">Prices shown are per roll at 1250mm wide</p>
</body>
</html>","CT11369.png","CT11369.png","INVITEMS","DEFAULT-CT11369-DEFAULT-CT11369","","","0","0","0","","1","REGONLY","0","0","0","0","","","","SELECT","SELECT","0","","","","","0","0","","income-service","","","0","0","","","https://www.youtube.com/embed/hAz28VdVrTQ","","Aslan_CT113_Transparent","Aslan_CT113_Transparent","","","0","Blue_Max, Fusion_5, Olfa_Graphic_Cutter, Olfa_X_Design_Heavy_Duty_Knife, Lint-Free-Gloves, Masking_Tape_25mm, Aslan_Squeegee, Swann_Morton_3_Handle, Swann_Morton_10A_Blades, Float_On, IPA_100, Anti_Static_Cleaner,","Blue_Max, Fusion_5, Olfa_Graphic_Cutter, Olfa_X_Design_Heavy_Duty_Knife, Lint-Free-Gloves, Masking_Tape_25mm, Aslan_Squeegee, Swann_Morton_3_Handle, Swann_Morton_10A_Blades, Float_On, IPA_100, Anti_Static_Cleaner,","A","","","","","","","","","","","","","","","","0","aslan, cT113, aslan vinyl, aslan sign vinyl for walls, monomeric, aslan schwarz, transparent vinyl, stained glass vinyl, coloured film, backlit, transparent, window, vinyl, 11369, 11369k, ct11369, medium, grey, mediumgrey, ","","","1583776924","0","","0","","CHECKBOX"
"CT11371","ASLAN CT11371 Bright Yellow Transparent Vinyl","11371","Aslan","20","0","DEFAULT","","","","","0","ASLAN CT11371 Bright Yellow self-adhesive transparent colour film for brilliant designs and advertising on glass and acrylic surfaces.



","<html>
<head><title>ASLAN CT11371 Bright Yellow Transparent Vinyl</title>

<style>
.responsive {
  width: 50%;
  height: auto;
}
</style>
</head>

<body>
<img style=""height: 50px; width: 236px;"" alt=""Aslan logo""
src=""media/ecom/onpagegraphics/ASLAN_Logo_New.png"" class=""responsive""><br><br>
<p>ASLAN CT11371 Bright Yellow self-adhesive transparent colour film for brilliant designs and advertising on glass and acrylic surfaces.</p>

<span style=""font-weight: bold; color: #d7328a;"">Structure:</span><br>
<ul><li>80<span>&#181;</span>m PVC</li>
<li>Transparent water based adhesive - Semi permanent</li>
<li>Premium quality siliconized backing liner - 140gm<sup>2</sup>
</li></ul>

<span style=""font-weight: bold; color: #d7328a;"">Suitability:</span><br>
<ul><li>Vibrant retail and commercial window displays</li>
<li>Decorative displays onto glass or acrylic for promotional or seasonal events</li>
<li>Layering materials to create an infinite range of colour shades and blends</li>
<li>Transforming backlit films and reflective surfaces</li>
<li>Beautiful art installations as seen in <a href=""https://www.dorotape.co.uk/Study-Fiona-Grady-Art-Station"" target=""_blank""><font color=""#d7328a""><b>Fiona Grady Art Station Case Study</b></font></a>
</li></ul>

<span style=""font-weight: bold; color: #d7328a;"">Advantages:</span><br>
<ul><li>Available in 22 bright finishes, ideal for producing high quality window graphics, vibrant retail promotions and in store displays</li>
<li>High level of coloured transparency giving a truly professional result</li>
<li>Apply wet for completely streak free finish with an even colour covering</li>
<li>Up to 5 year outdoor durability</li>
<li>Water resistant adhesive for outdoor applications</li></ul>

<span style=""font-weight: bold; color: #d7328a;"">Technical Information:</span><br>
<ul><a href=""media/ecom/pdfs/datasheets/GlassColour_ASLAN_CT113_e.pdf""
target=""_blank""><img
style=""border: 0px solid ; width: 200px; height: 60px;"" alt=""pdf""
src=""media/ecom/onpagegraphics/Datasheet.png""></a>
<a href=""media/ecom/colselxl/Colourcard_ASLAN_CT_113.pdf""
target=""_blank""><img
style=""border: 0px solid ; width: 200px; height: 60px;"" alt=""pdf""
src=""media/ecom/onpagegraphics/Colour.png""></a></ul>

<p style=""font-weight: bold; font-size: 1.0em;"">Prices shown are per roll at 1250mm wide</p>
</body>
</html>","CT11371.png","CT11371.png","INVITEMS","DEFAULT-CT11371-DEFAULT-CT11371","","","0","0","0","","1","REGONLY","0","0","0","0","","","","SELECT","SELECT","0","","","","","0","0","","income-service","","","0","0","","","https://www.youtube.com/embed/hAz28VdVrTQ","","Aslan_CT113_Transparent","Aslan_CT113_Transparent","","","0","Blue_Max, Fusion_5, Olfa_Graphic_Cutter, Olfa_X_Design_Heavy_Duty_Knife, Lint-Free-Gloves, Masking_Tape_25mm, Aslan_Squeegee, Swann_Morton_3_Handle, Swann_Morton_10A_Blades, Float_On, IPA_100, Anti_Static_Cleaner,","Blue_Max, Fusion_5, Olfa_Graphic_Cutter, Olfa_X_Design_Heavy_Duty_Knife, Lint-Free-Gloves, Masking_Tape_25mm, Aslan_Squeegee, Swann_Morton_3_Handle, Swann_Morton_10A_Blades, Float_On, IPA_100, Anti_Static_Cleaner,","A","","","","","","","","","","","","","","","","0","aslan, cT113, aslan vinyl, aslan sign vinyl for walls, monomeric, aslan schwarz, transparent vinyl, stained glass vinyl, coloured film, backlit, transparent, window, vinyl, 11371, 11371k, bright, yellow, brightyellow, ","","","1583760809","0","","0","","CHECKBOX"
"CT11373","ASLAN CT11373 Bright Red Transparent Vinyl","11373","Aslan","50","0","DEFAULT","","","","","0","ASLAN CT11373 Bright Red self-adhesive transparent colour film for brilliant designs and advertising on glass and acrylic surfaces. 



","<html>
<head><title>ASLAN CT11373 Bright Red Transparent Vinyl</title>

<style>
.responsive {
  width: 50%;
  height: auto;
}
</style>
</head>

<body>
<img style=""height: 50px; width: 236px;"" alt=""Aslan logo""
src=""media/ecom/onpagegraphics/ASLAN_Logo_New.png"" class=""responsive""><br><br>
<p>ASLAN CT11373 Bright Red self-adhesive transparent colour film for brilliant designs and advertising on glass and acrylic surfaces.</p>

<span style=""font-weight: bold; color: #d7328a;"">Structure:</span><br>
<ul><li>80<span>&#181;</span>m PVC</li>
<li>Transparent water based adhesive - Semi permanent</li>
<li>Premium quality siliconized backing liner - 140gm<sup>2</sup>
</li></ul>

<span style=""font-weight: bold; color: #d7328a;"">Suitability:</span><br>
<ul><li>Vibrant retail and commercial window displays</li>
<li>Decorative displays onto glass or acrylic for promotional or seasonal events</li>
<li>Layering materials to create an infinite range of colour shades and blends</li>
<li>Transforming backlit films and reflective surfaces</li>
<li>Beautiful art installations as seen in <a href=""https://www.dorotape.co.uk/Study-Fiona-Grady-Art-Station"" target=""_blank""><font color=""#d7328a""><b>Fiona Grady Art Station Case Study</b></font></a>
</li></ul>

<span style=""font-weight: bold; color: #d7328a;"">Advantages:</span><br>
<ul><li>Available in 22 bright finishes, ideal for producing high quality window graphics, vibrant retail promotions and in store displays</li>
<li>High level of coloured transparency giving a truly professional result</li>
<li>Apply wet for completely streak free finish with an even colour covering</li>
<li>Up to 5 year outdoor durability</li>
<li>Water resistant adhesive for outdoor applications</li></ul>

<span style=""font-weight: bold; color: #d7328a;"">Technical Information:</span><br>
<ul><a href=""media/ecom/pdfs/datasheets/GlassColour_ASLAN_CT113_e.pdf""
target=""_blank""><img
style=""border: 0px solid ; width: 200px; height: 60px;"" alt=""pdf""
src=""media/ecom/onpagegraphics/Datasheet.png""></a>
<a href=""media/ecom/colselxl/Colourcard_ASLAN_CT_113.pdf""
target=""_blank""><img
style=""border: 0px solid ; width: 200px; height: 60px;"" alt=""pdf""
src=""media/ecom/onpagegraphics/Colour.png""></a></ul>

<p style=""font-weight: bold; font-size: 1.0em;"">Prices shown are per roll at 1250mm wide</p>
</body>
</html>","CT11373.png","CT11373.png","INVITEMS","DEFAULT-CT11373-DEFAULT-CT11373","","","0","0","0","","1","REGONLY","0","0","0","0","","","","SELECT","SELECT","0","","","","","0","0","","income-service","","","0","0","","","https://www.youtube.com/embed/hAz28VdVrTQ","","Aslan_CT113_Transparent","Aslan_CT113_Transparent","","","0","Blue_Max, Fusion_5, Olfa_Graphic_Cutter, Olfa_X_Design_Heavy_Duty_Knife, Lint-Free-Gloves, Masking_Tape_25mm, Aslan_Squeegee, Swann_Morton_3_Handle, Swann_Morton_10A_Blades, Float_On, IPA_100, Anti_Static_Cleaner,","Blue_Max, Fusion_5, Olfa_Graphic_Cutter, Olfa_X_Design_Heavy_Duty_Knife, Lint-Free-Gloves, Masking_Tape_25mm, Aslan_Squeegee, Swann_Morton_3_Handle, Swann_Morton_10A_Blades, Float_On, IPA_100, Anti_Static_Cleaner,","A","","","","","","","","","","","","","","","","0","aslan, cT113, aslan vinyl, aslan sign vinyl for walls, monomeric, aslan schwarz, transparent vinyl, stained glass vinyl, coloured film, backlit, transparent, window, vinyl, 11373, 11373k, bright, red, brightred, ","","","1583768424","0","","0","","CHECKBOX"
"CT11374","ASLAN CT11374 Red Transparent Vinyl","11374","Aslan","60","0","DEFAULT","","","","","0","ASLAN CT11374 Red self-adhesive transparent colour film for brilliant designs and advertising on glass and acrylic surfaces. 



","<html>
<head><title>ASLAN CT11374 Red Transparent Vinyl</title>

<style>
.responsive {
  width: 50%;
  height: auto;
}
</style>
</head>

<body>
<img style=""height: 50px; width: 236px;"" alt=""Aslan logo""
src=""media/ecom/onpagegraphics/ASLAN_Logo_New.png"" class=""responsive""><br><br>
<p>ASLAN CT11374 Red self-adhesive transparent colour film for brilliant designs and advertising on glass and acrylic surfaces.</p>

<span style=""font-weight: bold; color: #d7328a;"">Structure:</span><br>
<ul><li>80<span>&#181;</span>m PVC</li>
<li>Transparent water based adhesive - Semi permanent</li>
<li>Premium quality siliconized backing liner - 140gm<sup>2</sup>
</li></ul>

<span style=""font-weight: bold; color: #d7328a;"">Suitability:</span><br>
<ul><li>Vibrant retail and commercial window displays</li>
<li>Decorative displays onto glass or acrylic for promotional or seasonal events</li>
<li>Layering materials to create an infinite range of colour shades and blends</li>
<li>Transforming backlit films and reflective surfaces</li>
<li>Beautiful art installations as seen in <a href=""https://www.dorotape.co.uk/Study-Fiona-Grady-Art-Station"" target=""_blank""><font color=""#d7328a""><b>Fiona Grady Art Station Case Study</b></font></a>
</li></ul>

<span style=""font-weight: bold; color: #d7328a;"">Advantages:</span><br>
<ul><li>Available in 22 bright finishes, ideal for producing high quality window graphics, vibrant retail promotions and in store displays</li>
<li>High level of coloured transparency giving a truly professional result</li>
<li>Apply wet for completely streak free finish with an even colour covering</li>
<li>Up to 5 year outdoor durability</li>
<li>Water resistant adhesive for outdoor applications</li></ul>

<span style=""font-weight: bold; color: #d7328a;"">Technical Information:</span><br>
<ul><a href=""media/ecom/pdfs/datasheets/GlassColour_ASLAN_CT113_e.pdf""
target=""_blank""><img
style=""border: 0px solid ; width: 200px; height: 60px;"" alt=""pdf""
src=""media/ecom/onpagegraphics/Datasheet.png""></a>
<a href=""media/ecom/colselxl/Colourcard_ASLAN_CT_113.pdf""
target=""_blank""><img
style=""border: 0px solid ; width: 200px; height: 60px;"" alt=""pdf""
src=""media/ecom/onpagegraphics/Colour.png""></a></ul>

<p style=""font-weight: bold; font-size: 1.0em;"">Prices shown are per roll at 1250mm wide</p>
</body>
</html>","CT11374.png","CT11374.png","INVITEMS","DEFAULT-CT11374-DEFAULT-CT11374","","","0","0","0","","1","REGONLY","0","0","0","0","","","","SELECT","SELECT","0","","","","","0","0","","income-service","","","0","0","","","https://www.youtube.com/embed/hAz28VdVrTQ","","Aslan_CT113_Transparent","Aslan_CT113_Transparent","","","0","Blue_Max, Fusion_5, Olfa_Graphic_Cutter, Olfa_X_Design_Heavy_Duty_Knife, Lint-Free-Gloves, Masking_Tape_25mm, Aslan_Squeegee, Swann_Morton_3_Handle, Swann_Morton_10A_Blades, Float_On, IPA_100, Anti_Static_Cleaner,","Blue_Max, Fusion_5, Olfa_Graphic_Cutter, Olfa_X_Design_Heavy_Duty_Knife, Lint-Free-Gloves, Masking_Tape_25mm, Aslan_Squeegee, Swann_Morton_3_Handle, Swann_Morton_10A_Blades, Float_On, IPA_100, Anti_Static_Cleaner,","A","","","","","","","","","","","","","","","","0","aslan, cT113, aslan vinyl, aslan sign vinyl for walls, monomeric, aslan schwarz, transparent vinyl, stained glass vinyl, coloured film, backlit, transparent, window, vinyl, 11374, 11374k, red, ","","","1583768775","0","","0","","CHECKBOX"
"CT11377","ASLAN CT11377 Magenta Transparent Vinyl","11377","Aslan","100","0","DEFAULT","","","","","0","ASLAN CT11377 Magenta self-adhesive transparent colour film for brilliant designs and advertising on glass and acrylic surfaces. 


","<html>
<head><title>ASLAN CT11377 Magenta Transparent Vinyl</title>

<style>
.responsive {
  width: 50%;
  height: auto;
}
</style>
</head>

<body>
<img style=""height: 50px; width: 236px;"" alt=""Aslan logo""
src=""media/ecom/onpagegraphics/ASLAN_Logo_New.png"" class=""responsive""><br><br>
<p>ASLAN CT11377 Magenta self-adhesive transparent colour film for brilliant designs and advertising on glass and acrylic surfaces.</p>

<span style=""font-weight: bold; color: #d7328a;"">Structure:</span><br>
<ul><li>80<span>&#181;</span>m PVC</li>
<li>Transparent water based adhesive - Semi permanent</li>
<li>Premium quality siliconized backing liner - 140gm<sup>2</sup>
</li></ul>

<span style=""font-weight: bold; color: #d7328a;"">Suitability:</span><br>
<ul><li>Vibrant retail and commercial window displays</li>
<li>Decorative displays onto glass or acrylic for promotional or seasonal events</li>
<li>Layering materials to create an infinite range of colour shades and blends</li>
<li>Transforming backlit films and reflective surfaces</li>
<li>Beautiful art installations as seen in <a href=""https://www.dorotape.co.uk/Study-Fiona-Grady-Art-Station"" target=""_blank""><font color=""#d7328a""><b>Fiona Grady Art Station Case Study</b></font></a>
</li></ul>

<span style=""font-weight: bold; color: #d7328a;"">Advantages:</span><br>
<ul><li>Available in 22 bright finishes, ideal for producing high quality window graphics, vibrant retail promotions and in store displays</li>
<li>High level of coloured transparency giving a truly professional result</li>
<li>Apply wet for completely streak free finish with an even colour covering</li>
<li>Up to 5 year outdoor durability</li>
<li>Water resistant adhesive for outdoor applications</li></ul>

<span style=""font-weight: bold; color: #d7328a;"">Technical Information:</span><br>
<ul><a href=""media/ecom/pdfs/datasheets/GlassColour_ASLAN_CT113_e.pdf""
target=""_blank""><img
style=""border: 0px solid ; width: 200px; height: 60px;"" alt=""pdf""
src=""media/ecom/onpagegraphics/Datasheet.png""></a>
<a href=""media/ecom/colselxl/Colourcard_ASLAN_CT_113.pdf""
target=""_blank""><img
style=""border: 0px solid ; width: 200px; height: 60px;"" alt=""pdf""
src=""media/ecom/onpagegraphics/Colour.png""></a></ul>

<p style=""font-weight: bold; font-size: 1.0em;"">Prices shown are per roll at 1250mm wide</p>
</body>
</html>","CT11377.png","CT11377.png","INVITEMS","DEFAULT-CT11377-DEFAULT-CT11377","","","0","0","0","","1","REGONLY","0","0","0","0","","","","SELECT","SELECT","0","","","","","0","0","","income-service","","","0","0","","","https://www.youtube.com/embed/hAz28VdVrTQ","","Aslan_CT113_Transparent","Aslan_CT113_Transparent","","","0","Blue_Max, Fusion_5, Olfa_Graphic_Cutter, Olfa_X_Design_Heavy_Duty_Knife, Lint-Free-Gloves, Masking_Tape_25mm, Aslan_Squeegee, Swann_Morton_3_Handle, Swann_Morton_10A_Blades, Float_On, IPA_100, Anti_Static_Cleaner,","Blue_Max, Fusion_5, Olfa_Graphic_Cutter, Olfa_X_Design_Heavy_Duty_Knife, Lint-Free-Gloves, Masking_Tape_25mm, Aslan_Squeegee, Swann_Morton_3_Handle, Swann_Morton_10A_Blades, Float_On, IPA_100, Anti_Static_Cleaner,","A","","","","","","","","","","","","","","","","0","aslan, cT113, aslan vinyl, aslan sign vinyl for walls, monomeric, aslan schwarz, transparent vinyl, stained glass vinyl, coloured film, backlit, transparent, window, vinyl, 11377, 11377k, magenta, ","","","1583770080","0","","0","","CHECKBOX"
"CT11379","ASLAN CT11379 Ultra Blue Transparent Vinyl","11379","Aslan","160","0","DEFAULT","","","","","0","ASLAN CT11379 Ultra Blue self-adhesive transparent colour film for brilliant designs and advertising on glass and acrylic surfaces.



","<html>
<head><title>ASLAN CT11379 Ultra Blue Transparent Vinyl</title>

<style>
.responsive {
  width: 50%;
  height: auto;
}
</style>
</head>

<body>
<img style=""height: 50px; width: 236px;"" alt=""Aslan logo""
src=""media/ecom/onpagegraphics/ASLAN_Logo_New.png"" class=""responsive""><br><br>
<p>ASLAN CT11379 Ultra Blue self-adhesive transparent colour film for brilliant designs and advertising on glass and acrylic surfaces.</p>

<span style=""font-weight: bold; color: #d7328a;"">Structure:</span><br>
<ul><li>80<span>&#181;</span>m PVC</li>
<li>Transparent water based adhesive - Semi permanent</li>
<li>Premium quality siliconized backing liner - 140gm<sup>2</sup>
</li></ul>

<span style=""font-weight: bold; color: #d7328a;"">Suitability:</span><br>
<ul><li>Vibrant retail and commercial window displays</li>
<li>Decorative displays onto glass or acrylic for promotional or seasonal events</li>
<li>Layering materials to create an infinite range of colour shades and blends</li>
<li>Transforming backlit films and reflective surfaces</li>
<li>Beautiful art installations as seen in <a href=""https://www.dorotape.co.uk/Study-Fiona-Grady-Art-Station"" target=""_blank""><font color=""#d7328a""><b>Fiona Grady Art Station Case Study</b></font></a>
</li></ul>

<span style=""font-weight: bold; color: #d7328a;"">Advantages:</span><br>
<ul><li>Available in 22 bright finishes, ideal for producing high quality window graphics, vibrant retail promotions and in store displays</li>
<li>High level of coloured transparency giving a truly professional result</li>
<li>Apply wet for completely streak free finish with an even colour covering</li>
<li>Up to 5 year outdoor durability</li>
<li>Water resistant adhesive for outdoor applications</li></ul>

<span style=""font-weight: bold; color: #d7328a;"">Technical Information:</span><br>
<ul><a href=""media/ecom/pdfs/datasheets/GlassColour_ASLAN_CT113_e.pdf""
target=""_blank""><img
style=""border: 0px solid ; width: 200px; height: 60px;"" alt=""pdf""
src=""media/ecom/onpagegraphics/Datasheet.png""></a>
<a href=""media/ecom/colselxl/Colourcard_ASLAN_CT_113.pdf""
target=""_blank""><img
style=""border: 0px solid ; width: 200px; height: 60px;"" alt=""pdf""
src=""media/ecom/onpagegraphics/Colour.png""></a></ul>

<p style=""font-weight: bold; font-size: 1.0em;"">Prices shown are per roll at 1250mm wide</p>
</body>
</html>","CT11379.png","CT11379.png","INVITEMS","DEFAULT-CT11379-DEFAULT-CT11379","","","0","0","0","","1","REGONLY","0","0","0","0","","","","SELECT","SELECT","0","","","","","0","0","","income-service","","","0","0","","","https://www.youtube.com/embed/hAz28VdVrTQ","","Aslan_CT113_Transparent","Aslan_CT113_Transparent","","","0","Blue_Max, Fusion_5, Olfa_Graphic_Cutter, Olfa_X_Design_Heavy_Duty_Knife, Lint-Free-Gloves, Masking_Tape_25mm, Aslan_Squeegee, Swann_Morton_3_Handle, Swann_Morton_10A_Blades, Float_On, IPA_100, Anti_Static_Cleaner,","Blue_Max, Fusion_5, Olfa_Graphic_Cutter, Olfa_X_Design_Heavy_Duty_Knife, Lint-Free-Gloves, Masking_Tape_25mm, Aslan_Squeegee, Swann_Morton_3_Handle, Swann_Morton_10A_Blades, Float_On, IPA_100, Anti_Static_Cleaner,","A","","","","","","","","","","","","","","","","0","aslan, cT113, aslan vinyl, aslan sign vinyl for walls, monomeric, aslan schwarz, transparent vinyl, stained glass vinyl, coloured film, backlit, transparent, window, vinyl, 11379, 11379k, ct11379, ultra, blue, ultrablue, ","","","1583774991","0","","0","","CHECKBOX"
"CT11381","ASLAN CT11381 Azure Blue Transparent Vinyl","11381","Aslan","140","0","DEFAULT","","","","","0","ASLAN CT11381 Azure Blue self-adhesive transparent colour film for brilliant designs and advertising on glass and acrylic surfaces.



","<html>
<head><title>ASLAN CT11381 Azure Blue Transparent Vinyl</title>

<style>
.responsive {
  width: 50%;
  height: auto;
}
</style>
</head>

<body>
<img style=""height: 50px; width: 236px;"" alt=""Aslan logo""
src=""media/ecom/onpagegraphics/ASLAN_Logo_New.png"" class=""responsive""><br><br>
<p>ASLAN CT11381 Azure Blue self-adhesive transparent colour film for brilliant designs and advertising on glass and acrylic surfaces.</p>

<span style=""font-weight: bold; color: #d7328a;"">Structure:</span><br>
<ul><li>80<span>&#181;</span>m PVC</li>
<li>Transparent water based adhesive - Semi permanent</li>
<li>Premium quality siliconized backing liner - 140gm<sup>2</sup>
</li></ul>

<span style=""font-weight: bold; color: #d7328a;"">Suitability:</span><br>
<ul><li>Vibrant retail and commercial window displays</li>
<li>Decorative displays onto glass or acrylic for promotional or seasonal events</li>
<li>Layering materials to create an infinite range of colour shades and blends</li>
<li>Transforming backlit films and reflective surfaces</li>
<li>Beautiful art installations as seen in <a href=""https://www.dorotape.co.uk/Study-Fiona-Grady-Art-Station"" target=""_blank""><font color=""#d7328a""><b>Fiona Grady Art Station Case Study</b></font></a>
</li></ul>

<span style=""font-weight: bold; color: #d7328a;"">Advantages:</span><br>
<ul><li>Available in 22 bright finishes, ideal for producing high quality window graphics, vibrant retail promotions and in store displays</li>
<li>High level of coloured transparency giving a truly professional result</li>
<li>Apply wet for completely streak free finish with an even colour covering</li>
<li>Up to 5 year outdoor durability</li>
<li>Water resistant adhesive for outdoor applications</li></ul>

<span style=""font-weight: bold; color: #d7328a;"">Technical Information:</span><br>
<ul><a href=""media/ecom/pdfs/datasheets/GlassColour_ASLAN_CT113_e.pdf""
target=""_blank""><img
style=""border: 0px solid ; width: 200px; height: 60px;"" alt=""pdf""
src=""media/ecom/onpagegraphics/Datasheet.png""></a>
<a href=""media/ecom/colselxl/Colourcard_ASLAN_CT_113.pdf""
target=""_blank""><img
style=""border: 0px solid ; width: 200px; height: 60px;"" alt=""pdf""
src=""media/ecom/onpagegraphics/Colour.png""></a></ul>

<p style=""font-weight: bold; font-size: 1.0em;"">Prices shown are per roll at 1250mm wide</p>
</body>
</html>","CT11381.png","CT11381.png","INVITEMS","DEFAULT-CT11381-DEFAULT-CT11381","","","0","0","0","","1","REGONLY","0","0","0","0","","","","SELECT","SELECT","0","","","","","0","0","","income-service","","","0","0","","","https://www.youtube.com/embed/hAz28VdVrTQ","","Aslan_CT113_Transparent","Aslan_CT113_Transparent","","","0","Blue_Max, Fusion_5, Olfa_Graphic_Cutter, Olfa_X_Design_Heavy_Duty_Knife, Lint-Free-Gloves, Masking_Tape_25mm, Aslan_Squeegee, Swann_Morton_3_Handle, Swann_Morton_10A_Blades, Float_On, IPA_100, Anti_Static_Cleaner,","Blue_Max, Fusion_5, Olfa_Graphic_Cutter, Olfa_X_Design_Heavy_Duty_Knife, Lint-Free-Gloves, Masking_Tape_25mm, Aslan_Squeegee, Swann_Morton_3_Handle, Swann_Morton_10A_Blades, Float_On, IPA_100, Anti_Static_Cleaner,","A","","","","","","","","","","","","","","","","0","aslan, cT113, aslan vinyl, aslan sign vinyl for walls, monomeric, aslan schwarz, transparent vinyl, stained glass vinyl, coloured film, backlit, transparent, window, vinyl, 11381, 11381k, ct11381, azure, blue, azureblue, 
","","","1583774807","0","","0","","CHECKBOX"
"CT11382","ASLAN CT11382 Olympic Blue Transparent Vinyl","11382","Aslan","130","0","DEFAULT","","","","","0","ASLAN CT11382 Olympic Blue self-adhesive transparent colour film for brilliant designs and advertising on glass and acrylic surfaces. 



","<html>
<head><title>ASLAN CT11382 Olympic Blue Transparent Vinyl</title>

<style>
.responsive {
  width: 50%;
  height: auto;
}
</style>
</head>

<body>
<img style=""height: 50px; width: 236px;"" alt=""Aslan logo""
src=""media/ecom/onpagegraphics/ASLAN_Logo_New.png"" class=""responsive""><br><br>
<p>ASLAN CT11382 Olympic Blue self-adhesive transparent colour film for brilliant designs and advertising on glass and acrylic surfaces.</p>

<span style=""font-weight: bold; color: #d7328a;"">Structure:</span><br>
<ul><li>80<span>&#181;</span>m PVC</li>
<li>Transparent water based adhesive - Semi permanent</li>
<li>Premium quality siliconized backing liner - 140gm<sup>2</sup>
</li></ul>

<span style=""font-weight: bold; color: #d7328a;"">Suitability:</span><br>
<ul><li>Vibrant retail and commercial window displays</li>
<li>Decorative displays onto glass or acrylic for promotional or seasonal events</li>
<li>Layering materials to create an infinite range of colour shades and blends</li>
<li>Transforming backlit films and reflective surfaces</li>
<li>Beautiful art installations as seen in <a href=""https://www.dorotape.co.uk/Study-Fiona-Grady-Art-Station"" target=""_blank""><font color=""#d7328a""><b>Fiona Grady Art Station Case Study</b></font></a>
</li></ul>

<span style=""font-weight: bold; color: #d7328a;"">Advantages:</span><br>
<ul><li>Available in 22 bright finishes, ideal for producing high quality window graphics, vibrant retail promotions and in store displays</li>
<li>High level of coloured transparency giving a truly professional result</li>
<li>Apply wet for completely streak free finish with an even colour covering</li>
<li>Up to 5 year outdoor durability</li>
<li>Water resistant adhesive for outdoor applications</li></ul>

<span style=""font-weight: bold; color: #d7328a;"">Technical Information:</span><br>
<ul><a href=""media/ecom/pdfs/datasheets/GlassColour_ASLAN_CT113_e.pdf""
target=""_blank""><img
style=""border: 0px solid ; width: 200px; height: 60px;"" alt=""pdf""
src=""media/ecom/onpagegraphics/Datasheet.png""></a>
<a href=""media/ecom/colselxl/Colourcard_ASLAN_CT_113.pdf""
target=""_blank""><img
style=""border: 0px solid ; width: 200px; height: 60px;"" alt=""pdf""
src=""media/ecom/onpagegraphics/Colour.png""></a></ul>

<p style=""font-weight: bold; font-size: 1.0em;"">Prices shown are per roll at 1250mm wide</p>
</body>
</html>","CT11382.png","CT11382.png","INVITEMS","DEFAULT-CT11382-DEFAULT-CT11382","","","0","0","0","","1","REGONLY","0","0","0","0","","","","SELECT","SELECT","0","","","","","0","0","","income-service","","","0","0","","","https://www.youtube.com/embed/hAz28VdVrTQ","","Aslan_CT113_Transparent","Aslan_CT113_Transparent","","","0","Blue_Max, Fusion_5, Olfa_Graphic_Cutter, Olfa_X_Design_Heavy_Duty_Knife, Lint-Free-Gloves, Masking_Tape_25mm, Aslan_Squeegee, Swann_Morton_3_Handle, Swann_Morton_10A_Blades, Float_On, IPA_100, Anti_Static_Cleaner,","Blue_Max, Fusion_5, Olfa_Graphic_Cutter, Olfa_X_Design_Heavy_Duty_Knife, Lint-Free-Gloves, Masking_Tape_25mm, Aslan_Squeegee, Swann_Morton_3_Handle, Swann_Morton_10A_Blades, Float_On, IPA_100, Anti_Static_Cleaner,","A","","","","","","","","","","","","","","","","0","aslan, cT113, aslan vinyl, aslan sign vinyl for walls, monomeric, aslan schwarz, transparent vinyl, stained glass vinyl, coloured film, backlit, transparent, window, vinyl, 11382, ct11382, 11382k, olympic, blue, olympicblue, ","","","1583774697","0","","0","","CHECKBOX"
"CT11383","ASLAN CT11383 Light Blue Transparent Vinyl","11383","Aslan","110","0","DEFAULT","","","","","0","ASLAN CT11383 Light Blue self-adhesive transparent colour film for brilliant designs and advertising on glass and acrylic surfaces.



","<html>
<head><title>ASLAN CT11383 Light Blue Transparent Vinyl</title>

<style>
.responsive {
  width: 50%;
  height: auto;
}
</style>
</head>

<body>
<img style=""height: 50px; width: 236px;"" alt=""Aslan logo""
src=""media/ecom/onpagegraphics/ASLAN_Logo_New.png"" class=""responsive""><br><br>
<p>ASLAN CT11383 Light Blue self-adhesive transparent colour film for brilliant designs and advertising on glass and acrylic surfaces.</p>

<span style=""font-weight: bold; color: #d7328a;"">Structure:</span><br>
<ul><li>80<span>&#181;</span>m PVC</li>
<li>Transparent water based adhesive - Semi permanent</li>
<li>Premium quality siliconized backing liner - 140gm<sup>2</sup>
</li></ul>

<span style=""font-weight: bold; color: #d7328a;"">Suitability:</span><br>
<ul><li>Vibrant retail and commercial window displays</li>
<li>Decorative displays onto glass or acrylic for promotional or seasonal events</li>
<li>Layering materials to create an infinite range of colour shades and blends</li>
<li>Transforming backlit films and reflective surfaces</li>
<li>Beautiful art installations as seen in <a href=""https://www.dorotape.co.uk/Study-Fiona-Grady-Art-Station"" target=""_blank""><font color=""#d7328a""><b>Fiona Grady Art Station Case Study</b></font></a>
</li></ul>

<span style=""font-weight: bold; color: #d7328a;"">Advantages:</span><br>
<ul><li>Available in 22 bright finishes, ideal for producing high quality window graphics, vibrant retail promotions and in store displays</li>
<li>High level of coloured transparency giving a truly professional result</li>
<li>Apply wet for completely streak free finish with an even colour covering</li>
<li>Up to 5 year outdoor durability</li>
<li>Water resistant adhesive for outdoor applications</li></ul>

<span style=""font-weight: bold; color: #d7328a;"">Technical Information:</span><br>
<ul><a href=""media/ecom/pdfs/datasheets/GlassColour_ASLAN_CT113_e.pdf""
target=""_blank""><img
style=""border: 0px solid ; width: 200px; height: 60px;"" alt=""pdf""
src=""media/ecom/onpagegraphics/Datasheet.png""></a>
<a href=""media/ecom/colselxl/Colourcard_ASLAN_CT_113.pdf""
target=""_blank""><img
style=""border: 0px solid ; width: 200px; height: 60px;"" alt=""pdf""
src=""media/ecom/onpagegraphics/Colour.png""></a></ul>

<p style=""font-weight: bold; font-size: 1.0em;"">Prices shown are per roll at 1250mm wide</p>
</body>
</html>","CT11383.png","CT11383.png","INVITEMS","DEFAULT-CT11383-DEFAULT-CT11383","","","0","0","0","","1","REGONLY","0","0","0","0","","","","SELECT","SELECT","0","","","","","0","0","","income-service","","","0","0","","","https://www.youtube.com/embed/hAz28VdVrTQ","","Aslan_CT113_Transparent","Aslan_CT113_Transparent","","","0","Blue_Max, Fusion_5, Olfa_Graphic_Cutter, Olfa_X_Design_Heavy_Duty_Knife, Lint-Free-Gloves, Masking_Tape_25mm, Aslan_Squeegee, Swann_Morton_3_Handle, Swann_Morton_10A_Blades, Float_On, IPA_100, Anti_Static_Cleaner,","Blue_Max, Fusion_5, Olfa_Graphic_Cutter, Olfa_X_Design_Heavy_Duty_Knife, Lint-Free-Gloves, Masking_Tape_25mm, Aslan_Squeegee, Swann_Morton_3_Handle, Swann_Morton_10A_Blades, Float_On, IPA_100, Anti_Static_Cleaner,","A","","","","","","","","","","","","","","","","0","aslan, cT113, aslan vinyl, aslan sign vinyl for walls, monomeric, aslan schwarz, transparent vinyl, stained glass vinyl, coloured film, backlit, transparent, window, vinyl, 11383, 11383k, bright, light, blue, lightblue, brightblue, ","","","1583774357","0","","0","","CHECKBOX"
"CT11385","ASLAN CT11385 Medium Green Transparent Vinyl","11385","Aslan","200","0","DEFAULT","","","","","0","ASLAN CT11385 Medium Green  self-adhesive transparent colour film for brilliant designs and advertising on glass and acrylic surfaces. 



","<html>
<head><title>ASLAN CT11385 Medium Green Transparent Vinyl</title>

<style>
.responsive {
  width: 50%;
  height: auto;
}
</style>
</head>

<body>
<img style=""height: 50px; width: 236px;"" alt=""Aslan logo""
src=""media/ecom/onpagegraphics/ASLAN_Logo_New.png"" class=""responsive""><br><br>
<p>ASLAN CT11385 Medium Green self-adhesive transparent colour film for brilliant designs and advertising on glass and acrylic surfaces.</p>

<span style=""font-weight: bold; color: #d7328a;"">Structure:</span><br>
<ul><li>80<span>&#181;</span>m PVC</li>
<li>Transparent water based adhesive - Semi permanent</li>
<li>Premium quality siliconized backing liner - 140gm<sup>2</sup>
</li></ul>

<span style=""font-weight: bold; color: #d7328a;"">Suitability:</span><br>
<ul><li>Vibrant retail and commercial window displays</li>
<li>Decorative displays onto glass or acrylic for promotional or seasonal events</li>
<li>Layering materials to create an infinite range of colour shades and blends</li>
<li>Transforming backlit films and reflective surfaces</li>
<li>Beautiful art installations as seen in <a href=""https://www.dorotape.co.uk/Study-Fiona-Grady-Art-Station"" target=""_blank""><font color=""#d7328a""><b>Fiona Grady Art Station Case Study</b></font></a>
</li></ul>

<span style=""font-weight: bold; color: #d7328a;"">Advantages:</span><br>
<ul><li>Available in 22 bright finishes, ideal for producing high quality window graphics, vibrant retail promotions and in store displays</li>
<li>High level of coloured transparency giving a truly professional result</li>
<li>Apply wet for completely streak free finish with an even colour covering</li>
<li>Up to 5 year outdoor durability</li>
<li>Water resistant adhesive for outdoor applications</li></ul>

<span style=""font-weight: bold; color: #d7328a;"">Technical Information:</span><br>
<ul><a href=""media/ecom/pdfs/datasheets/GlassColour_ASLAN_CT113_e.pdf""
target=""_blank""><img
style=""border: 0px solid ; width: 200px; height: 60px;"" alt=""pdf""
src=""media/ecom/onpagegraphics/Datasheet.png""></a>
<a href=""media/ecom/colselxl/Colourcard_ASLAN_CT_113.pdf""
target=""_blank""><img
style=""border: 0px solid ; width: 200px; height: 60px;"" alt=""pdf""
src=""media/ecom/onpagegraphics/Colour.png""></a></ul>

<p style=""font-weight: bold; font-size: 1.0em;"">Prices shown are per roll at 1250mm wide</p>
</body>
</html>","CT11385.png","CT11385.png","INVITEMS","DEFAULT-CT11385-DEFAULT-CT11385","","","0","0","0","","1","REGONLY","0","0","0","0","","","","SELECT","SELECT","0","","","","","0","0","","income-service","","","0","0","","","https://www.youtube.com/embed/hAz28VdVrTQ","","Aslan_CT113_Transparent","Aslan_CT113_Transparent","","","0","Blue_Max, Fusion_5, Olfa_Graphic_Cutter, Olfa_X_Design_Heavy_Duty_Knife, Lint-Free-Gloves, Masking_Tape_25mm, Aslan_Squeegee, Swann_Morton_3_Handle, Swann_Morton_10A_Blades, Float_On, IPA_100, Anti_Static_Cleaner,","Blue_Max, Fusion_5, Olfa_Graphic_Cutter, Olfa_X_Design_Heavy_Duty_Knife, Lint-Free-Gloves, Masking_Tape_25mm, Aslan_Squeegee, Swann_Morton_3_Handle, Swann_Morton_10A_Blades, Float_On, IPA_100, Anti_Static_Cleaner,","A","","","","","","","","","","","","","","","","0","aslan, cT113, aslan vinyl, aslan sign vinyl for walls, monomeric, aslan schwarz, transparent vinyl, stained glass vinyl, coloured film, backlit, transparent, window, vinyl, 11385, 11385k, ct11385, medium, green, mediumgreen, ","","","1583776365","0","","0","","CHECKBOX"
"CT11388","ASLAN CT11388 Apple Green Transparent Vinyl","11388","Aslan","180","0","DEFAULT","","","","","0","ASLAN CT11388 Apple Green  self-adhesive transparent colour film for brilliant designs and advertising on glass and acrylic surfaces.



","<html>
<head><title>ASLAN CT11388 Apple Green Transparent Vinyl</title>

<style>
.responsive {
  width: 50%;
  height: auto;
}
</style>
</head>

<body>
<img style=""height: 50px; width: 236px;"" alt=""Aslan logo""
src=""media/ecom/onpagegraphics/ASLAN_Logo_New.png"" class=""responsive""><br><br>
<p>ASLAN CT11388 Apple Green self-adhesive transparent colour film for brilliant designs and advertising on glass and acrylic surfaces.</p>

<span style=""font-weight: bold; color: #d7328a;"">Structure:</span><br>
<ul><li>80<span>&#181;</span>m PVC</li>
<li>Transparent water based adhesive - Semi permanent</li>
<li>Premium quality siliconized backing liner - 140gm<sup>2</sup>
</li></ul>

<span style=""font-weight: bold; color: #d7328a;"">Suitability:</span><br>
<ul><li>Vibrant retail and commercial window displays</li>
<li>Decorative displays onto glass or acrylic for promotional or seasonal events</li>
<li>Layering materials to create an infinite range of colour shades and blends</li>
<li>Transforming backlit films and reflective surfaces</li>
<li>Beautiful art installations as seen in <a href=""https://www.dorotape.co.uk/Study-Fiona-Grady-Art-Station"" target=""_blank""><font color=""#d7328a""><b>Fiona Grady Art Station Case Study</b></font></a>
</li></ul>

<span style=""font-weight: bold; color: #d7328a;"">Advantages:</span><br>
<ul><li>Available in 22 bright finishes, ideal for producing high quality window graphics, vibrant retail promotions and in store displays</li>
<li>High level of coloured transparency giving a truly professional result</li>
<li>Apply wet for completely streak free finish with an even colour covering</li>
<li>Up to 5 year outdoor durability</li>
<li>Water resistant adhesive for outdoor applications</li></ul>

<span style=""font-weight: bold; color: #d7328a;"">Technical Information:</span><br>
<ul><a href=""media/ecom/pdfs/datasheets/GlassColour_ASLAN_CT113_e.pdf""
target=""_blank""><img
style=""border: 0px solid ; width: 200px; height: 60px;"" alt=""pdf""
src=""media/ecom/onpagegraphics/Datasheet.png""></a>
<a href=""media/ecom/colselxl/Colourcard_ASLAN_CT_113.pdf""
target=""_blank""><img
style=""border: 0px solid ; width: 200px; height: 60px;"" alt=""pdf""
src=""media/ecom/onpagegraphics/Colour.png""></a></ul>

<p style=""font-weight: bold; font-size: 1.0em;"">Prices shown are per roll at 1250mm wide</p>
</body>
</html>","CT11388.png","CT11388.png","INVITEMS","DEFAULT-CT11388-DEFAULT-CT11388","","","0","0","0","","1","REGONLY","0","0","0","0","","","","SELECT","SELECT","0","","","","","0","0","","income-service","","","0","0","","","https://www.youtube.com/embed/hAz28VdVrTQ","","Aslan_CT113_Transparent","Aslan_CT113_Transparent","","","0","Blue_Max, Fusion_5, Olfa_Graphic_Cutter, Olfa_X_Design_Heavy_Duty_Knife, Lint-Free-Gloves, Masking_Tape_25mm, Aslan_Squeegee, Swann_Morton_3_Handle, Swann_Morton_10A_Blades, Float_On, IPA_100, Anti_Static_Cleaner,","Blue_Max, Fusion_5, Olfa_Graphic_Cutter, Olfa_X_Design_Heavy_Duty_Knife, Lint-Free-Gloves, Masking_Tape_25mm, Aslan_Squeegee, Swann_Morton_3_Handle, Swann_Morton_10A_Blades, Float_On, IPA_100, Anti_Static_Cleaner,","A","","","","","","","","","","","","","","","","0","aslan, cT113, aslan vinyl, aslan sign vinyl for walls, monomeric, aslan schwarz, transparent vinyl, stained glass vinyl, coloured film, backlit, transparent, window, vinyl, 11388, 11388k, ct11388, apple, green, applegreen, ","","","1583776133","0","","0","","CHECKBOX"
"CT11392","ASLAN CT11392 Blue Transparent Vinyl","11392","Aslan","150","0","DEFAULT","","","","","0","ASLAN CT11392 Blue self-adhesive transparent colour film for brilliant designs and advertising on glass and acrylic surfaces. 



","<html>
<head><title>ASLAN CT11392 Blue Transparent Vinyl</title>

<style>
.responsive {
  width: 50%;
  height: auto;
}
</style>
</head>

<body>
<img style=""height: 50px; width: 236px;"" alt=""Aslan logo""
src=""media/ecom/onpagegraphics/ASLAN_Logo_New.png"" class=""responsive""><br><br>
<p>ASLAN CT11392 Blue self-adhesive transparent colour film for brilliant designs and advertising on glass and acrylic surfaces.</p>

<span style=""font-weight: bold; color: #d7328a;"">Structure:</span><br>
<ul><li>80<span>&#181;</span>m PVC</li>
<li>Transparent water based adhesive - Semi permanent</li>
<li>Premium quality siliconized backing liner - 140gm<sup>2</sup>
</li></ul>

<span style=""font-weight: bold; color: #d7328a;"">Suitability:</span><br>
<ul><li>Vibrant retail and commercial window displays</li>
<li>Decorative displays onto glass or acrylic for promotional or seasonal events</li>
<li>Layering materials to create an infinite range of colour shades and blends</li>
<li>Transforming backlit films and reflective surfaces</li>
<li>Beautiful art installations as seen in <a href=""https://www.dorotape.co.uk/Study-Fiona-Grady-Art-Station"" target=""_blank""><font color=""#d7328a""><b>Fiona Grady Art Station Case Study</b></font></a>
</li></ul>

<span style=""font-weight: bold; color: #d7328a;"">Advantages:</span><br>
<ul><li>Available in 22 bright finishes, ideal for producing high quality window graphics, vibrant retail promotions and in store displays</li>
<li>High level of coloured transparency giving a truly professional result</li>
<li>Apply wet for completely streak free finish with an even colour covering</li>
<li>Up to 5 year outdoor durability</li>
<li>Water resistant adhesive for outdoor applications</li></ul>

<span style=""font-weight: bold; color: #d7328a;"">Technical Information:</span><br>
<ul><a href=""media/ecom/pdfs/datasheets/GlassColour_ASLAN_CT113_e.pdf""
target=""_blank""><img
style=""border: 0px solid ; width: 200px; height: 60px;"" alt=""pdf""
src=""media/ecom/onpagegraphics/Datasheet.png""></a>
<a href=""media/ecom/colselxl/Colourcard_ASLAN_CT_113.pdf""
target=""_blank""><img
style=""border: 0px solid ; width: 200px; height: 60px;"" alt=""pdf""
src=""media/ecom/onpagegraphics/Colour.png""></a></ul>

<p style=""font-weight: bold; font-size: 1.0em;"">Prices shown are per roll at 1250mm wide</p>
</body>
</html>","CT11392.png","CT11392.png","INVITEMS","DEFAULT-CT11392-DEFAULT-CT11392","","","0","0","0","","1","REGONLY","0","0","0","0","","","","SELECT","SELECT","0","","","","","0","0","","income-service","","","0","0","","","https://www.youtube.com/embed/hAz28VdVrTQ","","Aslan_CT113_Transparent","Aslan_CT113_Transparent","","","0","Blue_Max, Fusion_5, Olfa_Graphic_Cutter, Olfa_X_Design_Heavy_Duty_Knife, Lint-Free-Gloves, Masking_Tape_25mm, Aslan_Squeegee, Swann_Morton_3_Handle, Swann_Morton_10A_Blades, Float_On, IPA_100, Anti_Static_Cleaner,","Blue_Max, Fusion_5, Olfa_Graphic_Cutter, Olfa_X_Design_Heavy_Duty_Knife, Lint-Free-Gloves, Masking_Tape_25mm, Aslan_Squeegee, Swann_Morton_3_Handle, Swann_Morton_10A_Blades, Float_On, IPA_100, Anti_Static_Cleaner,","A","","","","","","","","","","","","","","","","0","aslan, cT113, aslan vinyl, aslan sign vinyl for walls, monomeric, aslan schwarz, transparent vinyl, stained glass vinyl, coloured film, backlit, transparent, window, vinyl, 11392, 11392k, ct11392, blue, ","","","1583774890","0","","0","","CHECKBOX"
"CT11395","ASLAN CT11395 Purple Transparent Vinyl","11395","Aslan","90","0","DEFAULT","","","","","0","ASLAN CT11395 Purple self-adhesive transparent colour film for brilliant designs and advertising on glass and acrylic surfaces.



","<html>
<head><title>ASLAN CT11395 Purple Transparent Vinyl</title>

<style>
.responsive {
  width: 50%;
  height: auto;
}
</style>
</head>

<body>
<img style=""height: 50px; width: 236px;"" alt=""Aslan logo""
src=""media/ecom/onpagegraphics/ASLAN_Logo_New.png"" class=""responsive""><br><br>
<p>ASLAN CT11395 Purple self-adhesive transparent colour film for brilliant designs and advertising on glass and acrylic surfaces.</p>

<span style=""font-weight: bold; color: #d7328a;"">Structure:</span><br>
<ul><li>80<span>&#181;</span>m PVC</li>
<li>Transparent water based adhesive - Semi permanent</li>
<li>Premium quality siliconized backing liner - 140gm<sup>2</sup>
</li></ul>

<span style=""font-weight: bold; color: #d7328a;"">Suitability:</span><br>
<ul><li>Vibrant retail and commercial window displays</li>
<li>Decorative displays onto glass or acrylic for promotional or seasonal events</li>
<li>Layering materials to create an infinite range of colour shades and blends</li>
<li>Transforming backlit films and reflective surfaces</li>
<li>Beautiful art installations as seen in <a href=""https://www.dorotape.co.uk/Study-Fiona-Grady-Art-Station"" target=""_blank""><font color=""#d7328a""><b>Fiona Grady Art Station Case Study</b></font></a>
</li></ul>

<span style=""font-weight: bold; color: #d7328a;"">Advantages:</span><br>
<ul><li>Available in 22 bright finishes, ideal for producing high quality window graphics, vibrant retail promotions and in store displays</li>
<li>High level of coloured transparency giving a truly professional result</li>
<li>Apply wet for completely streak free finish with an even colour covering</li>
<li>Up to 5 year outdoor durability</li>
<li>Water resistant adhesive for outdoor applications</li></ul>

<span style=""font-weight: bold; color: #d7328a;"">Technical Information:</span><br>
<ul><a href=""media/ecom/pdfs/datasheets/GlassColour_ASLAN_CT113_e.pdf""
target=""_blank""><img
style=""border: 0px solid ; width: 200px; height: 60px;"" alt=""pdf""
src=""media/ecom/onpagegraphics/Datasheet.png""></a>
<a href=""media/ecom/colselxl/Colourcard_ASLAN_CT_113.pdf""
target=""_blank""><img
style=""border: 0px solid ; width: 200px; height: 60px;"" alt=""pdf""
src=""media/ecom/onpagegraphics/Colour.png""></a></ul>

<p style=""font-weight: bold; font-size: 1.0em;"">Prices shown are per roll at 1250mm wide</p>
</body>
</html>","CT11395.png","CT11395.png","INVITEMS","DEFAULT-CT11395-DEFAULT-CT11395","","","0","0","0","","1","REGONLY","0","0","0","0","","","","SELECT","SELECT","0","","","","","0","0","","income-service","","","0","0","","","https://www.youtube.com/embed/hAz28VdVrTQ","","Aslan_CT113_Transparent","Aslan_CT113_Transparent","","","0","Blue_Max, Fusion_5, Olfa_Graphic_Cutter, Olfa_X_Design_Heavy_Duty_Knife, Lint-Free-Gloves, Masking_Tape_25mm, Aslan_Squeegee, Swann_Morton_3_Handle, Swann_Morton_10A_Blades, Float_On, IPA_100, Anti_Static_Cleaner,","Blue_Max, Fusion_5, Olfa_Graphic_Cutter, Olfa_X_Design_Heavy_Duty_Knife, Lint-Free-Gloves, Masking_Tape_25mm, Aslan_Squeegee, Swann_Morton_3_Handle, Swann_Morton_10A_Blades, Float_On, IPA_100, Anti_Static_Cleaner,","A","","","","","","","","","","","","","","","","0","aslan, cT113, aslan vinyl, aslan sign vinyl for walls, monomeric, aslan schwarz, transparent vinyl, stained glass vinyl, coloured film, backlit, transparent, window, vinyl, 11395, 11395k, purple, ","","","1583769922","0","","0","","CHECKBOX"
"CT35_Golden_Ebony","CT35 Aged Golden Pine","Cover Styl' CT35","Cover_Styl","250","25","DEFAULT","","","","","0","Cover Styl' CT35 Aged Golden Pine self-adhesive wood film. Buy it by the metre.

","<html>
<head>
<title>Cover Styl' CT35 Aged Golden Pine</title></head>
<body>
<p><img style=""height: 76px; width: 300px;"" alt=""Cover Styl' logo""
src=""media/ecom/onpagegraphics/Coverstyl_Logo.png""></p>
<span style=""font-weight: bold; color: #588ec6;"">SUITABILITY:</span>
<p>This product is designed for interior application only and offers exceptional resistance to water, dirt, abrasion, UV rays and wear (yellowing, cracking, scaling, delamination). </p>
<span style=""font-weight: bold; color: #588ec6;"">MATERIAL CHARACTERISTICS:</span>
<ul><li>Grade: Polymeric</li>
<li>Thickness: 250 micron</li>
<li>Adhesive: Easy Apply Air Release</li>
<li>Appearance: Matt</li>
<li>Stretchable: Yes</li>
<li>Scratch Proof: Average</li>
</ul>
<p>Prices shown are per linear metre at 1220mm wide</p>
</body>
</html>","CT35_Golden_Ebony.jpg","CT35_Golden_Ebony.jpg, CT35_Golden_Ebony_Wall.jpg","INVITEMS","DEFAULT-CT35_Golden_Ebony-DEFAULT-CT35_Golden_Ebony","","","0","0","0","","1","REGONLY","0","0","0","0","","","","SELECT","SELECT","0","","","","","0","0","","income-service","","","0","0","","","","","Cover_Styl_Wood","Cover_Styl_Wood","","","0","Olfa_Graphic_Cutter, Olfa_X_Design_Heavy_Duty_Knife, Lint-Free-Gloves, Masking_Tape_25mm, Aslan_Squeegee, Swann_Morton_3_Handle, Swann_Morton_10A_Blades, Lint-Free-Cloths, Heavy-Duty-Application-Roller, Rollepro, 4075CT1220, Cover-Styl-Colour-Selector-Box","Olfa_Graphic_Cutter, Olfa_X_Design_Heavy_Duty_Knife, Lint-Free-Gloves, Masking_Tape_25mm, Aslan_Squeegee, Swann_Morton_3_Handle, Swann_Morton_10A_Blades, Lint-Free-Cloths, Heavy-Duty-Application-Roller, Rollepro, 4075CT1220, Cover-Styl-Colour-Selector-Box","A","superuser","ADHESIVE_SEMI_PERMANENT","GRADE_POLYPROPYLENE","","","","","","","","","","","","Cover-Styl-Aged-Golden-Pine","0","coverstyle, cover style, cover styl, cover styl'


","","","1653916616","0","","0","","CHECKBOX"
"CT58_Faded_Grey_Wood","CT58 Faded Grey","Cover Styl' CT58","Cover_Styl","260","25","DEFAULT","","","","","0","Cover Styl' CT58 Faded Grey self-adhesive wood film. Buy it by the metre.

","<html>
<head>
<title>Cover Styl' CT58 Faded Grey</title></head>
<body>
<p><img style=""height: 76px; width: 300px;"" alt=""Cover Styl' logo""
src=""media/ecom/onpagegraphics/Coverstyl_Logo.png""></p>
<span style=""font-weight: bold; color: #588ec6;"">SUITABILITY:</span>
<p>This product is designed for interior application only and offers exceptional resistance to water, dirt, abrasion, UV rays and wear (yellowing, cracking, scaling, delamination). </p>
<span style=""font-weight: bold; color: #588ec6;"">MATERIAL CHARACTERISTICS:</span>
<ul><li>Grade: Polymeric</li>
<li>Thickness: 250 micron</li>
<li>Adhesive: Easy Apply Air Release</li>
<li>Appearance: Matt</li>
<li>Stretchable: Yes</li>
<li>Scratch Proof: Average</li>
</ul>
<p>Prices shown are per linear metre at 1220mm wide</p>
</body>
</html>","CT58_Faded_Grey_Wood.jpg","CT58_Faded_Grey_Wood.jpg, CT58_Faded_Grey_Wood_Bed.jpg","INVITEMS","DEFAULT-CT58_Faded_Grey_Wood-DEFAULT-CT58_Faded_Grey_Wood","","","0","0","0","","1","REGONLY","0","0","0","0","","","","SELECT","SELECT","0","","","","","0","0","","income-service","","","0","0","","","","","Cover_Styl_Wood","Cover_Styl_Wood","","","0","Olfa_Graphic_Cutter, Olfa_X_Design_Heavy_Duty_Knife, Lint-Free-Gloves, Masking_Tape_25mm, Aslan_Squeegee, Swann_Morton_3_Handle, Swann_Morton_10A_Blades, Lint-Free-Cloths, Heavy-Duty-Application-Roller, Rollepro, 4075CT1220, Cover-Styl-Colour-Selector-Box","Olfa_Graphic_Cutter, Olfa_X_Design_Heavy_Duty_Knife, Lint-Free-Gloves, Masking_Tape_25mm, Aslan_Squeegee, Swann_Morton_3_Handle, Swann_Morton_10A_Blades, Lint-Free-Cloths, Heavy-Duty-Application-Roller, Rollepro, 4075CT1220, Cover-Styl-Colour-Selector-Box","A","superuser","ADHESIVE_SEMI_PERMANENT","GRADE_POLYPROPYLENE","","","","","","","","","","","","Cover-Styl-CT58-Faded-Grey","0","coverstyle, cover style, cover styl, cover styl'


","","","1653918879","0","","0","","CHECKBOX"
"CT69_Cream_Brown","CT69 Cream Brown","Cover Styl' CT69","Cover_Styl","270","25","DEFAULT","","","","","0","Cover Styl' CT69 Cream Brown Wood self-adhesive wood film. Buy it by the metre.

","<html>
<head>
<title>Cover Styl' CT69 Cream Brown Wood</title></head>
<body>
<p><img style=""height: 76px; width: 300px;"" alt=""Cover Styl' logo""
src=""media/ecom/onpagegraphics/Coverstyl_Logo.png""></p>
<span style=""font-weight: bold; color: #588ec6;"">SUITABILITY:</span>
<p>This product is designed for interior application only and offers exceptional resistance to water, dirt, abrasion, UV rays and wear (yellowing, cracking, scaling, delamination). </p>
<span style=""font-weight: bold; color: #588ec6;"">MATERIAL CHARACTERISTICS:</span>
<ul><li>Grade: Polymeric</li>
<li>Thickness: 250 micron</li>
<li>Adhesive: Easy Apply Air Release</li>
<li>Appearance: Matt</li>
<li>Stretchable: Yes</li>
<li>Scratch Proof: Average</li>
</ul>
<p>Prices shown are per linear metre at 1220mm wide</p>
</body>
</html>","CT69_Cream_Brown.jpg","CT69_Cream_Brown.jpg, CT69_Cream_Brown_Office.jpg","INVITEMS","DEFAULT-CT69_Cream_Brown-DEFAULT-CT69_Cream_Brown","","","0","0","0","","1","REGONLY","0","0","0","0","","","","SELECT","SELECT","0","","","","","0","0","","income-service","","","0","0","","","","","Cover_Styl_Wood","Cover_Styl_Wood","","","0","Olfa_Graphic_Cutter, Olfa_X_Design_Heavy_Duty_Knife, Lint-Free-Gloves, Masking_Tape_25mm, Aslan_Squeegee, Swann_Morton_3_Handle, Swann_Morton_10A_Blades, Lint-Free-Cloths, Heavy-Duty-Application-Roller, Rollepro, 4075CT1220, Cover-Styl-Colour-Selector-Box","Olfa_Graphic_Cutter, Olfa_X_Design_Heavy_Duty_Knife, Lint-Free-Gloves, Masking_Tape_25mm, Aslan_Squeegee, Swann_Morton_3_Handle, Swann_Morton_10A_Blades, Lint-Free-Cloths, Heavy-Duty-Application-Roller, Rollepro, 4075CT1220, Cover-Styl-Colour-Selector-Box","A","superuser","ADHESIVE_SEMI_PERMANENT","GRADE_POLYPROPYLENE","","","","","","","","","","","","Cover-Styl-CT69-Cream-Brown","0","coverstyle, cover style, cover styl, cover styl'


","","","1653920389","0","","0","","CHECKBOX"
"CT82_Light_Oak","CT82 Bumpy Oak","Cover Styl' CT82","Cover_Styl","280","25","DEFAULT","","","","","0","Cover Styl' CT82 Bumpy Oak self-adhesive wood film. Buy it by the metre.

","<html>
<head>
<title>Cover Styl' CT82 Bumpy Oak</title></head>
<body>
<p><img style=""height: 76px; width: 300px;"" alt=""Cover Styl' logo""
src=""media/ecom/onpagegraphics/Coverstyl_Logo.png""></p>
<span style=""font-weight: bold; color: #588ec6;"">SUITABILITY:</span>
<p>This product is designed for interior application only and offers exceptional resistance to water, dirt, abrasion, UV rays and wear (yellowing, cracking, scaling, delamination). </p>
<span style=""font-weight: bold; color: #588ec6;"">MATERIAL CHARACTERISTICS:</span>
<ul><li>Grade: Polymeric</li>
<li>Thickness: 250 micron</li>
<li>Adhesive: Easy Apply Air Release</li>
<li>Appearance: Matt</li>
<li>Stretchable: Yes</li>
<li>Scratch Proof: Average</li>
</ul>
<p>Prices shown are per linear metre at 1220mm wide</p>
</body>
</html>","CT82_Light_Oak.jpg","CT82_Light_Oak.jpg, CT82_Light_Oak_Worktop.jpg","INVITEMS","DEFAULT-CT82_Light_Oak-DEFAULT-CT82_Light_Oak","","","0","0","0","","1","REGONLY","0","0","0","0","","","","SELECT","SELECT","0","","","","","0","0","","income-service","","","0","0","","","","","Cover_Styl_Wood","Cover_Styl_Wood","","","0","Olfa_Graphic_Cutter, Olfa_X_Design_Heavy_Duty_Knife, Lint-Free-Gloves, Masking_Tape_25mm, Aslan_Squeegee, Swann_Morton_3_Handle, Swann_Morton_10A_Blades, Lint-Free-Cloths, Heavy-Duty-Application-Roller, Rollepro, 4075CT1220, Cover-Styl-Colour-Selector-Box","Olfa_Graphic_Cutter, Olfa_X_Design_Heavy_Duty_Knife, Lint-Free-Gloves, Masking_Tape_25mm, Aslan_Squeegee, Swann_Morton_3_Handle, Swann_Morton_10A_Blades, Lint-Free-Cloths, Heavy-Duty-Application-Roller, Rollepro, 4075CT1220, Cover-Styl-Colour-Selector-Box","A","superuser","ADHESIVE_SEMI_PERMANENT","GRADE_POLYPROPYLENE","","","","","","","","","","","","Cover-Styl-CT82-Bumpy-Oak","0","coverstyle, cover style, cover styl, cover styl'


","","","1653920491","0","","0","","CHECKBOX"
"Curved_Fine_Point_Tweezers","Curved Fine Point Tweezers","TWE2","SOTT","20","4","DEFAULT","","","","","0","Curved fine pointed tip stainless steel tweezers with a curved tip for easy and accurate weeding and picking.","<html>

<title><head>Curved Fine Point Tweezers</title></head>

<body>

<p>Curved fine pointed tip stainless steel tweezers with a curved tip for easy and accurate weeding and picking.</p>
<p>Vinyl can be easily picked up in tricky areas such as headlights etc.</p>
<p>Both tips are sharp and align perfectly well.</p>

</body>

</html>
","Wrap-Tweezer-II-350-310.jpg","Wrap-Tweezer-II-350-310.jpg","INVITEMS","DEFAULT-Curved_Fine_Point_Tweezers-DEFAULT-Curved_Fine_Point_Tweezers","","","0","0","0","","1","REGONLY","0","0","0","0","","","","SELECT","SELECT","0","","","","","0","0","","income-service","","","0","0","","","","","Weeding_Handling_Tools","Weeding_Handling_Tools, Stencil-Film-Accessories","","","0","Weeding_Hook","","A","","","","","","","","","","","","","","","Curved-Point-Tweezers","0","weeding, tweezers, picking","","","1640350670","0","","0","","CHECKBOX"
"Cut-Resistant-Gloves","Cut Resistant Wrap Gloves (1 Pair Size:XL)","GLOV","SOTT","240","6","DEFAULT","","","","","0","Avoid accidental cuts when installing graphic films and handling rigid boards with the cut resistant gloves. Woven from a smooth fibre these gloves are designed for pushing the film into channels and swages on vehicles as well as edges and corners when wrapping furniture. Size: XL","<html>

<title><head>Cut Resistant Wrap Gloves (1 Pair Size:XL)</title></head>

<body>

<p>Avoid accidental cuts when installing graphic films and handling rigid boards with the cut resistant gloves.</p>
<p>Woven from a smooth fibre these gloves are designed for pushing the film into channels and swages on vehicles as well as edges and corners when wrapping furniture.</p>
<p>Meets the ASTM/ANSI test: Cut level 5 which requires over 2kg of pressure to cut the glove material.</p>
<p>1 pair of XL</p>

</body>

</html>","Cut Resistant Gloves.jpg","Cut Resistant Gloves.jpg","INVITEMS","DEFAULT-Cut-Resistant-Gloves-DEFAULT-Cut-Resistant-Gloves","","","0","0","0","","1","REGONLY","0","0","0","0","","","","SELECT","SELECT","0","","","","","0","0","","income-service","","","0","0","","","","","Application_Tools","Weeding_Handling_Tools, Knives_Cutting_Tools, Application_Tools, Vehicle_Wrap_Tools","","","0","","","A","","","","","","","","","","","","","","","","0","lint, glove, gloves","","","1687365842","0","","0","","CHECKBOX"
"D160T0625","ASLAN D160 Diffuser :: 675mm Width","1023","Aslan","10","7","DEFAULT","","","","","0","ASLAN D160 Diffuser is a highly translucent white film used mainly on light boxes and illuminated signs. It allows the light to be spread evenly across the
whole of the sign. Buy it by the metre.","<html>

<head><title>ASLAN D160 Diffuser Film</title>
</head>
<body>
<img style=""height: 50px; width: 236px;"" alt=""Aslan logo""
src=""media/ecom/onpagegraphics/ASLAN_Logo_New.png""><br><br>

<p>ASLAN D160 is a highly translucent white film used mainly on light boxes and
illuminated signs. It allows the light to be spread evenly across the
whole of the sign.</p>

<span style=""font-weight: bold; color: #d7328a;"">Structure:</span>
<ul><li>85<span>&#181;</span>m PVC</li>
<li>Special water-based adhesive - Semi-permanent</li>
<li>Premium quality silicon backing paper - 63g/m<sup>2</sup>
</li></ul>

<span style=""font-weight: bold; color: #d7328a;"">Suitability:</span>
<ul><li>Perfect for producing shallow light boxes</li>
<li>Ideal for backlit signs that requires even light distribution
</li></ul>

<span style=""font-weight: bold; color: #d7328a;"">Advantages:</span>
<ul><li>Diffusion film with specific pigmentation for optimal light scattering</li>
<li>Ensures a smooth and uniform appearance of the lightbox</li>
<li>Outdoor durability minimum of 7 years</li>
<li>46% light translucency assures ideal diffusion of light</ul></li>


<span style=""font-weight: bold; color: #d7328a;"">Technical Information:</span><br><br>
<a href=""media/ecom/pdfs/datasheets/ASLAN_D160.pdf"" target=""_blank""><img
style=""border: 0px solid ; width: 200px; height: 60px;"" alt=""pdf""
src=""media/ecom/onpagegraphics/Datasheet.png""></a>

<p style=""font-weight: bold; font-size: 0.9em;"">Prices shown are per linear metre at 675mm wide</p>
</body>

</html>","Aslan_D_160.jpg","Aslan_D_160.jpg","INVITEMS","DEFAULT-D160T0625-DEFAULT-D160T0625","","","0","0","0","","1","REGONLY","0","0","0","0","","","","SELECT","SELECT","0","","","","","0","0","","income-service","","","0","0","","","","","1440_D160T","1440_D160T","","","0","D160T1250, Blue_Max, Fusion_5, Olfa_Graphic_Cutter, Olfa_X_Design_Heavy_Duty_Knife, Lint-Free-Gloves, Masking_Tape_25mm, Aslan_Squeegee, Swann_Morton_3_Handle, Swann_Morton_10A_Blades, Float_On, IPA_100, Anti_Static_Cleaner,","Blue_Max, Fusion_5, Olfa_Graphic_Cutter, Olfa_X_Design_Heavy_Duty_Knife, Lint-Free-Gloves, Masking_Tape_25mm, Aslan_Squeegee, Swann_Morton_3_Handle, Swann_Morton_10A_Blades, Float_On, IPA_100, Anti_Static_Cleaner,","A","","","","","","","","","","","","","","","ASLAN-D160-Diffuser-Film-675","0","aslan, d160, 160, diff film, diff vinyl, diffuser, translucent, vinyl, film, self adhesive, white, lightbox, light, box, light box, backlit, back lit, back light, backlight, 
","","","1507900339","0","","0","","CHECKBOX"
"D160T1250","ASLAN D160 Diffuser :: 1350mm Width","1023","Aslan","20","14","DEFAULT","","","","","0","ASLAN D160 Diffuser is a highly translucent white film used mainly on light boxes and
illuminated signs. It allows the light to be spread evenly across the
whole of the sign. Buy it by the metre.","<html>

<head><title>ASLAN D160 Diffuser Film</title>
</head>
<body>
<img style=""height: 50px; width: 236px;"" alt=""Aslan logo""
src=""media/ecom/onpagegraphics/ASLAN_Logo_New.png""><br><br>

<p>ASLAN D160 is a highly translucent white film used mainly on light boxes and
illuminated signs. It allows the light to be spread evenly across the
whole of the sign.</p>

<span style=""font-weight: bold; color: #d7328a;"">Structure:</span>
<ul><li>85<span>&#181;</span>m PVC</li>
<li>Special water-based adhesive - Semi-permanent</li>
<li>Premium quality silicon backing paper - 63g/m<sup>2</sup>
</li></ul>

<span style=""font-weight: bold; color: #d7328a;"">Suitability:</span>
<ul><li>Perfect for producing shallow light boxes</li>
<li>Ideal for backlit signs that requires even light distribution
</li></ul>

<span style=""font-weight: bold; color: #d7328a;"">Advantages:</span>
<ul><li>Diffusion film with specific pigmentation for optimal light scattering</li>
<li>Ensures a smooth and uniform appearance of the lightbox</li>
<li>Outdoor durability minimum of 7 years</li>
<li>46% light translucency assures ideal diffusion of light</ul></li>


<span style=""font-weight: bold; color: #d7328a;"">Technical Information:</span><br><br>
<a href=""media/ecom/pdfs/datasheets/ASLAN_D160.pdf"" target=""_blank""><img
style=""border: 0px solid ; width: 200px; height: 60px;"" alt=""pdf""
src=""media/ecom/onpagegraphics/Datasheet.png""></a>

<p style=""font-weight: bold; font-size: 0.9em;"">Prices shown are per linear metre at 1350mm wide</p>
</body>

</html>","Aslan_D_160.jpg","Aslan_D_160.jpg","INVITEMS","DEFAULT-D160T1250-DEFAULT-D160T1250","","","0","0","0","","1","REGONLY","0","0","0","0","","","","SELECT","SELECT","0","","","","","0","0","","income-service","","","0","0","","","","","1440_D160T","1440_D160T","","","0","D160T0625, Blue_Max, Fusion_5, Olfa_Graphic_Cutter, Olfa_X_Design_Heavy_Duty_Knife, Lint-Free-Gloves, Masking_Tape_25mm, Aslan_Squeegee, Swann_Morton_3_Handle, Swann_Morton_10A_Blades, Float_On, IPA_100, Anti_Static_Cleaner,","Blue_Max, Fusion_5, Olfa_Graphic_Cutter, Olfa_X_Design_Heavy_Duty_Knife, Lint-Free-Gloves, Masking_Tape_25mm, Aslan_Squeegee, Swann_Morton_3_Handle, Swann_Morton_10A_Blades, Float_On, IPA_100, Anti_Static_Cleaner,","A","","","","","","","","","","","","","","","ASLAN-D160-Diffuser-Film-1350","0","aslan, d160, 160, diff film, diff vinyl, diffuser, translucent, vinyl, film, self adhesive, white, lightbox, light, box, light box, backlit, back lit, back light, backlight, ","","","1507900462","0","","0","","CHECKBOX"
"D1_Teak","D1 Classic Walnut","Cover Styl' D1","Cover_Styl","290","25","DEFAULT","","","","","0","Cover Styl' D1 Classic Walnut self-adhesive wood film. Buy it by the metre.

","<html>
<head>
<title>Cover Styl' D1 Classic Walnut</title></head>
<body>
<p><img style=""height: 76px; width: 300px;"" alt=""Cover Styl' logo""
src=""media/ecom/onpagegraphics/Coverstyl_Logo.png""></p>
<span style=""font-weight: bold; color: #588ec6;"">SUITABILITY:</span>
<p>This product is designed for interior application only and offers exceptional resistance to water, dirt, abrasion, UV rays and wear (yellowing, cracking, scaling, delamination). </p>
<span style=""font-weight: bold; color: #588ec6;"">MATERIAL CHARACTERISTICS:</span>
<ul><li>Grade: Polymeric</li>
<li>Thickness: 250 micron</li>
<li>Adhesive: Easy Apply Air Release</li>
<li>Appearance: Matt</li>
<li>Stretchable: Yes</li>
<li>Scratch Proof: Average</li>
</ul>
<p>Prices shown are per linear metre at 1220mm wide</p>
</body>
</html>","D1_Teak.jpg","D1_Teak.jpg, D1_Teak_Wall.jpg","INVITEMS","DEFAULT-D1_Teak-DEFAULT-D1_Teak","","","0","0","0","","1","REGONLY","0","0","0","0","","","","SELECT","SELECT","0","","","","","0","0","","income-service","","","0","0","","","","","Cover_Styl_Wood","Cover_Styl_Wood","","","0","Olfa_Graphic_Cutter, Olfa_X_Design_Heavy_Duty_Knife, Lint-Free-Gloves, Masking_Tape_25mm, Aslan_Squeegee, Swann_Morton_3_Handle, Swann_Morton_10A_Blades, Lint-Free-Cloths, Heavy-Duty-Application-Roller, Rollepro, 4075CT1220, Cover-Styl-Colour-Selector-Box","Olfa_Graphic_Cutter, Olfa_X_Design_Heavy_Duty_Knife, Lint-Free-Gloves, Masking_Tape_25mm, Aslan_Squeegee, Swann_Morton_3_Handle, Swann_Morton_10A_Blades, Lint-Free-Cloths, Heavy-Duty-Application-Roller, Rollepro, 4075CT1220, Cover-Styl-Colour-Selector-Box","A","superuser","ADHESIVE_SEMI_PERMANENT","GRADE_POLYPROPYLENE","","","","","","","","","","","","Cover-Styl-D1-Classic-Walnut","0","coverstyle, cover style, cover styl, cover styl'


","","","1653920704","0","","0","","CHECKBOX"
"D4_Dark_Zebrano","D4 Zebrano","Cover Styl' D4","Cover_Styl","300","25","DEFAULT","","","","","0","Cover Styl' D4 Zebrano self-adhesive wood film. Buy it by the metre.

","<html>
<head>
<title>Cover Styl' D4 Zebrano Wood</title></head>
<body>
<p><img style=""height: 76px; width: 300px;"" alt=""Cover Styl' logo""
src=""media/ecom/onpagegraphics/Coverstyl_Logo.png""></p>
<span style=""font-weight: bold; color: #588ec6;"">SUITABILITY:</span>
<p>This product is designed for interior application only and offers exceptional resistance to water, dirt, abrasion, UV rays and wear (yellowing, cracking, scaling, delamination). </p>
<span style=""font-weight: bold; color: #588ec6;"">MATERIAL CHARACTERISTICS:</span>
<ul><li>Grade: Polymeric</li>
<li>Thickness: 250 micron</li>
<li>Adhesive: Easy Apply Air Release</li>
<li>Appearance: Matt</li>
<li>Stretchable: Yes</li>
<li>Scratch Proof: Average</li>
</ul>
<p>Prices shown are per linear metre at 1220mm wide</p>
</body>
</html>","D4_Dark_Zebrano.jpg","D4_Dark_Zebrano.jpg, D4_Dark_Zebrano_Wall.jpg","INVITEMS","DEFAULT-D4_Dark_Zebrano-DEFAULT-D4_Dark_Zebrano","","","0","0","0","","1","REGONLY","0","0","0","0","","","","SELECT","SELECT","0","","","","","0","0","","income-service","","","0","0","","","","","Cover_Styl_Wood","Cover_Styl_Wood","","","0","Olfa_Graphic_Cutter, Olfa_X_Design_Heavy_Duty_Knife, Lint-Free-Gloves, Masking_Tape_25mm, Aslan_Squeegee, Swann_Morton_3_Handle, Swann_Morton_10A_Blades, Lint-Free-Cloths, Heavy-Duty-Application-Roller, Rollepro, 4075CT1220, Cover-Styl-Colour-Selector-Box","Olfa_Graphic_Cutter, Olfa_X_Design_Heavy_Duty_Knife, Lint-Free-Gloves, Masking_Tape_25mm, Aslan_Squeegee, Swann_Morton_3_Handle, Swann_Morton_10A_Blades, Lint-Free-Cloths, Heavy-Duty-Application-Roller, Rollepro, 4075CT1220, Cover-Styl-Colour-Selector-Box","A","superuser","ADHESIVE_SEMI_PERMANENT","GRADE_POLYPROPYLENE","","","","","","","","","","","","Cover-Styl-D4-Zebrano","0","coverstyle, cover style, cover styl, cover styl'


","","","1653920813","0","","0","","CHECKBOX"
"D90500610","Doro 9050 White Gloss Vehicle Grade Magnetic Vinyl :: 630mm Wide","9050","Doro_Tape","10","8","DEFAULT","","","","","0","9050 is a super strong (0.85mm) white faced printable magnetic material. The premium holding force of 53g/cm2 makes it the perfect grade for flat sided vehicles, designed to withstand speeds of up to 70mph. Buy it by the metre.
","<html>

<head><title>Doro 9050 White Gloss Magnetic Vinyl - 630mm Wide</title>
</head>
<body>


<p>9050 is a super strong (0.85mm) white faced printable magnetic material. The premium holding force of 53g/cm2 makes it the perfect grade for flat sided vehicles, designed to withstand speeds of up to 70mph</p>


<span style=""font-weight: bold; color: #d7328a;"">Structure:</span>
<ul><li>0.85mm flexible magnetic sheet with gloss white PVC face</li>
<li>Magnetic sheeting has durable UV coating on the reverse</li>
<li>53g/cm&sup2; magnetic pull
</li></ul>

<span style=""font-weight: bold; color: #d7328a;"">Suitability:</span>
<ul><li>Suitable for internal and external applications</li>
<li>Premium holding force (53g/cm&sup2;) is designed for vehicle sides travelling on the highway</li>
<li>Suitable for retail POS, posters and other signage where maximum magnetic attraction is required</li>
<li>Digitally printable for stunning all-in-one magnetic solutions</li>
<li>Can also be used in conjunction with cad-cut self-adhesive vinyl applied directly to the surface</li>
<li>Regular maintenance must be carried out to optimise usage
</li></ul>

<span style=""font-weight: bold; color: #d7328a;"">Advantages:</span>
<ul><li>Magnetic holding strength does not reduce over time</li>
<li>Can be quickly removed and re-applied again and again</li>
<li>Easy to cut with scissors, knives or die-cutting
</li></ul>

<span style=""font-weight: bold; color: #d7328a;"">Ink Compatibility:</span><br><br>
<ul>
<img style=""margin: 0px 5px 0px 0px; width: 22px; height: 37px;"" alt=""Eco-Sol Ink""
src=""media/ecom/onpagegraphics/Ink-EcoSol.png"">Eco-solvent &nbsp;&nbsp;
<img style=""margin: 0px 5px 0px 0px; width: 22px; height: 37px;"" alt=""UV Ink""
src=""media/ecom/onpagegraphics/Ink-UV.png"">UV</ul>

<span style=""font-weight: bold; color: #d7328a;"">Technical Information:</span><br><br>
<ul>
<a href=""media/ecom/pdfs/datasheets/9000-series-magnetic.pdf"" target=""_blank""><img
style=""border: 0px solid ; width: 200px; height: 60px;"" alt=""9050 Magnetic datasheet""
src=""media/ecom/onpagegraphics/Datasheet.png""></a>
<a href=""media/ecom/pdfs/applicationguidelines/Magnetic-Application-Aftercare.pdf""
target=""_blank""><img
style=""border: 0px solid ; width: 200px; height: 60px;"" alt=""9050 Magnetic Care Instructions""
src=""media/ecom/onpagegraphics/App.png""></a></ul>

<p><a href=https://www.dorotape.co.uk/Article/MagvFerro target=""_blank""><img style=""border: 0px solid ; width: 50px; height: 50px;"" alt=""link to our blog""
src=""media/ecom/onpagegraphics/Blog.png""></p>
<span style=""color:#d7328a""><b>Learn more about magnetic vinyl and ferrous film by reading about it in our Blog</b></span></a></p>

<p style=""font-weight: bold; font-size: 0.9em;"">Prices shown are per linear metre at 630mm wide</p>

</body>

</html>","9050mag.jpg","9050mag.jpg","INVITEMS","DEFAULT-D90500610-DEFAULT-D90500610","","","0","0","0","","1","REGONLY","0","0","0","0","","","","SELECT","SELECT","0","","","","","0","0","","income-service","","","0","0","","","","","Magnetic_Ferrous","Magnetic_Ferrous","","","0","Panel_Wipe, Easy-Wipe","Panel_Wipe, Easy-Wipe","A","","ADHESIVE_NON","GRADE_MAGNETIC","SUITABILITY_FLAT, SUITABILITY_VEHICLE","","","","","","","","","","","9050-Vehicle-Grade-Magnetic","0","magnet, magnetic, vehicle grade magnetic, 9050, 0.8mm, 0.8, 0.85, 0.85mm, mag, vinyl, ","","","1490278563","0","","0","","CHECKBOX"
"D90521000","Doro 9052 White Gloss Magnetic Vinyl :: 1000mm Wide","9052","Doro_Tape","20","11","DEFAULT","","","","","0","9052 is a thinner 0.6mm and very flexible white gloss magnetic vinyl with a holding force of 28g/cm2. Perfect for interchangable displays in retail POS, advertising promotions and other temporary signage. Fire Rated to Euroclass DIN EN 13501-1:2019-05 with classification B-s1-d0 so perfect for public spaces. Buy it by the metre.


","<html>

<head><title>Doro 9052 White Gloss Magnetic Vinyl - 1000mm Wide</title>
</head>
<body>


<p>9052 is a thin and very flexible white gloss magnetic vinyl with a holding force of 28g/cm2.  Fire Rated to Euroclass DIN EN 13501-1:2019-05 with classification B-s1-d0.</p>


<span style=""font-weight: bold; color: #d7328a;"">Structure:</span>
<ul><li>0.6mm flexible magnetic sheet with gloss white PVC face</li>
<li>Magnetic sheeting has durable UV coating on the reverse</li>
<li>28g/cm&sup2; magnetic pull
</li></ul>

<span style=""font-weight: bold; color: #d7328a;"">Suitability:</span>
<ul><li>Suitable for internal applications</li>
<li>Perfect for interchangable displays in retail POS and advertising promotions</li>
<li>Ideal for in-store fridge and freezer advertising</li>
<li>Suitable for temporary signage where a strong magnetic attraction is required</li>
<li>Digitally printable for stunning all-in-one magnetic solutions
</li></ul>

<span style=""font-weight: bold; color: #d7328a;"">Advantages:</span>
<ul><li>Magnetic holding strength does not reduce over time</li>
<li>Can be quickly removed and re-applied again and again</li>
<li>Easy to cut with scissors, knives or die-cutting</li>
<li>Fire Rated to Euroclass DIN EN 13501-1:2019-05 with classification B-s1-d0
</li></ul>


<span style=""font-weight: bold; color: #d7328a;"">Ink Compatibility:</span><br>
<ul>
<img style=""margin: 0px 5px 0px 0px; width: 22px; height: 37px;"" alt=""Eco-Sol Ink""
src=""media/ecom/onpagegraphics/Ink-EcoSol.png"">Eco-solvent &nbsp;&nbsp;
<img style=""margin: 0px 5px 0px 0px; width: 22px; height: 37px;"" alt=""UV Ink""
src=""media/ecom/onpagegraphics/Ink-UV.png"">UV</ul>

<span style=""font-weight: bold; color: #d7328a;"">Technical Information:</span><br>
<ul>
<a href=""media/ecom/pdfs/datasheets/9000-series-magnetic.pdf"" target=""_blank""><img
style=""border: 0px solid ; width: 200px; height: 60px;"" alt=""9052 Magnetic Datasheet""
src=""media/ecom/onpagegraphics/Datasheet.png""></a>
<a href=""media/ecom/pdfs/firecertificates/EN 13501-1_9052_Magnetic_class B-s1 d0.pdf"" target=""_blank""><img
style=""border: 0px solid ; width: 200px; height: 60px;"" alt=""9052 Magnetic Fire Certificate""
src=""media/ecom/onpagegraphics/Fire.png""></a></ul>

<p><a href=https://www.dorotape.co.uk/Article/MagvFerro target=""_blank""><img style=""border: 0px solid ; width: 50px; height: 50px;"" alt=""link to our blog""
src=""media/ecom/onpagegraphics/Blog.png""></p>
<span style=""color:#d7328a""><b>Learn more about magnetic vinyl and ferrous film by reading about it in our Blog</b></span></a></p>

<p style=""font-weight: bold; font-size: 0.9em;"">Prices shown are per linear metre at 1000mm wide</p>

</body>
</html>","9052_Magnetic.jpg","9052_Magnetic.jpg","INVITEMS","DEFAULT-D90521000-DEFAULT-D90521000","","","0","0","0","","1","REGONLY","0","0","0","0","","","","SELECT","SELECT","0","","","","","0","0","","income-service","","","0","0","","","","","Magnetic_Ferrous","Magnetic_Ferrous, Digital_Print_Magnetic_Ferrous","","","0","FF4001000, Panel_Wipe, Easy-Wipe","Panel_Wipe, Easy-Wipe","A","","ADHESIVE_NON","GRADE_MAGNETIC","SUITABILITY_FLAT, SUITABILITY_VEHICLE","","","","","","","","","","","9052-Gloss-Magnetic-1000mm","0","Magnetic, magnet, printable, mag, gloss white mag, gloss magnetic, 9052, 90521000, 1000mm, 1m wide, 0.6, 0.6mm, ","","","1490278612","0","","0","","CHECKBOX"
"D9052M1000","Doro 9052 White Matt Magnetic Vinyl :: 1000mm Wide","9052","Doro_Tape","20","11","DEFAULT","","","","","0","9052 is a thinner 0.6mm and very flexible white matt magnetic vinyl with a holding force of 28g/cm2. Perfect for interchangable displays in retail POS, advertising promotions and other temporary signage. Fire Rated to Euroclass DIN EN 13501-1:2019-05 with classification B-s1-d0 so perfect for public spaces. Buy it by the metre.

","<html>

<head><title>Doro 9052 White Matt Magnetic Vinyl - 1000mm Wide</title>
</head>
<body>


<p>9052 is a thin and very flexible white matt magnetic vinyl with a holding force of 28g/cm2.  Fire Rated to Euroclass DIN EN 13501-1:2019-05 with classification B-s1-d0.</p>


<span style=""font-weight: bold; color: #d7328a;"">Structure:</span>
<ul><li>0.6mm flexible magnetic sheet with matt white PVC face</li>
<li>Magnetic sheeting has durable UV coating on the reverse</li>
<li>28g/cm&sup2; magnetic pull
</li></ul>

<span style=""font-weight: bold; color: #d7328a;"">Suitability:</span>
<ul><li>Suitable for internal applications</li>
<li>Perfect for interchangable displays in retail POS and advertising promotions</li>
<li>Ideal for in-store fridge and freezer advertising</li>
<li>Suitable for temporary signage where a strong magnetic attraction is required</li>
<li>Digitally printable for stunning all-in-one magnetic solutions
</li></ul>

<span style=""font-weight: bold; color: #d7328a;"">Advantages:</span>
<ul><li>Magnetic holding strength does not reduce over time</li>
<li>Can be quickly removed and re-applied again and again</li>
<li>Easy to cut with scissors, knives or die-cutting</li>
<li>Matt finish for reflection and glare free in-store advertising</li>
<li>Fire Rated to Euroclass DIN EN 13501-1:2019-05 with classification B-s1-d0
</li></ul>


<span style=""font-weight: bold; color: #d7328a;"">Ink Compatibility:</span><br>
<ul>
<img style=""margin: 0px 5px 0px 0px; width: 22px; height: 37px;"" alt=""Eco-Sol Ink""
src=""media/ecom/onpagegraphics/Ink-EcoSol.png"">Eco-solvent &nbsp;&nbsp;
<img style=""margin: 0px 5px 0px 0px; width: 22px; height: 37px;"" alt=""UV Ink""
src=""media/ecom/onpagegraphics/Ink-UV.png"">UV</ul>

<span style=""font-weight: bold; color: #d7328a;"">Technical Information:</span><br>
<ul>
<a href=""media/ecom/pdfs/datasheets/9000-series-magnetic.pdf"" target=""_blank""><img
style=""border: 0px solid ; width: 200px; height: 60px;"" alt=""9052 Magnetic Datasheet""
src=""media/ecom/onpagegraphics/Datasheet.png""></a>
<a href=""media/ecom/pdfs/firecertificates/EN 13501-1_9052_Magnetic_class B-s1 d0.pdf"" target=""_blank""><img
style=""border: 0px solid ; width: 200px; height: 60px;"" alt=""9052 Magnetic Fire Certificate""
src=""media/ecom/onpagegraphics/Fire.png""></a></ul>

<p><a href=https://www.dorotape.co.uk/Article/MagvFerro target=""_blank""><img style=""border: 0px solid ; width: 50px; height: 50px;"" alt=""link to our blog""
src=""media/ecom/onpagegraphics/Blog.png""></p>
<span style=""color:#d7328a""><b>Learn more about magnetic vinyl and ferrous film by reading about it in our Blog</b></span></a></p>


<p style=""font-weight: bold; font-size: 0.9em;"">Prices shown are per linear metre at 1000mm wide</p>

</body>

</html>","9052_Magnetic.jpg","9052_Magnetic.jpg","INVITEMS","DEFAULT-D9052M1000-DEFAULT-D90521000MATT","","","0","0","0","","1","REGONLY","0","0","0","0","","","","SELECT","SELECT","0","","","","","0","0","","income-service","","","0","0","","","","","Magnetic_Ferrous","Magnetic_Ferrous, Digital_Print_Magnetic_Ferrous","","","0","FF4001000","","A","","ADHESIVE_NON","GRADE_MAGNETIC","SUITABILITY_FLAT, SUITABILITY_VEHICLE","","","","","","","","","","","9052-Matt-Magnetic-1000mm","0","Magnetic, magnet, printable, mag, matt white mag, gloss magnetic, 9052, 90521000, 1000mm, 1m wide, 9052m, 0.6, 0.6mm, ","","","1535122239","0","","0","","CHECKBOX"
"D90541250","Doro 9054 Self-adhesive Magnetic Vinyl :: 1250mm x 10m","9054","Doro_Tape","30","146","DEFAULT","","","","","0","Doro 9054 is a self-adhesive magnetic vinyl used to transform display boards, retail stores or furniture into a receptive surface for graphics, promotions and advertising printed onto a ferrous film. Price per roll.


","<html>

<head><title>Doro 9054 Self-adhesive Magnetic Vinyl - 1250mm x 10m</title>
</head>
<body>


<p>Doro 9054 is a self-adhesive magnetic vinyl used to transform display boards, retail stores or furniture into a receptive surface for graphics, promotions and advertising printed onto a ferrous film.</p>


<span style=""font-weight: bold; color: #d7328a;"">Structure:</span>
<ul><li>0.6mm flexible magnetic self-adhesive sheet</li>
<li>28g/cm&sup2; magnetic pull - Magnetic sheeting has UV hardened coating on the reverse</li>
<li>Clay coated kraft paper backing liner</li>
<li>Water based adhesive - Permanent
</li></ul>

<span style=""font-weight: bold; color: #d7328a;"">Suitability:</span>
<ul><li>Suitable for internal and external applications</li>
<li>Flexible material for smooth flat surfaces and slightly curved panels</li>
<li>Suitable for retail POS, posters and other signage where a magnetic surface is required</li>
<li>Use in conjunction with a thin ferrous film such as <a href=""https://www.dorotape.co.uk/Item/FF200-Printable-Ferrous-Film"" target=""_blank""><font color=""#d7328a""><b>FF200</b></font></a> for quick-change graphics and promotion
</li></ul>

<span style=""font-weight: bold; color: #d7328a;"">Advantages:</span>
<ul><li>Magnetic holding strength does not reduce over time</li>
<li>Transforms surfaces into magnets for use with magnetic receptive materials</li>
<li>Easy to cut with scissors, knives or die-cutting</li>
<li>Fire Rated to Euroclass DIN EN 13501-1:2019-05 with classification B-s1-d0
</li></ul>


<span style=""font-weight: bold; color: #d7328a;"">Technical Information:</span><br><br>
<ul>
<a href=""media/ecom/pdfs/datasheets/9000-series-magnetic.pdf"" target=""_blank""><img
style=""border: 0px solid ; width: 200px; height: 60px;"" alt=""9052 Magnetic Datasheet""
src=""media/ecom/onpagegraphics/Datasheet.png""></a>
<a href=""media/ecom/pdfs/firecertificates/EN 13501-1_9052_Magnetic_class B-s1 d0.pdf"" target=""_blank""><img
style=""border: 0px solid ; width: 200px; height: 60px;"" alt=""9052 Magnetic Fire Certificate""
src=""media/ecom/onpagegraphics/Fire.png""></a>
</ul>
<p><a href=https://www.dorotape.co.uk/Article/MagvFerro target=""_blank""><img style=""border: 0px solid ; width: 50px; height: 50px;"" alt=""link to our blog""
src=""media/ecom/onpagegraphics/Blog.png""></p>
<span style=""color:#d7328a""><b>Learn more about magnetic vinyl and ferrous film by reading about it in our Blog</b></span></a></p>

<p style=""font-weight: bold; font-size: 0.9em;"">Prices shown are per 10 metre roll at 1250mm wide</p>

</body>


</html>
","9054-Magnetic.jpg","9054-Magnetic.jpg","INVITEMS","DEFAULT-D90541250-DEFAULT-D90541250","","","0","0","0","","1","REGONLY","0","0","0","0","","","","SELECT","SELECT","0","","","","","0","0","","income-service","","","0","0","","","","","Magnetic_Ferrous","Magnetic_Ferrous","","","0","Printable-Ferrous-Film","","A","","ADHESIVE_PERMANENT","GRADE_MAGNETIC","SUITABILITY_WALL_DECORATION, SUITABILITY_FLAT","","","","","","","","","","","Self-Adhesive-Magnetic","0","9054, mag, magnetic, mag vinyl, magnetic vinyl, self adhesive mag, self adhesive, self-adhesive, magnetic base, ","","","1507912921","0","","0","","CHECKBOX"
"DB894_012","Doro-Bond 894 :: 12mm x 33m","89412","Doro_Tape","10","17","DEFAULT","","","","","0","Doro-Mount 894 is a 0.5mm clear foamed acrylic ultra high bond tape for bonding applications. Unrivalled bond strength designed for demanding sign and display assembly applications including metals and powder coated surfaces.","<html>

<head><title>Doro-Mount 894 :: 12mm x 33m</title></head>

<body>

<p>Doro-Mount 894 is a 0.5mm clear foamed acrylic ultra high bond tape for bonding applications.</p>

<span style=""font-weight: bold; color: #d7328a;"">Structure:</span><br>
<ul><li>500<span>&#181;</span>m Foamed acrylic tape</li>
<li>Foam-like acrylic glue - clear</li>
<li>Red HDPE
</li></ul>

<span style=""font-weight: bold; color: #d7328a;"">Suitability:</span><br>
<ul><li>Suitable for demanding indoor and outdoor mounting applications</li>
<li>Unrivalled bond strength designed for demanding sign and display assembly applications including metals and powder coated surfaces</li>
<li>Great for mounting badges, trims and signage to metal and glass
</li></ul>

<span style=""font-weight: bold; color: #d7328a;"">Advantages:</span><br>
<ul><li>Excellent heat resistance up to 200°C</li>
<li>Compression assists when used on slightly uneven surfaces</li>
<li>High degree of transparency
</li></ul>

<span style=""font-weight: bold; color: #d7328a;"">Technical Information:</span><br>
<ul>
<a href=""media/ecom/pdfs/datasheets/Doro-Bond-894.pdf"" target=""_blank""><img style=""border: 0px solid ; width: 200px; height: 60px;"" alt=""Doro-Bond 894 Datasheet""
src=""media/ecom/onpagegraphics/Datasheet.png""></a></ul><br>

<p><b>Prices are per 33m roll</b></p>

</body>

</html>","895.jpg","895.jpg","INVITEMS","DEFAULT-DB894_012-DEFAULT-DB894_012","","","0","0","0","","1","REGONLY","0","0","0","0","","","","SELECT","SELECT","0","","","","","0","0","","income-service","","","0","0","","","","","3366_DB894","3366_DB894","","","0","DB881_012, DF3900_012, DF420_012, DF4402_012, DF465_012, DF470_012, IPA_100, Olfa_Graphic_Cutter, Olfa_X_Design_Heavy_Duty_Knife, Swann_Morton_3_Handle, Swann_Morton_10A_Blades,","IPA_100, Olfa_Graphic_Cutter, Olfa_X_Design_Heavy_Duty_Knife, Swann_Morton_3_Handle, Swann_Morton_10A_Blades,","A","","","","","","","","","","","","","","","Doro-Bond-894-12mm","0","3m, doro, bond 895, acrylic, vhb, ultra, uhb, bond, dorobond, doro-bond, doro bond, vhb tape, uhb tape, doro tape, dorotape, high tack tape, high bond tape, ultra high bond, very high bond, strong tape, strongest tape, double sided tape, double-sided","","","1546514254","0","","0","","CHECKBOX"
"DB894_019","Doro-Bond 894 :: 19mm x 33m","89419","Doro_Tape","20","26","DEFAULT","","","","","0","Doro-Mount 894 is a 0.5mm clear foamed acrylic ultra high bond tape for bonding applications. Unrivalled bond strength designed for demanding sign and display assembly applications including metals and powder coated surfaces.","<html>

<head><title>Doro-Mount 894 :: 19mm x 33m</title></head>

<body>

<p>Doro-Mount 894 is a 0.5mm clear foamed acrylic ultra high bond tape for bonding applications.</p>

<span style=""font-weight: bold; color: #d7328a;"">Structure:</span><br>
<ul><li>500<span>&#181;</span>m Foamed acrylic tape</li>
<li>Foam-like acrylic glue - clear</li>
<li>Red HDPE
</li></ul>

<span style=""font-weight: bold; color: #d7328a;"">Suitability:</span><br>
<ul><li>Suitable for demanding indoor and outdoor mounting applications</li>
<li>Unrivalled bond strength designed for demanding sign and display assembly applications including metals and powder coated surfaces</li>
<li>Great for mounting badges, trims and signage to metal and glass
</li></ul>

<span style=""font-weight: bold; color: #d7328a;"">Advantages:</span><br>
<ul><li>Excellent heat resistance up to 200°C</li>
<li>Compression assists when used on slightly uneven surfaces</li>
<li>High degree of transparency
</li></ul>

<span style=""font-weight: bold; color: #d7328a;"">Technical Information:</span><br>
<ul>
<a href=""media/ecom/pdfs/datasheets/Doro-Bond-894.pdf"" target=""_blank""><img style=""border: 0px solid ; width: 200px; height: 60px;"" alt=""Doro-Bond 894 Datasheet""
src=""media/ecom/onpagegraphics/Datasheet.png""></a></ul><br>

<p><b>Prices are per 33m roll</b></p>

</body>

</html>","895.jpg","895.jpg","INVITEMS","DEFAULT-DB894_019-DEFAULT-DB894_019","","","0","0","0","","1","REGONLY","0","0","0","0","","","","SELECT","SELECT","0","","","","","0","0","","income-service","","","0","0","","","","","3366_DB894","3366_DB894","","","0","DB881_019, DF3900_019, DF420_019, DF4402_019, DF465_019, DF470_019, IPA_100, Olfa_Graphic_Cutter, Olfa_X_Design_Heavy_Duty_Knife, Swann_Morton_3_Handle, Swann_Morton_10A_Blades,","IPA_100, Olfa_Graphic_Cutter, Olfa_X_Design_Heavy_Duty_Knife, Swann_Morton_3_Handle, Swann_Morton_10A_Blades,","A","","","","","","","","","","","","","","","Doro-Bond-894-19mm","0","3m, doro, bond 895, acrylic, vhb, ultra, uhb, bond, dorobond, doro-bond, doro bond, vhb tape, uhb tape, doro tape, dorotape, high tack tape, high bond tape, ultra high bond, very high bond, strong tape, strongest tape, double sided tape, double-sided","","","1546514277","0","","0","","CHECKBOX"
"DB894_025","Doro-Bond 894 :: 25mm x 33m","89425","DEFAULT","30","32","DEFAULT","","","","","0","Doro-Mount 894 is a 0.5mm clear foamed acrylic ultra high bond tape for bonding applications. Unrivalled bond strength designed for demanding sign and display assembly applications including metals and powder coated surfaces.","<html>

<head><title>Doro-Mount 894 :: 25mm x 33m</title></head>

<body>

<p>Doro-Mount 894 is a 0.5mm clear foamed acrylic ultra high bond tape for bonding applications.</p>

<span style=""font-weight: bold; color: #d7328a;"">Structure:</span><br>
<ul><li>500<span>&#181;</span>m Foamed acrylic tape</li>
<li>Foam-like acrylic glue - clear</li>
<li>Red HDPE
</li></ul>

<span style=""font-weight: bold; color: #d7328a;"">Suitability:</span><br>
<ul><li>Suitable for demanding indoor and outdoor mounting applications</li>
<li>Unrivalled bond strength designed for demanding sign and display assembly applications including metals and powder coated surfaces</li>
<li>Great for mounting badges, trims and signage to metal and glass
</li></ul>

<span style=""font-weight: bold; color: #d7328a;"">Advantages:</span><br>
<ul><li>Excellent heat resistance up to 200°C</li>
<li>Compression assists when used on slightly uneven surfaces</li>
<li>High degree of transparency
</li></ul>

<span style=""font-weight: bold; color: #d7328a;"">Technical Information:</span><br>
<ul>
<a href=""media/ecom/pdfs/datasheets/Doro-Bond-894.pdf"" target=""_blank""><img style=""border: 0px solid ; width: 200px; height: 60px;"" alt=""Doro-Bond 894 Datasheet""
src=""media/ecom/onpagegraphics/Datasheet.png""></a></ul><br>

<p><b>Prices are per 33m roll</b></p>

</body>

</html>","895.jpg","895.jpg","INVITEMS","DEFAULT-DB894_025-DEFAULT-DB894_025","","","0","0","0","","1","REGONLY","0","0","0","0","","","","SELECT","SELECT","0","","","","","0","0","","income-service","","","0","0","","","","","3366_DB894","3366_DB894","","","0","DB881_025, DF3900_025, DF420_025, DF465_025, DF470_025, IPA_100, Olfa_Graphic_Cutter, Olfa_X_Design_Heavy_Duty_Knife, Swann_Morton_3_Handle, Swann_Morton_10A_Blades,","IPA_100, Olfa_Graphic_Cutter, Olfa_X_Design_Heavy_Duty_Knife, Swann_Morton_3_Handle, Swann_Morton_10A_Blades,","A","","","","","","","","","","","","","","","Doro-Bond-894-25mm","0","3m, doro, bond 895, acrylic, vhb, ultra, uhb, bond, dorobond, doro-bond, doro bond, vhb tape, uhb tape, doro tape, dorotape, high tack tape, high bond tape, ultra high bond, very high bond, strong tape, strongest tape, double sided tape, double-sided","","","1546514294","0","","0","","CHECKBOX"
"DB895_012","Doro-Bond 895 :: 12mm x 33m","89512","Doro_Tape","10","19","DEFAULT","","","","","0","Doro-Mount 895 is a 1mm clear foamed acrylic ultra high bond tape for bonding applications. Unrivalled bond strength designed for demanding sign and display assembly applications including metals and powder coated surfaces.","<html>

<head><title>Doro-Mount 895 :: 12mm x 33m</title></head>

<body>

<p>Doro-Mount 895 is a 1mm clear foamed acrylic ultra high bond tape for bonding applications.</p>

<span style=""font-weight: bold; color: #d7328a;"">Structure:</span><br>
<ul><li>1000<span>&#181;</span>m Foamed acrylic tape</li>
<li>Foam-like acrylic glue - clear</li>
<li>Red HDPE
</li></ul>

<span style=""font-weight: bold; color: #d7328a;"">Suitability:</span><br>
<ul><li>Suitable for demanding indoor and outdoor mounting applications</li>
<li>Unrivalled bond strength designed for demanding sign and display assembly applications including metals and powder coated surfaces</li>
<li>Great for mounting badges, trims and signage to metal and glass
</li></ul>

<span style=""font-weight: bold; color: #d7328a;"">Advantages:</span><br>
<ul><li>Excellent heat resistance up to 200°C</li>
<li>Compression assists when used on slightly uneven surfaces</li>
<li>High degree of transparency
</li></ul>

<span style=""font-weight: bold; color: #d7328a;"">Technical Information:</span><br>
<ul>
<a href=""media/ecom/pdfs/datasheets/Doro-Bond-895.pdf"" target=""_blank""><img style=""border: 0px solid ; width: 200px; height: 60px;"" alt=""Doro-Bond 895 Datasheet""
src=""media/ecom/onpagegraphics/Datasheet.png""></a></ul><br>

<p><b>Prices are per 33m roll</b></p>

</body>

</html>
","895.jpg","895.jpg","INVITEMS","DEFAULT-DB895_012-DEFAULT-DB895_012","","","0","0","0","","1","REGONLY","0","0","0","0","","","","SELECT","SELECT","0","","","","","0","0","","income-service","","","0","0","","","","","3365_DB895","3365_DB895","","","0","DB881_012, DF3900_012, DF420_012, DF4402_012, DF465_012, DF470_012, IPA_100, Olfa_Graphic_Cutter, Olfa_X_Design_Heavy_Duty_Knife, Swann_Morton_3_Handle, Swann_Morton_10A_Blades,","IPA_100, Olfa_Graphic_Cutter, Olfa_X_Design_Heavy_Duty_Knife, Swann_Morton_3_Handle, Swann_Morton_10A_Blades,","A","","","","","","","","","","","","","","","Doro-Bond-895-12mm","0","3m, doro, bond 895, acrylic, vhb, ultra, uhb, bond, dorobond, doro-bond, doro bond, vhb tape, uhb tape, doro tape, dorotape, high tack tape, high bond tape, ultra high bond, very high bond, strong tape, strongest tape, double sided tape, double-sided","","","1546514315","0","","0","","CHECKBOX"
"DB895_019","Doro-Bond 895 :: 19mm x 33m","89519","Doro_Tape","20","31","DEFAULT","","","","","0","Doro-Mount 895 is a 1mm clear foamed acrylic ultra high bond tape for bonding applications. Unrivalled bond strength designed for demanding sign and display assembly applications including metals and powder coated surfaces.","<html>

<head><title>Doro-Mount 895 :: 19mm x 33m</title></head>

<body>

<p>Doro-Mount 895 is a 1mm clear foamed acrylic ultra high bond tape for bonding applications.</p>

<span style=""font-weight: bold; color: #d7328a;"">Structure:</span><br>
<ul><li>1000<span>&#181;</span>m Foamed acrylic tape</li>
<li>Foam-like acrylic glue - clear</li>
<li>Red HDPE
</li></ul>

<span style=""font-weight: bold; color: #d7328a;"">Suitability:</span><br>
<ul><li>Suitable for demanding indoor and outdoor mounting applications</li>
<li>Unrivalled bond strength designed for demanding sign and display assembly applications including metals and powder coated surfaces</li>
<li>Great for mounting badges, trims and signage to metal and glass
</li></ul>

<span style=""font-weight: bold; color: #d7328a;"">Advantages:</span><br>
<ul><li>Excellent heat resistance up to 200°C</li>
<li>Compression assists when used on slightly uneven surfaces</li>
<li>High degree of transparency
</li></ul>

<span style=""font-weight: bold; color: #d7328a;"">Technical Information:</span><br>
<ul>
<a href=""media/ecom/pdfs/datasheets/Doro-Bond-895.pdf"" target=""_blank""><img style=""border: 0px solid ; width: 200px; height: 60px;"" alt=""Doro-Bond 895 Datasheet""
src=""media/ecom/onpagegraphics/Datasheet.png""></a></ul><br>

<p><b>Prices are per 33m roll</b></p>

</body>

</html>
","895.jpg","895.jpg","INVITEMS","DEFAULT-DB895_019-DEFAULT-DB895_019","","","0","0","0","","1","REGONLY","0","0","0","0","","","","SELECT","SELECT","0","","","","","0","0","","income-service","","","0","0","","","","","3365_DB895","3365_DB895","","","0","DB881_019, DF3900_019, DF420_019, DF4402_019, DF465_019, DF470_019, IPA_100, Olfa_Graphic_Cutter, Olfa_X_Design_Heavy_Duty_Knife, Swann_Morton_3_Handle, Swann_Morton_10A_Blades,","IPA_100, Olfa_Graphic_Cutter, Olfa_X_Design_Heavy_Duty_Knife, Swann_Morton_3_Handle, Swann_Morton_10A_Blades,","A","","","","","","","","","","","","","","","Doro-Bond-895-19mm","0","3m, doro, bond 895, acrylic, vhb, ultra, uhb, bond, dorobond, doro-bond, doro bond, vhb tape, uhb tape, doro tape, dorotape, high tack tape, high bond tape, ultra high bond, very high bond, strong tape, strongest tape, double sided tape, double-sided","","","1546514330","0","","0","","CHECKBOX"
"DB895_025","Doro-Bond 895 :: 25mm x 33m","89525","Doro_Tape","30","40","DEFAULT","","","","","0","Doro-Mount 895 is a 1mm clear foamed acrylic ultra high bond tape for bonding applications. Unrivalled bond strength designed for demanding sign and display assembly applications including metals and powder coated surfaces.","<html>

<head><title>Doro-Mount 895 :: 25mm x 33m</title></head>

<body>

<p>Doro-Mount 895 is a 1mm clear foamed acrylic ultra high bond tape for bonding applications.</p>

<span style=""font-weight: bold; color: #d7328a;"">Structure:</span><br>
<ul><li>1000<span>&#181;</span>m Foamed acrylic tape</li>
<li>Foam-like acrylic glue - clear</li>
<li>Red HDPE
</li></ul>

<span style=""font-weight: bold; color: #d7328a;"">Suitability:</span><br>
<ul><li>Suitable for demanding indoor and outdoor mounting applications</li>
<li>Unrivalled bond strength designed for demanding sign and display assembly applications including metals and powder coated surfaces</li>
<li>Great for mounting badges, trims and signage to metal and glass
</li></ul>

<span style=""font-weight: bold; color: #d7328a;"">Advantages:</span><br>
<ul><li>Excellent heat resistance up to 200°C</li>
<li>Compression assists when used on slightly uneven surfaces</li>
<li>High degree of transparency
</li></ul>

<span style=""font-weight: bold; color: #d7328a;"">Technical Information:</span><br>
<ul>
<a href=""media/ecom/pdfs/datasheets/Doro-Bond-895.pdf"" target=""_blank""><img style=""border: 0px solid ; width: 200px; height: 60px;"" alt=""Doro-Bond 895 Datasheet""
src=""media/ecom/onpagegraphics/Datasheet.png""></a></ul><br>

<p><b>Prices are per 33m roll</b></p>

</body>

</html>
","895.jpg","895.jpg","INVITEMS","DEFAULT-DB895_025-DEFAULT-DB895_025","","","0","0","0","","1","REGONLY","0","0","0","0","","","","SELECT","SELECT","0","","","","","0","0","","income-service","","","0","0","","","","","3365_DB895","3365_DB895","","","0","DB881_025, DF3900_025, DF420_025, DF465_025, DF470_025, IPA_100, Olfa_Graphic_Cutter, Olfa_X_Design_Heavy_Duty_Knife, Swann_Morton_3_Handle, Swann_Morton_10A_Blades,","IPA_100, Olfa_Graphic_Cutter, Olfa_X_Design_Heavy_Duty_Knife, Swann_Morton_3_Handle, Swann_Morton_10A_Blades,","A","","","","","","","","","","","","","","","Doro-Bond-895-25mm","0","3m, doro, bond 895, acrylic, vhb, ultra, uhb, bond, dorobond, doro-bond, doro bond, vhb tape, uhb tape, doro tape, dorotape, high tack tape, high bond tape, ultra high bond, very high bond, strong tape, strongest tape, double sided tape, double-sided","","","1546514344","0","","0","","CHECKBOX"
"DF3900_012","Doro-Fix 3900 :: 12mm x 50m","390012","Doro_Tape","10","2","DEFAULT","","","","","0","Doro-Fix 3900 has a strong polyester carrier and is coated with a high performance solvent acrylic adhesive. Perfect where a flush finish is required.","<html>

<head><title>Doro-Fix 3900 : 12mm x 50m</title></head>

<body>

<p>Doro-Fix 3900 has a strong polyester carrier and is coated with a high performance solvent acrylic adhesive.</p>

<span style=""font-weight: bold; color: #d7328a;"">Structure:</span><br>
<ul><li>80<span>&#181;</span>m Transparent mylar</li>
<li>High performance solvent acrylic adhesive</li>
<li>White PE paper - 110gsm
</li></ul>

<span style=""font-weight: bold; color: #d7328a;"">Suitability:</span><br>
<ul><li>Suitable for indoor and outdoor mounting applications</li>
<li>Ideal for lamination when mounting graphics on to foam board
</li></ul>

<span style=""font-weight: bold; color: #d7328a;"">Advantages:</span><br>
<ul><li>High grab for instant adhesion</li>
<li>Super thin at 80 microns so perfect where a flush finish is required</li>
<li>UV, plasticiser and water resistant</li>
<li>Does not tear or fracture under stress</li>
<li>Performs well in temperature extremes -30<sup>o</sup>C to +160<sup>o</sup>C and is suitable for a wide range of applications
</li></ul>

<span style=""font-weight: bold; color: #d7328a;"">Technical Information:</span><br>
<ul>
<a href=""media/ecom/pdfs/datasheets/Doro-Fix-3900.pdf"" target=""_blank""><img style=""border: 0px solid ; width: 200px; height: 60px;"" alt=""Doro-Fix 3900 Datasheet""
src=""media/ecom/onpagegraphics/Datasheet.png""></a></ul><br>

<p><b>Prices are per 50m roll</b></p>

</body>

</html>","3900.jpg","3900.jpg","INVITEMS","DEFAULT-DF3900_012-DEFAULT-DF3900_012","","","0","0","0","","1","REGONLY","0","0","0","0","","","","SELECT","SELECT","0","","","","","0","0","","income-service","","","0","0","","","","","3265_DF3900","3265_DF3900","","","0","DB881_012, DB895_012, DF420_012, DF4402_012, DF465_012, DF470_012, IPA_100, Olfa_Graphic_Cutter, Olfa_X_Design_Heavy_Duty_Knife, Swann_Morton_3_Handle, Swann_Morton_10A_Blades,","IPA_100, Olfa_Graphic_Cutter, Olfa_X_Design_Heavy_Duty_Knife, Swann_Morton_3_Handle, Swann_Morton_10A_Blades,","A","","","","","","","","","","","","","","","Doro-Fix-3900-12mm","0","doro, fix, 3900, double sided tape, double-sided, double sided, double-sided tape, high tack tape, hi tack tape, high tack double sided tape, polyester tape, polyester double sided tape, thin tape, thin double sided tape, ","","","1546514114","0","","0","","CHECKBOX"
"DF3900_019","Doro-Fix 3900 :: 19mm x 50m","390019","Doro_Tape","20","3","DEFAULT","","","","","0","Doro-Fix 3900 has a strong polyester carrier and is coated with a high performance solvent acrylic adhesive. Perfect where a flush finish is required.","<html>

<head><title>Doro-Fix 3900 : 19mm x 50m</title></head>

<body>

<p>Doro-Fix 3900 has a strong polyester carrier and is coated with a high performance solvent acrylic adhesive.</p>

<span style=""font-weight: bold; color: #d7328a;"">Structure:</span><br>
<ul><li>80<span>&#181;</span>m Transparent mylar</li>
<li>High performance solvent acrylic adhesive</li>
<li>White PE paper - 110gsm
</li></ul>

<span style=""font-weight: bold; color: #d7328a;"">Suitability:</span><br>
<ul><li>Suitable for indoor and outdoor mounting applications</li>
<li>Ideal for lamination when mounting graphics on to foam board
</li></ul>

<span style=""font-weight: bold; color: #d7328a;"">Advantages:</span><br>
<ul><li>High grab for instant adhesion</li>
<li>Super thin at 80 microns so perfect where a flush finish is required</li>
<li>UV, plasticiser and water resistant</li>
<li>Does not tear or fracture under stress</li>
<li>Performs well in temperature extremes -30<sup>o</sup>C to +160<sup>o</sup>C and is suitable for a wide range of applications
</li></ul>

<span style=""font-weight: bold; color: #d7328a;"">Technical Information:</span><br>
<ul>
<a href=""media/ecom/pdfs/datasheets/Doro-Fix-3900.pdf"" target=""_blank""><img style=""border: 0px solid ; width: 200px; height: 60px;"" alt=""Doro-Fix 3900 Datasheet""
src=""media/ecom/onpagegraphics/Datasheet.png""></a></ul><br>

<p><b>Prices are per 50m roll</b></p>

</body>

</html>","3900.jpg","3900.jpg","INVITEMS","DEFAULT-DF3900_019-DEFAULT-DF3900_019","","","0","0","0","","1","REGONLY","0","0","0","0","","","","SELECT","SELECT","0","","","","","0","0","","income-service","","","0","0","","","","","3265_DF3900","3265_DF3900","","","0","DB881_019, DB895_019, DF420_019, DF4402_019, DF465_019, DF470_019, IPA_100, Olfa_Graphic_Cutter, Olfa_X_Design_Heavy_Duty_Knife, Swann_Morton_3_Handle, Swann_Morton_10A_Blades,","IPA_100, Olfa_Graphic_Cutter, Olfa_X_Design_Heavy_Duty_Knife, Swann_Morton_3_Handle, Swann_Morton_10A_Blades,","A","","","","","","","","","","","","","","","Doro-Fix-3900-19mm","0","doro, fix, 3900, double sided tape, double-sided, double sided, double-sided tape, high tack tape, hi tack tape, high tack double sided tape, polyester tape, polyester double sided tape, thin tape, thin double sided tape, ","","","1546514139","0","","0","","CHECKBOX"
"DF3900_025","Doro-Fix 3900 :: 25mm x 50m","390025","Doro_Tape","30","4","DEFAULT","","","","","0","Doro-Fix 3900 has a strong polyester carrier and is coated with a high performance solvent acrylic adhesive. Perfect where a flush finish is required.","<html>

<head><title>Doro-Fix 3900 : 25mm x 50m</title></head>

<body>

<p>Doro-Fix 3900 has a strong polyester carrier and is coated with a high performance solvent acrylic adhesive.</p>

<span style=""font-weight: bold; color: #d7328a;"">Structure:</span><br>
<ul><li>80<span>&#181;</span>m Transparent mylar</li>
<li>High performance solvent acrylic adhesive</li>
<li>White PE paper - 110gsm
</li></ul>

<span style=""font-weight: bold; color: #d7328a;"">Suitability:</span><br>
<ul><li>Suitable for indoor and outdoor mounting applications</li>
<li>Ideal for lamination when mounting graphics on to foam board
</li></ul>

<span style=""font-weight: bold; color: #d7328a;"">Advantages:</span><br>
<ul><li>High grab for instant adhesion</li>
<li>Super thin at 80 microns so perfect where a flush finish is required</li>
<li>UV, plasticiser and water resistant</li>
<li>Does not tear or fracture under stress</li>
<li>Performs well in temperature extremes -30<sup>o</sup>C to +160<sup>o</sup>C and is suitable for a wide range of applications
</li></ul>

<span style=""font-weight: bold; color: #d7328a;"">Technical Information:</span><br>
<ul>
<a href=""media/ecom/pdfs/datasheets/Doro-Fix-3900.pdf"" target=""_blank""><img style=""border: 0px solid ; width: 200px; height: 60px;"" alt=""Doro-Fix 3900 Datasheet""
src=""media/ecom/onpagegraphics/Datasheet.png""></a></ul><br>

<p><b>Prices are per 50m roll</b></p>

</body>

</html>","3900.jpg","3900.jpg","INVITEMS","DEFAULT-DF3900_025-DEFAULT-DF3900_025","","","0","0","0","","1","REGONLY","0","0","0","0","","","","SELECT","SELECT","0","","","","","0","0","","income-service","","","0","0","","","","","3265_DF3900","3265_DF3900","","","0","DB881_025, DB895_025, DF420_025, DF465_025, DF470_025, IPA_100, Olfa_Graphic_Cutter, Olfa_X_Design_Heavy_Duty_Knife, Swann_Morton_3_Handle, Swann_Morton_10A_Blades,","IPA_100, Olfa_Graphic_Cutter, Olfa_X_Design_Heavy_Duty_Knife, Swann_Morton_3_Handle, Swann_Morton_10A_Blades,","A","","","","","","","","","","","","","","","Doro-Fix-3900-25mm","0","doro, fix, 3900, double sided tape, double-sided, double sided, double-sided tape, high tack tape, hi tack tape, high tack double sided tape, polyester tape, polyester double sided tape, thin tape, thin double sided tape, ","","","1546514156","0","","0","","CHECKBOX"
"DF3900_050","Doro-Fix 3900 :: 50mm x 50m","390025","Doro_Tape","30","9","DEFAULT","","","","","0","Doro-Fix 3900 has a strong polyester carrier and is coated with a high performance solvent acrylic adhesive. Perfect where a flush finish is required.","<html>

<head><title>Doro-Fix 3900 : 50mm x 50m</title></head>

<body>

<p>Doro-Fix 3900 has a strong polyester carrier and is coated with a high performance solvent acrylic adhesive.</p>

<span style=""font-weight: bold; color: #d7328a;"">Structure:</span><br>
<ul><li>80<span>&#181;</span>m Transparent mylar</li>
<li>High performance solvent acrylic adhesive</li>
<li>White PE paper - 110gsm
</li></ul>

<span style=""font-weight: bold; color: #d7328a;"">Suitability:</span><br>
<ul><li>Suitable for indoor and outdoor mounting applications</li>
<li>Ideal for lamination when mounting graphics on to foam board
</li></ul>

<span style=""font-weight: bold; color: #d7328a;"">Advantages:</span><br>
<ul><li>High grab for instant adhesion</li>
<li>Super thin at 80 microns so perfect where a flush finish is required</li>
<li>UV, plasticiser and water resistant</li>
<li>Does not tear or fracture under stress</li>
<li>Performs well in temperature extremes -30<sup>o</sup>C to +160<sup>o</sup>C and is suitable for a wide range of applications
</li></ul>

<span style=""font-weight: bold; color: #d7328a;"">Technical Information:</span><br>
<ul>
<a href=""media/ecom/pdfs/datasheets/Doro-Fix-3900.pdf"" target=""_blank""><img style=""border: 0px solid ; width: 200px; height: 60px;"" alt=""Doro-Fix 3900 Datasheet""
src=""media/ecom/onpagegraphics/Datasheet.png""></a></ul><br>

<p><b>Prices are per 50m roll</b></p>

</body>

</html>","3900.jpg","3900.jpg","INVITEMS","DEFAULT-DF3900_050-DEFAULT-DF3900_050","","","0","0","0","","1","REGONLY","0","0","0","0","","","","SELECT","SELECT","0","","","","","0","0","","income-service","","","0","0","","","","","3265_DF3900","3265_DF3900","","","0","DB881_025, DB895_025, DF420_025, DF465_025, DF470_025, IPA_100, Olfa_Graphic_Cutter, Olfa_X_Design_Heavy_Duty_Knife, Swann_Morton_3_Handle, Swann_Morton_10A_Blades,","IPA_100, Olfa_Graphic_Cutter, Olfa_X_Design_Heavy_Duty_Knife, Swann_Morton_3_Handle, Swann_Morton_10A_Blades,","A","","","","","","","","","","","","","","","Doro-Fix-3900-50mm","0","doro, fix, 3900, double sided tape, double-sided, double sided, double-sided tape, high tack tape, hi tack tape, high tack double sided tape, polyester tape, polyester double sided tape, thin tape, thin double sided tape, ","","","1703179719","0","","0","","CHECKBOX"
"DF420_012","Doro-Fix 420 :: 12mm x 50m","42012","Doro_Tape","10","2","DEFAULT","","","","","0","A good all round tissue tape for interior use with a high temperature resistance. The excellent level of tack allows adhesion to most substrates making it ideal for use with decals, labels, badges and signs etc.","<html>

<head><title>Doro-Fix 420 : 12mm x 50m</title></head>

<body>

<p>Doro-Fix 420 is a good all round tissue tape for interior use with a high temperature resistance.</p>

<span style=""font-weight: bold; color: #d7328a;"">Structure:</span><br>
<ul><li>100<span>&#181;</span>m White tissue</li>
<li>High performance solvent acrylic adhesive</li>
<li>White PE paper - 110gsm
</li></ul>

<span style=""font-weight: bold; color: #d7328a;"">Suitability:</span><br>
<ul><li>Suitable for indoor and outdoor mounting applications</li>
<li>Ideal for with decals, labels, badges and signs etc</li>
<li>Adheres well to flexible and fibrous surfaces
</li></ul>

<span style=""font-weight: bold; color: #d7328a;"">Advantages:</span><br>
<ul><li>High grab for instant adhesion</li>
<li>100 microns so perfect where a flush finish is required</li>
<li>UV, plasticiser and water resistant</li>
<li>High grade premium PE liner that won't tear when removed</li>
<li>Can be torn by hand
</li></ul>

<span style=""font-weight: bold; color: #d7328a;"">Technical Information:</span><br>
<ul>
<a href=""media/ecom/pdfs/datasheets/Doro-Fix-420.pdf"" target=""_blank""><img style=""border: 0px solid ; width: 200px; height: 60px;"" alt=""Doro-Fix 420 Datasheet""
src=""media/ecom/onpagegraphics/Datasheet.png""></a></ul><br>

<p><b>Prices are per 50m roll</b></p>

</body>

</html>
","420.png","420.png","INVITEMS","DEFAULT-DF420_012-DEFAULT-DF420_012","","","0","0","0","","1","REGONLY","0","0","0","0","","","","SELECT","SELECT","0","","","","","0","0","","income-service","","","0","0","","","","","3285_DF420","3285_DF420","","","0","DB881_012, DB895_012, DF3900_012, DF4402_012, DF465_012, DF470_012, IPA_100, Olfa_Graphic_Cutter, Olfa_X_Design_Heavy_Duty_Knife, Swann_Morton_3_Handle, Swann_Morton_10A_Blades,","IPA_100, Olfa_Graphic_Cutter, Olfa_X_Design_Heavy_Duty_Knife, Swann_Morton_3_Handle, Swann_Morton_10A_Blades,","A","","","","","","","","","","","","","","","Doro-Fix-420-12mm","0","doro, fix, doro fix, dorofix, doro 420, 420, fix 420, doro fix 420, doro-fix, doro-fix 420, double sided tape, doro tape, dorotape, tissue tape, double-sided, double-sided tape, decal tape, label tape, badge tape, sign tape, ","","","1546514422","0","","0","","CHECKBOX"
"DF420_019","Doro-Fix 420 :: 19mm x 50m","42019","Doro_Tape","20","3","DEFAULT","","","","","0","A good all round tissue tape for interior use with a high temperature resistance. The excellent level of tack allows adhesion to most substrates making it ideal for use with decals, labels, badges and signs etc.","<html>

<head><title>Doro-Fix 420 : 19mm x 50m</title></head>

<body>

<p>Doro-Fix 420 is a good all round tissue tape for interior use with a high temperature resistance.</p>

<span style=""font-weight: bold; color: #d7328a;"">Structure:</span><br>
<ul><li>100<span>&#181;</span>m White tissue</li>
<li>High performance solvent acrylic adhesive</li>
<li>White PE paper - 110gsm
</li></ul>

<span style=""font-weight: bold; color: #d7328a;"">Suitability:</span><br>
<ul><li>Suitable for indoor and outdoor mounting applications</li>
<li>Ideal for with decals, labels, badges and signs etc</li>
<li>Adheres well to flexible and fibrous surfaces
</li></ul>

<span style=""font-weight: bold; color: #d7328a;"">Advantages:</span><br>
<ul><li>High grab for instant adhesion</li>
<li>100 microns so perfect where a flush finish is required</li>
<li>UV, plasticiser and water resistant</li>
<li>High grade premium PE liner that won't tear when removed</li>
<li>Can be torn by hand
</li></ul>

<span style=""font-weight: bold; color: #d7328a;"">Technical Information:</span><br>
<ul>
<a href=""media/ecom/pdfs/datasheets/Doro-Fix-420.pdf"" target=""_blank""><img style=""border: 0px solid ; width: 200px; height: 60px;"" alt=""Doro-Fix 420 Datasheet""
src=""media/ecom/onpagegraphics/Datasheet.png""></a></ul><br>

<p><b>Prices are per 50m roll</b></p>

</body>

</html>
","420.png","420.png","INVITEMS","DEFAULT-DF420_019-DEFAULT-DF420_019","","","0","0","0","","1","REGONLY","0","0","0","0","","","","SELECT","SELECT","0","","","","","0","0","","income-service","","","0","0","","","","","3285_DF420","3285_DF420","","","0","DB881_019, DB895_019, DF3900_019, DF4402_019, DF465_019, DF470_019, IPA_100, Olfa_Graphic_Cutter, Olfa_X_Design_Heavy_Duty_Knife, Swann_Morton_3_Handle, Swann_Morton_10A_Blades,","IPA_100, Olfa_Graphic_Cutter, Olfa_X_Design_Heavy_Duty_Knife, Swann_Morton_3_Handle, Swann_Morton_10A_Blades,","A","","","","","","","","","","","","","","","Doro-Fix-420-19mm","0","doro, fix, doro fix, dorofix, doro 420, 420, fix 420, doro fix 420, doro-fix, doro-fix 420, double sided tape, doro tape, dorotape, tissue tape, double-sided, double-sided tape, decal tape, label tape, badge tape, sign tape, ","","","1546514435","0","","0","","CHECKBOX"
"DF420_025","Doro-Fix 420 :: 25mm x 50m","42025","Doro_Tape","30","4","DEFAULT","","","","","0","A good all round tissue tape for interior use with a high temperature resistance. The excellent level of tack allows adhesion to most substrates making it ideal for use with decals, labels, badges and signs etc.","<html>

<head><title>Doro-Fix 420 : 25mm x 50m</title></head>

<body>

<p>Doro-Fix 420 is a good all round tissue tape for interior use with a high temperature resistance.</p>

<span style=""font-weight: bold; color: #d7328a;"">Structure:</span><br>
<ul><li>100<span>&#181;</span>m White tissue</li>
<li>High performance solvent acrylic adhesive</li>
<li>White PE paper - 110gsm
</li></ul>

<span style=""font-weight: bold; color: #d7328a;"">Suitability:</span><br>
<ul><li>Suitable for indoor and outdoor mounting applications</li>
<li>Ideal for with decals, labels, badges and signs etc</li>
<li>Adheres well to flexible and fibrous surfaces
</li></ul>

<span style=""font-weight: bold; color: #d7328a;"">Advantages:</span><br>
<ul><li>High grab for instant adhesion</li>
<li>100 microns so perfect where a flush finish is required</li>
<li>UV, plasticiser and water resistant</li>
<li>High grade premium PE liner that won't tear when removed</li>
<li>Can be torn by hand
</li></ul>

<span style=""font-weight: bold; color: #d7328a;"">Technical Information:</span><br>
<ul>
<a href=""media/ecom/pdfs/datasheets/Doro-Fix-420.pdf"" target=""_blank""><img style=""border: 0px solid ; width: 200px; height: 60px;"" alt=""Doro-Fix 420 Datasheet""
src=""media/ecom/onpagegraphics/Datasheet.png""></a></ul><br>

<p><b>Prices are per 50m roll</b></p>

</body>

</html>
","420.png","420.png","INVITEMS","DEFAULT-DF420_025-DEFAULT-DF420_025","","","0","0","0","","1","REGONLY","0","0","0","0","","","","SELECT","SELECT","0","","","","","0","0","","income-service","","","0","0","","","","","3285_DF420","3285_DF420","","","0","DB881_025, DB895_025, DF3900_025, DF465_025, DF470_025, IPA_100, Olfa_Graphic_Cutter, Olfa_X_Design_Heavy_Duty_Knife, Swann_Morton_3_Handle, Swann_Morton_10A_Blades,","IPA_100, Olfa_Graphic_Cutter, Olfa_X_Design_Heavy_Duty_Knife, Swann_Morton_3_Handle, Swann_Morton_10A_Blades,","A","","","","","","","","","","","","","","","Doro-Fix-420-25mm","0","doro, fix, doro fix, dorofix, doro 420, 420, fix 420, doro fix 420, doro-fix, doro-fix 420, double sided tape, doro tape, dorotape, tissue tape, double-sided, double-sided tape, decal tape, label tape, bade tape, sign tape, ","","","1546514452","0","","0","","CHECKBOX"
"DF420_050","Doro-Fix 420 :: 50mm x 50m","42050","Doro_Tape","40","9","DEFAULT","","","","","0","A good all round tissue tape for interior use with a high temperature resistance. The excellent level of tack allows adhesion to most substrates making it ideal for use with decals, labels, badges and signs etc.","<html>

<head><title>Doro-Fix 420 : 50mm x 50m</title></head>

<body>

<p>Doro-Fix 420 is a good all round tissue tape for interior use with a high temperature resistance.</p>

<span style=""font-weight: bold; color: #d7328a;"">Structure:</span><br>
<ul><li>100<span>&#181;</span>m White tissue</li>
<li>High performance solvent acrylic adhesive</li>
<li>White PE paper - 110gsm
</li></ul>

<span style=""font-weight: bold; color: #d7328a;"">Suitability:</span><br>
<ul><li>Suitable for indoor and outdoor mounting applications</li>
<li>Ideal for with decals, labels, badges and signs etc</li>
<li>Adheres well to flexible and fibrous surfaces
</li></ul>

<span style=""font-weight: bold; color: #d7328a;"">Advantages:</span><br>
<ul><li>High grab for instant adhesion</li>
<li>100 microns so perfect where a flush finish is required</li>
<li>UV, plasticiser and water resistant</li>
<li>High grade premium PE liner that won't tear when removed</li>
<li>Can be torn by hand
</li></ul>

<span style=""font-weight: bold; color: #d7328a;"">Technical Information:</span><br>
<ul>
<a href=""media/ecom/pdfs/datasheets/Doro-Fix-420.pdf"" target=""_blank""><img style=""border: 0px solid ; width: 200px; height: 60px;"" alt=""Doro-Fix 420 Datasheet""
src=""media/ecom/onpagegraphics/Datasheet.png""></a></ul><br>

<p><b>Prices are per 50m roll</b></p>

</body>

</html>
","420.png","420.png","INVITEMS","DEFAULT-DF420_050-DEFAULT-DF420_050","","","0","0","0","","1","REGONLY","0","0","0","0","","","","SELECT","SELECT","0","","","","","0","0","","income-service","","","0","0","","","","","3285_DF420","3285_DF420","","","0","DB881_025, DB895_025, DF3900_025, DF465_025, DF470_025, IPA_100, Olfa_Graphic_Cutter, Olfa_X_Design_Heavy_Duty_Knife, Swann_Morton_3_Handle, Swann_Morton_10A_Blades,","IPA_100, Olfa_Graphic_Cutter, Olfa_X_Design_Heavy_Duty_Knife, Swann_Morton_3_Handle, Swann_Morton_10A_Blades,","A","","","","","","","","","","","","","","","Doro-Fix-420-50mm","0","doro, fix, doro fix, dorofix, doro 420, 420, fix 420, doro fix 420, doro-fix, doro-fix 420, double sided tape, doro tape, dorotape, tissue tape, double-sided, double-sided tape, decal tape, label tape, bade tape, sign tape, ","","","1703078498","0","","0","","CHECKBOX"
"DF4402_012","Doro-Fix 4402 :: 12mm x 50m","44212","Doro_Tape","10","6","DEFAULT","","","","","0","A removable tape that leaves no residue.
The strong woven fabric carrier is hand
tearable and is used for mounting items to
be engraved or routed as well as on display
and exhibition stands.","<html>

<head><title>Doro-Fix 4402 : 12mm x 50m</title></head>

<body>

<p>Doro-Fix 4402 is a strong fabric based tape that offers clean and easy removal without leaving an adhesive residue</p>

<span style=""font-weight: bold; color: #d7328a;"">Structure:</span><br>
<ul><li>300<span>&#181;</span>m Woven fabric</li>
<li>Solvent acrylic adhesive - Semi-permanent</li>
<li>White silicone paper - 120gsm
</li></ul>

<span style=""font-weight: bold; color: #d7328a;"">Suitability:</span><br>
<ul><li>Suitable for indoor mounting applications</li>
<li>Perfect for mounting items to be engraved or routed</li>
<li>Ideal for fixing carpets and PVC flooring</li>
<li>Suitable for display and exhibition stands
</li></ul>

<span style=""font-weight: bold; color: #d7328a;"">Advantages:</span><br>
<ul><li>The strong woven fabric carrier is hand tearable, however as it's thick, its best to use a knife</li>
<li>Semi-permanent adhesive offers high initial tack and residue free removal</li>
<li>Mostly plasticiser stable, has good resistance to aging and is solvent free
</li></ul>

<span style=""font-weight: bold; color: #d7328a;"">Technical Information:</span><br>
<ul>
<a href=""media/ecom/pdfs/datasheets/Doro-Fix-4402.pdf"" target=""_blank""><img
style=""border: 0px solid ; width: 200px; height: 60px;"" alt=""pdf""
src=""media/ecom/onpagegraphics/Datasheet.png""></a></ul><br>

<p><b>Prices are per 50m roll</b></p>

</body>

</html>
","4402.png","4402.png","INVITEMS","DEFAULT-DF4402_012-DEFAULT-DF4402_012","","","0","0","0","","1","REGONLY","0","0","0","0","","","","SELECT","SELECT","0","","","","","0","0","","income-service","","","0","0","","","","","3305_DF4402","3305_DF4402","","","0","DB881_012, DB895_012, DF3900_012, DF420_012, DF465_012, DF470_012, IPA_100, Olfa_Graphic_Cutter, Olfa_X_Design_Heavy_Duty_Knife, Swann_Morton_3_Handle, Swann_Morton_10A_Blades,","IPA_100, Olfa_Graphic_Cutter, Olfa_X_Design_Heavy_Duty_Knife, Swann_Morton_3_Handle, Swann_Morton_10A_Blades,","A","","","","","","","","","","","","","","","","0","doro, dorofix, doro fix, doro-fix, dorotape, doro tape, doro-tape, 4402, cloth rape, fabric tape, double sided, double sided tape, double-sided, double-sided tape, removable tape, removable double sided tape, removable double-sided tape, temporary ta","","","1546514369","0","","0","","CHECKBOX"
"DF4402_019","Doro-Fix 4402 :: 19mm x 50m","44219","DEFAULT","20","9","DEFAULT","","","","","0","A removable tape that leaves no residue.
The strong woven fabric carrier is hand
tearable and is used for mounting items to
be engraved or routed as well as on display
and exhibition stands.","<html>

<head><title>Doro-Fix 4402 : 19mm x 50m</title></head>

<body>

<p>Doro-Fix 4402 is a strong fabric based tape that offers clean and easy removal without leaving an adhesive residue</p>

<span style=""font-weight: bold; color: #d7328a;"">Structure:</span><br>
<ul><li>300<span>&#181;</span>m Woven fabric</li>
<li>Solvent acrylic adhesive - Semi-permanent</li>
<li>White silicone paper - 120gsm
</li></ul>

<span style=""font-weight: bold; color: #d7328a;"">Suitability:</span><br>
<ul><li>Suitable for indoor mounting applications</li>
<li>Perfect for mounting items to be engraved or routed</li>
<li>Ideal for fixing carpets and PVC flooring</li>
<li>Suitable for display and exhibition stands
</li></ul>

<span style=""font-weight: bold; color: #d7328a;"">Advantages:</span><br>
<ul><li>The strong woven fabric carrier is hand tearable, however as it's thick, its best to use a knife</li>
<li>Semi-permanent adhesive offers high initial tack and residue free removal</li>
<li>Mostly plasticiser stable, has good resistance to aging and is solvent free
</li></ul>

<span style=""font-weight: bold; color: #d7328a;"">Technical Information:</span><br>
<ul>
<a href=""media/ecom/pdfs/datasheets/Doro-Fix-4402.pdf"" target=""_blank""><img
style=""border: 0px solid ; width: 200px; height: 60px;"" alt=""pdf""
src=""media/ecom/onpagegraphics/Datasheet.png""></a></ul><br>

<p><b>Prices are per 50m roll</b></p>

</body>

</html>
","4402.png","4402.png","INVITEMS","DEFAULT-DF4402_019-DEFAULT-DF4402_019","","","0","0","0","","1","REGONLY","0","0","0","0","","","","SELECT","SELECT","0","","","","","0","0","","income-service","","","0","0","","","","","3305_DF4402","3305_DF4402","","","0","DB881_019, DB895_019, DF3900_019, DF420_019, DF465_019, DF470_019, IPA_100, Olfa_Graphic_Cutter, Olfa_X_Design_Heavy_Duty_Knife, Swann_Morton_3_Handle, Swann_Morton_10A_Blades,","IPA_100, Olfa_Graphic_Cutter, Olfa_X_Design_Heavy_Duty_Knife, Swann_Morton_3_Handle, Swann_Morton_10A_Blades,","A","","","","","","","","","","","","","","","","0","doro, dorofix, doro fix, doro-fix, dorotape, doro tape, doro-tape, 4402, cloth rape, fabric tape, double sided, double sided tape, double-sided, double-sided tape, removable tape, removable double sided tape, removable double-sided tape, temporary ta","","","1546514384","0","","0","","CHECKBOX"
"DF4402_25","Doro-Fix 4402 :: 25mm x 50m","44225","DEFAULT","30","12","DEFAULT","","","","","0","A removable tape that leaves no residue.
The strong woven fabric carrier is hand
tearable and is used for mounting items to
be engraved or routed as well as on display
and exhibition stands.","<html>

<head><title>Doro-Fix 4402 : 25mm x 50m</title></head>

<body>

<p>Doro-Fix 4402 is a strong fabric based tape that offers clean and easy removal without leaving an adhesive residue</p>

<span style=""font-weight: bold; color: #d7328a;"">Structure:</span><br>
<ul><li>300<span>&#181;</span>m Woven fabric</li>
<li>Solvent acrylic adhesive - Semi-permanent</li>
<li>White silicone paper - 120gsm
</li></ul>

<span style=""font-weight: bold; color: #d7328a;"">Suitability:</span><br>
<ul><li>Suitable for indoor mounting applications</li>
<li>Perfect for mounting items to be engraved or routed</li>
<li>Ideal for fixing carpets and PVC flooring</li>
<li>Suitable for display and exhibition stands
</li></ul>

<span style=""font-weight: bold; color: #d7328a;"">Advantages:</span><br>
<ul><li>The strong woven fabric carrier is hand tearable, however as it's thick, its best to use a knife</li>
<li>Semi-permanent adhesive offers high initial tack and residue free removal</li>
<li>Mostly plasticiser stable, has good resistance to aging and is solvent free
</li></ul>

<span style=""font-weight: bold; color: #d7328a;"">Technical Information:</span><br>
<ul>
<a href=""media/ecom/pdfs/datasheets/Doro-Fix-4402.pdf"" target=""_blank""><img
style=""border: 0px solid ; width: 200px; height: 60px;"" alt=""pdf""
src=""media/ecom/onpagegraphics/Datasheet.png""></a></ul><br>

<p><b>Prices are per 50m roll</b></p>

</body>

</html>
","4402.png","4402.png","INVITEMS","DEFAULT-DF4402_25-DEFAULT-DF4402_25","","","0","0","0","","1","REGONLY","0","0","0","0","","","","SELECT","SELECT","0","","","","","0","0","","income-service","","","0","0","","","","","3305_DF4402","3305_DF4402","","","0","DB881_025, DB895_025, DF3900_025, DF420_025, DF465_025, DF470_025, IPA_100, Olfa_Graphic_Cutter, Olfa_X_Design_Heavy_Duty_Knife, Swann_Morton_3_Handle, Swann_Morton_10A_Blades,","IPA_100, Olfa_Graphic_Cutter, Olfa_X_Design_Heavy_Duty_Knife, Swann_Morton_3_Handle, Swann_Morton_10A_Blades,","A","","","","","","","","","","","","","","","","0","doro, dorofix, doro fix, doro-fix, dorotape, doro tape, doro-tape, 4402, cloth tape, fabric tape, double sided, double sided tape, double-sided, double-sided tape, removable tape, removable double sided tape, removable double-sided tape, temporary ta","","","1546514400","0","","0","","CHECKBOX"
"DF4402_50","Doro-Fix 4402 :: 50mm x 50m","44250","Doro_Tape","30","25","DEFAULT","","","","","0","A removable tape that leaves no residue.
The strong woven fabric carrier is hand
tearable and is used for mounting items to
be engraved or routed as well as on display
and exhibition stands.","<html>

<head><title>Doro-Fix 4402 : 50mm x 50m</title></head>

<body>

<p>Doro-Fix 4402 is a strong fabric based tape that offers clean and easy removal without leaving an adhesive residue</p>

<span style=""font-weight: bold; color: #d7328a;"">Structure:</span><br>
<ul><li>300<span>&#181;</span>m Woven fabric</li>
<li>Solvent acrylic adhesive - Semi-permanent</li>
<li>White silicone paper - 120gsm
</li></ul>

<span style=""font-weight: bold; color: #d7328a;"">Suitability:</span><br>
<ul><li>Suitable for indoor mounting applications</li>
<li>Perfect for mounting items to be engraved or routed</li>
<li>Ideal for fixing carpets and PVC flooring</li>
<li>Suitable for display and exhibition stands
</li></ul>

<span style=""font-weight: bold; color: #d7328a;"">Advantages:</span><br>
<ul><li>The strong woven fabric carrier is hand tearable, however as it's thick, its best to use a knife</li>
<li>Semi-permanent adhesive offers high initial tack and residue free removal</li>
<li>Mostly plasticiser stable, has good resistance to aging and is solvent free
</li></ul>

<span style=""font-weight: bold; color: #d7328a;"">Technical Information:</span><br>
<ul>
<a href=""media/ecom/pdfs/datasheets/Doro-Fix-4402.pdf"" target=""_blank""><img
style=""border: 0px solid ; width: 200px; height: 60px;"" alt=""pdf""
src=""media/ecom/onpagegraphics/Datasheet.png""></a></ul><br>

<p><b>Prices are per 50m roll</b></p>

</body>

</html>
","4402.png","4402.png","INVITEMS","DEFAULT-DF4402_50-DEFAULT-DF4402_50","","","0","0","0","","1","REGONLY","0","0","0","0","","","","SELECT","SELECT","0","","","","","0","0","","income-service","","","0","0","","","","","3305_DF4402","3305_DF4402","","","0","DB881_025, DB895_025, DF3900_025, DF420_025, DF465_025, DF470_025, IPA_100, Olfa_Graphic_Cutter, Olfa_X_Design_Heavy_Duty_Knife, Swann_Morton_3_Handle, Swann_Morton_10A_Blades,","IPA_100, Olfa_Graphic_Cutter, Olfa_X_Design_Heavy_Duty_Knife, Swann_Morton_3_Handle, Swann_Morton_10A_Blades,","A","","","","","","","","","","","","","","","","0","doro, dorofix, doro fix, doro-fix, dorotape, doro tape, doro-tape, 4402, cloth rape, fabric tape, double sided, double sided tape, double-sided, double-sided tape, removable tape, removable double sided tape, removable double-sided tape, temporary ta","","","1703179787","0","","0","","CHECKBOX"
"DF465_012","Doro-Fix 465 :: 12mm x 50m","46512","Doro_Tape","10","6","DEFAULT","","","","","0","Doro-Fix 465 is a high-performance multipurpose clear double-sided tape for exterior use. Features a solvent acrylic adhesive, offering a high level of UV and water resistance. The clear polyester carrier gives a high degree of transparency.","<html>

<head><title>Doro-Fix 465 : 12mm x 50m</title></head>

<body>

<p>Doro-Fix 465 is a high-performance multipurpose clear double-sided tape for exterior use.</p>

<span style=""font-weight: bold; color: #d7328a;"">Structure:</span><br>
<ul><li>220<span>&#181;</span>m Transparent mylar tape</li>
<li>High performance solvent acrylic adhesive</li>
<li>Transparent red MOPP liner - 0.08mm
</li></ul>

<span style=""font-weight: bold; color: #d7328a;"">Suitability:</span><br>
<ul><li>Suitable for indoor and outdoor mounting applications</li>
<li>Ideal for signs, nameplates and industrial components and extrusion made of plastics and rubber</li>
<li>Great choice for hemming banners</li>
<li>Alternative to Tesa 4965
</li></ul>

<span style=""font-weight: bold; color: #d7328a;"">Advantages:</span><br>
<ul><li>High grab for instant adhesion</li>
<li>Only 220 micron so perfect where a flush finish is required</li>
<li>UV, plasticiser and water resistant</li>
<li>Clear polyester carrier gives a high degree of transparency</li>
<li>High coat weight means this tape bonds quickly to flat porous and fibrous surfaces</li>
<li>Does not tear or fracture under stress
</li></ul>

<span style=""font-weight: bold; color: #d7328a;"">Technical Information:</span><br>
<ul>
<a href=""media/ecom/pdfs/datasheets/Doro-Fix-465.pdf"" target=""_blank""><img style=""border: 0px solid ; width: 200px; height: 60px;"" alt=""Doro-Fix 465 Datasheet""
src=""media/ecom/onpagegraphics/Datasheet.png""></a></ul><br>

<p><b>Prices are per 50m roll</b></p>

</body>
</html>","465.png","465.png","INVITEMS","DEFAULT-DF465_012-DEFAULT-DF465_012","","","0","0","0","","1","REGONLY","0","0","0","0","","","","SELECT","SELECT","0","","","","","0","0","","income-service","","","0","0","","","","","3225_DF465","3225_DF465","","","0","DB881_012, DB895_012, DF4402_012, DF470_012, IPA_100, Olfa_Graphic_Cutter, Olfa_X_Design_Heavy_Duty_Knife, Swann_Morton_3_Handle, Swann_Morton_10A_Blades,","IPA_100, Olfa_Graphic_Cutter, Olfa_X_Design_Heavy_Duty_Knife, Swann_Morton_3_Handle, Swann_Morton_10A_Blades,","A","","","","","","","","","","","","","","","Doro-Fix-465-12mm","0","Tesa, Tape, 4965, Banner Hemming Tape, Hemming Tape, Banner Tape, fix, 465, double sided tape, double-sided tape, high tack tape, ","","","1499341416","0","","0","","CHECKBOX"
"DF465_019","Doro-Fix 465 :: 19mm x 50m","46519","Doro_Tape","20","9","DEFAULT","","","","","0","Doro-Fix 465 is a high-performance multipurpose clear double-sided tape for exterior use. Features a solvent acrylic adhesive, offering a high level of UV and water resistance. The clear polyester carrier gives a high degree of transparency.","<html>

<head><title>Doro-Fix 465 : 19mm x 50m</title></head>

<body>

<p>Doro-Fix 465 is a high-performance multipurpose clear double-sided tape for exterior use.</p>

<span style=""font-weight: bold; color: #d7328a;"">Structure:</span><br>
<ul><li>220<span>&#181;</span>m Transparent mylar tape</li>
<li>High performance solvent acrylic adhesive</li>
<li>Transparent red MOPP liner - 0.08mm
</li></ul>

<span style=""font-weight: bold; color: #d7328a;"">Suitability:</span><br>
<ul><li>Suitable for indoor and outdoor mounting applications</li>
<li>Ideal for signs, nameplates and industrial components and extrusion made of plastics and rubber</li>
<li>Great choice for hemming banners</li>
<li>Alternative to Tesa 4965
</li></ul>

<span style=""font-weight: bold; color: #d7328a;"">Advantages:</span><br>
<ul><li>High grab for instant adhesion</li>
<li>Only 220 micron so perfect where a flush finish is required</li>
<li>UV, plasticiser and water resistant</li>
<li>Clear polyester carrier gives a high degree of transparency</li>
<li>High coat weight means this tape bonds quickly to flat porous and fibrous surfaces</li>
<li>Does not tear or fracture under stress
</li></ul>

<span style=""font-weight: bold; color: #d7328a;"">Technical Information:</span><br>
<ul>
<a href=""media/ecom/pdfs/datasheets/Doro-Fix-465.pdf"" target=""_blank""><img style=""border: 0px solid ; width: 200px; height: 60px;"" alt=""Doro-Fix 465 Datasheet""
src=""media/ecom/onpagegraphics/Datasheet.png""></a></ul><br>

<p><b>Prices are per 50m roll</b></p>

</body>

</html>","465.png","465.png","INVITEMS","DEFAULT-DF465_019-DEFAULT-DF465_019","","","0","0","0","","1","REGONLY","0","0","0","0","","","","SELECT","SELECT","0","","","","","0","0","","income-service","","","0","0","","","","","3225_DF465","3225_DF465","","","0","DB881_019, DB895_019, DF3900_019, DF420_019, DF4402_019, DF470_019, IPA_100, Olfa_Graphic_Cutter, Olfa_X_Design_Heavy_Duty_Knife, Swann_Morton_3_Handle, Swann_Morton_10A_Blades,","IPA_100, Olfa_Graphic_Cutter, Olfa_X_Design_Heavy_Duty_Knife, Swann_Morton_3_Handle, Swann_Morton_10A_Blades,","A","","","","","","","","","","","","","","","Doro-Fix-465-19mm","0","Tesa, Tape, 4965, Banner Hemming Tape, Hemming Tape, Banner Tape, fix, 465, double sided tape, double-sided tape, high tack tape, ","","","1499341546","0","","0","","CHECKBOX"
"DF465_025","Doro-Fix 465 :: 25mm x 50m","46525","Doro_Tape","30","12","DEFAULT","","","","","0","Doro-Fix 465 is a high-performance multipurpose clear double-sided tape for exterior use. Features a solvent acrylic adhesive, offering a high level of UV and water resistance. The clear polyester carrier gives a high degree of transparency.","<html>

<head><title>Doro-Fix 465 : 25mm x 50m</title></head>

<body>

<p>Doro-Fix 465 is a high-performance multipurpose clear double-sided tape for exterior use.</p>

<span style=""font-weight: bold; color: #d7328a;"">Structure:</span><br>
<ul><li>220<span>&#181;</span>m Transparent mylar tape</li>
<li>High performance solvent acrylic adhesive</li>
<li>Transparent red MOPP liner - 0.08mm
</li></ul>

<span style=""font-weight: bold; color: #d7328a;"">Suitability:</span><br>
<ul><li>Suitable for indoor and outdoor mounting applications</li>
<li>Ideal for signs, nameplates and industrial components and extrusion made of plastics and rubber</li>
<li>Great choice for hemming banners</li>
<li>Alternative to Tesa 4965
</li></ul>

<span style=""font-weight: bold; color: #d7328a;"">Advantages:</span><br>
<ul><li>High grab for instant adhesion</li>
<li>Only 220 micron so perfect where a flush finish is required</li>
<li>UV, plasticiser and water resistant</li>
<li>Clear polyester carrier gives a high degree of transparency</li>
<li>High coat weight means this tape bonds quickly to flat porous and fibrous surfaces</li>
<li>Does not tear or fracture under stress
</li></ul>

<span style=""font-weight: bold; color: #d7328a;"">Technical Information:</span><br>
<ul>
<a href=""media/ecom/pdfs/datasheets/Doro-Fix-465.pdf"" target=""_blank""><img style=""border: 0px solid ; width: 200px; height: 60px;"" alt=""Doro-Fix 465 Datasheet""
src=""media/ecom/onpagegraphics/Datasheet.png""></a></ul><br>

<p><b>Prices are per 50m roll</b></p>

</body>

</html>
","465.png","465.png","INVITEMS","DEFAULT-DF465_025-DEFAULT-DF465_025","","","0","0","0","","1","REGONLY","0","0","0","0","","","","SELECT","SELECT","0","","","","","0","0","","income-service","","","0","0","","","","","3225_DF465","3225_DF465","","","0","DB881_025, DB895_025, DF3900_025, DF420_025, DF470_025, IPA_100, Olfa_Graphic_Cutter, Olfa_X_Design_Heavy_Duty_Knife, Swann_Morton_3_Handle, Swann_Morton_10A_Blades,","IPA_100, Olfa_Graphic_Cutter, Olfa_X_Design_Heavy_Duty_Knife, Swann_Morton_3_Handle, Swann_Morton_10A_Blades,","A","","","","","","","","","","","","","","","Doro-Fix-465-25mm","0","Tesa, Tape, 4965, Banner Hemming Tape, Hemming Tape, Banner Tape, fix, 465, double sided tape, double-sided tape, high tack tape, ","","","1499341564","0","","0","","CHECKBOX"
"DF465_050","Doro-Fix 465 :: 50mm x 50m","46525","Doro_Tape","30","25","DEFAULT","","","","","0","Doro-Fix 465 is a high-performance multipurpose clear double-sided tape for exterior use. Features a solvent acrylic adhesive, offering a high level of UV and water resistance. The clear polyester carrier gives a high degree of transparency.","<html>

<head><title>Doro-Fix 465 : 50mm x 50m</title></head>

<body>

<p>Doro-Fix 465 is a high-performance multipurpose clear double-sided tape for exterior use.</p>

<span style=""font-weight: bold; color: #d7328a;"">Structure:</span><br>
<ul><li>220<span>&#181;</span>m Transparent mylar tape</li>
<li>High performance solvent acrylic adhesive</li>
<li>Transparent red MOPP liner - 0.08mm
</li></ul>

<span style=""font-weight: bold; color: #d7328a;"">Suitability:</span><br>
<ul><li>Suitable for indoor and outdoor mounting applications</li>
<li>Ideal for signs, nameplates and industrial components and extrusion made of plastics and rubber</li>
<li>Great choice for hemming banners</li>
<li>Alternative to Tesa 4965
</li></ul>

<span style=""font-weight: bold; color: #d7328a;"">Advantages:</span><br>
<ul><li>High grab for instant adhesion</li>
<li>Only 220 micron so perfect where a flush finish is required</li>
<li>UV, plasticiser and water resistant</li>
<li>Clear polyester carrier gives a high degree of transparency</li>
<li>High coat weight means this tape bonds quickly to flat porous and fibrous surfaces</li>
<li>Does not tear or fracture under stress
</li></ul>

<span style=""font-weight: bold; color: #d7328a;"">Technical Information:</span><br>
<ul>
<a href=""media/ecom/pdfs/datasheets/Doro-Fix-465.pdf"" target=""_blank""><img style=""border: 0px solid ; width: 200px; height: 60px;"" alt=""Doro-Fix 465 Datasheet""
src=""media/ecom/onpagegraphics/Datasheet.png""></a></ul><br>

<p><b>Prices are per 50m roll</b></p>

</body>
</html>","465.png","465.png","INVITEMS","DEFAULT-DF465_050-DEFAULT-DF465_050","","","0","0","0","","1","REGONLY","0","0","0","0","","","","SELECT","SELECT","0","","","","","0","0","","income-service","","","0","0","","","","","3225_DF465","3225_DF465","","","0","DB881_025, DB895_025, DF3900_025, DF420_025, DF470_025, IPA_100, Olfa_Graphic_Cutter, Olfa_X_Design_Heavy_Duty_Knife, Swann_Morton_3_Handle, Swann_Morton_10A_Blades,","IPA_100, Olfa_Graphic_Cutter, Olfa_X_Design_Heavy_Duty_Knife, Swann_Morton_3_Handle, Swann_Morton_10A_Blades,","A","","","","","","","","","","","","","","","Doro-Fix-465-50mm","0","Tesa, Tape, 4965, Banner Hemming Tape, Hemming Tape, Banner Tape, fix, 465, double sided tape, double-sided tape, high tack tape, ","","","1703085524","0","","0","","CHECKBOX"
"DF470_012","Doro-Fix 470 :: 12mm x 50m","47012","Doro_Tape","10","4","DEFAULT","","","","","0","Doro-Fix 470 is an excellent multipurpose white PVC double-sided tape for exterior use. Like its sister tape, Doro-Fix 465; it has a UV and water resistant acrylic adhesive and is suitable for a wide range of indoor and outdoor signage applications.","<html>

<head><title>Doro-Fix 470 : 12mm x 50m</title></head>

<body>

<p>Doro-Fix 470 is an excellent multipurpose white PVC double-sided tape for exterior use.</p>

<span style=""font-weight: bold; color: #d7328a;"">Structure:</span><br>
<ul><li>210<span>&#181;</span>m White PVC tape</li>
<li>High performance solvent acrylic adhesive</li>
<li>Havana brown glassine paper - 80gsm
</li></ul>

<span style=""font-weight: bold; color: #d7328a;"">Suitability:</span><br>
<ul><li>Suitable for indoor and outdoor mounting applications</li>
<li>Ideal for signs, nameplates and industrial components and extrusion made of plastics and rubber</li>
<li>A popular choice when installing estate agent signs using fluted board</li>
<li>Alternative to Tesa 4970
</li></ul>

<span style=""font-weight: bold; color: #d7328a;"">Advantages:</span><br>
<ul><li>High grab for instant adhesion</li>
<li>Only 210 micron so perfect where a flush finish is required</li>
<li>UV, plasticiser and water resistant</li>
<li>High coat weight means this tape bonds quickly to flat porous and fibrous surfaces</li>
<li>Does not tear or fracture under stress
</li></ul>

<span style=""font-weight: bold; color: #d7328a;"">Technical Information:</span><br>
<ul>
<a href=""media/ecom/pdfs/datasheets/Doro-Fix-470.pdf"" target=""_blank""><img style=""border: 0px solid ; width: 200px; height: 60px;"" alt=""Doro-Fix 470 Datasheet""
src=""media/ecom/onpagegraphics/Datasheet.png""></a></ul><br>

<p><b>Prices are per 50m roll</b></p>

</body>

</html>","470.jpg","470.jpg","INVITEMS","DEFAULT-DF470_012-DEFAULT-DF470_012","","","0","0","0","","1","REGONLY","0","0","0","0","","","","SELECT","SELECT","0","","","","","0","0","","income-service","","","0","0","","","","","3245_DF470","3245_DF470","","","0","DB881_012, DB895_012, DF3900_012, DF420_012, DF4402_012, DF465_012, IPA_100, Olfa_Graphic_Cutter, Olfa_X_Design_Heavy_Duty_Knife, Swann_Morton_3_Handle, Swann_Morton_10A_Blades,","IPA_100, Olfa_Graphic_Cutter, Olfa_X_Design_Heavy_Duty_Knife, Swann_Morton_3_Handle, Swann_Morton_10A_Blades,","A","","","","","","","","","","","","","","","Doro-Fix-470-12mm","0","doro, fix, 470, tesa, 4970, double, sided, double sided, double tape, double sided tape, multi purpose tape, multi-purpose tape, tesa 4970, ","","","1546514027","0","","0","","CHECKBOX"
"DF470_019","Doro-Fix 470 :: 19mm x 50m","47019","Doro_Tape","20","7","DEFAULT","","","","","0","Doro-Fix 470 is an excellent multipurpose white PVC double-sided tape for exterior use. Like its sister tape, Doro-Fix 465; it has a UV and water resistant acrylic adhesive and is suitable for a wide range of indoor and outdoor signage applications.","<html>

<head><title>Doro-Fix 470 : 19mm x 50m</title></head>

<body>

<p>Doro-Fix 470 is an excellent multipurpose white PVC double-sided tape for exterior use.</p>

<span style=""font-weight: bold; color: #d7328a;"">Structure:</span><br>
<ul><li>210<span>&#181;</span>m White PVC tape</li>
<li>High performance solvent acrylic adhesive</li>
<li>Havana brown glassine paper - 80gsm
</li></ul>

<span style=""font-weight: bold; color: #d7328a;"">Suitability:</span><br>
<ul><li>Suitable for indoor and outdoor mounting applications</li>
<li>Ideal for signs, nameplates and industrial components and extrusion made of plastics and rubber</li>
<li>A popular choice when installing estate agent signs using fluted board</li>
<li>Alternative to Tesa 4970
</li></ul>

<span style=""font-weight: bold; color: #d7328a;"">Advantages:</span><br>
<ul><li>High grab for instant adhesion</li>
<li>Only 210 micron so perfect where a flush finish is required</li>
<li>UV, plasticiser and water resistant</li>
<li>High coat weight means this tape bonds quickly to flat porous and fibrous surfaces</li>
<li>Does not tear or fracture under stress
</li></ul>

<span style=""font-weight: bold; color: #d7328a;"">Technical Information:</span><br>
<ul>
<a href=""media/ecom/pdfs/datasheets/Doro-Fix-470.pdf"" target=""_blank""><img style=""border: 0px solid ; width: 200px; height: 60px;"" alt=""Doro-Fix 470 Datasheet""
src=""media/ecom/onpagegraphics/Datasheet.png""></a></ul><br>

<p><b>Prices are per 50m roll</b></p>

</body>

</html>","470.jpg","470.jpg","INVITEMS","DEFAULT-DF470_019-DEFAULT-DF470_019","","","0","0","0","","1","REGONLY","0","0","0","0","","","","SELECT","SELECT","0","","","","","0","0","","income-service","","","0","0","","","","","3245_DF470","3245_DF470","","","0","DB881_019, DB895_019, DF3900_019, DF420_019, DF4402_019, DF465_019, IPA_100, Olfa_Graphic_Cutter, Olfa_X_Design_Heavy_Duty_Knife, Swann_Morton_3_Handle, Swann_Morton_10A_Blades,","IPA_100, Olfa_Graphic_Cutter, Olfa_X_Design_Heavy_Duty_Knife, Swann_Morton_3_Handle, Swann_Morton_10A_Blades,","A","","","","","","","","","","","","","","","Doro-Fix-470-19mm","0","doro, fix, 470, tesa, 4970, double, sided, double sided, double tape, double sided tape, multi purpose tape, multi-purpose tape, tesa 4970, ","","","1546514060","0","","0","","CHECKBOX"
"DF470_025","Doro-Fix 470 :: 25mm x 50m","47025","Doro_Tape","30","9","DEFAULT","","","","","0","Doro-Fix 470 is an excellent multipurpose white PVC double-sided tape for exterior use. Like its sister tape, Doro-Fix 465; it has a UV and water resistant acrylic adhesive and is suitable for a wide range of indoor and outdoor signage applications.","<html>

<head><title>Doro-Fix 470 : 25mm x 50m</title></head>

<body>

<p>Doro-Fix 470 is an excellent multipurpose white PVC double-sided tape for exterior use.</p>

<span style=""font-weight: bold; color: #d7328a;"">Structure:</span><br>
<ul><li>210<span>&#181;</span>m White PVC tape</li>
<li>High performance solvent acrylic adhesive</li>
<li>Havana brown glassine paper - 80gsm
</li></ul>

<span style=""font-weight: bold; color: #d7328a;"">Suitability:</span><br>
<ul><li>Suitable for indoor and outdoor mounting applications</li>
<li>Ideal for signs, nameplates and industrial components and extrusion made of plastics and rubber</li>
<li>A popular choice when installing estate agent signs using fluted board</li>
<li>Alternative to Tesa 4970
</li></ul>

<span style=""font-weight: bold; color: #d7328a;"">Advantages:</span><br>
<ul><li>High grab for instant adhesion</li>
<li>Only 210 micron so perfect where a flush finish is required</li>
<li>UV, plasticiser and water resistant</li>
<li>High coat weight means this tape bonds quickly to flat porous and fibrous surfaces</li>
<li>Does not tear or fracture under stress
</li></ul>

<span style=""font-weight: bold; color: #d7328a;"">Technical Information:</span><br>
<ul>
<a href=""media/ecom/pdfs/datasheets/Doro-Fix-470.pdf"" target=""_blank""><img style=""border: 0px solid ; width: 200px; height: 60px;"" alt=""Doro-Fix 470 Datasheet""
src=""media/ecom/onpagegraphics/Datasheet.png""></a></ul><br>

<p><b>Prices are per 50m roll</b></p>

</body>

</html>","470.jpg","470.jpg","INVITEMS","DEFAULT-DF470_025-DEFAULT-DF470_025","","","0","0","0","","1","REGONLY","0","0","0","0","","","","SELECT","SELECT","0","","","","","0","0","","income-service","","","0","0","","","","","3245_DF470","3245_DF470","","","0","DB881_025, DB895_025, DF3900_025, DF420_025, DF465_025, IPA_100, Olfa_Graphic_Cutter, Olfa_X_Design_Heavy_Duty_Knife, Swann_Morton_3_Handle, Swann_Morton_10A_Blades,","IPA_100, Olfa_Graphic_Cutter, Olfa_X_Design_Heavy_Duty_Knife, Swann_Morton_3_Handle, Swann_Morton_10A_Blades,","A","","","","","","","","","","","","","","","Doro-Fix-470-25mm","0","doro, fix, 470, tesa, 4970, double, sided, double sided, double tape, double sided tape, multi purpose tape, multi-purpose tape, tesa 4970, ","","","1546514082","0","","0","","CHECKBOX"
"DF470_050","Doro-Fix 470 :: 50mm x 50m","47050","Doro_Tape","30","19","DEFAULT","","","","","0","Doro-Fix 470 is an excellent multipurpose white PVC double-sided tape for exterior use. Like its sister tape, Doro-Fix 465; it has a UV and water resistant acrylic adhesive and is suitable for a wide range of indoor and outdoor signage applications.","<html>

<head><title>Doro-Fix 470 : 50mm x 50m</title></head>

<body>

<p>Doro-Fix 470 is an excellent multipurpose white PVC double-sided tape for exterior use.</p>

<span style=""font-weight: bold; color: #d7328a;"">Structure:</span><br>
<ul><li>210<span>&#181;</span>m White PVC tape</li>
<li>High performance solvent acrylic adhesive</li>
<li>Havana brown glassine paper - 80gsm
</li></ul>

<span style=""font-weight: bold; color: #d7328a;"">Suitability:</span><br>
<ul><li>Suitable for indoor and outdoor mounting applications</li>
<li>Ideal for signs, nameplates and industrial components and extrusion made of plastics and rubber</li>
<li>A popular choice when installing estate agent signs using fluted board</li>
<li>Alternative to Tesa 4970
</li></ul>

<span style=""font-weight: bold; color: #d7328a;"">Advantages:</span><br>
<ul><li>High grab for instant adhesion</li>
<li>Only 210 micron so perfect where a flush finish is required</li>
<li>UV, plasticiser and water resistant</li>
<li>High coat weight means this tape bonds quickly to flat porous and fibrous surfaces</li>
<li>Does not tear or fracture under stress
</li></ul>

<span style=""font-weight: bold; color: #d7328a;"">Technical Information:</span><br>
<ul>
<a href=""media/ecom/pdfs/datasheets/Doro-Fix-470.pdf"" target=""_blank""><img style=""border: 0px solid ; width: 200px; height: 60px;"" alt=""Doro-Fix 470 Datasheet""
src=""media/ecom/onpagegraphics/Datasheet.png""></a></ul><br>

<p><b>Prices are per 50m roll</b></p>

</body>

</html>","470.jpg","470.jpg","INVITEMS","DEFAULT-DF470_050-DEFAULT-DF470_050","","","0","0","0","","1","REGONLY","0","0","0","0","","","","SELECT","SELECT","0","","","","","0","0","","income-service","","","0","0","","","","","3245_DF470","3245_DF470","","","0","DB881_025, DB895_025, DF3900_025, DF420_025, DF465_025, IPA_100, Olfa_Graphic_Cutter, Olfa_X_Design_Heavy_Duty_Knife, Swann_Morton_3_Handle, Swann_Morton_10A_Blades,","IPA_100, Olfa_Graphic_Cutter, Olfa_X_Design_Heavy_Duty_Knife, Swann_Morton_3_Handle, Swann_Morton_10A_Blades,","A","","","","","","","","","","","","","","","Doro-Fix-470-50mm","0","doro, fix, 470, tesa, 4970, double, sided, double sided, double tape, double sided tape, multi purpose tape, multi-purpose tape, tesa 4970, ","","","1703088666","0","","0","","CHECKBOX"
"DFL09G","ASLAN DFL09G High Tack DryApply","DFL09G","Aslan","50","284","DEFAULT","","","","","0","ASLAN DFL09G white gloss polymeric vinyl has a high tack air release grey adhesive specifically designed for use on smooth, low surface energy surfaces such as polypropylene. As well as for us onto apolar surfaces, the high tack adhesive makes it perfect for long term signage and wall graphics. Featuring a grey Dryapply adhesive, this material aids in bubble free adhesion to low energy surfaces, whilst also featuring high levels of opacity. Prices shown are per roll.","<html>

<head><title>ASLAN DFL09G High Tack</title></head>
<body><img style=""height: 53px; width: 250px;"" alt=""Aslan logo""
src=""media/ecom/onpagegraphics/ASLAN_Logo_New.jpg""><br><br>

<p>ASLAN DFL09G High Tack white gloss polymeric vinyl has a high tack air release grey adhesive specifically designed for use on smooth, low surface energy surfaces such as polypropylene. </p>

<span style=""font-weight: bold; color: #d7328a;"">Structure:</span><br>
<ul><li>75<span>&#181;</span> White gloss polymeric PVC</li>
<li>Water based, grey acrylic adhesive (solvent free) - Permanent with extra strong adhesion</li>
<li>Two sided PE coated siliconised paper liner - 135g/m<sup>2</sup>
</li></ul>

<span style=""font-weight: bold; color: #d7328a;"">Suitability:</span><br>
<ul>
<li>Apolar low surface energy surfaces such as polypropylene which are normally hard to stick to</li>
<li>Perfect for long term signage, stickers, industrial labels and wall graphics</li>
<li>Dry apply bubble free adhesive for easy applications</li>
<li>Grey adhesive for high opacity</li>
<li>Up to 7 years durability (unprinted)</li>
<li>Dry apply only.</li></ul>

<span style=""font-weight: bold; color: #d7328a;"">Advantages:</span><br>
<ul><li>Extra high levels of adhesion to apolar and absorbent surfaces</li>
<li>High quality liner provides excellent flatness when printing</li>
<li>Repositionable during application ensures the perfect finish every time</li>
<li>Suitable for indoor and outdoor applications
</li><br>
<img style=""border: 0px solid ; width: 50px; height: 50px; alt=""reward points logo""
src=""media/ecom/onpagegraphics/Reward_Logo.png""><span style=""font-weight: bold; color: #ef7d00;"">Earn Reward Points every time you buy this product</span></ul>

<span style=""font-weight: bold; color: #d7328a;"">Ink Compatibility:</span><br>
<ul>
<img style=""margin: 0px 5px 0px 0px; width: 15px; height: 25px;"" alt=""Eco-Sol Ink""
src=""media/ecom/onpagegraphics/Ink-EcoSol.png"">Eco-solvent &nbsp;&nbsp;
<img style=""margin: 0px 5px 0px 0px; width: 15px; height: 25px;"" alt=""Latex""
src=""media/ecom/onpagegraphics/Ink-Latex.png"">Latex &nbsp;&nbsp;
<img style=""margin: 0px 5px 0px 0px; width: 15px; height: 25px;"" alt=""UV Ink""
src=""media/ecom/onpagegraphics/Ink-UV.png"">UV</ul>

<span style=""font-weight: bold; color: #d7328a;"">Technical Information:</span><br>
<ul>
<a href=""media/ecom/pdfs/datasheets/TDS_ASLAN_DFL_09G_EN.pdf"" target=""_blank""><img
style=""border: 0px solid ; width: 200px; height: 60px;"" alt=""ASLAN DFL09G Datasheet""
src=""media/ecom/onpagegraphics/Datasheet.png""></a>
<a href=""media/ecom/pdfs/firecertificates/Classification_Report_ASLAN_HiTack.pdf"" target=""_blank""><img
style=""border: 0px solid ; width: 200px; height: 60px;"" alt=""Aslan DFL09G Fire Certificate""
src=""media/ecom/onpagegraphics/Fire.png""></a>
<a href=""https://www.dorotape.co.uk/Print-Profiles-User-Guide""
target=""_blank""><img style=""width: 200px; height: 60px;"" alt=""printing profile guide""
src=""media/ecom/onpagegraphics/Profile.png""></a></ul>

<p style=""font-weight: bold; font-size: 1.0em;"">Prices shown are per roll at 1370mm wide</p>
</body>

</html>","ASLAN_DFP09G.jpg","ASLAN_DFP09G.jpg, ASLAN_DFP09G_b.jpg, ","INVITEMS","DEFAULT-DFL09G-DEFAULT-DFL09G","","","0","0","0","","1","REGONLY","0","0","0","0","","","","SELECT","SELECT","0","","","","","0","0","","income-service","","","0","0","","","","","Digital_Vinyl_Long_Term","Digital_Vinyl_Long_Term, High_Tack_Digital_Print_Vinyl","","","0","ASLAN-SL05, ASLAN-SL99, Aslan_Red_Devil_Squeegee,","Aslan_Red_Devil_Squeegee, Aslan-Gold-Soft-Squeegee, Olfa-MXP-AL-Metal-Heavy-Duty-Knife, Olfa_Comfort_Grip_Knife, Olfa_Graphic_Cutter, Olfa_Heavy_Duty_Knife, Olfa_Pro_Knife, Olfa_X_Design_Heavy_Duty_Knife","A","superuser","ADHESIVE_HIGH_TACK, ADHESIVE_PERMANENT","GRADE_POLYMERIC","SUITABILITY_CURVED, SUITABILITY_OUTDOOR_LONG","","","","","","","","","","","ASLAN-DFL09G","0","aslan, high tack, hightack, hi!tack, hi! tack, aslan dfl09, dfl09, dfl09g, aslan dfl09g, aslan hi! tack, aslan hi!tack, high tack vinyl, high tack adhesive, high tack grey adhesive, hi!tack grey adhesive, hi! tack grey adhesive, air flow, air release","","","1742913982","0","","0","","CHECKBOX"
"DFP04","ASLAN DFP04 Monster Tack Matt","DFP04","Aslan","61","285","DEFAULT","","","","","0","ASLAN DFP04 Monster Tack Matt is a white matt polymeric vinyl with an amazing new adhesive formula, which is highly resistant to solvent vapours and lubricating oils.  Perfect for use on really difficult surfaces such as construction and agricultural vehicles, plywood, and powder coated surfaces as well as items that are likely to be contaminated with oils such as petrol pumps etc. DFP04 Monster Tack Matt can also be applied in temperatures as low as -10. Prices shown are per roll.","<html>

<head><title>ASLAN DFP04</title></head>
<body><img style=""height: 53px; width: 250px;"" alt=""Aslan logo""
src=""media/ecom/onpagegraphics/ASLAN_Logo_New.jpg""><br><br>

<p>ASLAN DFP04 Monster Tack Matt is a white matt 70 micron polymeric vinyl with an amazing new adhesive formula, which is highly resistant to solvent vapours and lubricating oils.</p>

<span style=""font-weight: bold; color: #d7328a;"">Structure:</span><br>
<ul><li>70<span>&#181;</span>m White matt polymeric PVC</li>
<li>Water based acrylic adhesive (solvent free) - Permanent with extra strong adhesion</li>
<li>Two sided PE coated kraft paper liner - 144g/m<sup>2</sup>
</li></ul>

<span style=""font-weight: bold; color: #d7328a;"">Suitability:</span><br>
<ul>
<li>Apolar low surface energy surfaces such as polypropylene which are normally hard to stick to</li>
<li>Perfect for use on really difficult surfaces such as construction and agricultural vehicles as well as industrial machinery</li>
<li>No problem when applying to plywood and powder coated surfaces as well as items that are likely to be contaminated with oils such as petrol pumps etc</li>
<li>The high initial grab of the adhesive also makes it suitable for use on galvanised steel and ABS plastics</li>
<li>Perfect for high octane sports vehicles such as Motocross and jet skis</li>
<li>Highly flexible film ideal for rough textured surfaces</li>
<li>Can also be applied in temperatures as low as -10<sup>o</sup>C</li>
<li>Up to 7 years durability (unprinted)</li></ul>

<span style=""font-weight: bold; color: #d7328a;"">Advantages:</span><br>
<ul><li>Solvent and oil resistant adhesive</li>
<li>High quality liner provides excellent flatness when printing</li>
<li>Solvent free adhesive</li>
<li>Classified to salt spray test ISO 9227:2017
</li><br>
<img style=""border: 0px solid ; width: 50px; height: 50px; alt=""reward points logo""
src=""media/ecom/onpagegraphics/Reward_Logo.png""><span style=""font-weight: bold; color: #ef7d00;"">Earn Reward Points every time you buy this product</span></ul>

<span style=""font-weight: bold; color: #d7328a;"">Ink Compatibility:</span><br>
<ul>
<img style=""margin: 0px 5px 0px 0px; width: 15px; height: 25px;"" alt=""Eco-Sol Ink""
src=""media/ecom/onpagegraphics/Ink-EcoSol.png"">Eco-solvent &nbsp;&nbsp;
<img style=""margin: 0px 5px 0px 0px; width: 15px; height: 25px;"" alt=""Latex""
src=""media/ecom/onpagegraphics/Ink-Latex.png"">Latex &nbsp;&nbsp;
<img style=""margin: 0px 5px 0px 0px; width: 15px; height: 25px;"" alt=""UV Ink""
src=""media/ecom/onpagegraphics/Ink-UV.png"">UV</ul>

<span style=""font-weight: bold; color: #d7328a;"">Technical Information:</span><br>
<ul>
<a href=""media/ecom/pdfs/datasheets/MonsterTack_Matt_ASLAN_DFP_04_EN.pdf"" target=""_blank""><img
style=""border: 0px solid ; width: 200px; height: 60px;"" alt=""Aslan DFP05 Datasheet""
src=""media/ecom/onpagegraphics/Datasheet.png""></a>
<a href=""https://www.dorotape.co.uk/Print-Profiles-User-Guide""
target=""_blank""><img style=""width: 200px; height: 60px;"" alt=""printing profile guide""
src=""media/ecom/onpagegraphics/Profile.png""></a>
<a href=""media/ecom/pdfs/applicationguidelines/ASLAN_DFP05_Application_Plywood.pdf"" target=""_blank""><img
style=""border: 0px solid ; width: 200px; height: 60px;"" alt=""ASLAN DFP05 Application Plywood""
src=""media/ecom/onpagegraphics/Hand.png""></a></ul>

<p style=""font-weight: bold; font-size: 1.0em;"">Prices shown are per roll at 1220mm wide</p>
</body>

</html>

","ASLAN_DFP04.webp","ASLAN_DFP04.webp, ASLAN_DFP04_A.webp","INVITEMS","DEFAULT-DFP04-DEFAULT-DFP04","","","0","0","0","","1","REGONLY","0","0","0","0","","","","SELECT","SELECT","0","","","","","0","0","","income-service","","","0","0","FEAT1","","","","Digital_Vinyl_Long_Term","Digital_Vinyl_Long_Term, High_Tack_Digital_Print_Vinyl","","","0","ASLAN-SL99, ASLAN-SL05, Aslan_Red_Devil_Squeegee, Olfa_X_Design_Heavy_Duty_Knife, Lint-Free-Gloves, Masking_Tape_25mm, Aslan-Gold-Soft-Squeegee, Olfa_Graphic_Cutter, Swann_Morton_3_Handle, Swann_Morton_10A_Blades, Aslan_Squeegee,","Aslan_Red_Devil_Squeegee, Olfa_X_Design_Heavy_Duty_Knife, Lint-Free-Gloves, Masking_Tape_25mm, Aslan-Gold-Soft-Squeegee, Olfa_Graphic_Cutter, Swann_Morton_3_Handle, Swann_Morton_10A_Blades, Aslan_Squeegee,","A","admin, superuser","ADHESIVE_HIGH_TACK, ADHESIVE_PERMANENT","GRADE_POLYMERIC","SUITABILITY_CURVED, SUITABILITY_OUTDOOR_LONG","","","","","","","","","","","ASLAN-Monster-Tack-DFP04","0","aslan, dfp, high tack, ultra tack, monster, monstertack, monster tack, matt, dfp04, dfp 04







xerox,d-jet 100,












































","","","1770726298","0","","0","","CHECKBOX"
"DFP05","ASLAN DFP05 Monster Tack","DFP05","Aslan","60","284","DEFAULT","","","","","0","ASLAN DFP05 Monster Tack is a white gloss polymeric vinyl with an amazing new adhesive formula, which is highly resistant to solvent vapours and lubricating oils.  Perfect for use on really difficult surfaces such as construction and agricultural vehicles, plywood, and powder coated surfaces as well as items that are likely to be contaminated with oils such as petrol pumps etc. DFP05 Monster Tack can also be applied in temperatures as low as -10. Fire Rated to Euroclass DIN EN 13501-1:2018 with classification B-s1-d0. Prices shown are per roll.","<html>

<head><title>ASLAN DFP05</title></head>
<body><img style=""height: 53px; width: 250px;"" alt=""Aslan logo""
src=""media/ecom/onpagegraphics/ASLAN_Logo_New.jpg""><br><br>

<p>ASLAN DFP05 Monster Tack is a white gloss 70 micron polymeric vinyl with an amazing new adhesive formula, which is highly resistant to solvent vapours and lubricating oils.</p>

<span style=""font-weight: bold; color: #d7328a;"">Structure:</span><br>
<ul><li>70<span>&#181;</span>m White gloss polymeric PVC</li>
<li>Water based acrylic adhesive (solvent free) - Permanent with extra strong adhesion</li>
<li>Two sided PE coated kraft paper liner - 144g/m<sup>2</sup>
</li></ul>

<span style=""font-weight: bold; color: #d7328a;"">Suitability:</span><br>
<ul>
<li>Apolar low surface energy surfaces such as polypropylene which are normally hard to stick to</li>
<li>Perfect for use on really difficult surfaces such as construction and agricultural vehicles as well as industrial machinery</li>
<li>No problem when applying to plywood and powder coated surfaces as well as items that are likely to be contaminated with oils such as petrol pumps etc</li>
<li>The high initial grab of the adhesive also makes it suitable for use on galvanised steel and ABS plastics</li>
<li>Perfect for high octane sports vehicles such as Motocross and jet skis</li>
<li>Highly flexible film ideal for rough textured surfaces</li>
<li>Can also be applied in temperatures as low as -10<sup>o</sup>C</li>
<li>Match it with <a href=""https://www.dorotape.co.uk/Item/ASLAN-SL05"" target=""_blank""><font color=""#d7328a"">ASLAN SL05 Monster Lam</font></a> laminate with an ultra high tack adhesive for ultimate heavy duty durability</li>
<li>Up to 7 years durability (unprinted)</li></ul>

<span style=""font-weight: bold; color: #d7328a;"">Advantages:</span><br>
<ul><li>Solvent and oil resistant adhesive</li>
<li>High quality liner provides excellent flatness when printing</li>
<li>Solvent free adhesive</li>
<li>Fire Rated to Euroclass DIN EN 13501-1:2018 with classification B-s1-d0</li>
<li>Classified to salt spray test ISO 9227:2017
</li><br>
<img style=""border: 0px solid ; width: 50px; height: 50px; alt=""reward points logo""
src=""media/ecom/onpagegraphics/Reward_Logo.png""><span style=""font-weight: bold; color: #ef7d00;"">Earn Reward Points every time you buy this product</span></ul>

<span style=""font-weight: bold; color: #d7328a;"">Ink Compatibility:</span><br>
<ul>
<img style=""margin: 0px 5px 0px 0px; width: 15px; height: 25px;"" alt=""Eco-Sol Ink""
src=""media/ecom/onpagegraphics/Ink-EcoSol.png"">Eco-solvent &nbsp;&nbsp;
<img style=""margin: 0px 5px 0px 0px; width: 15px; height: 25px;"" alt=""Latex""
src=""media/ecom/onpagegraphics/Ink-Latex.png"">Latex &nbsp;&nbsp;
<img style=""margin: 0px 5px 0px 0px; width: 15px; height: 25px;"" alt=""UV Ink""
src=""media/ecom/onpagegraphics/Ink-UV.png"">UV</ul>

<span style=""font-weight: bold; color: #d7328a;"">Technical Information:</span><br>
<ul>
<a href=""media/ecom/pdfs/datasheets/MonsterTack_ASLAN_DFP_05_e.pdf"" target=""_blank""><img
style=""border: 0px solid ; width: 200px; height: 60px;"" alt=""Aslan DFP05 Datasheet""
src=""media/ecom/onpagegraphics/Datasheet.png""></a>
<a href=""media/ecom/pdfs/firecertificates/Classification Report MonsterTack ASLAN DFP 05_EN 13501-1.pdf"" target=""_blank""><img
style=""border: 0px solid ; width: 200px; height: 60px;"" alt=""Aslan DFP05 Fire Certificate""
src=""media/ecom/onpagegraphics/Fire.png""></a>
<a href=""https://www.dorotape.co.uk/Print-Profiles-User-Guide""
target=""_blank""><img style=""width: 200px; height: 60px;"" alt=""printing profile guide""
src=""media/ecom/onpagegraphics/Profile.png""></a>
<a href=""media/ecom/pdfs/applicationguidelines/ASLAN_DFP05_Application_Plywood.pdf"" target=""_blank""><img
style=""border: 0px solid ; width: 200px; height: 60px;"" alt=""ASLAN DFP05 Application Plywood""
src=""media/ecom/onpagegraphics/Hand.png""></a></ul>

<p style=""font-weight: bold; font-size: 1.0em;"">Prices shown are per roll at 1220mm wide</p>
</body>

</html>

","DFP_05.jpg","DFP_05.jpg","INVITEMS","DEFAULT-DFP05-DEFAULT-DFP05","","","0","0","0","","1","REGONLY","0","0","0","0","","","","SELECT","SELECT","0","","","","","0","0","","income-service","","","0","0","FEAT1","","","","Digital_Vinyl_Long_Term","Digital_Vinyl_Long_Term, High_Tack_Digital_Print_Vinyl","","","0","ASLAN-SL99, ASLAN-SL05, Aslan_Red_Devil_Squeegee, Olfa_X_Design_Heavy_Duty_Knife, Lint-Free-Gloves, Masking_Tape_25mm, Aslan-Gold-Soft-Squeegee, Olfa_Graphic_Cutter, Swann_Morton_3_Handle, Swann_Morton_10A_Blades, Aslan_Squeegee,","Aslan_Red_Devil_Squeegee, Olfa_X_Design_Heavy_Duty_Knife, Lint-Free-Gloves, Masking_Tape_25mm, Aslan-Gold-Soft-Squeegee, Olfa_Graphic_Cutter, Swann_Morton_3_Handle, Swann_Morton_10A_Blades, Aslan_Squeegee,","A","superuser","ADHESIVE_HIGH_TACK, ADHESIVE_PERMANENT","GRADE_POLYMERIC","SUITABILITY_CURVED, SUITABILITY_OUTDOOR_LONG","","","","","","","","","","","ASLAN-Monster-Tack-DFP05","0","aslan, dfp, dfp05, high tack, ultra tack, monster, monstertack, monster tack







xerox,d-jet 100,












































","","","1660662350","0","","0","","CHECKBOX"
"DFP06","ASLAN DFP06 UltraTack Gloss Transparent","DFP06","Aslan","53","284","DEFAULT","","","","","0","ASLAN DFP06 Transparent polymeric vinyl has an UltraTack adhesive specifically designed for use on low surface energy surfaces such as polypropylene. As well as for us onto apolar surfaces, the ultra high tack adhesive and high initial grab also makes it suitable for use on galvanised steel and it offers the perfect solution for those jobs where a normal vinyl has a problem adhering adequately. Fire Rated to Euroclass DIN EN 13501-1:2018 with classification B-s1-d0. Prices shown are per roll.","<html>

<head><title>ASLAN DFP06</title></head>
<body><img style=""height: 53px; width: 250px;"" alt=""Aslan logo""
src=""media/ecom/onpagegraphics/ASLAN_Logo_New.jpg""><br><br>

<p>ASLAN DFP06 Gloss Transparent polymeric vinyl has an UltraTack adhesive specifically designed for use on low surface energy surfaces such as polypropylene.</p>

<a><img style=""border: 0px solid ; width: 75px; height: 75px; float: right;"" alt=""EN71-3""
src=""media/ecom/onpagegraphics/EN71-3.png""></a>

<span style=""font-weight: bold; color: #d7328a;"">Structure:</span><br>
<ul><li>75<span>&#181;</span>m Transparent gloss polymeric PVC</li>
<li>Water based acrylic adhesive (solvent free) - Permanent with extra strong adhesion</li>
<li>Two sided PE coated kraft paper liner - 144g/m<sup>2</sup>
</li></ul>

<span style=""font-weight: bold; color: #d7328a;"">Suitability:</span><br>
<ul>
<li>Apolar low surface energy surfaces such as polypropylene which are normally hard to stick to</li>
<li>Perfect for long term signage, stickers, industrial labels and wall graphics</li>
<li>The high initial grab of the adhesive also makes it suitable for use on galvanised steel</li>
<li>Also, perfect for making domed labels and trophy centres</li>
<li>Excellent initial adhesion on cold surfaces and can be applied from 5<sup>o</sup>C</li>
<li>Up to 7 years durability (unprinted)</li></ul>

<span style=""font-weight: bold; color: #d7328a;"">Advantages:</span><br>
<ul><li>Extra high levels of adhesion to apolar and absorbent surfaces</li>
<li>High quality liner provides excellent flatness when printing</li>
<li>Fire Rated to Euroclass DIN EN 13501-1:2018 with classification B-s1-d0</li>
<li>Classified to the standard for toy safety DIN EN 71-3
</li><br>
<img style=""border: 0px solid ; width: 50px; height: 50px; alt=""reward points logo""
src=""media/ecom/onpagegraphics/Reward_Logo.png""><span style=""font-weight: bold; color: #ef7d00;"">Earn Reward Points every time you buy this product</span></ul>

<span style=""font-weight: bold; color: #d7328a;"">Ink Compatibility:</span><br>
<ul>
<img style=""margin: 0px 5px 0px 0px; width: 15px; height: 25px;"" alt=""Eco-Sol Ink""
src=""media/ecom/onpagegraphics/Ink-EcoSol.png"">Eco-solvent &nbsp;&nbsp;
<img style=""margin: 0px 5px 0px 0px; width: 15px; height: 25px;"" alt=""Latex""
src=""media/ecom/onpagegraphics/Ink-Latex.png"">Latex &nbsp;&nbsp;
<img style=""margin: 0px 5px 0px 0px; width: 15px; height: 25px;"" alt=""UV Ink""
src=""media/ecom/onpagegraphics/Ink-UV.png"">UV</ul>

<span style=""font-weight: bold; color: #d7328a;"">Technical Information:</span><br>
<ul>
<a href=""media/ecom/pdfs/datasheets/UltraTack_transparent_ASLAN_DFP06_e.pdf"" target=""_blank""><img
style=""border: 0px solid ; width: 200px; height: 60px;"" alt=""Aslan DFP06 Datasheet""
src=""media/ecom/onpagegraphics/Datasheet.png""></a>
<a href=""media/ecom/pdfs/firecertificates/Classification_Report_ASLAN_UltraTack.pdf"" target=""_blank""><img
style=""border: 0px solid ; width: 200px; height: 60px;"" alt=""Aslan DFP06 Fire Certificate""
src=""media/ecom/onpagegraphics/Fire.png""></a>
<a href=""https://www.dorotape.co.uk/Print-Profiles-User-Guide""
target=""_blank""><img style=""width: 200px; height: 60px;"" alt=""printing profile guide""
src=""media/ecom/onpagegraphics/Profile.png""></a></ul>

<p style=""font-weight: bold; font-size: 1.0em;"">Prices shown are per roll at 1370mm wide</p>
</body>

</html>



","ASLAN_UltraTack_ASLAN_DFP06.jpg","ASLAN_UltraTack_ASLAN_DFP06.jpg, Trophies.jpg","INVITEMS","DEFAULT-DFP06-DEFAULT-DFP06","","","0","0","0","","1","REGONLY","0","0","0","0","","","","SELECT","SELECT","0","","","","","0","0","","income-service","","","0","0","","","https://www.youtube.com/embed/wtZzRSdsLa8","","Digital_Vinyl_Long_Term","Digital_Vinyl_Long_Term, High_Tack_Digital_Print_Vinyl","","","0","ASLAN-SL99, ASLAN-SL05, Aslan_Red_Devil_Squeegee, Olfa_X_Design_Heavy_Duty_Knife, Lint-Free-Gloves, Masking_Tape_25mm, Aslan-Gold-Soft-Squeegee, Olfa_Graphic_Cutter, Swann_Morton_3_Handle, Swann_Morton_10A_Blades, Aslan_Squeegee,","Aslan_Red_Devil_Squeegee, Olfa_X_Design_Heavy_Duty_Knife, Lint-Free-Gloves, Masking_Tape_25mm, Aslan-Gold-Soft-Squeegee, Olfa_Graphic_Cutter, Swann_Morton_3_Handle, Swann_Morton_10A_Blades, Aslan_Squeegee,","A","superuser","ADHESIVE_HIGH_TACK, ADHESIVE_PERMANENT","GRADE_POLYMERIC","SUITABILITY_CURVED, SUITABILITY_OUTDOOR_LONG","","","","","","","","","","","ASLAN-UltraTack-DFP06","0","aslan, dfp, dfp06, high tack, ultra tack, ultratack







xerox,d-jet 100,












































","","","1660652368","0","","0","","CHECKBOX"
"DFP07","ASLAN DFP07 UltraTack","DFP07","Aslan","50","284","DEFAULT","","","","","0","ASLAN DFP07 white gloss polymeric vinyl has an UltraTack adhesive specifically designed for use on low surface energy surfaces such as polypropylene. As well as for us onto apolar surfaces, the ultra high tack adhesive makes it perfect for long term signage and wall graphics. As the DFP07 has a high initial grab it is also suitable for use on galvanised steel and it offers the perfect solution for those jobs where a normal vinyl has a problem adhering adequately. Fire Rated to Euroclass DIN EN 13501-1:2018 with classification B-s1-d0. Available with clear or grey adhesive. Prices shown are per roll.","<html> 

<head><title>ASLAN DFP07</title></head>
<body><img style=""height: 53px; width: 250px;"" alt=""Aslan logo""
src=""media/ecom/onpagegraphics/ASLAN_Logo_New.jpg""><br><br>

<p>ASLAN DFP07 white gloss polymeric vinyl has an UltraTack adhesive specifically designed for use on low surface energy surfaces such as polypropylene.</p>

<a><img style=""border: 0px solid ; width: 75px; height: 75px; float: right;"" alt=""EN71-3""
src=""media/ecom/onpagegraphics/EN71-3.png""></a>

<span style=""font-weight: bold; color: #d7328a;"">Structure:</span><br>
<ul><li>75<span>&#181;</span>m White gloss polymeric PVC</li>
<li>Water based acrylic adhesive (solvent free) - Permanent with extra strong adhesion</li>
<li>Two sided PE coated kraft paper liner - 144g/m<sup>2</sup>
</li></ul>

<span style=""font-weight: bold; color: #d7328a;"">Suitability:</span><br>
<ul>
<li>Apolar low surface energy surfaces such as polypropylene which are normally hard to stick to</li>
<li>Perfect for long term signage, stickers, industrial labels and wall graphics</li>
<li>The high initial grab of the adhesive also makes it suitable for use on galvanised steel</li>
<li>Also, perfect for making domed labels and trophy centres</li>
<li>Excellent initial adhesion on cold surfaces and can be applied from 5<sup>o</sup>C</li>
<li>Up to 7 years durability (unprinted)</li></ul>

<span style=""font-weight: bold; color: #d7328a;"">Advantages:</span><br>
<ul><li>Extra high levels of adhesion to apolar and absorbent surfaces</li>
<li>High quality liner provides excellent flatness when printing</li>
<li>Available with clear or grey adhesive</li>
<li>Fire Rated to Euroclass DIN EN 13501-1:2018 with classification B-s1-d0</li>
<li>Classified to the standard for toy safety DIN EN 71-3
</li><br>
<img style=""border: 0px solid ; width: 50px; height: 50px; alt=""reward points logo""
src=""media/ecom/onpagegraphics/Reward_Logo.png""><span style=""font-weight: bold; color: #ef7d00;"">Earn Reward Points every time you buy this product</span></ul>

<span style=""font-weight: bold; color: #d7328a;"">Ink Compatibility:</span><br>
<ul>
<img style=""margin: 0px 5px 0px 0px; width: 15px; height: 25px;"" alt=""Eco-Sol Ink""
src=""media/ecom/onpagegraphics/Ink-EcoSol.png"">Eco-solvent &nbsp;&nbsp;
<img style=""margin: 0px 5px 0px 0px; width: 15px; height: 25px;"" alt=""Latex""
src=""media/ecom/onpagegraphics/Ink-Latex.png"">Latex &nbsp;&nbsp;
<img style=""margin: 0px 5px 0px 0px; width: 15px; height: 25px;"" alt=""UV Ink""
src=""media/ecom/onpagegraphics/Ink-UV.png"">UV</ul>

<span style=""font-weight: bold; color: #d7328a;"">Technical Information:</span><br>
<ul>
<a href=""media/ecom/pdfs/datasheets/UltaTack_ASLAN_DFP07_e.pdf"" target=""_blank""><img
style=""border: 0px solid ; width: 200px; height: 60px;"" alt=""Aslan DFP07 Datasheet""
src=""media/ecom/onpagegraphics/Datasheet.png""></a>
<a href=""media/ecom/pdfs/firecertificates/Classification_Report_ASLAN_UltraTack.pdf"" target=""_blank""><img
style=""border: 0px solid ; width: 200px; height: 60px;"" alt=""Aslan DFP07 Fire Certificate""
src=""media/ecom/onpagegraphics/Fire.png""></a>
<a href=""https://www.dorotape.co.uk/Print-Profiles-User-Guide""
target=""_blank""><img style=""width: 200px; height: 60px;"" alt=""printing profile guide""
src=""media/ecom/onpagegraphics/Profile.png""></a></ul>

<p style=""font-weight: bold; font-size: 1.0em;"">Prices shown are per roll at 1370mm wide</p>
</body>

</html>



","DFP07.jpg","DFP07.jpg, Domes2.jpg, Trophies.jpg","INVITEMS","DEFAULT-DFP07-DEFAULT-DFP07","","","0","0","0","","1","REGONLY","0","0","0","0","","","","SELECT","SELECT","0","","","","","0","0","","income-service","","","0","0","","","https://www.youtube.com/embed/wtZzRSdsLa8","","Digital_Vinyl_Long_Term","Digital_Vinyl_Long_Term, High_Tack_Digital_Print_Vinyl","","","0","ASLAN-SL99, ASLAN-SL05, Aslan_Red_Devil_Squeegee, Olfa_X_Design_Heavy_Duty_Knife, Lint-Free-Gloves, Masking_Tape_25mm, Aslan-Gold-Soft-Squeegee, Olfa_Graphic_Cutter, Swann_Morton_3_Handle, Swann_Morton_10A_Blades, Aslan_Squeegee,","Aslan_Red_Devil_Squeegee, Olfa_X_Design_Heavy_Duty_Knife, Lint-Free-Gloves, Masking_Tape_25mm, Aslan-Gold-Soft-Squeegee, Olfa_Graphic_Cutter, Swann_Morton_3_Handle, Swann_Morton_10A_Blades, Aslan_Squeegee,","A","superuser","ADHESIVE_HIGH_TACK, ADHESIVE_PERMANENT","GRADE_POLYMERIC","SUITABILITY_CURVED, SUITABILITY_OUTDOOR_LONG","","","","","","","","","","","ASLAN-UltraTack-DFP07","0","aslan, dfp, dfp07, high tack, ultratack, ultra tack







xerox,d-jet 100,












































","","","1489747607","0","","0","","CHECKBOX"
"DFP08","ASLAN DFP08 UltraTack Matt","DFP08","Aslan","52","284","DEFAULT","","","","","0","ASLAN DFP08 white matt polymeric vinyl has an UltraTack adhesive specifically designed for use as a wall covering (grey adhesive version is similar to Mactac WW300) or on low surface energy surfaces such as polypropylene. As well as for use onto apolar surfaces, the ultra high tack adhesive and high initial grab also makes it suitable for use on galvanised steel and it offers the perfect solution for those jobs where a normal vinyl has a problem adhering adequately. Fire Rated to Euroclass DIN EN 13501-1:2018 with classification B-s1-d0. Available in 10m rolls.","<html>

<head><title>ASLAN DFP08</title></head>
<body><img style=""height: 53px; width: 250px;"" alt=""Aslan logo""
src=""media/ecom/onpagegraphics/ASLAN_Logo_New.jpg""><br><br>

<p>ASLAN DFP08 white matt polymeric vinyl has an UltraTack adhesive specifically designed for use on low surface energy surfaces such as polypropylene.</p>

<p>Also ideal as a wall covering (grey adhesive version is similar to Mactac WW300).</p>

<span style=""font-weight: bold; color: #d7328a;"">Structure:</span><br>
<ul><li>75<span>&#181;</span>m White matt polymeric PVC</li>
<li>Water based acrylic adhesive (solvent free) - Permanent with extra strong adhesion</li>
<li>Two sided PE coated kraft paper liner - 144g/m<sup>2</sup>
</li></ul>

<span style=""font-weight: bold; color: #d7328a;"">Suitability:</span><br>
<ul>
<li>Apolar low surface energy surfaces such as polypropylene which are normally hard to stick to</li>
<li>Perfect for long term signage, stickers, industrial labels and wall graphics</li>
<li>The high initial grab of the adhesive also makes it suitable for use on galvanised steel</li>
<li>Also, perfect for making domed labels and trophy centres</li>
<li>Excellent initial adhesion on cold surfaces and can be applied from 5<sup>o</sup>C</li>
<li>Also ideal as a wall covering (grey adhesive version is similar to Mactac WW300)</li>
<li>Up to 7 years durability (unprinted)</li></ul>

<span style=""font-weight: bold; color: #d7328a;"">Advantages:</span><br>
<ul><li>Extra high levels of adhesion to apolar and absorbent surfaces</li>
<li>High quality liner provides excellent flatness when printing</li>
<li>Available with clear or grey adhesive</li>
<li>Fire Rated to Euroclass DIN EN 13501-1:2018 with classification B-s1-d0
</li><br>
<img style=""border: 0px solid ; width: 50px; height: 50px; alt=""reward points logo""
src=""media/ecom/onpagegraphics/Reward_Logo.png""><span style=""font-weight: bold; color: #ef7d00;"">Earn Reward Points every time you buy this product</span></ul>


<span style=""font-weight: bold; color: #d7328a;"">Ink Compatibility:</span><br>
<ul>
<img style=""margin: 0px 5px 0px 0px; width: 15px; height: 25px;"" alt=""Eco-Sol Ink""
src=""media/ecom/onpagegraphics/Ink-EcoSol.png"">Eco-solvent &nbsp;&nbsp;
<img style=""margin: 0px 5px 0px 0px; width: 15px; height: 25px;"" alt=""Latex""
src=""media/ecom/onpagegraphics/Ink-Latex.png"">Latex &nbsp;&nbsp;
<img style=""margin: 0px 5px 0px 0px; width: 15px; height: 25px;"" alt=""UV Ink""
src=""media/ecom/onpagegraphics/Ink-UV.png"">UV</ul>


<span style=""font-weight: bold; color: #d7328a;"">Technical Information:</span><br>
<ul>
<a href=""media/ecom/pdfs/datasheets/UltraTack_matt_ASLAN_DFP08_e.pdf"" target=""_blank""><img
style=""border: 0px solid ; width: 200px; height: 60px;"" alt=""Aslan DFP08 Datasheet""
src=""media/ecom/onpagegraphics/Datasheet.png""></a>
<a href=""media/ecom/pdfs/firecertificates/Classification_Report_ASLAN_UltraTack.pdf"" target=""_blank""><img
style=""border: 0px solid ; width: 200px; height: 60px;"" alt=""Aslan DFP08 Fire Certificate""
src=""media/ecom/onpagegraphics/Fire.png""></a>
<a href=""https://www.dorotape.co.uk/Print-Profiles-User-Guide""
target=""_blank""><img style=""width: 200px; height: 60px;"" alt=""printing profile guide""
src=""media/ecom/onpagegraphics/Profile.png""></a></ul>

<p style=""font-weight: bold; font-size: 1.0em;"">Prices shown are per roll at 1370mm wide</p>
</body>

</html>


","Ultra_Tack_ASLAN_DFP_08.jpg","Ultra_Tack_ASLAN_DFP_08.jpg, Domes2.jpg, Trophies.jpg","INVITEMS","DEFAULT-DFP08-DEFAULT-DFP08","","","0","0","0","","1","REGONLY","0","0","0","0","","","","SELECT","SELECT","0","","","","","0","0","","income-service","","","0","0","","","https://www.youtube.com/embed/wtZzRSdsLa8","","Digital_Vinyl_Long_Term","Digital_Vinyl_Long_Term, High_Tack_Digital_Print_Vinyl, Digital-Print-Wall-Graphic-Films","","","0","ASLAN-SL99, ASLAN-SL05, Aslan_Red_Devil_Squeegee, Olfa_X_Design_Heavy_Duty_Knife, Lint-Free-Gloves, Masking_Tape_25mm, Aslan-Gold-Soft-Squeegee, Olfa_Graphic_Cutter, Swann_Morton_3_Handle, Swann_Morton_10A_Blades, Aslan_Squeegee,","Aslan_Red_Devil_Squeegee, Olfa_X_Design_Heavy_Duty_Knife, Lint-Free-Gloves, Masking_Tape_25mm, Aslan-Gold-Soft-Squeegee, Olfa_Graphic_Cutter, Swann_Morton_3_Handle, Swann_Morton_10A_Blades, Aslan_Squeegee,","A","superuser","ADHESIVE_HIGH_TACK, ADHESIVE_PERMANENT","GRADE_POLYMERIC","SUITABILITY_CURVED, SUITABILITY_OUTDOOR_MEDIUM","","","","","","","","","","","ASLAN-UltraTack-DFP08","0","aslan, dfp, dfp08, high tack, ww300, wall wrap, ultra tack, ultratack, dfp08g







xerox,d-jet 100,












































","","","1660650643","0","","0","","CHECKBOX"
"DFP10","ASLAN DFP10 High Tack Removable","DFP10","Aslan","50","284","DEFAULT","","","","","0","ASLAN DFP10 High Tack Removable white gloss polymeric vinyl has a high tack adhesive specifically designed for applications on challenging surfaces whilst also offering residue free removability. Prices shown are per roll.","<html>

<head><title>ASLAN DFP10 High Tack Removable</title></head>
<body><img style=""height: 53px; width: 250px;"" alt=""Aslan logo""
src=""media/ecom/onpagegraphics/ASLAN_Logo_New.jpg""><br><br>

<p>ASLAN DFP10 High Tack Removable white gloss polymeric vinyl has a high tack adhesive specifically designed for applications on challenging surfaces whilst also offering residue free removability. </p>

<span style=""font-weight: bold; color: #d7328a;"">Structure:</span><br>
<ul><li>75<span>&#181;</span> White gloss polymeric PVC</li>
<li>Water based, grey acrylic adhesive (solvent free) - Permanent with extra strong adhesion</li>
<li>Two sided PE coated siliconised paper liner - 144g/m<sup>2</sup>
</li></ul>

<span style=""font-weight: bold; color: #d7328a;"">Suitability:</span><br>
<ul>
<li>Ideal for apolar low surface energy surfaces such as polypropylene which are normally hard to stick to</li>
<li>Also suitable for textured and powder coated surfaces</li>
<li>Perfect for long term signage, stickers, industrial labels and wall graphics</li>
<li>Removeable from many surfaces without leaving residue</li>
<li>Up to 7 years durability (unprinted)</li>
<li>Dry or wet application</li></ul>

<span style=""font-weight: bold; color: #d7328a;"">Advantages:</span><br>
<ul><li>Extra high levels of adhesion to apolar and absorbent surfaces</li>
<li>High quality liner provides excellent flatness when printing</li>
<li>Repositionable during application ensures the perfect finish every time</li>
<li>Suitable for indoor and outdoor applications</li>
<li>Special adhesive offers high tack adhesion with clean removability
</li><br>
<img style=""border: 0px solid ; width: 50px; height: 50px; alt=""reward points logo""
src=""media/ecom/onpagegraphics/Reward_Logo.png""><span style=""font-weight: bold; color: #ef7d00;"">Earn Reward Points every time you buy this product</span></ul>

<span style=""font-weight: bold; color: #d7328a;"">Ink Compatibility:</span><br>
<ul>
<img style=""margin: 0px 5px 0px 0px; width: 15px; height: 25px;"" alt=""Eco-Sol Ink""
src=""media/ecom/onpagegraphics/Ink-EcoSol.png"">Eco-solvent &nbsp;&nbsp;
<img style=""margin: 0px 5px 0px 0px; width: 15px; height: 25px;"" alt=""Latex""
src=""media/ecom/onpagegraphics/Ink-Latex.png"">Latex &nbsp;&nbsp;
<img style=""margin: 0px 5px 0px 0px; width: 15px; height: 25px;"" alt=""UV Ink""
src=""media/ecom/onpagegraphics/Ink-UV.png"">UV</ul>

<span style=""font-weight: bold; color: #d7328a;"">Technical Information:</span><br>
<ul>
<a href=""media/ecom/pdfs/datasheets/TDS_ASLAN_DFP_10_EN.pdf"" target=""_blank""><img
style=""border: 0px solid ; width: 200px; height: 60px;"" alt=""Aslan DFP10 Datasheet""
src=""media/ecom/onpagegraphics/Datasheet.png""></a>
<a href=""media/ecom/pdfs/firecertificates/Classification_Report_ASLAN_UltraTack.pdf"" target=""_blank""><img
style=""border: 0px solid ; width: 200px; height: 60px;"" alt=""Aslan DFP10 Fire Certificate""
src=""media/ecom/onpagegraphics/Fire.png""></a>
<a href=""https://www.dorotape.co.uk/Print-Profiles-User-Guide""
target=""_blank""><img style=""width: 200px; height: 60px;"" alt=""printing profile guide""
src=""media/ecom/onpagegraphics/Profile.png""></a></ul>

<p style=""font-weight: bold; font-size: 1.0em;"">Prices shown are per roll at 1370mm wide</p>
</body>

</html>","ASLAN_DFP10.jpg","ASLAN_DFP10.jpg","INVITEMS","DEFAULT-DFP10-DEFAULT-DFP10","","","0","0","0","","1","REGONLY","0","0","0","0","","","","SELECT","SELECT","0","","","","","0","0","","income-service","","","0","0","","","https://www.youtube.com/embed/43NngIrzK0w?si=jddL_GeoEbq4Orj7","","Digital_Vinyl_Long_Term","Digital_Vinyl_Long_Term, High_Tack_Digital_Print_Vinyl","","","0","ASLAN-SL99, ASLAN-SL05, Aslan_Red_Devil_Squeegee, Olfa_X_Design_Heavy_Duty_Knife, Lint-Free-Gloves, Masking_Tape_25mm, Aslan-Gold-Soft-Squeegee, Olfa_Graphic_Cutter, Swann_Morton_3_Handle, Swann_Morton_10A_Blades, Aslan_Squeegee,","Aslan_Red_Devil_Squeegee, Olfa_X_Design_Heavy_Duty_Knife, Lint-Free-Gloves, Masking_Tape_25mm, Aslan-Gold-Soft-Squeegee, Olfa_Graphic_Cutter, Swann_Morton_3_Handle, Swann_Morton_10A_Blades, Aslan_Squeegee,","A","superuser","ADHESIVE_HIGH_TACK, ADHESIVE_REMOVABLE","GRADE_POLYMERIC","SUITABILITY_CURVED, SUITABILITY_OUTDOOR_LONG","","","","","","","","","","","ASLAN-HighTack-Removable-DFP10","0","aslan, dfp, dfp10, aslan dfp10, aslan high tack, aslan removeable, removeable adhesive, high tack removeable, aslan high tack removeable, aslan dfp10 hi!tack, hi!tack, hi! tack, high tack, hi!tack removeable, ultra tack removeable, ultra tack removea","","","1742988058","0","","0","","CHECKBOX"
"DFP_33","ASLAN DFP33 Print N Go","DFP33","Aslan","100","155","DEFAULT","","","","","0","ASLAN DFP33 Print n Go is a self-adhesive Matt White digital printing film for short-term indoor floor graphic applications onto smooth floors. The 125 micron thick film is equipped with a structured surface and conforms to the DIN 51130 standard as well as non-slip safety class R9.  Roll Size 1370mm x 25m.  WAS £255.00



","<html><head><title>ASLAN DFP33</title></head>
<body><img style=""height: 53px; width: 250px;"" alt=""Aslan logo""
src=""media/ecom/onpagegraphics/ASLAN_Logo_New.jpg""><br><br>

<p>ASLAN DFP33 Non Slip Floor Graphic Film is a self-adhesive Matt White digital printing film for short-term indoor floor graphic applications onto smooth floors.  No lamination needed.</p>

<span style=""font-weight: bold; color: #d7328a;"">Product Highlights:</span><br>
<ul><li>Printable by Eco-Solvent, Solvent, Latex and UV inks</li>
<li>Generates excellent scratch resistant print images</li>
<li>Non-slip rated to R9 - no lamination required <a href=""https://www.dorotape.co.uk/Slip-Resistance-Ratings"" target=""_blank""><font color=""#d7328a""><b>Learn more about slip ratings</b></font></a></li>
<li>Residue-free removability</li>
<li>Conforms to DIN51130 standard
</ul></li><br>

<span style=""font-weight: bold; color: #d7328a;"">Typical Applications:</span><br>
<ul><li>Perfect for promotional floor graphics in retail environments, hospitality settings and airports</li>
<li>Ideal for temporary internal directional signage onto smooth floors</li>
<li>Removable without leaving any residue after a longer period of time</li>
<li>All in one short term floor graphics solution</ul><br></li>

<span style=""font-weight: bold; color: #d7328a;"">Ink Compatibility:</span>
<ul>
        <img style=""margin: 0 5px 0 0; width: 15px; height: 25px;"" alt=""Eco-Sol Ink"" src=""media/ecom/onpagegraphics/Ink-EcoSol.png""> Eco-solvent&nbsp;&nbsp;
	<img style=""margin: 0px 5px 0px 0px; width: 15px; height: 25px;"" alt=""Latex"" src=""media/ecom/onpagegraphics/Ink-Latex.png"">Latex &nbsp;&nbsp;
        <img style=""margin: 0 5px 0 0; width: 15px; height: 25px;"" alt=""UV Ink"" src=""media/ecom/onpagegraphics/Ink-UV.png""> UV&nbsp;&nbsp; </ul><br>


<span style=""font-weight: bold; color: #d7328a;"">Technical Information:</span><br><br>
<ul><a href=""media/ecom/pdfs/datasheets/ASLAN_DFP33.pdf"" target=""_blank""><img
style=""border: 0px solid ; width: 200px; height: 60px;"" alt=""pdf""
src=""media/ecom/onpagegraphics/Datasheet.png""></a>
<a href=""media/ecom/pdfs/firecertificates/DFP33_B1- Zeugnis_engl.pdf"" target=""_blank""><img
style=""border: 0px solid ; width: 200px; height: 60px;"" alt=""pdf""
src=""media/ecom/onpagegraphics/Fire.png""></a>
<a href=""https://www.dorotape.co.uk/Print-Profiles-User-Guide""
target=""_blank""><img style=""width: 200px; height: 60px;"" alt=""printing profile guide""
src=""media/ecom/onpagegraphics/Profile.png"">
</a></ul>
<br><br>
<p style=""font-weight: bold; font-size: 0.9em;"">Prices shown are per 25 metre roll at 1370mm wide</p>
<h3 style=""color:red;"">Was <del>£255.00</del></h3>
</body></html>","ASLAN_DFP33.jpg","ASLAN_DFP33.jpg","INVITEMS","DEFAULT-DFP_33-DEFAULT-DFP_33","","","0","0","0","","1","REGONLY","0","0","0","0","","","","SELECT","SELECT","0","","","","","0","0","","income-service","","","0","0","","FREESHIPPING","","","Floor_Graphic_Films","Floor_Graphic_Films","","","0","Olfa_X_Design_Heavy_Duty_Knife, Lint-Free-Gloves, Blue_Masking_Tape_25mm, Blue_Masking_Tape_50mm, Olfa_Graphic_Cutter, Swann_Morton_3_Handle, Swann_Morton_10A_Blades, Rollepro, ","Olfa_X_Design_Heavy_Duty_Knife, Lint-Free-Gloves, Blue_Masking_Tape_25mm, Blue_Masking_Tape_50mm, Olfa_Graphic_Cutter, Swann_Morton_3_Handle, Swann_Morton_10A_Blades, Rollepro, ","A","superuser","ADHESIVE_REMOVABLE","FloorVinyl1","SUITABILITY_INDOOR, SUITABILITY_WALL_DECORATION, SUITABILITY_FLOOR_GRAPHICS, SUITABILITY_FLAT","","R9","","","","","","","","","Aslan-DFP33","0","aslan, dfp33, printngo, print n go, floor graphics







xerox,d-jet 100,













































","","","1500397481","0","","0","","CHECKBOX"
"DFP_40","ASLAN DFP40 Gloss White Lifetime Removable Vinyl","DFP40","Aslan","50","27","DEFAULT","","","","","0","ASLAN DFP40 gloss white lifetime removable self adhesive vinyl is specifically designed for interior promotions and wall advertising, allowing the graphics to be re-positioned and removed without leaving an adhesive residue.  This ultra removable vinyl is perfect for use on any smooth or slightly textured surface. Prices are per roll.

","<html>

<head><title>ASLAN DFP40</title></head>
<body>
<img style=""height: 53px; width: 250px;"" alt=""Aslan logo""
src=""media/ecom/onpagegraphics/ASLAN_Logo_New.jpg""><br><br>
<p>ASLAN DFP40 gloss white lifetime removable self adhesive vinyl is specifically designed for interior promotions and wall advertising, allowing the graphics to be re-positioned and removed without leaving an adhesive residue.</p>

<span style=""font-weight: bold; color: #d7328a;"">Structure:</span><br>
<ul><li>80<span>&#181;</span>m White gloss PVC</li>
<li>Special water-based acrylic adhesive (solvent free) - Removable</li>
<li>Two sided PE coated kraft paper liner - 144g/m<sup>2</sup>
</li></ul>

<span style=""font-weight: bold; color: #d7328a;"">Suitability:</span><br>
<ul><li>Temporary advertising on to wallpaper, glass and wood surfaces</li>
<li>Advertising, promotions and events</li>
<li>Suitable for indoor and outdoor applications</li>
<li>Can be applied wet or dry</li></ul>

<span style=""font-weight: bold; color: #d7328a;"">Advantages:</span><br>
<ul><li>Repositionable so can be applied by inexperienced users</li>
<li>Lifetime removal</li>
<li>Residue free removal from most surfaces</li>
<li>High quality liner provides excellent flatness when printing
</li><br>
<img style=""border: 0px solid ; width: 50px; height: 50px; alt=""reward points logo""
src=""media/ecom/onpagegraphics/Reward_Logo.png""><span style=""font-weight: bold; color: #ef7d00;"">Earn Reward Points every time you buy this product</span></ul>

<span style=""font-weight: bold; color: #d7328a;"">Ink Compatibility:</span><br>
<ul>
<img style=""margin: 0px 5px 0px 0px; width: 15px; height: 25px;"" alt=""Eco-Sol Ink""
src=""media/ecom/onpagegraphics/Ink-EcoSol.png"">Eco-solvent &nbsp;&nbsp;
<img style=""margin: 0px 5px 0px 0px; width: 15px; height: 25px;"" alt=""Latex""
src=""media/ecom/onpagegraphics/Ink-Latex.png"">Latex &nbsp;&nbsp;
<img style=""margin: 0px 5px 0px 0px; width: 15px; height: 25px;"" alt=""UV Ink""
src=""media/ecom/onpagegraphics/Ink-UV.png"">UV</ul>

<a href=""https://www.dorotape.co.uk/Article/Easy-On-Easy-Off-No-Residue"" target=""_blank""><img style=""border: 0px solid ; width: 75px; height: 75px;"" alt=""link to our blog""
src=""media/ecom/onpagegraphics/Blog.png"">
<span style=""color:#d7328a""><b>Learn more about ASLAN DFP40 by reading about it in our Blog</b></span></a><br><br>

<span style=""font-weight: bold; color: #d7328a;"">Technical Information:</span><br>
<ul>
<a href=""media/ecom/pdfs/datasheets/LowTackPrint_ASLAN_DFP40_e.pdf"" target=""_blank""><img
style=""border: 0px solid ; width: 200px; height: 60px;"" alt=""Aslan DFP40 Datasheet""
src=""media/ecom/onpagegraphics/Datasheet.png""></a>
<a href=""https://www.dorotape.co.uk/Print-Profiles-User-Guide""
target=""_blank""><img style=""width: 200px; height: 60px;"" alt=""printing profile guide""
src=""media/ecom/onpagegraphics/Profile.png""></a></ul>

<p style=""font-weight: bold; font-size: 1.0em;"">Prices shown are per roll at 1370mm wide</p>
</body>
</html>","ASLAN_DFP40.jpg","ASLAN_DFP40.jpg","INVITEMS","DEFAULT-DFP_40-DEFAULT-DFP_40","","","0","0","0","","1","REGONLY","0","0","0","0","","","","SELECT","SELECT","0","","","","","0","0","","income-service","","","0","0","","","","","Digital_Vinyl_Short_Term","Digital_Vinyl_Short_Term, Low_Tack_Digital_Print_Vinyl, Digital-Print-Wall-Graphic-Films","","","0","CM100C1020, Orajet_3268, Aslan_Red_Devil_Squeegee, Olfa_X_Design_Heavy_Duty_Knife, Lint-Free-Gloves, Masking_Tape_25mm, Aslan-Gold-Soft-Squeegee, Olfa_Graphic_Cutter, Swann_Morton_3_Handle, Swann_Morton_10A_Blades, Aslan_Squeegee,","Aslan_Red_Devil_Squeegee, Olfa_X_Design_Heavy_Duty_Knife, Lint-Free-Gloves, Masking_Tape_25mm, Aslan-Gold-Soft-Squeegee, Olfa_Graphic_Cutter, Swann_Morton_3_Handle, Swann_Morton_10A_Blades, Aslan_Squeegee,","A","superuser","ADHESIVE_REPOSITIONABLE","GRADE_MONOMERIC","SUITABILITY_INDOOR, SUITABILITY_WALL_DECORATION","","","","","","","","","","","ASLAN-DFP40-Lifetime-Removable-Gloss-White-Vinyl","0","aslan, dfp40, ultra removable vinyl, removable, removable vinyl, removable graphics, lifetime, wall graphics







xerox,d-jet 100,













































","","","1489747521","0","","0","","CHECKBOX"
"DFP_41","ASLAN DFP41 Gloss Transparent Lifetime Removable Vinyl","DFP41","Aslan","50","27","DEFAULT","","","","","0","ASLAN DFP41 gloss transparent lifetime removable self adhesive vinyl is specifically designed for interior promotions and wall advertising, allowing the graphics to be re-positioned and removed without leaving an adhesive residue.  This ultra removable vinyl is perfect for use on any smooth or slightly textured surface. Prices are per roll.

","<html> 

<head><title>ASLAN DFP41</title></head>
<body>
<img style=""height: 53px; width: 250px;"" alt=""Aslan logo""
src=""media/ecom/onpagegraphics/ASLAN_Logo_New.jpg""><br><br>

<p>ASLAN DFP41 gloss transparent lifetime removable self adhesive vinyl is specifically designed for interior promotions and wall advertising, allowing the graphics to be re-positioned and removed without leaving an adhesive residue.</p>

<span style=""font-weight: bold; color: #d7328a;"">Structure:</span><br>
<ul><li>80<span>&#181;</span>m Trasparent gloss PVC</li>
<li>Special water-based acrylic adhesive (solvent free) - Removable</li>
<li>Two sided PE coated kraft paper liner - 144g/m<sup>2</sup>
</li></ul>

<span style=""font-weight: bold; color: #d7328a;"">Suitability:</span><br>
<ul><li>Temporary advertising on to wallpaper, glass and wood surfaces</li>
<li>Advertising, promotions and events</li>
<li>Suitable for indoor and outdoor applications</li>
<li>Dry apply only</li>
</ul>

<span style=""font-weight: bold; color: #d7328a;"">Advantages:</span><br>
<ul><li>Repositionable so can be applied by inexperienced users</li>
<li>Lifetime removal</li>
<li>Residue free removal from most surfaces</li>
<li>High quality liner provides excellent flatness when printing
</li><br>
<img style=""border: 0px solid ; width: 50px; height: 50px; alt=""reward points logo""
src=""media/ecom/onpagegraphics/Reward_Logo.png""><span style=""font-weight: bold; color: #ef7d00;"">Earn Reward Points every time you buy this product</span></ul>

<span style=""font-weight: bold; color: #d7328a;"">Ink Compatibility:</span><br>
<ul>
<img style=""margin: 0px 5px 0px 0px; width: 15px; height: 25px;"" alt=""Eco-Sol Ink""
src=""media/ecom/onpagegraphics/Ink-EcoSol.png"">Eco-solvent &nbsp;&nbsp;
<img style=""margin: 0px 5px 0px 0px; width: 15px; height: 25px;"" alt=""Latex""
src=""media/ecom/onpagegraphics/Ink-Latex.png"">Latex &nbsp;&nbsp;
<img style=""margin: 0px 5px 0px 0px; width: 15px; height: 25px;"" alt=""UV Ink""
src=""media/ecom/onpagegraphics/Ink-UV.png"">UV</ul>

<a href=""https://www.dorotape.co.uk/Article/Easy-On-Easy-Off-No-Residue"" target=""_blank""><img style=""border: 0px solid ; width: 75px; height: 75px;"" alt=""link to our blog""
src=""media/ecom/onpagegraphics/Blog.png"">
<span style=""color:#d7328a""><b>Learn more about ASLAN DFP41 by reading about it in our Blog</b></span></a><br><br>

<span style=""font-weight: bold; color: #d7328a;"">Technical Information:</span><br>
<ul>
<a href=""media/ecom/pdfs/datasheets/LowTackPrint_ASLAN_DFP41_e.pdf"" target=""_blank""><img
style=""border: 0px solid ; width: 200px; height: 60px;"" alt=""Aslan DFP41 Datasheet""
src=""media/ecom/onpagegraphics/Datasheet.png""></a>
<a href=""https://www.dorotape.co.uk/Print-Profiles-User-Guide""
target=""_blank""><img style=""width: 200px; height: 60px;"" alt=""printing profile guide""
src=""media/ecom/onpagegraphics/Profile.png""></a></ul>

<p style=""font-weight: bold; font-size: 1.0em;"">Prices shown are per roll at 1370mm wide</p>
</body>

</html> 





","ASLAN_DFP41.jpg","ASLAN_DFP41.jpg","INVITEMS","DEFAULT-DFP_41-DEFAULT-DFP_41","","","0","0","0","","1","REGONLY","0","0","0","0","","","","SELECT","SELECT","0","","","","","0","0","","income-service","","","0","0","","","","","Digital_Vinyl_Short_Term","Digital_Vinyl_Short_Term, Low_Tack_Digital_Print_Vinyl, Digital-Print-Wall-Graphic-Films","","","0","CM100C1020, Orajet_3268, Aslan_Red_Devil_Squeegee, Olfa_X_Design_Heavy_Duty_Knife, Lint-Free-Gloves, Masking_Tape_25mm, Aslan-Gold-Soft-Squeegee, Olfa_Graphic_Cutter, Swann_Morton_3_Handle, Swann_Morton_10A_Blades, Aslan_Squeegee,","Aslan_Red_Devil_Squeegee, Olfa_X_Design_Heavy_Duty_Knife, Lint-Free-Gloves, Masking_Tape_25mm, Aslan-Gold-Soft-Squeegee, Olfa_Graphic_Cutter, Swann_Morton_3_Handle, Swann_Morton_10A_Blades, Aslan_Squeegee,","A","superuser","ADHESIVE_REPOSITIONABLE","GRADE_MONOMERIC","SUITABILITY_INDOOR, SUITABILITY_WALL_DECORATION","","","","","","","","","","","ASLAN-DFP41-Lifetime-Removable-Gloss-Transparent-Vinyl","0","aslan, dfp41, ultra removable vinyl, removable, removable vinyl, removable graphics, lifetime, wall graphics







xerox,d-jet 100,













































","","","1698254513","0","","0","","CHECKBOX"
"DFP_42","ASLAN DFP42 Matt White Lifetime Removable Vinyl","DFP42","Aslan","50","27","DEFAULT","","","","","0","ASLAN DFP42 matt white lifetime removable self adhesive vinyl is specifically designed for interior promotions and wall advertising, allowing the graphics to be re-positioned and removed without leaving an adhesive residue.  This ultra removable vinyl is perfect for use on any smooth or slightly textured surface. Prices are per roll.

","<html>

<head><title>ASLAN DFP42</title></head>
<body>
<img style=""height: 53px; width: 250px;"" alt=""Aslan logo""
src=""media/ecom/onpagegraphics/ASLAN_Logo_New.jpg""><br><br>

<p>ASLAN DFP42 matt white lifetime removable self adhesive vinyl is specifically designed for interior promotions and wall advertising, allowing the graphics to be re-positioned and removed without leaving an adhesive residue.</p>

<span style=""font-weight: bold; color: #d7328a;"">Structure:</span><br>
<ul><li>80<span>&#181;</span>m White matt PVC</li>
<li>Special water-based acrylic adhesive (solvent free) - Removable</li>
<li>Two sided PE coated kraft paper liner - 144g/m<sup>2</sup>
</li></ul>

<span style=""font-weight: bold; color: #d7328a;"">Suitability:</span><br>
<ul><li>Temporary advertising on to wallpaper, glass and wood surfaces</li>
<li>Advertising, promotions and events</li>
<li>Suitable for indoor and outdoor applications</li>
<li>Can be applied wet or dry</li></ul>

<span style=""font-weight: bold; color: #d7328a;"">Advantages:</span><br>
<ul><li>Repositionable so can be applied by inexperienced users</li>
<li>Lifetime removal</li>
<li>Residue free removal from most surfaces</li>
<li>High quality liner provides excellent flatness when printing</li>
<li>Low reflection matt surface</li><br>
<img style=""border: 0px solid ; width: 50px; height: 50px; alt=""reward points logo""
src=""media/ecom/onpagegraphics/Reward_Logo.png""><span style=""font-weight: bold; color: #ef7d00;"">Earn Reward Points every time you buy this product</span></ul>

<span style=""font-weight: bold; color: #d7328a;"">Ink Compatibility:</span><br>
<ul>
<img style=""margin: 0px 5px 0px 0px; width: 15px; height: 25px;"" alt=""Eco-Sol Ink""
src=""media/ecom/onpagegraphics/Ink-EcoSol.png"">Eco-solvent &nbsp;&nbsp;
<img style=""margin: 0px 5px 0px 0px; width: 15px; height: 25px;"" alt=""Latex""
src=""media/ecom/onpagegraphics/Ink-Latex.png"">Latex &nbsp;&nbsp;
<img style=""margin: 0px 5px 0px 0px; width: 15px; height: 25px;"" alt=""UV Ink""
src=""media/ecom/onpagegraphics/Ink-UV.png"">UV</ul>

<a href=""https://www.dorotape.co.uk/Article/Easy-On-Easy-Off-No-Residue"" target=""_blank""><img style=""border: 0px solid ; width: 75px; height: 75px;"" alt=""link to our blog""
src=""media/ecom/onpagegraphics/Blog.png"">
<span style=""color:#d7328a""><b>Learn more about ASLAN DFP42 by reading about it in our Blog</b></span></a><br><br>

<span style=""font-weight: bold; color: #d7328a;"">Technical Information:</span><br>
<ul>
<a href=""media/ecom/pdfs/datasheets/LowTackPrint_ASLAN_DFP42_e.pdf"" target=""_blank""><img
style=""border: 0px solid ; width: 200px; height: 60px;"" alt=""Aslan DFP42 Datasheet""
src=""media/ecom/onpagegraphics/Datasheet.png""></a>
<a href=""https://www.dorotape.co.uk/Print-Profiles-User-Guide""
target=""_blank""><img style=""width: 200px; height: 60px;"" alt=""printing profile guide""
src=""media/ecom/onpagegraphics/Profile.png""></a></ul>

<p style=""font-weight: bold; font-size: 1.0em;"">Prices shown are per roll at 1370mm wide</p>
</body>

</html>





","ASLAN_DFP42.jpg","ASLAN_DFP42.jpg","INVITEMS","DEFAULT-DFP_42-DEFAULT-DFP_42","","","0","0","0","","1","REGONLY","0","0","0","0","","","","SELECT","SELECT","0","","","","","0","0","","income-service","","","0","0","","","","","Digital_Vinyl_Short_Term","Digital_Vinyl_Short_Term, Low_Tack_Digital_Print_Vinyl, Digital-Print-Wall-Graphic-Films","","","0","CM100C1020, Orajet_3268","","A","superuser","ADHESIVE_REPOSITIONABLE","GRADE_MONOMERIC","SUITABILITY_INDOOR, SUITABILITY_WALL_DECORATION","","","","","","","","","","","ASLAN-DFP42-Lifetime-Removable-Matt-White-Vinyl","0","aslan, dfp42, ultra removable vinyl, removable, removable vinyl, removable graphics, lifetime







xerox,d-jet 100,













































","","","1698254613","0","","0","","CHECKBOX"
"DFP_45","ASLAN DFP45 Gloss White Wall Wrap Vinyl","DFP45","Aslan","180","95","DEFAULT","","","","","0","Turn every facade into an effective advertising space with ASLAN DFP45. Designed for promotional use of up to 6 months, DFP45 can be removed easily in one piece without leaving residues. If applied with heat on the entire surface it has an outdoor durability of up to 3 years. Prices shown are per roll.

































","<html>

<head><title>ASLAN DFP45 Wrap The Wall</title>
</head>
<body><img style=""height: 53px; width: 250px;"" alt=""Aslan logo""
src=""media/ecom/onpagegraphics/ASLAN_Logo_New.jpg""><br><br>
<p>Turn every facade into an effective advertising space with ASLAN Wall Wrap DFP45.</p>

<span style=""font-weight: bold; color: #d7328a;"">Structure:</span><br>
<ul><li>80<span>&#181;</span>m White gloss PVC</li>
<li>Special UV cured adhesive (solvent free) - Removable</li>
<li>Two sided PE coated kraft paper liner - 144g/m<sup>2</sup>
</li></ul>

<span style=""font-weight: bold; color: #d7328a;"">Suitability:</span><br>
<ul><li>Equipped with a special weather resistant UV cured adhesive offering a high level of cohesion</li>
<li>Temporary advertising on to exterior walls and other rough surfaces</li>
<li>Designed for advertising, promotions and events of up to 6 months </li>
<li>Suitable for indoor and outdoor applications</li>
<li>Easily removable after use making it an alternative to murals, billboards, signs and banners</li>
<li>If the entire graphic is applied with heat, it has an outdoor durability of up to 3 years</li>
<li>Heat application around the edges is sufficient for short term use</li></ul>

<span style=""font-weight: bold; color: #d7328a;"">Advantages:</span><br>
<ul><li>Can be removed easily in one piece without leaving adhesive residue up to 6 months after application</li>
<li>Easy to handle and quick to apply</li>
<li>High quality liner provides excellent flatness when printing
</li><br>
<img style=""border: 0px solid ; width: 50px; height: 50px; alt=""reward points logo""
src=""media/ecom/onpagegraphics/Reward_Logo.png""><span style=""font-weight: bold; color: #ef7d00;"">Earn Reward Points every time you buy this product</span></ul>

<span style=""font-weight: bold; color: #d7328a;"">Ink Compatibility:</span><br>
<ul>
<img style=""margin: 0px 5px 0px 0px; width: 15px; height: 25px;"" alt=""Eco-Sol Ink""
src=""media/ecom/onpagegraphics/Ink-EcoSol.png"">Eco-solvent &nbsp;&nbsp;
<img style=""margin: 0px 5px 0px 0px; width: 15px; height: 25px;"" alt=""Latex""
src=""media/ecom/onpagegraphics/Ink-Latex.png"">Latex &nbsp;&nbsp;
<img style=""margin: 0px 5px 0px 0px; width: 15px; height: 25px;"" alt=""UV Ink""
src=""media/ecom/onpagegraphics/Ink-UV.png"">UV</ul>

<span style=""font-weight: bold; color: #d7328a;"">Technical Information:</span><br>
<ul>
<a href=""media/ecom/pdfs/datasheets/WrapTheHouse_ASLAN_DFP45_e.pdf"" target=""_blank""><img
style=""border: 0px solid ; width: 200px; height: 60px;"" alt=""ASLAN DFP45 datasheet""
src=""media/ecom/onpagegraphics/Datasheet.png""></a>
<a href=""https://www.dorotape.co.uk/Print-Profiles-User-Guide""
target=""_blank""><img style=""width: 200px; height: 60px;"" alt=""printing profile guide""
src=""media/ecom/onpagegraphics/Profile.png""></a></ul>

<p style=""font-weight: bold; font-size: 1.0em;"">Prices shown are per roll at 1370mm wide</p>
</body>

</html>
","ASLAN_DFP45.jpg","ASLAN_DFP45.jpg, ASLAN_DFP45_Building.jpg","INVITEMS","DEFAULT-DFP_45-DEFAULT-DFP_45","","","0","0","0","","1","REGONLY","0","0","0","0","","","","SELECT","SELECT","0","","","","","0","0","","income-service","","","0","0","","","https://www.youtube.com/embed/5e7WarLLoWk","","Digital_Vinyl_Medium_Term","Digital_Vinyl_Medium_Term, High_Tack_Digital_Print_Vinyl, Digital-Print-Wall-Graphic-Films","","","0","CF128C1250, Olfa_X_Design_Heavy_Duty_Knife, Lint-Free-Gloves, Blue_Masking_Tape_25mm, Blue_Masking_Tape_50mm, Olfa_Graphic_Cutter, Swann_Morton_3_Handle, Swann_Morton_10A_Blades, Rollepro, ","Olfa_X_Design_Heavy_Duty_Knife, Lint-Free-Gloves, Blue_Masking_Tape_25mm, Blue_Masking_Tape_50mm, Olfa_Graphic_Cutter, Swann_Morton_3_Handle, Swann_Morton_10A_Blades, Rollepro, ","A","superuser","ADHESIVE_HIGH_TACK, ADHESIVE_REMOVABLE","GRADE_MONOMERIC","SUITABILITY_OUTDOOR_SHORT, SUITABILITY_WALL_DECORATION","","","","","","","","","","","ASLAN-Wrap-The-Wall-DFP45","0","aslan, dfp45, wall graphic, wall vinyl, outdoor wall graphics, ww300, wall wrap, wall graphics







xerox,d-jet 100,











































","","","1489746073","0","","0","","CHECKBOX"
"DFP_46","ASLAN DFP46 Wrap The Street ","DFP46","Aslan","30","0","DEFAULT","","","","","0","ASLAN DFP46 Outdoor floor graphics vinyl for temporary advertising or marking on outdoor surfaces. Removable after use without any residue. Slip resistant when used with ASLAN MP 326 (slip resistance safety class R9) or ASLAN MP300 (slip resistance safety class R12). Fire Rated to Euroclass DIN EN 13501-1:2018 with classification Bfl-s1 when printed and laminated with MP326 or MP300. Prices shown are per roll.


































","<head><title>Aslan DFP46</title></head>
<body>
<img style=""height: 53px; width: 250px;"" alt=""Aslan logo""
src=""media/ecom/onpagegraphics/ASLAN_Logo_New.jpg""><br><br>

<p>ASLAN DFP46 Outdoor floor graphics vinyl for temporary advertising or marking on outdoor floor surfaces.</p>

<span style=""font-weight: bold; color: #d7328a;"">Structure:</span><br>
<ul><li>80<span>&#181;</span>m White gloss PVC
<li>Special UV cured adhesive (solvent free) - Removable
<li>Two sided PE coated kraft paper liner - 144g/m<sup>2</sup>
</li></ul>

<span style=""font-weight: bold; color: #d7328a;"">Suitability:</span><br>
<ul><li>Short term floor advertising on to asphalt, concrete and paving slabs of minimum 6 months
<li>Trade fairs and exhibitions, sports events, promotions, festivals as well as directional signage and parking areas
<li>Suitable for indoor and outdoor applications
<li>Equipped with a special weather resistant UV cured adhesive offering a high level of cohesion
<li>Easily removable after use without any adhesive residue
</li></ul>

<span style=""font-weight: bold; color: #d7328a;"">Advantages:</span><br>
<ul><li>Residue free removal from most surfaces
<li>High quality liner provides excellent flatness when printing
<li>Slip resistant when used with ASLAN MP 326 (slip resistance safety class R9) or ASLAN MP300 (slip resistance safety class R12)
<li>Fire Rated to Euroclass DIN EN 13501-1:2018 with classification Bfl-s1 when printed and laminated with MP326 or MP300
</li><br>
<img style=""border: 0px solid ; width: 50px; height: 50px; alt=""reward points logo""
src=""media/ecom/onpagegraphics/Reward_Logo.png""><span style=""font-weight: bold; color: #ef7d00;"">Earn Reward Points every time you buy this product</span></ul>

<span style=""font-weight: bold; color: #d7328a;"">Ink Compatibility:</span><br>
<ul>
<img style=""margin: 0px 5px 0px 0px; width: 15px; height: 25px;"" alt=""Eco-Sol Ink""
src=""media/ecom/onpagegraphics/Ink-EcoSol.png"">Eco-solvent &nbsp;&nbsp;
<img style=""margin: 0px 5px 0px 0px; width: 15px; height: 25px;"" alt=""Latex""
src=""media/ecom/onpagegraphics/Ink-Latex.png"">Latex &nbsp;&nbsp;
<img style=""margin: 0px 5px 0px 0px; width: 15px; height: 25px;"" alt=""UV Ink""
src=""media/ecom/onpagegraphics/Ink-UV.png"">UV</ul>


<span style=""font-weight: bold; color: #d7328a;"">Technical Information:</span><br>
<ul>
<a href=""media/ecom/pdfs/datasheets/WrapTheStreet_ASLAN_DFP46_e.pdf"" target=""_blank""><img
style=""border: 0px solid ; width: 200px; height: 60px;"" alt=""Aslan DFP46 Datasheet""
src=""media/ecom/onpagegraphics/Datasheet.png""></a>
<a href=""media/ecom/pdfs/firecertificates/Certificate DIN EN_13501-1_Aslan_Floor_Graphic_Films.pdf"" target=""_blank"">
<img style=""border: 0px solid ; width: 200px; height: 60px;"" alt=""Aslan DFP46 Fire Certificate""
src=""media/ecom/onpagegraphics/Fire.png""></a>
<a href=""https://www.dorotape.co.uk/Print-Profiles-User-Guide""
target=""_blank""><img style=""width: 200px; height: 60px;"" alt=""printing profile guide""
src=""media/ecom/onpagegraphics/Profile.png""></a></ul>

<p><p style=""font-weight: bold; font-size: 1.0em;"">Prices shown are per roll at 1370mm wide</p>
</body>

","Aslan_DFP46.jpg","Aslan_DFP46.jpg","INVITEMS","DEFAULT-DFP_46-DEFAULT-DFP_46","","","0","0","0","","1","REGONLY","0","0","0","0","","","","SELECT","SELECT","0","","","","","0","0","","income-service","","","0","0","","","https://www.youtube.com/embed/xanDU714V6A","","Floor_Graphic_Films","Floor_Graphic_Films, Covid_Kit,","","","0","Aslan-MP300, MP_326, Olfa_X_Design_Heavy_Duty_Knife, Lint-Free-Gloves, Blue_Masking_Tape_25mm, Blue_Masking_Tape_50mm, Olfa_Graphic_Cutter, Swann_Morton_3_Handle, Swann_Morton_10A_Blades, Rollepro, ","Olfa_X_Design_Heavy_Duty_Knife, Lint-Free-Gloves, Blue_Masking_Tape_25mm, Blue_Masking_Tape_50mm, Olfa_Graphic_Cutter, Swann_Morton_3_Handle, Swann_Morton_10A_Blades, Rollepro, Heavy-Duty-Application-Roller, Application_Rollers","A","superuser","ADHESIVE_REMOVABLE","FloorVinyl2","SUITABILITY_FIRE, SUITABILITY_FLOOR_GRAPHICS, SUITABILITY_OUTDOOR_SHORT","","","","","","","","","","","ASLAN-Wrap-The-Street-DFP46","0","aslan, dfp46, floor graphics, floor, floor vinyl, outdoor floor graphics







xerox,d-jet 100,











































","","","1489747964","0","","0","","CHECKBOX"
"DFP_47","ASLAN DFP47 Wrap The Floor","DFP47","Aslan","40","102","DEFAULT","","","","","0","ASLAN DFP47 Floor graphic vinyl has been developed for smooth floors but can also be used on facades like tiles or polished stone. Slip resistant when used with ASLAN MP 326 (slip resistance safety class R9) or ASLAN MP300 (slip resistance safety class R12). ASLAN DFP47 is Fire Rated to Euroclass DIN EN 13501-1:2018 with classification Bfl-s1 when printed and laminated with MP326 or MP300.

































","<html>

<head><title>ASLAN DFP47</title></head>
<body>
<img style=""height: 53px; width: 250px;"" alt=""Aslan logo""
src=""media/ecom/onpagegraphics/ASLAN_Logo_New.jpg""><br><br>

<p>ASLAN DFP47 Floor graphic vinyl has been developed for smooth floors but can also be used on facades like tiles or polished stone.</p>

<span style=""font-weight: bold; color: #d7328a;"">Structure:</span><br>
<ul><li>150<span>&#181;</span>m White gloss PVC / PET composite</li>
<li>Special UV cured adhesive (solvent free) - Removable</li>
<li>Two sided PE coated kraft paper liner - 144g/m<sup>2</sup>
</li></ul>

<span style=""font-weight: bold; color: #d7328a;"">Suitability:</span><br>
<ul><li>Short term floor advertising of minimum 6 months on to smooth stone, polished concrete and tiles</li>
<li>Trade fairs and exhibitions, sports events, promotions, festivals</li>
<li>Directional signage in public spaces and transport hubs</li>
<li>Equipped with a special weather resistant UV cured adhesive offering a high level of cohesion</li>
<li>Suitable for indoor and outdoor applications</li>
<li>Removes in one piece without leaving any adhesive residue</li></ul>

<span style=""font-weight: bold; color: #d7328a;"">Advantages:</span><br>
<ul><li>Residue free removal from most surfaces</li>
<li>High quality liner provides excellent flatness when printing</li>
<li>Slip resistant when used with ASLAN MP 326 (slip resistance safety class R9) or ASLAN MP300 (slip resistance safety class R12)</li>
<li>Fire Rated to Euroclass DIN EN 13501-1:2018 with classification Bfl-s1 when printed and laminated with MP326 or MP300
</li><br>
<img style=""border: 0px solid ; width: 50px; height: 50px; alt=""reward points logo""
src=""media/ecom/onpagegraphics/Reward_Logo.png""><span style=""font-weight: bold; color: #ef7d00;"">Earn Reward Points every time you buy this product</span></ul>

 <span style=""font-weight: bold; color: #d7328a;"">Ink Compatibility:</span><br>
<ul>
<img style=""margin: 0px 5px 0px 0px; width: 15px; height: 25px;"" alt=""Eco-Sol Ink""
src=""media/ecom/onpagegraphics/Ink-EcoSol.png"">Eco-solvent &nbsp;&nbsp;
<img style=""margin: 0px 5px 0px 0px; width: 15px; height: 25px;"" alt=""Latex""
src=""media/ecom/onpagegraphics/Ink-Latex.png"">Latex &nbsp;&nbsp;
<img style=""margin: 0px 5px 0px 0px; width: 15px; height: 25px;"" alt=""UV Ink""
src=""media/ecom/onpagegraphics/Ink-UV.png"">UV</ul>

<span style=""font-weight: bold; color: #d7328a;"">Technical Information:</span><br>
<ul>
<a href=""media/ecom/pdfs/datasheets/WrapTheFloor_ASLAN_DFP47_e.pdf"" target=""_blank""><img
style=""border: 0px solid ; width: 200px; height: 60px;"" alt=""Aslan DFP47 Datasheet""
src=""media/ecom/onpagegraphics/Datasheet.png""></a>
<a href=""media/ecom/pdfs/firecertificates/Certificate DIN EN_13501-1_Aslan_Floor_Graphic_Films.pdf"" target=""_blank"">
<img style=""border: 0px solid ; width: 200px; height: 60px;"" alt=""Aslan DFP47 Fire Certificate""
src=""media/ecom/onpagegraphics/Fire.png""></a>
<a href=""https://www.dorotape.co.uk/Print-Profiles-User-Guide""
target=""_blank""><img style=""width: 200px; height: 60px;"" alt=""printing profile guide""
src=""media/ecom/onpagegraphics/Profile.png""></a></ul>

<p style=""font-weight: bold; font-size: 1.0em;"">Prices shown are per roll at 1370mm wide</p>
</body>

</html>

","Aslan_DFP_47.jpg","Aslan_DFP_47.jpg","INVITEMS","DEFAULT-DFP_47-DEFAULT-DFP_47","","","0","0","0","","1","REGONLY","0","0","0","0","","","","SELECT","SELECT","0","","","","","0","0","","income-service","","","0","0","","","","","Floor_Graphic_Films","Floor_Graphic_Films, Covid_Kit","","","0","Aslan-MP300, MP_326, Aslan_Red_Devil_Squeegee, Olfa_X_Design_Heavy_Duty_Knife, Lint-Free-Gloves, Masking_Tape_25mm, Aslan-Gold-Soft-Squeegee, Olfa_Graphic_Cutter, Swann_Morton_3_Handle, Swann_Morton_10A_Blades, Aslan_Squeegee,","Aslan_Red_Devil_Squeegee, Olfa_X_Design_Heavy_Duty_Knife, Lint-Free-Gloves, Masking_Tape_25mm, Aslan-Gold-Soft-Squeegee, Olfa_Graphic_Cutter, Swann_Morton_3_Handle, Swann_Morton_10A_Blades, Aslan_Squeegee,","A","superuser","ADHESIVE_REMOVABLE","FloorVinyl2","SUITABILITY_FLOOR_GRAPHICS, SUITABILITY_INDOOR, SUITABILITY_FIRE","","","","","","","","","","","ASLAN-Wrap-The-Floor-DFP47","0","aslan, dfp47, floor graphics, floor, floor vinyl







xerox,d-jet 100,












































","","","1489748119","0","","0","","CHECKBOX"
"DFP_49","ASLAN DFP49 Wrap The Carpet","DFP49","Aslan","50","0","DEFAULT","","","","","0","ASLAN DFP49 Floor graphic vinyl has been developed for temporary use on short pile carpets. Slip resistant when used with ASLAN MP 326 (slip resistance safety class R9) or ASLAN MP300 (slip resistance safety class R12). Fire Rated to Euroclass DIN EN 13501-1:2018 with classification Bfl-s1 when printed and laminated with MP326 or MP300.
































","<head><title>Aslan DFP49</title>
</head>
<body>
<img style=""height: 53px; width: 250px;"" alt=""Aslan logo""
src=""media/ecom/onpagegraphics/ASLAN_Logo_New.jpg""><br><br>

<p>ASLAN DFP49 Floor graphic vinyl has been developed for temporary use on short pile carpets.</p>

<span style=""font-weight: bold; color: #d7328a;"">Structure:</span><br>
<ul><li>150<span>&#181;</span>m White gloss PVC / PET composite
<li>Special UV cured adhesive (solvent free) - Removable
<li>Two sided PE coated kraft paper liner - 144g/m<sup>2</sup>
</li></ul>

<span style=""font-weight: bold; color: #d7328a;"">Suitability:</span><br>
<ul><li>Short term floor advertising of minimum 6 months on to short pile carpets and commercial carpet tiles
<li>Exhibitions, events, seminars, hotels and retail advertising
<li>Directional signage in public spaces and transport hubs
<li>Equipped with a special UV cured adhesive offering a high level of cohesion
<li>Suitable for indoor applications
<li>Removes in one piece without leaving any adhesive residue</li></ul>

<span style=""font-weight: bold; color: #d7328a;"">Advantages:</span><br>
<ul><li>Residue free removal from most carpets
<li>High quality liner provides excellent flatness when printing
<li>Slip resistant when used with ASLAN MP 326 (slip resistance safety class R9) or ASLAN MP300 (slip resistance safety class R12)
</li>Fire Rated to Euroclass DIN EN 13501-1:2018 with classification Bfl-s1 when printed and laminated with MP326 or MP300
</li><br>
<img style=""border: 0px solid ; width: 50px; height: 50px; alt=""reward points logo""
src=""media/ecom/onpagegraphics/Reward_Logo.png""><span style=""font-weight: bold; color: #ef7d00;"">Earn Reward Points every time you buy this product</span></ul>


 <span style=""font-weight: bold; color: #d7328a;"">Ink Compatibility:</span><br>
<ul>
<img style=""margin: 0px 5px 0px 0px; width: 15px; height: 25px;"" alt=""Eco-Sol Ink""
src=""media/ecom/onpagegraphics/Ink-EcoSol.png"">Eco-solvent &nbsp;&nbsp;
<img style=""margin: 0px 5px 0px 0px; width: 15px; height: 25px;"" alt=""Sol Ink""
src=""media/ecom/onpagegraphics/Ink-Sol.png"">Solvent &nbsp;&nbsp;
<img style=""margin: 0px 5px 0px 0px; width: 15px; height: 25px;"" alt=""Latex""
src=""media/ecom/onpagegraphics/Ink-Latex.png"">Latex &nbsp;&nbsp;
<img style=""margin: 0px 5px 0px 0px; width: 15px; height: 25px;"" alt=""UV Ink""
src=""media/ecom/onpagegraphics/Ink-UV.png"">UV</ul>

<span style=""font-weight: bold; color: #d7328a;"">Technical Information:</span><br>
<ul>
<a href=""media/ecom/pdfs/datasheets/WrapTheCarpet_ASLAN_DFP49_e .pdf"" target=""_blank""><img
style=""border: 0px solid ; width: 200px; height: 60px;"" alt=""Aslan DFP49 Datasheet""
src=""media/ecom/onpagegraphics/Datasheet.png""></a>
<a href=""media/ecom/pdfs/firecertificates/Certificate DIN EN_13501-1_Aslan_Floor_Graphic_Films.pdf"" target=""_blank"">
<img style=""border: 0px solid ; width: 200px; height: 60px;"" alt=""Aslan DFP49 Fire Certificate""
src=""media/ecom/onpagegraphics/Fire.png""></a>
<a href=""https://www.dorotape.co.uk/Print-Profiles-User-Guide""
target=""_blank""><img style=""width: 200px; height: 60px;"" alt=""printing profile guide""
src=""media/ecom/onpagegraphics/Profile.png""></a></ul>

<p><p style=""font-weight: bold; font-size: 1.0em;"">Prices shown are per roll at 1370mm wide</p>
</body>


","Aslan_DFP_49.jpg","Aslan_DFP_49.jpg","INVITEMS","DEFAULT-DFP_49-DEFAULT-DFP_49","","","0","0","0","","1","REGONLY","0","0","0","0","","","","SELECT","SELECT","0","","","","","0","0","","income-service","","","0","0","","FREESHIPPING","https://www.youtube.com/embed/VjkQoS1YsIQ","","Floor_Graphic_Films","Floor_Graphic_Films, Covid_Kit","","","0","Aslan-MP300, MP_326, Olfa_X_Design_Heavy_Duty_Knife, Lint-Free-Gloves, Blue_Masking_Tape_25mm, Blue_Masking_Tape_50mm, Olfa_Graphic_Cutter, Swann_Morton_3_Handle, Swann_Morton_10A_Blades, Rollepro, Heavy-Duty-Application-Roller, Application_Rollers","Olfa_X_Design_Heavy_Duty_Knife, Lint-Free-Gloves, Blue_Masking_Tape_25mm, Blue_Masking_Tape_50mm, Olfa_Graphic_Cutter, Swann_Morton_3_Handle, Swann_Morton_10A_Blades, Rollepro, Heavy-Duty-Application-Roller, Application_Rollers","A","superuser","ADHESIVE_REMOVABLE","FloorVinyl2","SUITABILITY_FIRE, SUITABILITY_FLOOR_GRAPHICS, SUITABILITY_INDOOR","","","","","","","","","","","ASLAN-Wrap-The-Carpet-DFP49","0","aslan, dfp49, carpet graphic, carpet, carpet vinyl ,carpet graphics, floor graphics







xerox,d-jet 100,













































","","","1489748294","0","","0","","CHECKBOX"
"DGE56D0610","Ritrama PTF Dusted Etch :: 610mm Wide","PTF","Ritrama","70","4","DEFAULT","","","","","0","Ritrama PTF Dusted Etch is a superb translucent material with a solvent acrylic adhesive for creating that sandblast look on windows, office partitions etc. This film gives a uniform appearance onto glass, mirrors and acrylic and is suitable for interior & exterior use. Buy it by the metre.","<html>
<head><title>Ritrama PTF Dusted Etch - 610mm Wide</title>
</head>

<style>
.responsive {
  width: 50%;
  height: auto;
}
</style>
<body>
<img src=""media/ecom/onpagegraphics/Fedrigoni_Logo.jpg"" alt=""Fedrigoni Logo"" class=""responsive"">

<p>Ritrama PTF Dusted Etch offers a whiter, milkier effect than regular etch vinyl. It features a solvent acrylic adhesive for creating that sandblast look on windows, office partitions etc.</p>

<span style=""font-weight: bold; color: #d7328a;"">Structure:</span>
<ul><li>80<span>&#181;</span>m Polymeric translucent PVC</li>
<li>Solvent based acrylic adhesive - Permanent</li>
<li>Siliconised clay coated kraft liner - 135g/m<sup>2</sup>
</li></ul>

<span style=""font-weight: bold; color: #d7328a;"">Suitability:</span>
<ul><li>The solvent based acrylic adhesive makes this range perfect for wet applying to glass, acrylic and mirrors, giving a streak free uniform appearance</li>
<li>Turn an ordinary glass window into high quality corporate identity or trendy graphics with a strikingly modern look</li>
<li>Create sandblasted or frosted appearance on windows and office partitions</li>
<li>Reduces glare and creates a more elegant, modern aesthetic
</li></ul>

<span style=""font-weight: bold; color: #d7328a;"">Advantages:</span>
<ul><li>Up to 5 years outdoor durability</li>
<li>Polymeric grade film and is easy to cad-cut and weed for a professional long lasting finish</li>
<li>Resistant to UV light, seawater, oils, hydrocarbons and gasoline</li>
<li>Fire Rated to Euroclass DIN EN 13501-1:2018 with classification. B-s1-d0</li></ul>

<span style=""font-weight: bold; color: #d7328a;"">Technical Information:</span> <ul>
<p><a href=""media/ecom/pdfs/datasheets/Ritrama_PTA_Etch.pdf"" target=""_blank""><img
style=""border: 0px solid ; width: 200px; height: 60px;"" alt=""pdf""
src=""media/ecom/onpagegraphics/Datasheet.png""></a>
<a href=""media/ecom/pdfs/firecertificates/Statement_Fire Resistance_EN13501_Ri-Mark Etched Glass_B-s1d0_20250908.pdf"" target=""_blank""><img
style=""border: 0px solid ; width: 200px; height: 60px;"" alt=""Ritrama Etch Fire Certifcate""
src=""media/ecom/onpagegraphics/Fire.png""></a>
<a href=""media/ecom/colselxl/Colourcard_RITRAMA_ETCH.pdf"" target=""_blank""><img
style=""border: 0px solid ; width: 200px; height: 60px;"" alt=""pdf""
src=""media/ecom/onpagegraphics/Colour.png""></a></ul>
<a href=https://www.dorotape.co.uk/Article/Glass-Etch-Vinyl target=""_blank""><img style=""border: 0px solid ; width: 50px; height: 50px;"" alt=""link to our blog""
src=""media/ecom/onpagegraphics/Blog.png"">
<span style=""color:#d7328a""><b>Learn more about applying glass etch vinyl wet and dry by reading about it in our Blog</b></span></a></p>

<p style=""font-weight: bold; font-size: 0.9em;"">Prices shown are per linear metre at 610mm wide</p>


</body>
</html>

","PTF.jpg","PTF.jpg","INVITEMS","DEFAULT-DGE56D0610-DEFAULT-DGE56D0610","","","0","0","0","","1","REGONLY","0","0","0","0","","","","SELECT","SELECT","0","","","","","0","0","","income-service","","","0","0","","","https://www.youtube.com/embed/BRLnyKJU_vU","","Dusted_Glass_Etch","Dusted_Glass_Etch, Silver_Glass_Etch","","","0","FCE57_0610, SGE56S0610, Blue_Max, Fusion_5, Olfa_Graphic_Cutter, Olfa_X_Design_Heavy_Duty_Knife, Lint-Free-Gloves, Masking_Tape_25mm, Aslan_Squeegee, Swann_Morton_3_Handle, Swann_Morton_10A_Blades, Float_On, IPA_100, Anti_Static_Cleaner,","Blue_Max, Fusion_5, Olfa_Graphic_Cutter, Olfa_X_Design_Heavy_Duty_Knife, Lint-Free-Gloves, Masking_Tape_25mm, Aslan_Squeegee, Swann_Morton_3_Handle, Swann_Morton_10A_Blades, Float_On, IPA_100, Anti_Static_Cleaner,","A","","","","","","","","","","","","","","","Ritrama-Dusted-Etch-610","0","glass etch, etch glass,etched glass,frosted glass,frosted vinyl,frosted film, etch glass vinyl,etch glass film, PTF

","","","1506701925","0","","0","","CHECKBOX"
"DGE56D1220","Ritrama PTF Dusted Etch :: 1220mm Wide","PTF","Ritrama","80","8","DEFAULT","","","","","0","Ritrama PTF Dusted Etch is a superb translucent material with a solvent acrylic adhesive for creating that sandblast look on windows, office partitions etc. This film gives a uniform appearance onto glass, mirrors and acrylic and is suitable for interior & exterior use. Buy it by the metre.

","<html>
<head><title>Ritrama PTF Dusted Etch - 1220mm Wide</title>
</head>
<style>
.responsive {
  width: 50%;
  height: auto;
}
</style>
<body>
<img src=""media/ecom/onpagegraphics/Fedrigoni_Logo.jpg"" alt=""Fedrigoni Logo"" class=""responsive"">

<p>Ritrama PTF Dusted Etch offers a whiter, milkier effect than regular etch vinyl. It features a solvent acrylic adhesive for creating that sandblast look on windows, office partitions etc.</p>

<span style=""font-weight: bold; color: #d7328a;"">Structure:</span>
<ul><li>80<span>&#181;</span>m Polymeric translucent PVC</li>
<li>Solvent based acrylic adhesive - Permanent</li>
<li>Siliconised clay coated kraft liner - 135g/m<sup>2</sup>
</li></ul>

<span style=""font-weight: bold; color: #d7328a;"">Suitability:</span>
<ul><li>The solvent based acrylic adhesive makes this range perfect for wet applying to glass, acrylic and mirrors, giving a streak free uniform appearance</li>
<li>Turn an ordinary glass window into high quality corporate identity or trendy graphics with a strikingly modern look</li>
<li>Create sandblasted or frosted appearance on windows and office partitions</li>
<li>Reduces glare and creates a more elegant, modern aesthetic
</li></ul>

<span style=""font-weight: bold; color: #d7328a;"">Advantages:</span>
<ul><li>Up to 5 years outdoor durability</li>
<li>Polymeric grade film and is easy to cad-cut and weed for a professional long lasting finish</li>
<li>Resistant to UV light, seawater, oils, hydrocarbons and gasoline</li>
<li>Fire Rated to Euroclass DIN EN 13501-1:2018 with classification. B-s1-d0</li></ul>

<span style=""font-weight: bold; color: #d7328a;"">Technical Information:</span> <ul>
<p><a href=""media/ecom/pdfs/datasheets/Ritrama_PTA_Etch.pdf"" target=""_blank""><img
style=""border: 0px solid ; width: 200px; height: 60px;"" alt=""pdf""
src=""media/ecom/onpagegraphics/Datasheet.png""></a>
<a href=""media/ecom/pdfs/firecertificates/Statement_Fire Resistance_EN13501_Ri-Mark Etched Glass_B-s1d0_20250908.pdf"" target=""_blank""><img
style=""border: 0px solid ; width: 200px; height: 60px;"" alt=""Ritrama Etch Fire Certifcate""
src=""media/ecom/onpagegraphics/Fire.png""></a>
<a href=""media/ecom/colselxl/Colourcard_RITRAMA_ETCH.pdf"" target=""_blank""><img
style=""border: 0px solid ; width: 200px; height: 60px;"" alt=""pdf""
src=""media/ecom/onpagegraphics/Colour.png""></a></ul>
<a href=https://www.dorotape.co.uk/Article/Glass-Etch-Vinyl target=""_blank""><img style=""border: 0px solid ; width: 50px; height: 50px;"" alt=""link to our blog""
src=""media/ecom/onpagegraphics/Blog.png"">
<span style=""color:#d7328a""><b>Learn more about applying glass etch vinyl wet and dry by reading about it in our Blog</b></span></a></p>


<p style=""font-weight: bold; font-size: 0.9em;"">Prices shown are per linear metre at 1220mm wide</p>


</body>
</html>

","PTF.jpg","PTF.jpg","INVITEMS","DEFAULT-DGE56D1220-DEFAULT-DGE56D1220","","","0","0","0","","1","REGONLY","0","0","0","0","","","","SELECT","SELECT","0","","","","","0","0","","income-service","","","0","0","","","https://www.youtube.com/embed/BRLnyKJU_vU","","Dusted_Glass_Etch","Dusted_Glass_Etch, Silver_Glass_Etch","","","0","FCE57_1220, SGE56S1220, Blue_Max, Fusion_5, Olfa_Graphic_Cutter, Olfa_X_Design_Heavy_Duty_Knife, Lint-Free-Gloves, Masking_Tape_25mm, Aslan_Squeegee, Swann_Morton_3_Handle, Swann_Morton_10A_Blades, Float_On, IPA_100, Anti_Static_Cleaner,","Blue_Max, Fusion_5, Olfa_Graphic_Cutter, Olfa_X_Design_Heavy_Duty_Knife, Lint-Free-Gloves, Masking_Tape_25mm, Aslan_Squeegee, Swann_Morton_3_Handle, Swann_Morton_10A_Blades, Float_On, IPA_100, Anti_Static_Cleaner,","A","","","","","","","","","","","","","","","Ritrama-Dusted-Etch-1220","0","glass etch,etch glass,etched glass,frosted glass,frosted vinyl,frosted film, etch glass vinyl,etch glass film, PTF

","","","1506701967","0","","0","","CHECKBOX"
"DGE56D1520","Ritrama PTF Dusted Etch :: 1520mm Wide","PTF","Ritrama","90","9","DEFAULT","","","","","0","Ritrama PTF Dusted Etch is a superb translucent material with a solvent acrylic adhesive for creating that sandblast look on windows, office partitions etc. This film gives a uniform appearance onto glass, mirrors and acrylic and is suitable for interior & exterior use. Buy it by the metre.
","<html>
<head><title>Ritrama PTF Dusted Etch - 1520mm Wide</title>
</head>
<style>
.responsive {
  width: 50%;
  height: auto;
}
</style>
<body>
<img src=""media/ecom/onpagegraphics/Fedrigoni_Logo.jpg"" alt=""Fedrigoni Logo"" class=""responsive"">

<p>Ritrama PTF Dusted Etch offers a whiter, milkier effect than regular etch vinyl. It features a solvent acrylic adhesive for creating that sandblast look on windows, office partitions etc.</p>

<span style=""font-weight: bold; color: #d7328a;"">Structure:</span>
<ul><li>80<span>&#181;</span>m Polymeric translucent PVC</li>
<li>Solvent based acrylic adhesive - Permanent</li>
<li>Siliconised clay coated kraft liner - 135g/m<sup>2</sup>
</li></ul>

<span style=""font-weight: bold; color: #d7328a;"">Suitability:</span>
<ul><li>The solvent based acrylic adhesive makes this range perfect for wet applying to glass, acrylic and mirrors, giving a streak free uniform appearance</li>
<li>Turn an ordinary glass window into high quality corporate identity or trendy graphics with a strikingly modern look</li>
<li>Create sandblasted or frosted appearance on windows and office partitions</li>
<li>Reduces glare and creates a more elegant, modern aesthetic
</li></ul>

<span style=""font-weight: bold; color: #d7328a;"">Advantages:</span>
<ul><li>Up to 5 years outdoor durability</li>
<li>Polymeric grade film and is easy to cad-cut and weed for a professional long lasting finish</li>
<li>Resistant to UV light, seawater, oils, hydrocarbons and gasoline</li>
<li>Fire Rated to Euroclass DIN EN 13501-1:2018 with classification. B-s1-d0</li></ul>

<span style=""font-weight: bold; color: #d7328a;"">Technical Information:</span> <ul>
<p><a href=""media/ecom/pdfs/datasheets/Ritrama_PTA_Etch.pdf"" target=""_blank""><img
style=""border: 0px solid ; width: 200px; height: 60px;"" alt=""pdf""
src=""media/ecom/onpagegraphics/Datasheet.png""></a>
<a href=""media/ecom/pdfs/firecertificates/Statement_Fire Resistance_EN13501_Ri-Mark Etched Glass_B-s1d0_20250908.pdf"" target=""_blank""><img
style=""border: 0px solid ; width: 200px; height: 60px;"" alt=""Ritrama Etch Fire Certifcate""
src=""media/ecom/onpagegraphics/Fire.png""></a>
<a href=""media/ecom/colselxl/Colourcard_RITRAMA_ETCH.pdf"" target=""_blank""><img
style=""border: 0px solid ; width: 200px; height: 60px;"" alt=""pdf""
src=""media/ecom/onpagegraphics/Colour.png""></a></ul>
<a href=https://www.dorotape.co.uk/Article/Glass-Etch-Vinyl target=""_blank""><img style=""border: 0px solid ; width: 50px; height: 50px;"" alt=""link to our blog""
src=""media/ecom/onpagegraphics/Blog.png"">
<span style=""color:#d7328a""><b>Learn more about applying glass etch vinyl wet and dry by reading about it in our Blog</b></span></a></p>


<p style=""font-weight: bold; font-size: 0.9em;"">Prices shown are per linear metre at 1520mm wide</p>


</body>
</html>

","PTF.jpg","PTF.jpg","INVITEMS","DEFAULT-DGE56D1520-DEFAULT-DGE56D1520","","","0","0","0","","1","REGONLY","0","0","0","0","","","","SELECT","SELECT","0","","","","","0","0","","income-service","","","0","0","","","https://www.youtube.com/embed/BRLnyKJU_vU","","Dusted_Glass_Etch","Dusted_Glass_Etch, Silver_Glass_Etch, Decorative-Window-Films","","","0","FCE57_1220, SGE56S1220, Blue_Max, Fusion_5, Olfa_Graphic_Cutter, Olfa_X_Design_Heavy_Duty_Knife, Lint-Free-Gloves, Masking_Tape_25mm, Aslan_Squeegee, Swann_Morton_3_Handle, Swann_Morton_10A_Blades, Float_On, IPA_100, Anti_Static_Cleaner,","Blue_Max, Fusion_5, Olfa_Graphic_Cutter, Olfa_X_Design_Heavy_Duty_Knife, Lint-Free-Gloves, Masking_Tape_25mm, Aslan_Squeegee, Swann_Morton_3_Handle, Swann_Morton_10A_Blades, Float_On, IPA_100, Anti_Static_Cleaner,","A","","","","","","","","","","","","","","","Ritrama-Dusted-Etch-1520","0","glass etch,etch glass,etched glass,frosted glass,frosted vinyl,frosted film, etch glass vinyl,etch glass film, PTF

","","","1506701995","0","","0","","CHECKBOX"
"Digi-Fab","Digi-Fab","DIGI-FAB","Doro_Tape","50","0","DEFAULT","","","","","0","Digi-Fab self-adhesive digitally printable fabric is a 295gsm polyester woven fabric with a removable adhesive that will stick to any smooth, non porous surface.  Even the worst crinkles can be smoothed out during application making this material perfect as a wallcovering for displays and interior decoration which is easy to apply and remove.












","<html>

<head><title>Digi-Fab</title>
</head>
<body>


<p>Digi-Fab is a 295gsm polyester woven fabric with a removable adhesive that will stick to any smooth, non porous surface.</p>


<span style=""font-weight: bold; color: #d7328a;"">Structure:</span>
<ul><li>295gsm Polyester Fabric</li>
<li>Acrylic adhesive - Removable</li>
<li>Double sided PE Coated paper - 138<span>&#181;</span>m
</li></ul>

<a><img style=""border: 0px solid ; width: 75px; height: 75px; float: right;"" alt=""pvc free""
src=""media/ecom/onpagegraphics/PVC_free_logo.png""></a>
<a><img style=""border: 0px solid ; width: 90px; height: 90px; float: right;"" alt=""Digi-Fab REACH""
src=""media/ecom/onpagegraphics/REACH.png""></a>

<span style=""font-weight: bold; color: #d7328a;"">Suitability:</span>
<ul><li>Suitable for internal applications</li>
<li>Perfect for wall coverings, furniture wraps, displays and interior decoration</li>
<li>Can be used as a temporary solution for internal graphics and displays</li>
<li>Ideal for application to any non-porous surface
</li></ul>

<span style=""font-weight: bold; color: #d7328a;"">Advantages:</span>
<ul><li>PVC Free for environmentally friendly applications</li>
<li>Removeable adhesive for clean, residue free removal</li>
<li>Even the worst crinkles can be smoothed out</li>
<li>Strong fabric weave making the material tear free</li>
<li>Effortless to apply and remove
</li></ul>

<span style=""font-weight: bold; color: #d7328a;"">Ink Compatability:</span><br>
<ul>
<img style=""margin: 0px 5px 0px 0px; width: 15px; height: 25px;"" alt=""Eco-Sol Ink""
src=""media/ecom/onpagegraphics/Ink-EcoSol.png"">Eco-solvent &nbsp;&nbsp;
<img style=""margin: 0px 5px 0px 0px; width: 15px; height: 25px;"" alt=""UV Ink""
src=""media/ecom/onpagegraphics/Ink-UV.png"">UV &nbsp;&nbsp;
<img style=""margin: 0px 5px 0px 0px; width: 15px; height: 25px;"" alt=""Latex Ink""
src=""media/ecom/onpagegraphics/Ink-Latex.png"">Latex</ul><br>

<span style=""font-weight: bold; color: #d7328a;"">Technical Information:</span><br>
<ul>
<a href=""media/ecom/pdfs/datasheets/Digi-Fab.pdf"" target=""_blank""><img
style=""border: 0px solid ; width: 200px; height: 60px;"" alt=""Digi-Fab Datasheet""
src=""media/ecom/onpagegraphics/Datasheet.png""></a><br></ul>
<p style=""font-weight: bold; font-size: 1.0em;"">Prices shown are per roll</p>

</body>

</html>","Digi_Fab_Wall.jpg","Digi_Fab_Wall.jpg, Digi-Fab-at-Doro.jpg","INVITEMS","DEFAULT-Digi-Fab-DEFAULT-Digi-Fab","","","0","0","0","","1","REGONLY","0","0","0","0","","","","SELECT","SELECT","0","","","","","0","0","","income-service","","","0","0","","","","","PVC_Free_Media","Digital_Print_Canvas, Digital_Print_Fabric, PVC_Free_Media, Digital-Print-Wall-Graphic-Films","","","0","Aslan_Red_Devil_Squeegee, Olfa_X_Design_Heavy_Duty_Knife, Lint-Free-Gloves, Masking_Tape_25mm, Aslan-Gold-Soft-Squeegee, Olfa_Graphic_Cutter, Swann_Morton_3_Handle, Swann_Morton_10A_Blades, Aslan_Squeegee,","Aslan_Red_Devil_Squeegee, Olfa_X_Design_Heavy_Duty_Knife, Lint-Free-Gloves, Masking_Tape_25mm, Aslan-Gold-Soft-Squeegee, Olfa_Graphic_Cutter, Swann_Morton_3_Handle, Swann_Morton_10A_Blades, Aslan_Squeegee,","A","superuser","ADHESIVE_REMOVABLE","GRADE_FABRIC","SUITABILITY_INDOOR, SUITABILITY_WALL_DECORATION","","","","","","","","","","","Digi-Fab","0","fabric, phototex, adhesive fabric, landor, self-adhesive fabric, self-adhesive printable fabric, digi-fab, digi fab, self adhesive fabric, self adhesive printable fabric, wallcover, wall decor, decor, wallpaper



















","","","1489929127","0","","0","","CHECKBOX"
"Digi-Fab-Aq","Self-adhesive Wallcovering","DIGI-FABAQ","DEFAULT","100","0","DEFAULT","","","","","0","Digi-Fab is a 285gsm polyester woven fabric with a removable adhesive that will stick to any smooth, non porous surface.  Even the worst crinkles can be smoothed out during application, it is easy to apply and remove. Great print results with aqueous inks.











","<html><head><title>Digi-Fab Aqueous</title>
</head>
<body>
<p>Digi-Fab is a 285gsm polyester woven fabric with a removable adhesive that will stick to any smooth, non porous surface.</p>
<p>This tear proof material is so easy to apply. Even the worst crinkles and creases can be smoothed out during application.</p>
<p>Water resistant.</p>
<p>No shrinkage.</p>
<p>Easy to install - can be cut by hand with no rips, creases or crinkles.</p>
<p>Great print results with aqueous inks.</p><br>
<a><img style=""border: 0px solid ; width: 75px; height: 75px;"" alt=""pvc free""
src=""media/ecom/onpagegraphics/PVC_free_logo.png""></a><br><br>
<p><span style=""font-weight: bold; color: #d7328a;"">Suitability:</span><br></p>
<p>This material is perfect as a wallcovering as well as for displays, exhibition graphics and interior decoration.</p>

<p><span style=""font-weight: bold; color: #d7328a;"">Ink Compatability:</span><br></p>
<img style=""margin: 0px 5px 0px 0px; width: 15px; height: 25px;"" alt=""Dye Ink""
src=""media/ecom/onpagegraphics/Ink-Dye.png"">Dye &nbsp;&nbsp;
<img style=""margin: 0px 5px 0px 0px; width: 15px; height: 25px;"" alt=""Pigment Ink""
src=""media/ecom/onpagegraphics/Ink-Pigment.png"">Pigment &nbsp;&nbsp;
<img style=""margin: 0px 5px 0px 0px; width: 15px; height: 25px;"" alt=""Latex Ink""
src=""media/ecom/onpagegraphics/Ink-Latex.png"">Latex
<br><br>
<p style=""font-weight: bold; font-size: 1.0em;"">Prices shown are per 30 metre roll</p>
</body>
</html>
","Digi-Fab-Aq.jpg","Digi-Fab-Aq.jpg","INVITEMS","DEFAULT-Digi-Fab-Aq-DEFAULT-Digi-Fab-Aq","","","0","0","0","","1","REGONLY","0","0","0","0","","","","SELECT","SELECT","0","","","","","0","0","","income-service","","","0","0","","","","","PVC_Free_Media","Aqueous_Media","","","0","Aslan_Red_Devil_Squeegee, Olfa_X_Design_Heavy_Duty_Knife, Lint-Free-Gloves, Masking_Tape_25mm, Aslan-Gold-Soft-Squeegee, Olfa_Graphic_Cutter, Swann_Morton_3_Handle, Swann_Morton_10A_Blades, Aslan_Squeegee,","Aslan_Red_Devil_Squeegee, Olfa_X_Design_Heavy_Duty_Knife, Lint-Free-Gloves, Masking_Tape_25mm, Aslan-Gold-Soft-Squeegee, Olfa_Graphic_Cutter, Swann_Morton_3_Handle, Swann_Morton_10A_Blades, Aslan_Squeegee,","A","superuser","ADHESIVE_REMOVABLE","GRADE_FABRIC","SUITABILITY_INDOOR, SUITABILITY_WALL_DECORATION","","","","","","","","","","","Digi-Fab-Aqueous-Inks","0","fabric, phototex, adhesive fabric, landor, digi-fab, aqueous, water based







































","","Digi-Fab is a 310gsm polyester woven fabric with a removable adhesive that will stick to any smooth, non porous surface.  Even the worst crinkles can be smoothed out during application, it is easy to apply and remove. Great print results with aqueous inks.","1490094948","0","","0","","CHECKBOX"
"Digi_Banner_440","Digi-Banner 440","DIGBA440","Doro_Tape","1","0","DEFAULT","","","","","0","A low cost super smooth 440gsm banner pvc designed to maximise ink adhesion and colour reproduction.  Ideal for low cost digitaly printed banners for use both internally and low stress external use.









","<html>

<head><title>Digi Banner 440</title></head>

<body>


<p>Digi Banner 440 is a low cost super smooth 440gsm banner material designed to maximise ink adhesion and colour reproduction.</p>

<span style=""font-weight: bold; color: #d7328a;"">Structure:</span><br>
<ul><li>440gsm PVC Coated polyester
</li></ul>

<span style=""font-weight: bold; color: #d7328a;"">Suitability:</span><br>
<ul><li>Ideal for low cost digitally printed banners for use both internally and low stress external use
</li></ul>

<span style=""font-weight: bold; color: #d7328a;"">Advantages:</span><br>
<ul><li>Can be used internally and externally</li>
<li>Designed to maximise ink adhesion
</li></ul>

<span style=""font-weight: bold; color: #d7328a;"">Ink Compatibility:</span><br>
<ul><img style=""margin: 0px 5px 0px 0px; width: 15px; height: 25px;"" alt=""Eco-Sol Ink""
src=""media/ecom/onpagegraphics/Ink-EcoSol.png"">Eco-solvent &nbsp;&nbsp;
<img style=""margin: 0px 5px 0px 0px; width: 15px; height: 25px;"" alt=""Latex""
src=""media/ecom/onpagegraphics/Ink-Latex.png"">Latex &nbsp;&nbsp;
<img style=""margin: 0px 5px 0px 0px; width: 15px; height: 25px;"" alt=""UV Ink""
src=""media/ecom/onpagegraphics/Ink-UV.png"">UV &nbsp;&nbsp</ul>

<span style=""font-weight: bold; color: #d7328a;"">Technical Information:</span>
<ul>
<a href=""media/ecom/pdfs/datasheets/Digi-Banner-440.pdf"" target=""_blank""><img
style=""border: 0px solid ; width: 200px; height: 60px;"" alt=""Digi Banner 440 Datasheet""
src=""media/ecom/onpagegraphics/Datasheet.png""></a>
<a href=""https://www.dorotape.co.uk/ecom-catshow/printingprofiles.html""
target=""_blank""><img style=""width: 200px; height: 60px;"" alt=""ICC Profile""
src=""media/ecom/onpagegraphics/Profile.png""></a><br></ul>

<p style=""font-weight: bold; font-size: 1.0em;"">Prices shown are per 30 metre roll</p>

</body>

</html>","Digi-Banner.jpg","Digi-Banner.jpg","INVITEMS","DEFAULT-Digi_Banner_440-DEFAULT-Digi_Banner_440","","","0","0","0","","1","REGONLY","0","0","0","0","","","","SELECT","SELECT","0","","","","","0","0","","income-service","","","0","0","","","","","Digital_Print_Banner","Digital_Print_Banner","","","0","Banner_Bungees, Banner_Hemming_Tape, Banner_Rope, Edge_Tabs, Power_Punch, Power_Tabs, Power_Tape, Eyelet_Press, Eyelet_Kit, Double-Sided-Edge-It-Tape","Banner_Bungees, Banner_Hemming_Tape, Banner_Rope, Edge_Tabs, Power_Punch, Power_Tabs, Power_Tape, Eyelet_Press, Eyelet_Kit, Double-Sided-Edge-It-Tape","A","superuser","","GRADE_SCRIM","SUITABILITY_OUTDOOR_MEDIUM","","","","","","","","","","","Digi-Banner-440","0","banner, digital banner, printable banner, digitally printable banner, large format printable banner, frontlit banner, frontlit, laminated, laminated banner, 440gsm banner, 440gsm

































","","","1489932099","0","","0","","CHECKBOX"
"Digi_Banner_450C","Digi-Banner 450C","DIGBA450C","DEFAULT","2","0","DEFAULT","","","","","0","A very smooth, fully coated 450gsm banner material for high image resolution printing. It has a very smooth print surface, is B1 Fire Rated and has high tear strength and excellent temperature and weather resistance. This material produces vivid colour top quality banners for long term external and internal applications. Fire Rated to DIN 4102-1 with classification B1. Prices are per roll.













","<html>

<head><title>Digi Banner 450C</title></head>

<body>

<p>Digi Banner 450C is a very smooth, fully coated 450gsm banner material for high image resolution printing.</p>

<span style=""font-weight: bold; color: #d7328a;"">Structure:</span><br>
<ul><li>450gsm PVC Coated polyester
</li></ul>

<span style=""font-weight: bold; color: #d7328a;"">Suitability:</span><br>
<ul><li>Perfect for top quality banners suitable for long term external and internal applications
</li></ul>

<span style=""font-weight: bold; color: #d7328a;"">Advantages:</span><br>
<ul><li>High tear strength and excellent temperature and weather resistance</li>
<li>Fire Rated to DIN 4102-1 with classification B1
</li></ul>

<span style=""font-weight: bold; color: #d7328a;"">Ink Compatibility:</span><br>
<ul><img style=""margin: 0px 5px 0px 0px; width: 15px; height: 25px;"" alt=""Eco-Sol Ink""
src=""media/ecom/onpagegraphics/Ink-EcoSol.png"">Eco-solvent &nbsp;&nbsp;
<img style=""margin: 0px 5px 0px 0px; width: 15px; height: 25px;"" alt=""Latex""
src=""media/ecom/onpagegraphics/Ink-Latex.png"">Latex &nbsp;&nbsp;
<img style=""margin: 0px 5px 0px 0px; width: 15px; height: 25px;"" alt=""UV Ink""
src=""media/ecom/onpagegraphics/Ink-UV.png"">UV &nbsp;&nbsp</ul>

<span style=""font-weight: bold; color: #d7328a;"">Technical Information:</span>
<ul>
<a href=""media/ecom/pdfs/datasheets/Digi-Banner-450C.pdf"" target=""_blank""><img
style=""border: 0px solid ; width: 200px; height: 60px;"" alt=""Digi Banner 450C Datasheet""
src=""media/ecom/onpagegraphics/Datasheet.png""></a>
<a href=""media/ecom/pdfs/firecertificates/Digi_Banner_C_B1 Fire_Certificate.pdf"" target=""_blank""><img
style=""border: 0px solid ; width: 200px; height: 60px;"" alt=""Digi banner 450C Fire Resistance Certificate""
src=""media/ecom/onpagegraphics/Fire.png""></a>
<a href=""https://www.dorotape.co.uk/Print-Profiles-User-Guide""
target=""_blank""><img style=""width: 200px; height: 60px;"" alt=""printing profile guide""
src=""media/ecom/onpagegraphics/Profile.png""></a><br></ul>

<p style=""font-weight: bold; font-size: 1.0em;"">Prices shown are per 30 metre roll</p>

</body>

</html>
","Digi-Banner-450C.jpg","Digi-Banner-450C.jpg","INVITEMS","DEFAULT-Digi_Banner_450C-DEFAULT-Digi_Banner_450C","","","0","0","0","","1","REGONLY","0","0","0","0","","","","SELECT","SELECT","0","","","","","0","0","","income-service","","","0","0","","","","","Digital_Print_Banner","Digital_Print_Banner","","","0","Banner_Bungees, Banner_Hemming_Tape, Banner_Rope, Edge_Tabs, Power_Punch, Power_Tabs, Power_Tape, Eyelet_Press, Eyelet_Kit, Double-Sided-Edge-It-Tape","Banner_Bungees, Banner_Hemming_Tape, Banner_Rope, Edge_Tabs, Power_Punch, Power_Tabs, Power_Tape, Eyelet_Press, Eyelet_Kit, Double-Sided-Edge-It-Tape","A","superuser","","GRADE_SCRIM","SUITABILITY_FIRE, SUITABILITY_OUTDOOR_LONG","","","","","","","","","","","Digi-Banner-450C","0","banner, printable banner, large format banner































","","","1489932199","0","","0","","CHECKBOX"
"Digi_Banner_Blockout","Digi-Banner Blockout","DIGBABO","DEFAULT","2","0","DEFAULT","","","","","0","A very smooth, fully coated 550gsm banner material with a black middle layer for complete opacity making it ideal for printing high resolution double sided banners.













","<html>

<head><title>Digi Banner Blockout</title></head>

<body>

<p>Digi Banner Blockout is a very smooth, fully coated 550gsm banner material with a black middle layer for complete opacity making it ideal for printing high resolution
double sided banners.</p>

<span style=""font-weight: bold; color: #d7328a;"">Structure:</span><br>
<ul><li>550gsm PVC Coated polyester
</li></ul>

<span style=""font-weight: bold; color: #d7328a;"">Suitability:</span><br>
<ul><li>Perfect for printing high resolution double sided banners
</li></ul>

<span style=""font-weight: bold; color: #d7328a;"">Advantages:</span><br>
<ul><li>Produces vivid colour top quality banners for long term external and internal applications</li>
<li>Fire Rated to DIN 4102-1 with classification B1
</li></ul>

<span style=""font-weight: bold; color: #d7328a;"">Ink Compatibility:</span><br>
<ul><img style=""margin: 0px 5px 0px 0px; width: 15px; height: 25px;"" alt=""Eco-Sol Ink""
src=""media/ecom/onpagegraphics/Ink-EcoSol.png"">Eco-solvent &nbsp;&nbsp;
<img style=""margin: 0px 5px 0px 0px; width: 15px; height: 25px;"" alt=""Latex""
src=""media/ecom/onpagegraphics/Ink-Latex.png"">Latex &nbsp;&nbsp;
<img style=""margin: 0px 5px 0px 0px; width: 15px; height: 25px;"" alt=""UV Ink""
src=""media/ecom/onpagegraphics/Ink-UV.png"">UV &nbsp;&nbsp</ul>

<span style=""font-weight: bold; color: #d7328a;"">Technical Information:</span>
<ul>
<a href=""media/ecom/pdfs/datasheets/Digi-Banner-Blockout.pdf"" target=""_blank""><img
style=""border: 0px solid ; width: 200px; height: 60px;"" alt=""Digi Banner Blockout Datasheet""
src=""media/ecom/onpagegraphics/Datasheet.png""></a>
<a href=""media/ecom/pdfs/firecertificates/Digi_Banner_C_B1 Fire_Certificate.pdf"" target=""_blank""><img
style=""border: 0px solid ; width: 200px; height: 60px;"" alt=""Digi Banner Blockout Fire Resistance Certificate""
src=""media/ecom/onpagegraphics/Fire.png""></a>
<a href=""https://www.dorotape.co.uk/Print-Profiles-User-Guide""
target=""_blank""><img style=""width: 200px; height: 60px;"" alt=""printing profile guide""
src=""media/ecom/onpagegraphics/Profile.png""></a><br></ul>

<p style=""font-weight: bold; font-size: 1.0em;"">Prices shown are per 30 metre roll</p>

</body>

</html>","Digi-Banner-Blockout.jpg","Digi-Banner-Blockout.jpg","INVITEMS","DEFAULT-Digi_Banner_Blockout-DEFAULT-Digi_Banner_Blockout","","","0","0","0","","1","REGONLY","0","0","0","0","","","","SELECT","SELECT","0","","","","","0","0","","income-service","","","0","0","","","","","Digital_Print_Banner","Digital_Print_Banner","","","0","Banner_Bungees, Banner_Hemming_Tape, Banner_Rope, Edge_Tabs, Power_Punch, Power_Tabs, Power_Tape, Eyelet_Press, Eyelet_Kit, Double-Sided-Edge-It-Tape","Banner_Bungees, Banner_Hemming_Tape, Banner_Rope, Edge_Tabs, Power_Punch, Power_Tabs, Power_Tape, Eyelet_Press, Eyelet_Kit, Double-Sided-Edge-It-Tape","A","superuser","","GRADE_SCRIM","SUITABILITY_OUTDOOR_LONG","","","","","","","","","","","Digi-Banner-Blockout","0","banner, printable banner, large format banner































","","","1489932284","0","","0","","CHECKBOX"
"Digi_Paper_115","Digi-Paper 115","DIGPA115","DEFAULT","110","72","DEFAULT","","","","","0","Digi-Paper 115 is an outdoor resistant 115gsm blueback paper for billboard and poster applications.  Roll size: 1370mm x 100m







","<html>

<head><title>Digi-Paper 115</title></head>

<body>

<p>Digi-Paper 115 is an outdoor resistant 115gsm blueback paper with a matt finish for billboard and poster applications.</p>

<a><img style=""margin: 5px; width: 75px; height: 75px; float: right;"" alt=""pvc free""
src=""media/ecom/onpagegraphics/PVC_free_logo.png""></a>

<a><img style=""margin: 5px; width: 75px; height: 75px; float: right;"" alt=""recycled paper""
src=""media/ecom/onpagegraphics/Recycled-Paper-Green-Logo.png""></a>

<a><img style=""margin: 5px; width: 75px; height: 75px; float: right;"" alt=""recyclable""
src=""media/ecom/onpagegraphics/Recyclable-Paper-Green-Logo.png""></a>

<span style=""font-weight: bold; color: #d7328a;"">Structure:</span><br>
<ul><li>115gsm Blueback paper. 20% post-consumer recycled
</li></ul>

<span style=""font-weight: bold; color: #d7328a;"">Suitability:</span><br>
<ul><li>Perfect for billboard and poster applications</li>
<li>Ideal for general posters</li>
<li>Suitable for internal and external use
</li></ul>

<span style=""font-weight: bold; color: #d7328a;"">Advantages:</span><br>
<ul><li>Blue back coating to prevent show through</li>
<li>Resistant to cracking and flaking when folded after wet pasting</li>
<li>Excellent handleability</li>
<li>Good dimensional stability</li>
<li>Recyclable
</li></ul>

<span style=""font-weight: bold; color: #d7328a;"">Ink Compatibility:</span><br>
<ul><img style=""margin: 0px 5px 0px 0px; width: 15px; height: 25px;"" alt=""Eco-Sol Ink""
src=""media/ecom/onpagegraphics/Ink-EcoSol.png"">Eco-solvent &nbsp;&nbsp;
<img style=""margin: 0px 5px 0px 0px; width: 15px; height: 25px;"" alt=""Latex Ink""
src=""media/ecom/onpagegraphics/Ink-Latex.png"">Latex &nbsp;&nbsp
<img style=""margin: 0px 5px 0px 0px; width: 15px; height: 25px;"" alt=""UV Ink""
src=""media/ecom/onpagegraphics/Ink-UV.png"">UV &nbsp;&nbsp</ul>

<span style=""font-weight: bold; color: #d7328a;"">Technical Information:</span>
<ul><a href=""media/ecom/pdfs/datasheets/Digi-Paper-115.pdf"" target=""_blank""><img
style=""border: 0px solid ; width: 200px; height: 60px;"" alt=""Digi-Paper 115 Datasheet""
src=""media/ecom/onpagegraphics/Datasheet.png""></a>
<a href=""https://www.dorotape.co.uk/Print-Profiles-User-Guide""
target=""_blank""><img style=""width: 200px; height: 60px;"" alt=""printing profile guide""
src=""media/ecom/onpagegraphics/Profile.png""></a></ul><br>

<p style=""font-weight: bold; font-size: 0.9em;"">Prices shown are per 100 metre roll at 1370mm wide</p>

</body>

</html>","Blueback-Paper-115.jpg","Blueback-Paper-115.jpg","INVITEMS","DEFAULT-Digi_Paper_115-DEFAULT-Digi_Paper_115","","","0","0","0","","1","REGONLY","0","0","0","0","","","","SELECT","SELECT","0","","","","","0","0","","income-service","","","0","0","","","","","Digital_Print_Paper","Digital_Print_Paper","","","0","","","A","superuser","ADHESIVE_NON","GRADE_PAPER","SUITABILITY_OUTDOOR_SHORT","","","","","","","","","","","Digi-Paper-115","0","paper, digital paper, printable paper, digitally printable paper, large format printable paper, 200gsm paper, digital paper ,blueback, billboard, 115gsm, post paper, billboard paper, recycled, recyclable





















pos","","","1490005569","0","","0","","CHECKBOX"
"Digi_Paper_140_SA","Digi-Paper 140 Self-Adhesive","DIGPA140SA","DEFAULT","10","137","DEFAULT","","","","","0","Digi-Paper 140SA is a semi-gloss coated water resistant paper with a waterbased adhesive and is a great environmentally friendly option for producing labels and stickers with a cutting plotter as well as for posters and advertising. Roll size 1370mm x 30m.







","<html>

<head><title>Self-adhesive Paper</title>
</head>
<body>
<p>Digi-Paper 140SA is a semi-gloss coated water resistant paper with a waterbased adhesive.</p>
<a><img style=""border: 0px solid ; width: 75px; height: 75px; float: right;"" alt=""pvc free""
src=""media/ecom/onpagegraphics/PVC_free_logo.png""></a>

<span style=""font-weight: bold; color: #d7328a;"">Structure:</span><br>
<ul><li>140g/m<sup>2</sup> Semi-gloss paper</li>
<li>Water based acrylic adhesive</li>
<li>Silicone coated kraft paper liner - 135g/m<sup>2</sup>
</li></ul>

<span style=""font-weight: bold; color: #d7328a;"">Suitability:</span><br>
<ul><li>Perfect option for producing labels and stickers</li>
<li>Suitable for environmentally friendly POS advertising and displays</li>
<li>Alternative to using self-adhesive vinyl</li>
<li>Suitable for use outdoors as it has a water repellent surface
</li></ul>

<span style=""font-weight: bold; color: #d7328a;"">Advantages:</span><br>
<ul><li>Quick drying even with heavy ink weights</li>
<li>Photo realistic finish</li>
<li>Excellent image quality with vivid colours</li>
<li>Highly resistant to scratching
</li><br>
<img style=""border: 0px solid ; width: 50px; height: 50px; alt=""reward points logo""
src=""media/ecom/onpagegraphics/Reward_Logo.png""><span style=""font-weight: bold; color: #ef7d00;"">Earn Reward Points every time you buy this product</span></ul>

<span style=""font-weight: bold; color: #d7328a;"">Ink Compatibility:</span><br>
<ul>
<img style=""margin: 0px 5px 0px 0px; width: 15px; height: 25px;"" alt=""Eco-Sol Ink""
src=""media/ecom/onpagegraphics/Ink-EcoSol.png"">Eco-solvent &nbsp;&nbsp;
<img style=""margin: 0px 5px 0px 0px; width: 15px; height: 25px;"" alt=""Latex""
src=""media/ecom/onpagegraphics/Ink-Latex.png"">Latex &nbsp;&nbsp;
<img style=""margin: 0px 5px 0px 0px; width: 15px; height: 25px;"" alt=""UV Ink""
src=""media/ecom/onpagegraphics/Ink-UV.png"">UV</ul>


<span style=""font-weight: bold; color: #d7328a;"">Technical Information:</span><br>
<ul>
<a href=""media/ecom/pdfs/datasheets/Digi-Paper-140SA.pdf"" target=""_blank""><img
style=""border: 0px solid ; width: 200px; height: 60px;"" alt=""Digi-Paper 140SA Datasheet""
src=""media/ecom/onpagegraphics/Datasheet.png""></a>
<a href=""https://www.dorotape.co.uk/Print-Profiles-User-Guide""
target=""_blank""><img style=""width: 200px; height: 60px;"" alt=""printing profile guide""
src=""media/ecom/onpagegraphics/Profile.png""></a></ul>

<p><b>The price shown is for a 1370mm x 30m roll.</b></p>
</body>

</html>","Digi-Paper-140SA.jpg","Digi-Paper-140SA.jpg","INVITEMS","DEFAULT-Digi_Paper_140_SA-DEFAULT-Digi_Paper_140_SA","","","0","0","0","","1","REGONLY","0","0","0","0","","","","SELECT","SELECT","0","","","","","0","0","","income-service","","","0","0","FEAT1","FREESHIPPING","","","Digital_Print_Paper","Digital_Print_Paper, PVC_Free_Media","","","0","","","A","superuser","ADHESIVE_NON","GRADE_PAPER","SUITABILITY_OUTDOOR_SHORT","","","","","","","","","","","Self-Adhesive-Paper","0","paper, digital paper, printable paper, digitally printable paper, large format printable paper, self adhesive paper, self-adhesive paper, 140gsm paper, digital paper





















poster paper,semi g","","","1601049000","0","","0","","CHECKBOX"
"Digi_Paper_200","Digi-Paper 200","DIGPA200","DEFAULT","10","0","DEFAULT","","","","","0","Digi-Paper 200 is a recyclable 200gsm FSC certified satin (semi-matt) paper. Fast ink drying with crisp sharp images makes this poster paper a great choice for indoor & outdoor use. 








","<html>

<head><title>Digi-Paper 200</title></head>
<body>

<p>Digi-Paper 200 is a general purpose satin (semi-matt) poster paper, great for creating photo realistic graphics for both indoor and enclosed outdoor applications.</p>

<a><img style=""margin: 5px; width: 75px; height: 75px; float: right;"" alt=""pvc free""
src=""media/ecom/onpagegraphics/PVC_free_logo.png""></a>

<a><img style=""margin: 5px; width: 75px; height: 75px; float: right;"" alt=""recyclable""
src=""media/ecom/onpagegraphics/Recyclable-Paper-Green-Logo.png""></a>

<a><img style=""margin: 5px; width: 85px; height: 85px; float: right;"" alt=""FSC""
src=""media/ecom/onpagegraphics/FSC-Logo.png""></a>




<span style=""font-weight: bold; color: #d7328a;"">Structure:</span><br>
<ul><li>200g/m<sup>2</sup> Satin (semi-matt) paper
</li></ul>

<span style=""font-weight: bold; color: #d7328a;"">Suitability:</span><br>
<ul><li>Posters, art prints, POS advertising and displays</li>
<li>Suitable for interior and enclosed exterior use i.e. clip frames</li>
<li>FSC&reg; Certified
</li></ul>

<span style=""font-weight: bold; color: #d7328a;"">Advantages:</span><br>
<ul><li>Quick drying</li>
<li>High white satin (semi-matt) finish</li>
<li>98% opacity</li>
<li>Uniform surface</li>
<li>Excellent image quality with vivid colours</li>
<li>Strong and resistant to cracking and flaking</li>
<li>Acid free and chlorine free</li>
<li>Recyclable
</li><br>
<img style=""border: 0px solid ; width: 50px; height: 50px; alt=""reward points logo""
src=""media/ecom/onpagegraphics/Reward_Logo.png""><span style=""font-weight: bold; color: #ef7d00;"">Earn Reward Points every time you buy this product</span></ul>


<span style=""font-weight: bold; color: #d7328a;"">Ink Compatibility:</span><br>
<ul>
<img style=""margin: 0px 5px 0px 0px; width: 15px; height: 25px;"" alt=""Eco-Sol Ink""
src=""media/ecom/onpagegraphics/Ink-EcoSol.png"">Eco-solvent &nbsp;&nbsp;
<img style=""margin: 0px 5px 0px 0px; width: 15px; height: 25px;"" alt=""Latex""
src=""media/ecom/onpagegraphics/Ink-Latex.png"">Latex &nbsp;&nbsp;
<img style=""margin: 0px 5px 0px 0px; width: 15px; height: 25px;"" alt=""UV Ink""
src=""media/ecom/onpagegraphics/Ink-UV.png"">UV</ul>

<span style=""font-weight: bold; color: #d7328a;"">Technical Information:</span><br>
<ul>
<a href=""media/ecom/pdfs/datasheets/Digi-Paper-200.pdf"" target=""_blank""><img style=""border: 0px solid ; width: 200px; height: 60px;"" alt=""Digi-Paper 200 Datasheet""
src=""media/ecom/onpagegraphics/Datasheet.png""></a>
<a href=""https://www.dorotape.co.uk/Print-Profiles-User-Guide""
target=""_blank""><img style=""width: 200px; height: 60px;"" alt=""printing profile guide""
src=""media/ecom/onpagegraphics/Profile.png""></a></ul>

<p style=""font-weight: bold; font-size: 1.0em;"">Prices shown are per 50 metre roll</p>
</body>

</html>","Digi_Paper_200.jpg","Digi_Paper_200.jpg","INVITEMS","DEFAULT-Digi_Paper_200-DEFAULT-Digi_Paper_200","","","0","0","0","","1","REGONLY","0","0","0","0","","","","SELECT","SELECT","0","","","","","0","0","","income-service","","","0","0","","","","","PVC_Free_Media","Digital_Print_Paper, PVC_Free_Media","","","1","","","A","superuser","ADHESIVE_NON","GRADE_PAPER","SUITABILITY_INDOOR","","","","","","","","","","","Digi-Paper-200","0","paper, digital paper, printable paper, digitally printable paper, large format printable paper, 200gsm paper, digital paper, poster, photo, recycled, recyclable





















poster paper,semi gloss paper,200gsm paper,pri","","","1490005752","0","","0","","CHECKBOX"
"DM865_025","Doro-Mount 865 :: 25mm x 50m","865","DEFAULT","30","9","DEFAULT","","","","","0","An high performance 1mm foam tape
with a solvent acrylic adhesive for fixing
exterior signage. Excellent ageing, UV and
chemical resistance it is perfect for fixing
signage onto uneven or irregular surfaces","An high performance 1mm foam tape
with a solvent acrylic adhesive for fixing
exterior signage. Excellent ageing, UV and
chemical resistance it is perfect for fixing
signage onto uneven or irregular surfaces.<br><b>Roll Size: 25mm x 50m</b>","866.png","866.png","INVITEMS","DEFAULT-DM865_025-DEFAULT-DM865_025","","","0","0","0","","1","REGONLY","0","0","0","0","","","","SELECT","SELECT","0","","","","","0","0","","income-service","","","0","0","","","","","Doro-Mount-865","Doro-Mount-865","","","0","DB881_025, DB895_025, DF3900_025, DF420_025, DF465_025, DF470_025","","A","","","","","","","","","","","","","","","","0","","","","1649870722","0","","0","","CHECKBOX"
"DM866_012","Doro-Mount 866 :: 12mm x 50m","86612","Doro_Tape","10","6","DEFAULT","","","","","0","Doro-Mount 866 is a high performance 0.8mm foam tape with a solvent acrylic adhesive. Designed primarily for the installation of exterior signage onto smooth and slightly uneven surfaces.","<html>

<head><title>Doro-Mount 866 : 12mm x 50m</title></head>

<body>

<p>Doro-Mount 866 is a high performance 0.8mm white foam double sided tape with a solvent acrylic adhesive.</p>

<span style=""font-weight: bold; color: #d7328a;"">Structure:</span><br>
<ul><li>800<span>&#181;</span>m White PE foam tape</li>
<li>Solvent acrylic adhesive</li>
<li>White PE paper - 110gm<sup>2</sup>
</li></ul>

<span style=""font-weight: bold; color: #d7328a;"">Suitability:</span><br>
<ul><li>Suitable for indoor and outdoor mounting applications</li>
<li>Designed primarily for the mounting of exterior signage onto smooth and slightly uneven surfaces</li>
<li>Ideal for use on metals, plastics, perspex, glass, wood and painted surfaces
</li></ul>

<span style=""font-weight: bold; color: #d7328a;"">Advantages:</span><br>
<ul><li>Excellent ageing, UV and chemical resistance</li>
<li>High tack with good adhesion and cohesion</li>
<li>High grab for instant adhesion</li>
<li>Crosslinked closed cell white PE foam - 96g/m2</li>
<li>Compression assists when used on slightly uneven surfaces</li>
<li>Remains stable under temperature fluctuations and UV light
</li></ul>

<span style=""font-weight: bold; color: #d7328a;"">Technical Information:</span><br>
<ul>
<a href=""media/ecom/pdfs/datasheets/Doro-Mount-866.pdf"" target=""_blank""><img style=""border: 0px solid ; width: 200px; height: 60px;"" alt=""Doro-Mount 866 Datasheet""
src=""media/ecom/onpagegraphics/Datasheet.png""></a></ul><br>

<p><b>Prices are per 50m roll</b></p>

</body>

</html>","866.png","866.png","INVITEMS","DEFAULT-DM866_012-DEFAULT-DM866_012","","","0","0","0","","1","REGONLY","0","0","0","0","","","","SELECT","SELECT","0","","","","","0","0","","income-service","","","0","0","","","","","3325_DM866","3325_DM866","","","0","DB881_019, DB895_019, DF3900_019, DF420_019, DF4402_019, DF465_019, DF470_019, IPA_100, Olfa_Graphic_Cutter, Olfa_X_Design_Heavy_Duty_Knife, Swann_Morton_3_Handle, Swann_Morton_10A_Blades,","IPA_100, Olfa_Graphic_Cutter, Olfa_X_Design_Heavy_Duty_Knife, Swann_Morton_3_Handle, Swann_Morton_10A_Blades,","A","","","","","","","","","","","","","","","Doro-Mount-866-12mm","0","doro, mount, 866, foam, double, sided, tape, double sided, double sided tape, foam tape, double sided foam tape, foam double sided tape, doro-mount, doromount, doro mount, ","","","1546514183","0","","0","","CHECKBOX"
"DM866_019","Doro-Mount 866 :: 19mm x 50m","86619","Doro_Tape","20","9","DEFAULT","","","","","0","Doro-Mount 866 is a high performance 0.8mm foam tape with a solvent acrylic adhesive. Designed primarily for the installation of exterior signage onto smooth and slightly uneven surfaces.","<html>

<head><title>Doro-Mount 866 : 19mm x 50m</title></head>

<body>

<p>Doro-Mount 866 is a high performance 0.8mm white foam double sided tape with a solvent acrylic adhesive.</p>

<span style=""font-weight: bold; color: #d7328a;"">Structure:</span><br>
<ul><li>800<span>&#181;</span>m White PE foam tape</li>
<li>Solvent acrylic adhesive</li>
<li>White PE paper - 110gm<sup>2</sup>
</li></ul>

<span style=""font-weight: bold; color: #d7328a;"">Suitability:</span><br>
<ul><li>Suitable for indoor and outdoor mounting applications</li>
<li>Designed primarily for the mounting of exterior signage onto smooth and slightly uneven surfaces</li>
<li>Ideal for use on metals, plastics, perspex, glass, wood and painted surfaces
</li></ul>

<span style=""font-weight: bold; color: #d7328a;"">Advantages:</span><br>
<ul><li>Excellent ageing, UV and chemical resistance</li>
<li>High tack with good adhesion and cohesion</li>
<li>High grab for instant adhesion</li>
<li>Crosslinked closed cell white PE foam - 96g/m2</li>
<li>Compression assists when used on slightly uneven surfaces</li>
<li>Remains stable under temperature fluctuations and UV light
</li></ul>

<span style=""font-weight: bold; color: #d7328a;"">Technical Information:</span><br>
<ul>
<a href=""media/ecom/pdfs/datasheets/Doro-Mount-866.pdf"" target=""_blank""><img style=""border: 0px solid ; width: 200px; height: 60px;"" alt=""Doro-Mount 866 Datasheet""
src=""media/ecom/onpagegraphics/Datasheet.png""></a></ul><br>

<p><b>Prices are per 50m roll</b></p>

</body>

</html>","866.png","866.png","INVITEMS","DEFAULT-DM866_019-DEFAULT-DM866_019","","","0","0","0","","1","REGONLY","0","0","0","0","","","","SELECT","SELECT","0","","","","","0","0","","income-service","","","0","0","","","","","3325_DM866","3325_DM866","","","0","DB881_019, DB895_019, DF3900_019, DF420_019, DF4402_019, DF465_019, DF470_019, IPA_100, Olfa_Graphic_Cutter, Olfa_X_Design_Heavy_Duty_Knife, Swann_Morton_3_Handle, Swann_Morton_10A_Blades,","IPA_100, Olfa_Graphic_Cutter, Olfa_X_Design_Heavy_Duty_Knife, Swann_Morton_3_Handle, Swann_Morton_10A_Blades,","A","","","","","","","","","","","","","","","Doro-Mount-866-19mm","0","doro, mount, 866, foam, double, sided, tape, double sided, double sided tape, foam tape, double sided foam tape, foam double sided tape, doro-mount, doromount, doro mount, ","","","1546514205","0","","0","","CHECKBOX"
"DM866_025","Doro-Mount 866 :: 25mm x 50m","86625","Doro_Tape","30","12","DEFAULT","","","","","0","Doro-Mount 866 is a high performance 0.8mm foam tape with a solvent acrylic adhesive. Designed primarily for the installation of exterior signage onto smooth and slightly uneven surfaces.","<html>

<head><title>Doro-Mount 866 : 25mm x 50m</title></head>

<body>

<p>Doro-Mount 866 is a high performance 0.8mm white foam double sided tape with a solvent acrylic adhesive.</p>

<span style=""font-weight: bold; color: #d7328a;"">Structure:</span><br>
<ul><li>800<span>&#181;</span>m White PE foam tape</li>
<li>Solvent acrylic adhesive</li>
<li>White PE paper - 110gm<sup>2</sup>
</li></ul>

<span style=""font-weight: bold; color: #d7328a;"">Suitability:</span><br>
<ul><li>Suitable for indoor and outdoor mounting applications</li>
<li>Designed primarily for the mounting of exterior signage onto smooth and slightly uneven surfaces</li>
<li>Ideal for use on metals, plastics, perspex, glass, wood and painted surfaces
</li></ul>

<span style=""font-weight: bold; color: #d7328a;"">Advantages:</span><br>
<ul><li>Excellent ageing, UV and chemical resistance</li>
<li>High tack with good adhesion and cohesion</li>
<li>High grab for instant adhesion</li>
<li>Crosslinked closed cell white PE foam - 96g/m2</li>
<li>Compression assists when used on slightly uneven surfaces</li>
<li>Remains stable under temperature fluctuations and UV light
</li></ul>

<span style=""font-weight: bold; color: #d7328a;"">Technical Information:</span><br>
<ul>
<a href=""media/ecom/pdfs/datasheets/Doro-Mount-866.pdf"" target=""_blank""><img style=""border: 0px solid ; width: 200px; height: 60px;"" alt=""Doro-Mount 866 Datasheet""
src=""media/ecom/onpagegraphics/Datasheet.png""></a></ul><br>

<p><b>Prices are per 50m roll</b></p>

</body>

</html>","866.png","866.png","INVITEMS","DEFAULT-DM866_025-DEFAULT-DM866_025","","","0","0","0","","1","REGONLY","0","0","0","0","","","","SELECT","SELECT","0","","","","","0","0","","income-service","","","0","0","","","","","3325_DM866","3325_DM866","","","0","DB881_025, DB895_025, DF3900_025, DF420_025, DF465_025, DF470_025, IPA_100, Olfa_Graphic_Cutter, Olfa_X_Design_Heavy_Duty_Knife, Swann_Morton_3_Handle, Swann_Morton_10A_Blades,","IPA_100, Olfa_Graphic_Cutter, Olfa_X_Design_Heavy_Duty_Knife, Swann_Morton_3_Handle, Swann_Morton_10A_Blades,","A","","","","","","","","","","","","","","","Doro-Mount-866-25mm","0","doro, mount, 866, foam, double, sided, tape, double sided, double sided tape, foam tape, double sided foam tape, foam double sided tape, doro-mount, doromount, doro mount, ","","","1546514225","0","","0","","CHECKBOX"
"DM866_025PAD","Doro-Mount 866 :: 1000 25mm x 25mm Pads","86625PAD","Doro_Tape","30","17","DEFAULT","","","","","0","Doro-Mount 866 is a high performance 0.8mm foam tape with a solvent acrylic adhesive. Designed primarily for the installation of exterior signage onto smooth and slightly uneven surfaces.","<html>

<head><title>Doro-Mount 866 : 1000 25mm x 25mm Pads</title></head>

<body>

<p>Doro-Mount 866 is a high performance 0.8mm white foam double sided tape with a solvent acrylic adhesive.</p>

<span style=""font-weight: bold; color: #d7328a;"">Structure:</span><br>
<ul><li>800<span>&#181;</span>m White PE foam tape</li>
<li>Solvent acrylic adhesive</li>
<li>White PE paper - 110gm<sup>2</sup>
</li></ul>

<span style=""font-weight: bold; color: #d7328a;"">Suitability:</span><br>
<ul><li>Suitable for indoor and outdoor mounting applications</li>
<li>Designed primarily for the mounting of exterior signage onto smooth and slightly uneven surfaces</li>
<li>Ideal for use on metals, plastics, perspex, glass, wood and painted surfaces
</li></ul>

<span style=""font-weight: bold; color: #d7328a;"">Advantages:</span><br>
<ul><li>Excellent ageing, UV and chemical resistance</li>
<li>High tack with good adhesion and cohesion</li>
<li>High grab for instant adhesion</li>
<li>Crosslinked closed cell white PE foam - 96g/m2</li>
<li>Compression assists when used on slightly uneven surfaces</li>
<li>Remains stable under temperature fluctuations and UV light
</li></ul>

<span style=""font-weight: bold; color: #d7328a;"">Technical Information:</span><br>
<ul>
<a href=""media/ecom/pdfs/datasheets/Doro-Mount-866.pdf"" target=""_blank""><img style=""border: 0px solid ; width: 200px; height: 60px;"" alt=""Doro-Mount 866 Datasheet""
src=""media/ecom/onpagegraphics/Datasheet.png""></a></ul><br>

<p><b>Prices are per 1000 25mm x 25mm pads per roll</b></p>

</body>

</html>","866.png","866.png","INVITEMS","DEFAULT-DM866_025PAD-DEFAULT-DM866_025PAD","","","0","0","0","","1","REGONLY","0","0","0","0","","","","SELECT","SELECT","0","","","","","0","0","","income-service","","","0","0","","","","","3325_DM866","3325_DM866","","","0","DB881_025, DB895_025, DF3900_025, DF420_025, DF465_025, DF470_025","","A","","","","","","","","","","","","","","","","0","doro, mount, 866, foam, double, sided, tape, double sided, double sided tape, foam tape, double sided foam tape, foam double sided tape, doro-mount, doromount, doro mount, ","","","1703167523","0","","0","","CHECKBOX"
"DM867_012","Doro-Mount 867 :: 12mm x 50m","86712","Doro_Tape","10","7","DEFAULT","","","","","0","Doro-Mount 867 is a high performance 0.8mm foam tape with a solvent acrylic adhesive. Designed primarily for the installation of exterior signage onto smooth and slightly uneven surfaces.","<html>

<head><title>Doro-Mount 867 : 12mm x 50m</title></head>

<body>

<p>Doro-Mount 867 is a high performance 0.8mm black foam double sided tape with a solvent acrylic adhesive.</p>

<span style=""font-weight: bold; color: #d7328a;"">Structure:</span><br>
<ul><li>800<span>&#181;</span>m Black PE foam tape</li>
<li>Solvent acrylic adhesive</li>
<li>White PE paper - 110gm<sup>2</sup>
</li></ul>

<span style=""font-weight: bold; color: #d7328a;"">Suitability:</span><br>
<ul><li>Suitable for indoor and outdoor mounting applications</li>
<li>Designed primarily for the mounting of exterior signage onto smooth and slightly uneven surfaces</li>
<li>Ideal for use on metals, plastics, perspex, glass, wood and painted surfaces
</li></ul>

<span style=""font-weight: bold; color: #d7328a;"">Advantages:</span><br>
<ul><li>Excellent ageing, UV and chemical resistance</li>
<li>High tack with good adhesion and cohesion</li>
<li>High grab for instant adhesion</li>
<li>Crosslinked closed cell black PE foam - 96g/m2</li>
<li>Compression assists when used on slightly uneven surfaces</li>
<li>Remains stable under temperature fluctuations and UV light
</li></ul>

<span style=""font-weight: bold; color: #d7328a;"">Technical Information:</span><br>
<ul>
<a href=""media/ecom/pdfs/datasheets/Doro-Mount-867.pdf"" target=""_blank""><img style=""border: 0px solid ; width: 200px; height: 60px;"" alt=""Doro-Mount 867 Datasheet""
src=""media/ecom/onpagegraphics/Datasheet.png""></a></ul><br>

<p><b>Prices are per 50m roll</b></p>

</body>

</html>","867.jpg","867.png, 867.jpg","INVITEMS","DEFAULT-DM867_012-DEFAULT-DM867_012","","","0","0","0","","1","REGONLY","0","0","0","0","","","","SELECT","SELECT","0","","","","","0","0","","income-service","","","0","0","","","","","3325_DM867","3325_DM867","","","0","DB881_019, DB895_019, DF3900_019, DF420_019, DF4402_019, DF465_019, DF470_019, IPA_100, Olfa_Graphic_Cutter, Olfa_X_Design_Heavy_Duty_Knife, Swann_Morton_3_Handle, Swann_Morton_10A_Blades,","IPA_100, Olfa_Graphic_Cutter, Olfa_X_Design_Heavy_Duty_Knife, Swann_Morton_3_Handle, Swann_Morton_10A_Blades,","A","","","","","","","","","","","","","","","","0","doro, mount, 867, foam, double, sided, tape, double sided, double sided tape, foam tape, double sided foam tape, foam double sided tape, doro-mount, doromount, doro mount, ","","","1736437533","0","","0","","CHECKBOX"
"DM867_019","Doro-Mount 867 :: 19mm x 50m","86719","Doro_Tape","20","11","DEFAULT","","","","","0","Doro-Mount 867 is a high performance 0.8mm foam tape with a solvent acrylic adhesive. Designed primarily for the installation of exterior signage onto smooth and slightly uneven surfaces.","<html>

<head><title>Doro-Mount 867 : 19mm x 50m</title></head>

<body>

<p>Doro-Mount 867 is a high performance 0.8mm black foam double sided tape with a solvent acrylic adhesive.</p>

<span style=""font-weight: bold; color: #d7328a;"">Structure:</span><br>
<ul><li>800<span>&#181;</span>m Black PE foam tape</li>
<li>Solvent acrylic adhesive</li>
<li>White PE paper - 110gm<sup>2</sup>
</li></ul>

<span style=""font-weight: bold; color: #d7328a;"">Suitability:</span><br>
<ul><li>Suitable for indoor and outdoor mounting applications</li>
<li>Designed primarily for the mounting of exterior signage onto smooth and slightly uneven surfaces</li>
<li>Ideal for use on metals, plastics, perspex, glass, wood and painted surfaces
</li></ul>

<span style=""font-weight: bold; color: #d7328a;"">Advantages:</span><br>
<ul><li>Excellent ageing, UV and chemical resistance</li>
<li>High tack with good adhesion and cohesion</li>
<li>High grab for instant adhesion</li>
<li>Crosslinked closed cell black PE foam - 96g/m2</li>
<li>Compression assists when used on slightly uneven surfaces</li>
<li>Remains stable under temperature fluctuations and UV light
</li></ul>

<span style=""font-weight: bold; color: #d7328a;"">Technical Information:</span><br>
<ul>
<a href=""media/ecom/pdfs/datasheets/Doro-Mount-867.pdf"" target=""_blank""><img style=""border: 0px solid ; width: 200px; height: 60px;"" alt=""Doro-Mount 867 Datasheet""
src=""media/ecom/onpagegraphics/Datasheet.png""></a></ul><br>

<p><b>Prices are per 50m roll</b></p>

</body>

</html>","867.jpg","867.jpg","INVITEMS","DEFAULT-DM867_019-DEFAULT-DM867_019","","","0","0","0","","1","REGONLY","0","0","0","0","","","","SELECT","SELECT","0","","","","","0","0","","income-service","","","0","0","","","","","3325_DM867","3325_DM867","","","0","DB881_019, DB895_019, DF3900_019, DF420_019, DF4402_019, DF465_019, DF470_019, IPA_100, Olfa_Graphic_Cutter, Olfa_X_Design_Heavy_Duty_Knife, Swann_Morton_3_Handle, Swann_Morton_10A_Blades,","IPA_100, Olfa_Graphic_Cutter, Olfa_X_Design_Heavy_Duty_Knife, Swann_Morton_3_Handle, Swann_Morton_10A_Blades,","A","","","","","","","","","","","","","","","","0","doro, mount, 866, foam, double, sided, tape, double sided, double sided tape, foam tape, double sided foam tape, foam double sided tape, doro-mount, doromount, doro mount, ","","","1736437779","0","","0","","CHECKBOX"
"DM867_025","Doro-Mount 867 :: 25mm x 50m","86725","Doro_Tape","30","14","DEFAULT","","","","","0","Doro-Mount 867 is a high performance 0.8mm foam tape with a solvent acrylic adhesive. Designed primarily for the installation of exterior signage onto smooth and slightly uneven surfaces.","<html>

<head><title>Doro-Mount 867 : 25mm x 50m</title></head>

<body>

<p>Doro-Mount 867 is a high performance 0.8mm black foam double sided tape with a solvent acrylic adhesive.</p>

<span style=""font-weight: bold; color: #d7328a;"">Structure:</span><br>
<ul><li>800<span>&#181;</span>m Black PE foam tape</li>
<li>Solvent acrylic adhesive</li>
<li>White PE paper - 110gm<sup>2</sup>
</li></ul>

<span style=""font-weight: bold; color: #d7328a;"">Suitability:</span><br>
<ul><li>Suitable for indoor and outdoor mounting applications</li>
<li>Designed primarily for the mounting of exterior signage onto smooth and slightly uneven surfaces</li>
<li>Ideal for use on metals, plastics, perspex, glass, wood and painted surfaces
</li></ul>

<span style=""font-weight: bold; color: #d7328a;"">Advantages:</span><br>
<ul><li>Excellent ageing, UV and chemical resistance</li>
<li>High tack with good adhesion and cohesion</li>
<li>High grab for instant adhesion</li>
<li>Crosslinked closed cell black PE foam - 96g/m2</li>
<li>Compression assists when used on slightly uneven surfaces</li>
<li>Remains stable under temperature fluctuations and UV light
</li></ul>

<span style=""font-weight: bold; color: #d7328a;"">Technical Information:</span><br>
<ul>
<a href=""media/ecom/pdfs/datasheets/Doro-Mount-867.pdf"" target=""_blank""><img style=""border: 0px solid ; width: 200px; height: 60px;"" alt=""Doro-Mount 867 Datasheet""
src=""media/ecom/onpagegraphics/Datasheet.png""></a></ul><br>

<p><b>Prices are per 50m roll</b></p>

</body>

</html>","867.jpg","867.jpg","INVITEMS","DEFAULT-DM867_025-DEFAULT-DM867_025","","","0","0","0","","1","REGONLY","0","0","0","0","","","","SELECT","SELECT","0","","","","","0","0","","income-service","","","0","0","","","","","3325_DM867","3325_DM867","","","0","DB881_025, DB895_025, DF3900_025, DF420_025, DF465_025, DF470_025, IPA_100, Olfa_Graphic_Cutter, Olfa_X_Design_Heavy_Duty_Knife, Swann_Morton_3_Handle, Swann_Morton_10A_Blades,","IPA_100, Olfa_Graphic_Cutter, Olfa_X_Design_Heavy_Duty_Knife, Swann_Morton_3_Handle, Swann_Morton_10A_Blades,","A","","","","","","","","","","","","","","","","0","doro, mount, 866, foam, double, sided, tape, double sided, double sided tape, foam tape, double sided foam tape, foam double sided tape, doro-mount, doromount, doro mount, ","","","1736437909","0","","0","","CHECKBOX"
"Double-Sided-Edge-It-Tape","Double Edge-It Tape","D-EDGE","Doro_Tape","20","23","DEFAULT","","","","","0","Double Sided Hemming / Reinforcing Tape for use on Banner & Mesh. Roll size - 40mm x 25m","<html>
<head>
<title>Double Edge-It Tape</title>
<img style=""width: 250px; height: 93px;"" alt=""Edge-It Tape Logo""
 src=""media/ecom/onpagegraphics/Edge-It_Logo.png""><br>
<br>
<h3>Double Sided Hemming / Reinforcing Tape for use on Banner & Mesh</h3>
<ul>
  <li>Strong & Flexible</li>
  <li>Perfect for Eyeletting</li>
  <li>Quick & Easy to apply</li>
<li>Will work at temperatures of between -20<sup>o</sup>C to 70<sup>o</sup>C</li>
  <li>High Quality Adhesive</li>
<li>Excellent resistance to UV light, chemicals and external weather conditions</li>
  <li>Cross-Weave for Increased Strength</li>
<Designed for long term use</li>
<br>
<a ><img
style=""border: 0px solid ; width: 50px; height: 50px;"" alt=""fyi""
src=""media/ecom/onpagegraphics/FYI.png""></a>
<p style=""color:rgb(84,84,84)""><b>Application</b></p>
<p style=""color:rgb(244,7,138)""><i>Apply using pressure to the back of your printed banner allowing for a folded hem.</i></p>
<p style=""color:rgb(84,84,84)""><b>Storage & Transportation</b></p>
<p style=""color:rgb(244,7,138)""><i>Make sure that the banner is rolled with the print side facing out to minimise fluting</i></p><br>
<a href=""media/ecom/pdfs/datasheets/Double-Edge-It.pdf"" target=""_blank""><img
style=""border: 0px solid ; width: 200px; height: 60px;"" alt=""Double Edge-It Tape Technical Data Sheet""
src=""media/ecom/onpagegraphics/Datasheet.png""></a>
</ul>
<p><b>Prices shown are per 40mm x 25m roll</b></p>
</body>
</html>

","Edge-It.png","Edge-It.png","INVITEMS","DEFAULT-Double-Sided-Edge-It-Tape-DEFAULT-Double-Sided-Edge-It-Tape","","","0","0","0","","1","REGONLY","0","0","0","0","","","","SELECT","SELECT","0","","","","","0","0","","income-service","","","0","0","","","","","Banner_Fixings","Banner_Fixings, Double-Sided-Tape","","","0","Edge_Tabs, Power_Punch, Power_Tabs","","A","","","","","","","","","","","","","","","","0","double edge it, double edge-it, hem, hemming, banner hemming","","","1569404655","0","","0","","CHECKBOX"
"Double-White-Window-Block-Aslan-DFP25","ASLAN DFP25 Double White Window Block","DFP25","Aslan","110","0","DEFAULT","","","","","0","Double White Window Block is a white vinyl with a black middle and white removable adhesive. Ideal for backing up those reverse printed window graphics to give complete opacity
and a white finish.  Fire Rated to Euroclass DIN EN 13501-1:2018 with classification C-s1-d0. Prices are per roll.














","<html>

<head><title>ASLAN DFP25 Double White Window Block</title></head>
<body><img style=""height: 53px; width: 250px;"" alt=""Aslan logo""
src=""media/ecom/onpagegraphics/ASLAN_Logo_New.jpg""><br><br>

<p>ASLAN DFP25 Double White Window Block is a 160 micron white vinyl with a black middle and white removable adhesive. Ideal for backing up those reverse printed window graphics to give complete opacity and a white finish.</p>

<span style=""font-weight: bold; color: #d7328a;"">Structure:</span><br>
<ul><li>160<span>&#181;</span>m White gloss polymeric PVC</li>
<li>Water based acrylic adhesive - Removeable</li>
<li>Two sided PE coated siliconised paper liner - 144g/m<sup>2</sup>
</li></ul>

<span style=""font-weight: bold; color: #d7328a;"">Suitability:</span><br>
<ul>
<li>Perfect for creating window graphics</li>
<li>Can be used to created double sided window graphics</li>
<li>Up to 3 years durability (unprinted)</li>
<li>Dry or wet application</li></ul>

<span style=""font-weight: bold; color: #d7328a;"">Advantages:</span><br>
<ul><li>High level of opacity so digital prints don't shine through</li>
<li>Removeable adhesive for clean removability</li>
<li>Can be used in conjunction with a reverse printed clear vinyl to give a double sided window graphic</li>
<li>Suitable for indoor and outdoor applications</li>
<li>Fire Rated to Euroclass DIN EN 13501-1:2018 with classification C-s1-d0
</li></ul>

<span style=""font-weight: bold; color: #d7328a;"">Ink Compatibility:</span><br>
<ul>
<img style=""margin: 0px 5px 0px 0px; width: 15px; height: 25px;"" alt=""Eco-Sol Ink""
src=""media/ecom/onpagegraphics/Ink-EcoSol.png"">Eco-solvent &nbsp;&nbsp;
<img style=""margin: 0px 5px 0px 0px; width: 15px; height: 25px;"" alt=""Latex""
src=""media/ecom/onpagegraphics/Ink-Latex.png"">Latex &nbsp;&nbsp;
<img style=""margin: 0px 5px 0px 0px; width: 15px; height: 25px;"" alt=""UV Ink""
src=""media/ecom/onpagegraphics/Ink-UV.png"">UV</ul>

<span style=""font-weight: bold; color: #d7328a;"">Technical Information:</span><br>
<ul>
<a href=""media/ecom/pdfs/datasheets/WindowBlock_ASLAN_DFP25_e.pdf"" target=""_blank""><img
style=""border: 0px solid ; width: 200px; height: 60px;"" alt=""Aslan DFP25 Datasheet""
src=""media/ecom/onpagegraphics/Datasheet.png""></a>
<a href=""media/ecom/pdfs/firecertificates/Classification Report WindowBlock ASLAN DFP 25_EN 13501-1.pdf"" target=""_blank""><img
style=""border: 0px solid ; width: 200px; height: 60px;"" alt=""Aslan DFP25 Fire Certificate""
src=""media/ecom/onpagegraphics/Fire.png""></a>
<a href=""https://www.dorotape.co.uk/Print-Profiles-User-Guide""
target=""_blank""><img style=""width: 200px; height: 60px;"" alt=""printing profile guide""
src=""media/ecom/onpagegraphics/Profile.png""></a></ul>

<p style=""font-weight: bold; font-size: 1.0em;"">Prices shown are per roll at 1370mm wide</p>
</body>

</html>","DWWB.jpg","DWWB.jpg, DWWB-Store.jpg","INVITEMS","DEFAULT-Double-White-Window-Block-Aslan-DFP25-DEFAULT-Double-White-Window-Block-Aslan-DFP25","","","0","0","0","","1","REGONLY","0","0","0","0","","","","SELECT","SELECT","0","","","","","0","0","","income-service","","","0","0","","","https://www.youtube.com/embed/7FP4bisPT2o","","Digital_Print_Window_Film","Digital_Print_Window_Film, 1425_W15BO","","","0","Blue_Max, Fusion_5, Olfa_Graphic_Cutter, Olfa_X_Design_Heavy_Duty_Knife, Lint-Free-Gloves, Masking_Tape_25mm, Aslan_Squeegee, Swann_Morton_3_Handle, Swann_Morton_10A_Blades, Float_On, IPA_100, Anti_Static_Cleaner,","Blue_Max, Fusion_5, Olfa_Graphic_Cutter, Olfa_X_Design_Heavy_Duty_Knife, Lint-Free-Gloves, Masking_Tape_25mm, Aslan_Squeegee, Swann_Morton_3_Handle, Swann_Morton_10A_Blades, Float_On, IPA_100, Anti_Static_Cleaner,","A","superuser","ADHESIVE_REMOVABLE","GRADE_MONOMERIC","SUITABILITY_WINDOW","","","","","","","","","","","ASLAN-DFP25","0","DWWB, double white window block, dfp25, aslan, window film, window graphics, blockout, 





































","","","1489748368","0","","0","","CHECKBOX"
"Dry-Wipe-Film","Dry Wipe Film","DRYWIPELAM","Doro_Tape","60","0","DEFAULT","","","","","0","An economical self-adhesive 50 micron clear PP film (PVC Free) for creating whiteboards as well as laminating digital prints where dry wipe markings need to be erased easily.  Also suitable for use on UV digitally printed images and often used as a environmentally friendly laminate.  Prices are per roll.




























","<html>

<head><title>Dry Wipe Laminate</title></head>
<body>

<p>Dry-Wipe Laminate is a 50µ gloss clear PP film (PVC Free), suitable for over-lamination of all ink types including UV and HP latex inks. The 50 micron  film can be written on without ghosting or staining the surface.</p>

<span style=""font-weight: bold; color: #d7328a;"">Structure:</span><br>
<ul><li>50<span>&#181;</span>m Polypropylene</li>
<li>Water based acrylic adhesive - Permanent</li>
<li>White kraft PE coated liner - 70g/m<sup>2</sup>
</li></ul>

<span style=""font-weight: bold; color: #d7328a;"">Suitability:</span><br>
<ul><li>Ideal for laminating digital prints used in printed whiteboard applications</li>
<li>Designed for short-term indoor anti-graffiti purposes</li>
<li>Suitable for general paper and poster lamination</li>
<li>Compatible with eco-solvent, solvent, UV, latex, and HP latex inks</li>
<li>Not suitable for over laminating plasticized PVC
</li></ul>

<span style=""font-weight: bold; color: #d7328a;"">Advantages:</span><br>
<ul><li>Features a high-gloss finish with an inert surface</li>
<a><img style=""margin: 5px; width: 75px; height: 75px; float: right;"" alt=""pvc free""
src=""media/ecom/onpagegraphics/PVC_free_logo.png""></a>
<li>Offers long-lasting durability</li>
<li>PVC free for environmentally friendly solutions</li>
<li>Available in three widths to accommodate various print sizes
</li><br><img style=""border: 0px solid ; width: 50px; height: 50px; alt=""reward points logo""
src=""media/ecom/onpagegraphics/Reward_Logo.png""><span style=""font-weight: bold; color: #ef7d00;"">Earn Reward Points every time you buy this product</span></ul><br>

<span style=""font-weight: bold; color: #d7328a;"">Technical Information:</span><br>
<ul>
<a href=""media/ecom/pdfs/datasheets/Eco_Dry_Wipe.pdf"" target=""_blank""><img style=""border: 0px solid ; width: 200px; height: 60px;"" alt=""Dry Wipe Laminate Datasheet""
src=""media/ecom/onpagegraphics/Datasheet.png""></a></ul>

<p style=""font-weight: bold; font-size: 1.0em;"">Prices shown are per 100 metre roll</p>

</body>

</html>
","Dry-Wipe-Film.jpg","Dry-Wipe-Film.jpg","INVITEMS","DEFAULT-Dry-Wipe-Film-DEFAULT-Dry-Wipe-Film","","","0","0","0","","1","REGONLY","0","0","0","0","","","","SELECT","SELECT","0","","","","","0","0","","income-service","","","0","0","","","","","Dry-Wipe-Laminate","Anti_Graffiti_laminate, Blackboard_Whiteboard, Dry-Wipe-Laminate, PVC_Free_Laminates, UVC-Laminates","","","0","Aslan_WB995_Whiteboard_1370, Aslan_WBL995_Whiteboard_1370, Lint-Free-Cloths, Aslan_Red_Devil_Squeegee, Olfa_X_Design_Heavy_Duty_Knife, Lint-Free-Gloves, Masking_Tape_25mm, Aslan-Gold-Soft-Squeegee, Olfa_Graphic_Cutter, Swann_Morton_3_Handle, Swann_Morton_10A_Blades, Aslan_Squeegee, Application_Gloves,","Lint-Free-Cloths, Aslan_Red_Devil_Squeegee, Olfa_X_Design_Heavy_Duty_Knife, Lint-Free-Gloves, Masking_Tape_25mm, Aslan-Gold-Soft-Squeegee, Olfa_Graphic_Cutter, Swann_Morton_3_Handle, Swann_Morton_10A_Blades, Aslan_Squeegee, Application_Gloves,","A","superuser","ADHESIVE_PERMANENT","GRADE_POLYPROPYLENE","SUITABILITY_CLEARBOARD","","","","","","","","","","","Dry-Wipe-Laminate","0","dry wipe, anti graffiti, laminate, dry erase, erase, whiteboard







xerox,d-jet 100,




























","","","1490034264","0","","0","","CHECKBOX"
"Dunlop_Squeegee","Dunlop Squeegee","S.11","SOTT","131","3","DEFAULT","","","","","0","Strong and sturdy one piece plastic squeegee from Dunlop with a 280mm blade perfect for wet application of glass etch and other window films.","<html>

<title><head>Dunlop Squeegee</title></head>

<body>

<p>Strong and sturdy one piece plastic squeegee from Dunlop with a 280mm blade perfect for wet application of glass etch and other window films.</p>

</body>

</html>","Dunlop_Squeegee.png","Dunlop_Squeegee.png","INVITEMS","DEFAULT-Dunlop_Squeegee-DEFAULT-Dunlop_Squeegee","","","0","0","0","","1","REGONLY","0","0","0","0","","","","SELECT","SELECT","0","","","","","0","0","","income-service","","","0","0","","","","","Cleaners_Cleaning_Tools","Application_Tools, Cleaners_Cleaning_Tools","","","0","","","A","","","","","","","","","","","","","","","","0","dunlop, squeegee, application, wet","","","1647261518","0","","0","","CHECKBOX"
"D_Fabric","D-Fabric 110gsm","D-FABRIC1101370","Doro_Tape","70","168","DEFAULT","","","","","0","A light and durable 110gsm polyester fabric with a matt water resistant coating, for a wide range of applications including printed retail backdrops as well as hanging displays and drapes for exhibitions and theatre. Roll size 1370mm x 45m","<html>

<head><title>D-Fabric</title></head>
<body>
<p>A light and durable 110gsm polyester fabric with a matt water resistant coating, for a wide range of applications.</p>
<a><img style=""border: 0px solid ; width: 75px; height: 75px; float: right;"" alt=""pvc free""
src=""media/ecom/onpagegraphics/PVC_free_logo.png""></a>
<span style=""font-weight: bold; color: #d7328a;"">Structure:</span><br>
<ul><li>110<span>g/m<sup>2</sup></span> Polyester fabric
</li></ul>

<span style=""font-weight: bold; color: #d7328a;"">Suitability:</span><br>
<ul><li>Retail display backdrops</li>
<li>Drapes for theatres, tv and film sets</li>
<li>Exhibition systems</li>
<li>Hanging banners</li>
<li>Window blinds</li>
<li>Promotional and party tablecloths
</li></ul>

<span style=""font-weight: bold; color: #d7328a;"">Advantages:</span><br>
<ul><li>Lightweight</li>
<li>Water resistant</li>
<li>PVC Free
</li></ul>


<span style=""font-weight: bold; color: #d7328a;"">Ink Compatibility:</span><br>
<ul>
<img style=""margin: 0px 5px 0px 0px; width: 15px; height: 25px;"" alt=""Eco-Sol Ink""
src=""media/ecom/onpagegraphics/Ink-EcoSol.png"">Eco-solvent &nbsp;&nbsp;
<img style=""margin: 0px 5px 0px 0px; width: 15px; height: 25px;"" alt=""Latex""
src=""media/ecom/onpagegraphics/Ink-Latex.png"">Latex &nbsp;&nbsp;
<img style=""margin: 0px 5px 0px 0px; width: 15px; height: 25px;"" alt=""UV Ink""
src=""media/ecom/onpagegraphics/Ink-UV.png"">UV</ul>

<span style=""font-weight: bold; color: #d7328a;"">Technical Information:</span><br>
<ul>
<a href=""media/ecom/pdfs/datasheets/D-Fabric.pdf"" target=""_blank""><img
style=""border: 0px solid ; width: 200px; height: 60px;"" alt=""D-Fabric Datasheet""
src=""media/ecom/onpagegraphics/Datasheet.png""></a>
<a href=""https://www.dorotape.co.uk/Print-Profiles-User-Guide""
target=""_blank""><img style=""width: 200px; height: 60px;"" alt=""printing profile guide""
src=""media/ecom/onpagegraphics/Profile.png""></a></ul>
<p style=""font-weight: bold; font-size: 0.9em;"">Prices shown are per 45 metre roll at 1370mm wide</p>
</body>

</html>","DFabric.jpg","DFabric.jpg","INVITEMS","DEFAULT-D_Fabric-DEFAULT-D_Fabric","","","0","0","0","","1","REGONLY","0","0","0","0","","","","SELECT","SELECT","0","","","","","0","0","","income-service","","","0","0","","FREESHIPPING","","","PVC_Free_Media","Digital_Print_Fabric, PVC_Free_Media","","","0","Silicone-Keder","","A","superuser","ADHESIVE_NON","GRADE_FABRIC","SUITABILITY_INDOOR, SUITABILITY_OUTDOOR_SHORT","","","","","","","","","","","","0","fabric,digital fabrics,printable fabric,digitally printable fabric,large format printable fabric,digital fabric,backdrop,drape,





















poster paper,semi gloss paper,200gsm paper,printable paper,




","","","1490004620","0","","0","","CHECKBOX"
"D_Jet_100","D-Jet 100 - 4 Year Digital Vinyl","DJ100","DEFAULT","140","0","DEFAULT","","","","","0","D-Jet 100 is a high quality 4 year digital print vinyl from a leading German manufacturer. Perfect for creating short to medium term graphics, indoor graphics and signs as well as outdoor graphics and signage on flat or slightly curved surfaces. Available in three different finishes, all fire Rated to Euroclass DIN EN 13501-1:2019-05 with classification B-s1-d0


























","<html>


<head><title>D-Jet 100</title></head>
<body>
<p>D-Jet 100 is a high quality 4 year digital print vinyl from a leading German manufacturer. Available in Gloss White, Matt White (both with grey adhesive) as well as Clear Gloss.</p>

<span style=""font-weight: bold; color: #d7328a;"">Structure:</span><br>
<ul><li>100<span>&#181;</span>m monomeric soft PVC</li>
<li>Acrylic adhesive - Permanent</li>
<li>Silicone coated paper liner - 135g/m<sup>2</sup>
</li></ul>

<span style=""font-weight: bold; color: #d7328a;"">Suitability:</span><br>
<ul><li>Perfect for creating short to medium term graphics on flat or slightly curved surfaces</li>
<li>Suitable for indoor and outdoor signage, exhibition and event graphics as well as for short term vehicle graphics</li>
<li>Suitable for dry and wet application</li>
<li>Up to 4 years durability (unprinted)
</li></ul>

<span style=""font-weight: bold; color: #d7328a;"">Advantages:</span><br>
<ul><li>Soft face film means easy weeding</li>
<li>Excellent lay flat properties</li>
<li>Consistantly high quality from top name German manufacturer Orafol</li>
<li>Fire Rated to Euroclass DIN EN 13501-1:2019-05 with classification B-s1-d0</li><br>
<img style=""border: 0px solid ; width: 50px; height: 50px; alt=""reward points logo""
src=""media/ecom/onpagegraphics/Reward_Logo.png""><span style=""font-weight: bold; color: #ef7d00;"">Earn Reward Points every time you buy this product</span></ul>

<span style=""font-weight: bold; color: #d7328a;"">Ink Compatibility:</span><br>
<ul>
<img style=""margin: 0px 5px 0px 0px; width: 15px; height: 25px;"" alt=""Eco-Sol Ink""
src=""media/ecom/onpagegraphics/Ink-EcoSol.png"">Eco-solvent &nbsp;&nbsp;
<img style=""margin: 0px 5px 0px 0px; width: 15px; height: 25px;"" alt=""Latex""
src=""media/ecom/onpagegraphics/Ink-Latex.png"">Latex &nbsp;&nbsp;
<img style=""margin: 0px 5px 0px 0px; width: 15px; height: 25px;"" alt=""UV Ink""
src=""media/ecom/onpagegraphics/Ink-UV.png"">UV</ul>


<span style=""font-weight: bold; color: #d7328a;"">Technical Information:</span><br>
<ul>
<a href=""media/ecom/pdfs/datasheets/ORAJET_3164.pdf"" target=""_blank""><img
style=""border: 0px solid ; width: 200px; height: 60px;"" alt=""D-Jet 100 Datasheet""
src=""media/ecom/onpagegraphics/Datasheet.png""></a>
<a href=""media/ecom/pdfs/firecertificates/ORAJET_3164_Fire_Certificate.pdf"" target=""_blank""><img
style=""border: 0px solid ; width: 200px; height: 60px;"" alt=""D-Jet 100 Fire Certificate""
src=""media/ecom/onpagegraphics/Fire.png""></a>
<a href=""https://www.dorotape.co.uk/Print-Profiles-User-Guide""
target=""_blank""><img style=""width: 200px; height: 60px;"" alt=""printing profile guide""
src=""media/ecom/onpagegraphics/Profile.png""></a></ul>

<p style=""font-weight: bold; font-size: 1.0em;"">Prices shown are per 50 metre roll</p>

</body>

</html>





","D-Jet-100.jpg","D-Jet-100.jpg","INVITEMS","DEFAULT-D_Jet_100-DEFAULT-D_Jet_100","","","0","0","0","","1","REGONLY","0","0","0","0","","","","SELECT","SELECT","0","","","","","0","0","","income-service","","","0","0","","","","","Digital_Vinyl_Medium_Term","Digital_Vinyl_Medium_Term","","","0","Aslan_Red_Devil_Squeegee, Olfa_X_Design_Heavy_Duty_Knife, Lint-Free-Gloves, Masking_Tape_25mm, Aslan-Gold-Soft-Squeegee, Olfa_Graphic_Cutter, Swann_Morton_3_Handle, Swann_Morton_10A_Blades, Aslan_Squeegee, Float_On","Aslan_Red_Devil_Squeegee, Olfa_X_Design_Heavy_Duty_Knife, Lint-Free-Gloves, Masking_Tape_25mm, Aslan-Gold-Soft-Squeegee, Olfa_Graphic_Cutter, Swann_Morton_3_Handle, Swann_Morton_10A_Blades, Aslan_Squeegee, Float_On","A","superuser","ADHESIVE_GREY, ADHESIVE_PERMANENT","GRADE_MONOMERIC","SUITABILITY_FIRE, SUITABILITY_FLAT, SUITABILITY_OUTDOOR_MEDIUM, SUITABILITY_VEHICLE","","","","","","","","","","","D-Jet-100","0","xerox, d-jet 100, monomeric, digital vinyl, vinyl, digital,print, oracal, orajet, 3164







xerox,d-jet 100,




































","","","1489753111","0","","0","","CHECKBOX"
"D_Jet_100_R","D-Jet 100R - Removable 4 Year Digital Vinyl","DJ100R","DEFAULT","150","0","DEFAULT","","","","","0","D-Jet 100R is a high quality 4 year digital print vinyl with a removable adhesive from a leading German manufacturer. Perfect for creating short to medium term graphics, indoor graphics and signs as well as outdoor graphics and signage on flat or slightly curved surfaces. Available in three different finishes, all fire Rated to Euroclass DIN EN 13501-1:2019-05 with classification B-s1-d0



























","<html>

<head><title>D-Jet 100 Removable</title></head>
<body>
<p>D-Jet 100R is a high quality 4 year digital print vinyl with a removable adhesive from a leading German manufacturer. Available in Gloss White, Matt White and Clear Gloss.</p>

<span style=""font-weight: bold; color: #d7328a;"">Structure:</span><br>
<ul><li>100<span>&#181;</span>m monomeric soft PVC</li>
<li>Acrylic adhesive - Removable</li>
<li>Silicone coated paper liner - 135g/m<sup>2</sup>
</li></ul>

<span style=""font-weight: bold; color: #d7328a;"">Suitability:</span><br>
<ul><li>Perfect for creating short to medium term graphics on flat or slightly curved surfaces</li>
<li>Suitable for indoor and outdoor signage, exhibition and event graphics</li>
<li>Suitable for dry and wet application</li>
<li>Up to 4 years durability (unprinted)
</li></ul>

<span style=""font-weight: bold; color: #d7328a;"">Advantages:</span><br>
<ul><li>Soft face film means easy weeding</li>
<li>Excellent lay flat properties</li>
<li>Consistantly high quality from top name German manufacturer Orafol</li>
<li>Fire Rated to Euroclass DIN EN 13501-1:2019-05 with classification B-s2-d0</li><br>
<img style=""border: 0px solid ; width: 50px; height: 50px; alt=""reward points logo""
src=""media/ecom/onpagegraphics/Reward_Logo.png""><span style=""font-weight: bold; color: #ef7d00;"">Earn Reward Points every time you buy this product</span></ul>

<span style=""font-weight: bold; color: #d7328a;"">Ink Compatibility:</span><br>
<ul>
<img style=""margin: 0px 5px 0px 0px; width: 15px; height: 25px;"" alt=""Eco-Sol Ink""
src=""media/ecom/onpagegraphics/Ink-EcoSol.png"">Eco-solvent &nbsp;&nbsp;
<img style=""margin: 0px 5px 0px 0px; width: 15px; height: 25px;"" alt=""Latex""
src=""media/ecom/onpagegraphics/Ink-Latex.png"">Latex &nbsp;&nbsp;
<img style=""margin: 0px 5px 0px 0px; width: 15px; height: 25px;"" alt=""UV Ink""
src=""media/ecom/onpagegraphics/Ink-UV.png"">UV</ul>


<span style=""font-weight: bold; color: #d7328a;"">Technical Information:</span><br>
<ul>
<a href=""media/ecom/pdfs/datasheets/ORAJET_3162.pdf"" target=""_blank""><img
style=""border: 0px solid ; width: 200px; height: 60px;"" alt=""D-Jet 100 Removable Datasheet""
src=""media/ecom/onpagegraphics/Datasheet.png""></a>
<a href=""media/ecom/pdfs/firecertificates/ORAJET_3162_Fire_Certificate.pdf"" target=""_blank""><img
style=""border: 0px solid ; width: 200px; height: 60px;"" alt=""D-Jet 100 Removable Fire Certificate""
src=""media/ecom/onpagegraphics/Fire.png""></a>
<a href=""https://www.dorotape.co.uk/Print-Profiles-User-Guide""
target=""_blank""><img style=""width: 200px; height: 60px;"" alt=""printing profile guide""
src=""media/ecom/onpagegraphics/Profile.png""></a></ul>

<p style=""font-weight: bold; font-size: 1.0em;"">Prices shown are per 50 metre roll</p>
</body>

</html>






","D-Jet-100.jpg","D-Jet-100.jpg","INVITEMS","DEFAULT-D_Jet_100_R-DEFAULT-D_Jet_100_R","","","0","0","0","","1","REGONLY","0","0","0","0","","","","SELECT","SELECT","0","","","","","0","0","","income-service","","","0","0","","","","","Digital_Vinyl_Medium_Term","Digital_Vinyl_Medium_Term","","","0","Aslan_Red_Devil_Squeegee, Olfa_X_Design_Heavy_Duty_Knife, Lint-Free-Gloves, Masking_Tape_25mm, Aslan-Gold-Soft-Squeegee, Olfa_Graphic_Cutter, Swann_Morton_3_Handle, Swann_Morton_10A_Blades, Aslan_Squeegee, Float_On","Aslan_Red_Devil_Squeegee, Olfa_X_Design_Heavy_Duty_Knife, Lint-Free-Gloves, Masking_Tape_25mm, Aslan-Gold-Soft-Squeegee, Olfa_Graphic_Cutter, Swann_Morton_3_Handle, Swann_Morton_10A_Blades, Aslan_Squeegee, Float_On","A","superuser","ADHESIVE_REMOVABLE","GRADE_MONOMERIC","SUITABILITY_FIRE, SUITABILITY_FLAT, SUITABILITY_OUTDOOR_SHORT","","","","","","","","","","","D-Jet-100-Removable","0","xerox, d-jet 100, monomeric, digital vinyl, vinyl, digital,print, orajet, oracal







xerox,d-jet 100,




































","","","1489753195","0","","0","","CHECKBOX"
"D_Jet_200","D-Jet 200 - Thick and easy to apply","DJ200","Intercoat","50","153","DEFAULT","","","","","0","This superb white gloss semi rigid vinyl has a very high tack permanent adhesive. It is ideal for use on flat surfaces and because of its thickness it is extremely easy to apply. The high tack adhesive bonds well to most substrates making this a popular choice for Health & Safety signage and POS. Price shown is per 1400mm x 25m roll","<html>

<head><title>D-Jet 200</title></head>
<body>
<p>This superb white gloss semi rigid vinyl has a very high tack permanent adhesive and is ideal for use on flat surfaces and because of its thickness it is extremely easy to apply.</p>

<span style=""font-weight: bold; color: #d7328a;"">Structure:</span><br>
<ul><li>180<span>&#181;</span>m White gloss PVC</li>
<li>Water based acrylic adhesive - Permanent</li>
<li>Siliconised kraft paper liner  - 135g/m<sup>2</sup>
</li></ul>

<span style=""font-weight: bold; color: #d7328a;"">Suitability:</span><br>
<ul><li>Designed for short term graphics and signage on smooth flat surfaces</li>
<li>Adheres well to apolar surfaces</li>
<li>A great choice for POS and shelf edges</li>
<li>Up to 2 years durability (unprinted)
</li></ul>

<span style=""font-weight: bold; color: #d7328a;"">Advantages:</span><br>
<ul><li>Semi rigid thickness allows for easy handling and applying</li>
<li>Excellent lay flat properties</li>
<li>Adheres well to apolar surfaces</li><br>
<img style=""border: 0px solid ; width: 50px; height: 50px; alt=""reward points logo""
src=""media/ecom/onpagegraphics/Reward_Logo.png""><span style=""font-weight: bold; color: #ef7d00;"">Earn Reward Points every time you buy this product</span></ul>

<span style=""font-weight: bold; color: #d7328a;"">Ink Compatibility:</span><br>
<ul>
<img style=""margin: 0px 5px 0px 0px; width: 15px; height: 25px;"" alt=""Eco-Sol Ink"" src=""media/ecom/onpagegraphics/Ink-EcoSol.png"">Eco-solvent &nbsp;&nbsp;
<img style=""margin: 0px 5px 0px 0px; width: 15px; height: 25px;"" alt=""Latex"" src=""media/ecom/onpagegraphics/Ink-Latex.png"">Latex &nbsp;&nbsp;
<img style=""margin: 0px 5px 0px 0px; width: 15px; height: 25px;"" alt=""UV Ink"" src=""media/ecom/onpagegraphics/Ink-UV.png"">UV</ul>

<span style=""font-weight: bold; color: #d7328a;"">Technical Information:</span><br>
<ul>
<a href=""media/ecom/pdfs/datasheets/D-Jet-200.pdf"" target=""_blank""><img style=""border: 0px solid ; width: 200px; height: 60px;"" alt=""D-Jet 200 Datasheet"" src=""media/ecom/onpagegraphics/Datasheet.png"">
</a><a href=""https://www.dorotape.co.uk/Print-Profiles-User-Guide""
target=""_blank""><img style=""width: 200px; height: 60px;"" alt=""printing profile guide""
src=""media/ecom/onpagegraphics/Profile.png""></a></ul>
<p style=""font-weight: bold; font-size: 0.9em;"">Prices shown are per 25 metre roll at 1400mm wide</p>
</body>

</html>","D-Jet-200.jpg","D-Jet-200.jpg","INVITEMS","DEFAULT-D_Jet_200-DEFAULT-D_Jet_200","","","0","0","0","","1","REGONLY","0","0","0","0","","","","SELECT","SELECT","0","","","","","0","0","","income-service","","","0","0","","FREESHIPPING","","","Digital_Vinyl_Short_Term","Digital_Vinyl_Short_Term, High_Tack_Digital_Print_Vinyl","","","0","Aslan_Red_Devil_Squeegee, Olfa_X_Design_Heavy_Duty_Knife, Lint-Free-Gloves, Masking_Tape_25mm, Aslan-Gold-Soft-Squeegee, Olfa_Graphic_Cutter, Swann_Morton_3_Handle, Swann_Morton_10A_Blades, Aslan_Squeegee, Float_On","Aslan_Red_Devil_Squeegee, Olfa_X_Design_Heavy_Duty_Knife, Lint-Free-Gloves, Masking_Tape_25mm, Aslan-Gold-Soft-Squeegee, Olfa_Graphic_Cutter, Swann_Morton_3_Handle, Swann_Morton_10A_Blades, Aslan_Squeegee, Float_On","A","superuser","ADHESIVE_HIGH_TACK, ADHESIVE_PERMANENT","GRADE_MONOMERIC","SUITABILITY_FLAT, SUITABILITY_OUTDOOR_SHORT, SUITABILITY_INDOOR","","","","","","","","","","","D-Jet-200","0","d-jet 200, high tack, 200u, 200 micron







xerox,d-jet 100,












































","","","1489748465","0","","0","","CHECKBOX"
"D_Paper_150","Digi-Paper 150","DIGPA150","DEFAULT","20","0","DEFAULT","","","","","0","Digi-Paper 150 is a recyclable semi-gloss FSC certified general purpose poster paper, great for creating photo realistic graphics for both indoor & outdoor applications. Remains strong in wet or humid conditions.






","<html>

<head><title>D-Paper 150</title></head>
<body>
<p>Digi-Paper 150 is a general purpose satin poster paper, great for creating photo realistic graphics for both indoor and enclosed outdoor applications.</p>

<a><img style=""margin: 5px; width: 75px; height: 75px; float: right;"" alt=""pvc free""
src=""media/ecom/onpagegraphics/PVC_free_logo.png""></a>

<a><img style=""margin: 5px; width: 75px; height: 75px; float: right;"" alt=""recyclable""
src=""media/ecom/onpagegraphics/Recyclable-Paper-Green-Logo.png""></a>

<a><img style=""margin: 5px; width: 85px; height: 85px; float: right;"" alt=""FSC""
src=""media/ecom/onpagegraphics/FSC-Logo.png""></a>

<span style=""font-weight: bold; color: #d7328a;"">Structure:</span><br>
<ul><li>150g/m<sup>2</sup> Satin (semi-matt) paper
</li></ul>

<span style=""font-weight: bold; color: #d7328a;"">Suitability:</span><br>
<ul><li>Posters, art prints, POS advertising and displays</li>
<li>Suitable for interior and enclosed exterior use i.e. clip frames</li>
<li>FSC&reg; Certified
</li></ul>

<span style=""font-weight: bold; color: #d7328a;"">Advantages:</span><br>
<ul><li>Quick drying</li>
<li>High white satin finish</li>
<li>96% opacity</li>
<li>Uniform surface</li>
<li>Excellent image quality with vivid colours</li>
<li>Strong and resistant to cracking and flaking</li>
<li>Acid free and chlorine free</li>
<li>Recyclable
</li><br>
<img style=""border: 0px solid ; width: 50px; height: 50px; alt=""reward points logo""
src=""media/ecom/onpagegraphics/Reward_Logo.png""><span style=""font-weight: bold; color: #ef7d00;"">Earn Reward Points every time you buy this product</span></ul>

<span style=""font-weight: bold; color: #d7328a;"">Ink Compatibility:</span><br>
<ul>
<img style=""margin: 0px 5px 0px 0px; width: 15px; height: 25px;"" alt=""Eco-Sol Ink""
src=""media/ecom/onpagegraphics/Ink-EcoSol.png"">Eco-solvent &nbsp;&nbsp;
<img style=""margin: 0px 5px 0px 0px; width: 15px; height: 25px;"" alt=""Latex""
src=""media/ecom/onpagegraphics/Ink-Latex.png"">Latex &nbsp;&nbsp;
<img style=""margin: 0px 5px 0px 0px; width: 15px; height: 25px;"" alt=""UV Ink""
src=""media/ecom/onpagegraphics/Ink-UV.png"">UV</ul>


<span style=""font-weight: bold; color: #d7328a;"">Technical Information:</span><br>
<ul>
<a href=""media/ecom/pdfs/datasheets/D-Paper-150.pdf"" target=""_blank""><img
style=""border: 0px solid ; width: 200px; height: 60px;"" alt=""D-Paper 150 Datasheet""
src=""media/ecom/onpagegraphics/Datasheet.png""></a>
<a href=""https://www.dorotape.co.uk/Print-Profiles-User-Guide""
target=""_blank""><img style=""width: 200px; height: 60px;"" alt=""printing profile guide""
src=""media/ecom/onpagegraphics/Profile.png""></a></ul>

<p style=""font-weight: bold; font-size: 0.9em;"">Prices shown are per 61 metre roll</p>
</body>

</html>","D-Paper-150.jpg","D-Paper-150.jpg","INVITEMS","DEFAULT-D_Paper_150-DEFAULT-D_Paper_150","","","0","0","0","","1","REGONLY","0","0","0","0","","","","SELECT","SELECT","0","","","","","0","0","","income-service","","","0","0","","","","","PVC_Free_Media","Digital_Print_Paper, PVC_Free_Media","","","0","","","A","superuser","ADHESIVE_NON","GRADE_PAPER","SUITABILITY_OUTDOOR_SHORT","","","","","","","","","","","Digi-Paper-150","0","paper, digital paper, printable paper, digitally printable paper, large format printable paper, 200gsm paper, digital paper, poster, photo, recycled, recyclable





















poster paper,semi gloss paper,200gsm paper,pri","","","1652778617","0","","0","","CHECKBOX"
"E3101_Smooth_Silver","Vinyl Efx Outdoor Smooth Silver","E3101","R-Tape","10","6","DEFAULT","","","","","0","Nekoosa VinylEfx E3101 Outdoor Smooth Silver is a metallised silver vinyl with a highly polished surface for eye-catching signage and displays.","<html>
<head>
    <title>VinylEfx E3101 Outdoor Smooth Silver</title>
</head>
<body>
<img style=""height: 53px; width: 250px;"" alt=""Nekoosa logo""
src=""media/ecom/onpagegraphics/Nekoosa_Logo.jpg""><br><br>


<p>Nekoosa VinylEfx® E3101 Outdoor Smooth Silver is a metallised silver vinyl with a highly polished surface for eye-catching signage and displays.</p>

<span style=""font-weight: bold; color: #d7328a;"">Structure:</span>
<ul>
    <li>75<span>&#181;</span>m PVC</li>
    <li>Solvent-based, clear acrylic adhesive - Permanent</li>
    <li>One-sided coated white Kraft paper - 143g/m<sup>2</sup></li>
</ul>

<span style=""font-weight: bold; color: #d7328a;"">Suitability:</span>
<ul>
    <li>Highly polished surface for premium-looking graphics, labels and stickers</li>
<li>VinylEfx® is ideal for producing eye-catching POS displays and promotional advertising and signage</li>
    <li>Designed for exterior use on clean, smooth flat or slightly curved 2D surfaces</li>
<li>Outdoor durability of up to 3 years (unprinted)</li>
<li>Edge sealing is necessary for applications subjected to demanding weather conditions or marine applications to avoid oxidation and to ensure optimum service life</li>
    <li>Dry apply only</li>
    <li>These films have the same effect in silver on the adhesive side</li>
</ul>

<span style=""font-weight: bold; color: #d7328a;"">Advantages:</span>
<ul><li>Cuts and weeds easily</li>
<li>Can be printed using Eco-Sol, Solvent & UV ink</li>
<li>Also suitable for new generation Latex inks (700 & 800 series)</li>
    <li>Also available in an <a href=""Category/Vinyl-Efx-Indoor-Decorative"" target=""_blank"" style=""color: #ef088c;"">indoor decorative series</a></li>
    <li>Fire rated to ASTM E-84-11a under classification 'A'</li>
</ul>

<span style=""font-weight: bold; color: #d7328a;"">Ink Compatibility:</span><br>
<ul>
        <img style=""margin: 0 5px 0 0; width: 15px; height: 25px;"" alt=""Eco-Sol Ink"" src=""media/ecom/onpagegraphics/Ink-EcoSol.png""> Eco-solvent&nbsp;&nbsp;
        <img style=""margin: 0 5px 0 0; width: 15px; height: 25px;"" alt=""UV Ink"" src=""media/ecom/onpagegraphics/Ink-UV.png""> UV&nbsp;&nbsp;
<img style=""margin: 0 5px 0 0; width: 15px; height: 25px;"" alt=""Latex Ink"" src=""media/ecom/onpagegraphics/Ink-Latex.png""> Latex (new generation only)
    
</ul>

<span style=""font-weight: bold; color: #d7328a;"">Technical Information:</span><br>
<ul>
    
        <a href=""media/ecom/pdfs/datasheets/EFX-Durable.pdf"" target=""_blank"">
            <img style=""border: 0; width: 200px; height: 60px;"" alt=""EFX Durable Datasheet"" src=""media/ecom/onpagegraphics/Datasheet.png"">
        </a>
        <a href=""media/ecom/pdfs/firecertificates/VinyEfx-Durable-Fire-Certification-2023.pdf"" target=""_blank"">
            <img style=""border: 0; width: 200px; height: 60px;"" alt=""EFX Decorative Fire Certificate"" src=""media/ecom/onpagegraphics/Fire.png"">
        </a>
        <a href=""media/ecom/colselxl/Colourcard_EFX.pdf"" target=""_blank"">
            <img style=""border: 0; width: 200px; height: 60px;"" alt=""EFX Colourcard"" src=""media/ecom/onpagegraphics/Colour.png"">
        </a>
        <a href=""media/ecom/pdfs/applicationguidelines/EFX_Application_Reference_Guide.pdf"" target=""_blank"">
            <img style=""border: 0; width: 200px; height: 60px;"" alt=""Application Guide"" src=""media/ecom/onpagegraphics/App.png"">
        </a>
</ul>

</body>

</html>

","E3101_Smooth_Silver.png","E3101_Smooth_Silver.png","INVITEMS","DEFAULT-E3101_Smooth_Silver-DEFAULT-E3101_Smooth_Silver","","","0","0","0","","1","REGONLY","0","0","0","0","","","","SELECT","SELECT","0","","","","","0","0","","income-service","","","0","0","","","","","VinylEfx_Durable","VinylEfx_Durable, Silver-Films","","","0","Aslan_Red_Devil_Squeegee, Aslan-Gold-Soft-Squeegee, Aslan_Squeegee, Olfa_X_Design_Heavy_Duty_Knife, Olfa_Graphic_Cutter, Application_Gloves, Lint-Free-Gloves, Masking_Tape_25mm, Lint-Free-Cloths, ","Aslan_Red_Devil_Squeegee, Aslan-Gold-Soft-Squeegee, Aslan_Squeegee, Olfa_X_Design_Heavy_Duty_Knife, Olfa_Graphic_Cutter, Application_Gloves, Lint-Free-Gloves, Masking_Tape_25mm, Lint-Free-Cloths, ","A","","","","","","Polished","","","","","","","","","E3101-Smooth-Silver","0","metallic, efx, 3101, silver, mirror, polished, chrome, outdoor, 3101d, e3101, metallised, metallized, vinyl efx, vinyl, rtape, r-tape, nekoosa, ","","","1594047041","0","","0","","CHECKBOX"
"E3102_Smooth_Gold","VinylEfx Outdoor Smooth Gold","E3102","R-Tape","20","9","DEFAULT","","","","","0","Nekoosa VinylEfx E3102 Outdoor Smooth Gold is a metallised gold vinyl with a highly polished surface for eye-catching signage and displays.","<html>
<head>
    <title>VinylEfx E3102 Outdoor Smooth Gold</title>
</head>
<body>
<img style=""height: 53px; width: 250px;"" alt=""Nekoosa logo""
src=""media/ecom/onpagegraphics/Nekoosa_Logo.jpg""><br><br>


<p>Nekoosa VinylEfx® E3102 Outdoor Smooth Gold is a metallised gold vinyl with a highly polished surface for eye-catching signage and displays.</p>

<span style=""font-weight: bold; color: #d7328a;"">Structure:</span>
<ul>
    <li>75<span>&#181;</span>m PVC</li>
    <li>Solvent-based, clear acrylic adhesive - Permanent</li>
    <li>One-sided coated white Kraft paper - 143g/m<sup>2</sup></li>
</ul>

<span style=""font-weight: bold; color: #d7328a;"">Suitability:</span>
<ul>
    <li>Highly polished surface for premium-looking graphics, labels and stickers</li>
<li>VinylEfx® is ideal for producing eye-catching POS displays and promotional advertising and signage</li>
    <li>Designed for exterior use on clean, smooth flat or slightly curved 2D surfaces</li>
<li>Outdoor durability of up to 3 years (unprinted)</li>
<li>Edge sealing is necessary for applications subjected to demanding weather conditions or marine applications to avoid oxidation and to ensure optimum service life</li>
    <li>Dry apply only</li>
    <li>These films have the same effect in silver on the adhesive side</li>
</ul>

<span style=""font-weight: bold; color: #d7328a;"">Advantages:</span>
<ul><li>Cuts and weeds easily</li>
<li>Can be printed using Eco-Sol, Solvent & UV ink</li>
<li>Also suitable for new generation Latex inks (700 & 800 series)</li>
    <li>Also available in an <a href=""Category/Vinyl-Efx-Indoor-Decorative"" target=""_blank"" style=""color: #ef088c;"">indoor decorative series</a></li>
    <li>Fire rated to ASTM E-84-11a under classification 'A'</li>
</ul>

<span style=""font-weight: bold; color: #d7328a;"">Ink Compatibility:</span><br>
<ul>
        <img style=""margin: 0 5px 0 0; width: 15px; height: 25px;"" alt=""Eco-Sol Ink"" src=""media/ecom/onpagegraphics/Ink-EcoSol.png""> Eco-solvent&nbsp;&nbsp;
        <img style=""margin: 0 5px 0 0; width: 15px; height: 25px;"" alt=""UV Ink"" src=""media/ecom/onpagegraphics/Ink-UV.png""> UV&nbsp;&nbsp;
<img style=""margin: 0 5px 0 0; width: 15px; height: 25px;"" alt=""Latex Ink"" src=""media/ecom/onpagegraphics/Ink-Latex.png""> Latex (new generation only)
    
</ul>

<span style=""font-weight: bold; color: #d7328a;"">Technical Information:</span><br>
<ul>
    
        <a href=""media/ecom/pdfs/datasheets/EFX-Durable.pdf"" target=""_blank"">
            <img style=""border: 0; width: 200px; height: 60px;"" alt=""EFX Durable Datasheet"" src=""media/ecom/onpagegraphics/Datasheet.png"">
        </a>
        <a href=""media/ecom/pdfs/firecertificates/VinyEfx-Durable-Fire-Certification-2023.pdf"" target=""_blank"">
            <img style=""border: 0; width: 200px; height: 60px;"" alt=""EFX Decorative Fire Certificate"" src=""media/ecom/onpagegraphics/Fire.png"">
        </a>
        <a href=""media/ecom/colselxl/Colourcard_EFX.pdf"" target=""_blank"">
            <img style=""border: 0; width: 200px; height: 60px;"" alt=""EFX Colourcard"" src=""media/ecom/onpagegraphics/Colour.png"">
        </a>
        <a href=""media/ecom/pdfs/applicationguidelines/EFX_Application_Reference_Guide.pdf"" target=""_blank"">
            <img style=""border: 0; width: 200px; height: 60px;"" alt=""Application Guide"" src=""media/ecom/onpagegraphics/App.png"">
        </a>
</ul>

</body>

</html>
","E3102_Smooth_Gold.png","E3102_Smooth_Gold.png","INVITEMS","DEFAULT-E3102_Smooth_Gold-DEFAULT-E3102_Smooth_Gold","","","0","0","0","","1","REGONLY","0","0","0","0","","","","SELECT","SELECT","0","","","","","0","0","","income-service","","","0","0","","","","","VinylEfx_Durable","VinylEfx_Durable","","","0","Aslan_Red_Devil_Squeegee, Aslan-Gold-Soft-Squeegee, Aslan_Squeegee, Olfa_X_Design_Heavy_Duty_Knife, Olfa_Graphic_Cutter, Application_Gloves, Lint-Free-Gloves, Masking_Tape_25mm, Lint-Free-Cloths, ","Aslan_Red_Devil_Squeegee, Aslan-Gold-Soft-Squeegee, Aslan_Squeegee, Olfa_X_Design_Heavy_Duty_Knife, Olfa_Graphic_Cutter, Application_Gloves, Lint-Free-Gloves, Masking_Tape_25mm, Lint-Free-Cloths, ","A","","","","","","Polished","","","","","","","","","E3102-Smooth-Gold","0","vinylefx, efx, 3102, e3102, 3102d, gold, mirror, polished, chrome, mirri, metallised, metallized, metallic, polished gold, shiny, metal vinyl, mirror vinyl, rtape, nekoosa, r tape, r-tape, nekoosa, outdoor, ","","","1594049003","0","","0","","CHECKBOX"
"E4402_Florentine_Gold","VinylEfx Outdoor Florentine Gold","E4402","R-Tape","60","9","DEFAULT","","","","","0","Nekoosa VinylEfx E4402 Outdoor Florentine Gold is a metallised gold vinyl with a patterned metallic surface for eye-catching signage and displays.","<html>
<head>
    <title>VinylEfx E4402 Outdoor Florentine Gold</title>
</head>
<body>
<img style=""height: 53px; width: 250px;"" alt=""Nekoosa logo""
src=""media/ecom/onpagegraphics/Nekoosa_Logo.jpg""><br><br>


<p>Nekoosa VinylEfx® E4402 Outdoor Florentine Gold is a metallised gold vinyl with a patterned metallic surface for eye-catching signage and displays.</p>

<span style=""font-weight: bold; color: #d7328a;"">Structure:</span>
<ul>
    <li>75<span>&#181;</span> PVC</li>
    <li>Solvent-based, clear acrylic adhesive - Permanent</li>
    <li>One-sided coated white Kraft paper - 143g/m<sup>2</sup></li>
</ul>

<span style=""font-weight: bold; color: #d7328a;"">Suitability:</span>
<ul>
    <li>Patterned metallic surface for premium-looking graphics, labels and stickers</li>
<li>VinylEfx® is ideal for producing eye-catching POS displays and promotional advertising and signage</li>
    <li>Designed for exterior use on clean, smooth flat or slightly curved 2D surfaces</li>
<li>Outdoor durability of up to 3 years (unprinted)</li>
<li>Edge sealing is necessary for applications subjected to demanding weather conditions or marine applications to avoid oxidation and to ensure optimum service life</li>
    <li>Dry apply only</li>
    <li>These films have the same effect in silver on the adhesive side</li>
</ul>

<span style=""font-weight: bold; color: #d7328a;"">Advantages:</span>
<ul><li>Cuts and weeds easily</li>
<li>Can be printed using Eco-Sol, Solvent & UV ink</li>
<li>Also suitable for new generation Latex inks (700 & 800 series)</li>
    <li>Also available in an <a href=""Category/Vinyl-Efx-Indoor-Decorative"" target=""_blank"" style=""color: #ef088c;"">indoor decorative series</a></li>
    <li>Fire rated to ASTM E-84-11a under classification 'A'</li>
</ul>

<span style=""font-weight: bold; color: #d7328a;"">Ink Compatibility:</span><br>
<ul>
        <img style=""margin: 0 5px 0 0; width: 15px; height: 25px;"" alt=""Eco-Sol Ink"" src=""media/ecom/onpagegraphics/Ink-EcoSol.png""> Eco-solvent&nbsp;&nbsp;
        <img style=""margin: 0 5px 0 0; width: 15px; height: 25px;"" alt=""UV Ink"" src=""media/ecom/onpagegraphics/Ink-UV.png""> UV&nbsp;&nbsp;
<img style=""margin: 0 5px 0 0; width: 15px; height: 25px;"" alt=""Latex Ink"" src=""media/ecom/onpagegraphics/Ink-Latex.png""> Latex (new generation only)
    
</ul>

<span style=""font-weight: bold; color: #d7328a;"">Technical Information:</span><br>
<ul>
    
        <a href=""media/ecom/pdfs/datasheets/EFX-Durable.pdf"" target=""_blank"">
            <img style=""border: 0; width: 200px; height: 60px;"" alt=""EFX Durable Datasheet"" src=""media/ecom/onpagegraphics/Datasheet.png"">
        </a>
        <a href=""media/ecom/pdfs/firecertificates/VinyEfx-Durable-Fire-Certification-2023.pdf"" target=""_blank"">
            <img style=""border: 0; width: 200px; height: 60px;"" alt=""EFX Decorative Fire Certificate"" src=""media/ecom/onpagegraphics/Fire.png"">
        </a>
        <a href=""media/ecom/colselxl/Colourcard_EFX.pdf"" target=""_blank"">
            <img style=""border: 0; width: 200px; height: 60px;"" alt=""EFX Colourcard"" src=""media/ecom/onpagegraphics/Colour.png"">
        </a>
        <a href=""media/ecom/pdfs/applicationguidelines/EFX_Application_Reference_Guide.pdf"" target=""_blank"">
            <img style=""border: 0; width: 200px; height: 60px;"" alt=""Application Guide"" src=""media/ecom/onpagegraphics/App.png"">
        </a>
</ul>

</body>
</html>","E4402_Florentine_Gold.png","E4402_Florentine_Gold.png","INVITEMS","DEFAULT-E4402_Florentine_Gold-DEFAULT-E4402_Florentine_Gold","","","0","0","0","","1","REGONLY","0","0","0","0","","","","SELECT","SELECT","0","","","","","0","0","","income-service","","","0","0","","","","","VinylEfx_Durable","VinylEfx_Durable","","","0","Aslan_Red_Devil_Squeegee, Aslan-Gold-Soft-Squeegee, Aslan_Squeegee, Olfa_X_Design_Heavy_Duty_Knife, Olfa_Graphic_Cutter, Application_Gloves, Lint-Free-Gloves, Masking_Tape_25mm, Lint-Free-Cloths, ","Aslan_Red_Devil_Squeegee, Aslan-Gold-Soft-Squeegee, Aslan_Squeegee, Olfa_X_Design_Heavy_Duty_Knife, Olfa_Graphic_Cutter, Application_Gloves, Lint-Free-Gloves, Masking_Tape_25mm, Lint-Free-Cloths, ","A","","","","","","Polished","","","","","","","","","E4402-Florentine-Gold","0","metallic,efx,3101,gold,mirror,polished, chrome","","","1594054661","0","","0","","CHECKBOX"
"E50_Brownish_Oak_Style","E50 Brownish Oak","Cover Styl' E50","Cover_Styl","320","25","DEFAULT","","","","","0","Cover Styl' E50 Brownish Oak self-adhesive wood film. Buy it by the metre.

","<html>
<head>
<title>Cover Styl' E50 Brownish Oak</title></head>
<body>
<p><img style=""height: 76px; width: 300px;"" alt=""Cover Styl' logo""
src=""media/ecom/onpagegraphics/Coverstyl_Logo.png""></p>
<span style=""font-weight: bold; color: #588ec6;"">SUITABILITY:</span>
<p>This product is designed for interior application only and offers exceptional resistance to water, dirt, abrasion, UV rays and wear (yellowing, cracking, scaling, delamination). </p>
<span style=""font-weight: bold; color: #588ec6;"">MATERIAL CHARACTERISTICS:</span>
<ul><li>Grade: Polymeric</li>
<li>Thickness: 250 micron</li>
<li>Adhesive: Easy Apply Air Release</li>
<li>Appearance: Matt</li>
<li>Stretchable: Yes</li>
<li>Scratch Proof: Average</li>
</ul>
<p>Prices shown are per linear metre at 1220mm wide</p>
</body>
</html>","E50_Brownish_Oak_Style.jpg","E50_Brownish_Oak_Style.jpg, E50_Brownish_Oak_Style_Bathroom.jpg","INVITEMS","DEFAULT-E50_Brownish_Oak_Style-DEFAULT-E50_Brownish_Oak_Style","","","0","0","0","","1","REGONLY","0","0","0","0","","","","SELECT","SELECT","0","","","","","0","0","","income-service","","","0","0","","","","","Cover_Styl_Wood","Cover_Styl_Wood","","","0","Olfa_Graphic_Cutter, Olfa_X_Design_Heavy_Duty_Knife, Lint-Free-Gloves, Masking_Tape_25mm, Aslan_Squeegee, Swann_Morton_3_Handle, Swann_Morton_10A_Blades, Lint-Free-Cloths, Heavy-Duty-Application-Roller, Rollepro, 4075CT1220, Cover-Styl-Colour-Selector-Box","Olfa_Graphic_Cutter, Olfa_X_Design_Heavy_Duty_Knife, Lint-Free-Gloves, Masking_Tape_25mm, Aslan_Squeegee, Swann_Morton_3_Handle, Swann_Morton_10A_Blades, Lint-Free-Cloths, Heavy-Duty-Application-Roller, Rollepro, 4075CT1220, Cover-Styl-Colour-Selector-Box","A","superuser","ADHESIVE_SEMI_PERMANENT","GRADE_POLYPROPYLENE","","","","","","","","","","","","Cover-Styl-E50-Brownish-Oak","0","coverstyle, cover style, cover styl, cover styl'


","","","1653921944","0","","0","","CHECKBOX"
"E6501_Fine_Brush_Silver","VinylEfx Outdoor Fine Brushed Silver","E6501","R-Tape","30","9","DEFAULT","","","","","0","Nekoosa VinylEfx E6501 Outdoor Brushed Silver is a metallised silver vinyl with a brushed metallic surface for eye-catching signage and displays.","<html>
<head>
    <title>VinylEfx E6501 Outdoor Brushed Silver</title>
</head>
<body>
<img style=""height: 53px; width: 250px;"" alt=""Nekoosa logo""
src=""media/ecom/onpagegraphics/Nekoosa_Logo.jpg""><br><br>


<p>Nekoosa VinylEfx® E6501 Outdoor Brushed Silver is a metallised silver vinyl with a brushed metallic surface for eye-catching signage and displays.</p>

<span style=""font-weight: bold; color: #d7328a;"">Structure:</span>
<ul>
    <li>75<span>&#181;</span>m PVC</li>
    <li>Solvent-based, clear acrylic adhesive - Permanent</li>
    <li>One-sided coated white Kraft paper - 143g/m<sup>2</sup></li>
</ul>

<span style=""font-weight: bold; color: #d7328a;"">Suitability:</span>
<ul>
    <li>Brushed metallic surface for premium-looking graphics, labels and stickers</li>
<li>VinylEfx® is ideal for producing eye-catching POS displays and promotional advertising and signage</li>
    <li>Designed for exterior use on clean, smooth flat or slightly curved 2D surfaces</li>
<li>Outdoor durability of up to 3 years (unprinted)</li>
<li>Edge sealing is necessary for applications subjected to demanding weather conditions or marine applications to avoid oxidation and to ensure optimum service life</li>
    <li>Dry apply only</li>
    <li>These films have the same effect in silver on the adhesive side</li>
</ul>

<span style=""font-weight: bold; color: #d7328a;"">Advantages:</span>
<ul><li>Cuts and weeds easily</li>
<li>Can be printed using Eco-Sol, Solvent & UV ink</li>
<li>Also suitable for new generation Latex inks (700 & 800 series)</li>
    <li>Also available in an <a href=""Category/Vinyl-Efx-Indoor-Decorative"" target=""_blank"" style=""color: #ef088c;"">indoor decorative series</a></li>
    <li>Fire rated to ASTM E-84-11a under classification 'A'</li>
</ul>

<span style=""font-weight: bold; color: #d7328a;"">Ink Compatibility:</span><br>
<ul>
        <img style=""margin: 0 5px 0 0; width: 15px; height: 25px;"" alt=""Eco-Sol Ink"" src=""media/ecom/onpagegraphics/Ink-EcoSol.png""> Eco-solvent&nbsp;&nbsp;
        <img style=""margin: 0 5px 0 0; width: 15px; height: 25px;"" alt=""UV Ink"" src=""media/ecom/onpagegraphics/Ink-UV.png""> UV&nbsp;&nbsp;
<img style=""margin: 0 5px 0 0; width: 15px; height: 25px;"" alt=""Latex Ink"" src=""media/ecom/onpagegraphics/Ink-Latex.png""> Latex (new generation only)
    
</ul>

<span style=""font-weight: bold; color: #d7328a;"">Technical Information:</span><br>
<ul>
    
        <a href=""media/ecom/pdfs/datasheets/EFX-Durable.pdf"" target=""_blank"">
            <img style=""border: 0; width: 200px; height: 60px;"" alt=""EFX Durable Datasheet"" src=""media/ecom/onpagegraphics/Datasheet.png"">
        </a>
        <a href=""media/ecom/pdfs/firecertificates/VinyEfx-Durable-Fire-Certification-2023.pdf"" target=""_blank"">
            <img style=""border: 0; width: 200px; height: 60px;"" alt=""EFX Decorative Fire Certificate"" src=""media/ecom/onpagegraphics/Fire.png"">
        </a>
        <a href=""media/ecom/colselxl/Colourcard_EFX.pdf"" target=""_blank"">
            <img style=""border: 0; width: 200px; height: 60px;"" alt=""EFX Colourcard"" src=""media/ecom/onpagegraphics/Colour.png"">
        </a>
        <a href=""media/ecom/pdfs/applicationguidelines/EFX_Application_Reference_Guide.pdf"" target=""_blank"">
            <img style=""border: 0; width: 200px; height: 60px;"" alt=""Application Guide"" src=""media/ecom/onpagegraphics/App.png"">
        </a>
</ul>

</body>

</html>","E6501_Fine_Brushed_Silver.png","E6501_Fine_Brushed_Silver.png","INVITEMS","DEFAULT-E6501_Fine_Brush_Silver-DEFAULT-E6501_Fine_Brush_Silver","","","0","0","0","","1","REGONLY","0","0","0","0","","","","SELECT","SELECT","0","","","","","0","0","","income-service","","","0","0","","","","","VinylEfx_Durable","VinylEfx_Durable","","","0","Aslan_Red_Devil_Squeegee, Aslan-Gold-Soft-Squeegee, Aslan_Squeegee, Olfa_X_Design_Heavy_Duty_Knife, Olfa_Graphic_Cutter, Application_Gloves, Lint-Free-Gloves, Masking_Tape_25mm, Lint-Free-Cloths, ","Aslan_Red_Devil_Squeegee, Aslan-Gold-Soft-Squeegee, Aslan_Squeegee, Olfa_X_Design_Heavy_Duty_Knife, Olfa_Graphic_Cutter, Application_Gloves, Lint-Free-Gloves, Masking_Tape_25mm, Lint-Free-Cloths, ","A","","","","","","Polished","","","","","","","","","E6501-Fine-Brush-Silver","0","vinylefx, efx, 6501, E6501, silver, mirror, polished, chrome, mirri, metallised, metallized, metallic, brushed, shiny, metal vinyl, mirror vinyl, brushed silver, indoor, rtape, r tape, r-tape, nekoosa, 6501d,","","","1594052553","0","","0","","CHECKBOX"
"E6502_Fine_Brush_Gold","VinylEfx Outdoor Fine Brushed Gold","E6502","R-Tape","40","9","DEFAULT","","","","","0","Nekoosa VinylEfx E6502 Outdoor Brushed Gold is a metallised gold vinyl with a brushed metallic surface for eye-catching signage and displays.","<html>
<head>
    <title>VinylEfx E6502 Outdoor Brushed Gold</title>
</head>
<body>
<img style=""height: 53px; width: 250px;"" alt=""Nekoosa logo""
src=""media/ecom/onpagegraphics/Nekoosa_Logo.jpg""><br><br>


<p>Nekoosa VinylEfx® E6502 Outdoor Brushed Gold is a metallised gold vinyl with a brushed metallic surface for eye-catching signage and displays.</p>

<span style=""font-weight: bold; color: #d7328a;"">Structure:</span>
<ul>
    <li>75<span>&#181;</span>m PVC</li>
    <li>Solvent-based, clear acrylic adhesive - Permanent</li>
    <li>One-sided coated white Kraft paper - 143g/m<sup>2</sup></li>
</ul>

<span style=""font-weight: bold; color: #d7328a;"">Suitability:</span>
<ul>
    <li>Brushed metallic surface for premium-looking graphics, labels and stickers</li>
<li>VinylEfx® is ideal for producing eye-catching POS displays and promotional advertising and signage</li>
    <li>Designed for exterior use on clean, smooth flat or slightly curved 2D surfaces</li>
<li>Outdoor durability of up to 3 years (unprinted)</li>
<li>Edge sealing is necessary for applications subjected to demanding weather conditions or marine applications to avoid oxidation and to ensure optimum service life</li>
    <li>Dry apply only</li>
    <li>These films have the same effect in silver on the adhesive side</li>
</ul>

<span style=""font-weight: bold; color: #d7328a;"">Advantages:</span>
<ul><li>Cuts and weeds easily</li>
<li>Can be printed using Eco-Sol, Solvent & UV ink</li>
<li>Also suitable for new generation Latex inks (700 & 800 series)</li>
    <li>Also available in an <a href=""Category/Vinyl-Efx-Indoor-Decorative"" target=""_blank"" style=""color: #ef088c;"">indoor decorative series</a></li>
    <li>Fire rated to ASTM E-84-11a under classification 'A'</li>
</ul>

<span style=""font-weight: bold; color: #d7328a;"">Ink Compatibility:</span><br>
<ul>
        <img style=""margin: 0 5px 0 0; width: 15px; height: 25px;"" alt=""Eco-Sol Ink"" src=""media/ecom/onpagegraphics/Ink-EcoSol.png""> Eco-solvent&nbsp;&nbsp;
        <img style=""margin: 0 5px 0 0; width: 15px; height: 25px;"" alt=""Sol Ink"" src=""media/ecom/onpagegraphics/Ink-Sol.png""> Solvent&nbsp;&nbsp;
        <img style=""margin: 0 5px 0 0; width: 15px; height: 25px;"" alt=""UV Ink"" src=""media/ecom/onpagegraphics/Ink-UV.png""> UV&nbsp;&nbsp;
<img style=""margin: 0 5px 0 0; width: 15px; height: 25px;"" alt=""Latex Ink"" src=""media/ecom/onpagegraphics/Ink-Latex.png""> Latex (new generation only)
    
</ul>

<span style=""font-weight: bold; color: #d7328a;"">Technical Information:</span><br>
<ul>
    
        <a href=""media/ecom/pdfs/datasheets/EFX-Durable.pdf"" target=""_blank"">
            <img style=""border: 0; width: 200px; height: 60px;"" alt=""EFX Durable Datasheet"" src=""media/ecom/onpagegraphics/Datasheet.png"">
        </a>
        <a href=""media/ecom/pdfs/firecertificates/VinyEfx-Durable-Fire-Certification-2023.pdf"" target=""_blank"">
            <img style=""border: 0; width: 200px; height: 60px;"" alt=""EFX Decorative Fire Certificate"" src=""media/ecom/onpagegraphics/Fire.png"">
        </a>
        <a href=""media/ecom/colselxl/Colourcard_EFX.pdf"" target=""_blank"">
            <img style=""border: 0; width: 200px; height: 60px;"" alt=""EFX Colourcard"" src=""media/ecom/onpagegraphics/Colour.png"">
        </a>
        <a href=""media/ecom/pdfs/applicationguidelines/EFX_Application_Reference_Guide.pdf"" target=""_blank"">
            <img style=""border: 0; width: 200px; height: 60px;"" alt=""Application Guide"" src=""media/ecom/onpagegraphics/App.png"">
        </a>
</ul>

</body>
</html>","E6502_Fine_Brushed_Gold.png","E6502_Fine_Brushed_Gold.png","INVITEMS","DEFAULT-E6502_Fine_Brush_Gold-DEFAULT-E6502_Fine_Brush_Gold","","","0","0","0","","1","REGONLY","0","0","0","0","","","","SELECT","SELECT","0","","","","","0","0","","income-service","","","0","0","","","","","VinylEfx_Durable","VinylEfx_Durable","","","0","Aslan_Red_Devil_Squeegee, Aslan-Gold-Soft-Squeegee, Aslan_Squeegee, Olfa_X_Design_Heavy_Duty_Knife, Olfa_Graphic_Cutter, Application_Gloves, Lint-Free-Gloves, Masking_Tape_25mm, Lint-Free-Cloths, ","Aslan_Red_Devil_Squeegee, Aslan-Gold-Soft-Squeegee, Aslan_Squeegee, Olfa_X_Design_Heavy_Duty_Knife, Olfa_Graphic_Cutter, Application_Gloves, Lint-Free-Gloves, Masking_Tape_25mm, Lint-Free-Cloths, ","A","","","","","","Polished","","","","","","","","","E6502-Fine-Brush-Gold","0","vinylefx, efx, 6502, gold, mirror, polished, chrome, mirri, metallised, metallized, metallic, brushed, shiny, metal vinyl, mirror vinyl, brushed gold, rtape, r tape, r-tape, nekoosa, 6502d, outdoor","","","1594052831","0","","0","","CHECKBOX"
"Easy-Dot-PET-Silver","Easy Dot PET Silver L-UV","EASYDOTPETSILVER","Neschen","50","16","DEFAULT","","","","","0","Easy Dot PET Silver from Neschen combines a highly polished silver metallised finish with the famed, dot shaped water based adhesive for ease of application. PVC free, printable with Latex & UV inks and easy to apply without bubbles makes this is the perfect film for short to medium term promotional use onto glass and acrylic. Prices shown are per roll","<html>
<head><title>Easy-Dot PET Silver</title>
</head>
<body>
<img style=""height: 105px; width: 200px;"" alt=""Neschen logo""
src=""media/ecom/onpagegraphics/Neschen-Logo.png""><br><br>

<p>Easy Dot PET Silver from Neschen combines a highly polished silver metallised finish with the famed, dot shaped water based adhesive for ease of application.</p>

<a><img style=""margin: 5px; width: 75px; height: 75px; float: right;"" alt=""pvc free""
src=""media/ecom/onpagegraphics/PVC_free_logo.png""></a>


<span style=""font-weight: bold; color: #d7328a;"">Structure:</span><br>
<ul><li>100<span>&#181;</span>m Metallised Polyester</li>
<li>Water based (Solvent free) adhesive in a dot pattern</li>
<li>One sided siliconised PE-paper liner - 140g/m<sup>2</sup>
</li></ul>

<span style=""font-weight: bold; color: #d7328a;"">Suitability:</span>
<ul><li>Ideal for window displays, promotional events and in-store advertising</li>
<li>Suitable as a plotter film as well as being digitally printable</li>
<li>Perfect for short to medium term interior applications</li>
<li>Highly polished chrome-look finish for eye catching displays</li>
<li>Up to 2 years durability (unprinted)</li>
<li>Polished silver on both sides with a high level of opacity (note that the adhesive side can look uneven when viewed through the glass)</li></ul>

<span style=""font-weight: bold; color: #d7328a;"">Advantages:</span>
<ul><li>PVC Free</li>
<li>High dimensional stability and no shrinkage</li>
<li>Fast and easy to apply with a bubble free finish</li>
<li>No specialist tools needed for application or removal</li>
<li>All Easy Dot products are dry apply only</li>
<li>Reduce installation costs</li>
<li>Printable with Latex & UV Curable Inks</li>
<li>Water based (solvent free) age resistant adhesive</li>
<li>Suitable for laser cutting</li><br>
<img style=""border: 0px solid ; width: 50px; height: 50px; alt=""reward points logo""
src=""media/ecom/onpagegraphics/Reward_Logo.png""><span style=""font-weight: bold; color: #ef7d00;"">Earn Reward Points every time you buy this product</span></ul>

<span style=""font-weight: bold; color: #d7328a;"">Ink Compatibility:</span>
<ul><img style=""margin: 0px 5px 0px 0px; width: 15px; height: 25px;"" alt=""Latex""
src=""media/ecom/onpagegraphics/Ink-Latex.png"">Latex &nbsp;&nbsp;
<img style=""margin: 0px 5px 0px 0px; width: 15px; height: 25px;"" alt=""UV Ink""
src=""media/ecom/onpagegraphics/Ink-UV.png"">UV</ul>

<span style=""font-weight: bold; color: #d7328a;"">Technical Information:</span>
<ul><a href=""media/ecom/pdfs/datasheets/Technical-Information-easy-dot-PET-silver-L-UV.pdf"" target=""_blank""><img
style=""border: 0px solid ; width: 200px; height: 60px;"" alt=""Easy Dot PET Silver Datasheet""
src=""media/ecom/onpagegraphics/Datasheet.png""></a></ul>

<p style=""font-weight: bold; font-size: 1.0em;"">Prices shown are per roll at 1370mm wide</p>
</body>

</html>","Easy-Dot-PET-Silver.jpg","Easy-Dot-PET-Silver.jpg, Easy-Dot-PET-Silver-b.jpg, Easy-Dot-PET-Silver-c.jpg, Easy-Dot-PET-Silver-d.jpg, Easy-Dot-PET-Silver-e.jpg","INVITEMS","DEFAULT-Easy-Dot-PET-Silver-DEFAULT-Easy-Dot-PET-Silver","","","0","0","0","","1","REGONLY","0","0","0","0","","","","SELECT","SELECT","0","","","","","0","0","","income-service","","","0","0","","","","","Recycled-Printable-Materials","PVC_Free_Materials, PVC_Free_Media, Neschen-Easy-Dot-PET, Silver-Films","","","0","Aslan_Red_Devil_Squeegee, Olfa_X_Design_Heavy_Duty_Knife, Lint-Free-Gloves, Masking_Tape_25mm, Aslan-Gold-Soft-Squeegee, Olfa_Graphic_Cutter, Swann_Morton_3_Handle, Swann_Morton_10A_Blades, Aslan_Squeegee,","Aslan_Red_Devil_Squeegee, Olfa_X_Design_Heavy_Duty_Knife, Lint-Free-Gloves, Masking_Tape_25mm, Aslan-Gold-Soft-Squeegee, Olfa_Graphic_Cutter, Swann_Morton_3_Handle, Swann_Morton_10A_Blades, Aslan_Squeegee,","A","","","","","","Polished","","","","","","","","","","0","easy, dot, easydot, easy-dot, airfree, bubble free, neschen, pet silver","","","1723020348","0","","0","","CHECKBOX"
"Easy-Wipe","Easy Wipe Lint Free Wipes","EAS2","Doro_Tape","80","13","DEFAULT","","","","","0","Easy Wipe are non woven wipes that combine the soft strength of polyester with the high absorbency of cellulose. Designed to provide the best solution for printer maintenance and all types of surface preparation.  Pack of 150 wipes.","<html>

<title><head>Easy Wipe Lint Free Wipes</title></head>

<body>

<p>High quality polyester cellulose wipes designed to provide the best solution for printer maintenance and all types of surface preparation.</p>
<p>These non woven wipes combine the soft strength of polyester with the high absorbency of cellulose for critical cleaning and drying of sensitive electrical components and equipment.</p>
<p>Non abrasive and chemically resistant, these wipes are C folded and dispensed in a recyclable non static generative box and are also great for general surface preparation.</p>
<p>Pack of 150 wipes.</p>

</body>

</html>","Easy-Wipe.jpg","Easy-Wipe.jpg","INVITEMS","DEFAULT-Easy-Wipe-DEFAULT-Easy-Wipe","","","0","0","0","","1","REGONLY","0","0","0","0","","","","SELECT","SELECT","0","","","","","0","0","","income-service","","","0","0","","","","","Vehicle_Wrap_Tools","Cleaners_Cleaning_Tools, Vehicle_Wrap_Tools","","","0","Cleaning_Pads","","A","","","","","","","","","","","","","","","","0","lint free, lint, easy, wipe, surface prep, surface preparation, non woven, non abrasive","","Easy Wipe are non woven, non abrasive lint free wipes that combine the soft strength of polyester with the high absorbency of cellulose. Designed to provide the best solution for printer maintenance and all types of surface preparation.  Pack of 150 wipes.","1547646276","0","","0","","CHECKBOX"
"Easy_Cutter","Easy Cutter","EAS","SOTT","120","4","DEFAULT","","","","","0","Ideal for quick and easy cutting of the film without damaging the vehicle or substrate. Can also be used to cut off the vinyl while it's still in the printer / cutter. This handy little tool is a must have for every fitter and signmaking studio. Completely concealed blade makes this safe and easy to use.","<html>

<title><head>Easy Cutter</title></head>

<body>

<p>Ideal for quick and easy cutting of the film without damaging the vehicle or substrate.</p>
<p>Can also be used to cut off the vinyl while it's still in the printer / cutter.</p>
<p>Completely concealed blade makes this safe and easy to use.</p>
<p>This handy little tool is a must have for every fitter and signmaking studio.</p>
<p>It can be used one handed (right or left) and can cut curves too.</p>

</body>

</html>","Easy-Cutter.jpg","Easy-Cutter.jpg","INVITEMS","DEFAULT-Easy_Cutter-DEFAULT-Easy_Cutter","","","0","0","0","","1","REGONLY","0","0","0","0","","","","SELECT","SELECT","0","","","","","0","0","","income-service","","","0","0","","","","","Knives_Cutting_Tools","Application_Tools, Vehicle_Wrap_Tools, Weeding_Handling_Tools, Knives_Cutting_Tools, Stencil-Film-Accessories","","","0","","","A","","","","","","","","","","","","","","","","0","backing,slitter,cutter,","","","1519668833","0","","0","","CHECKBOX"
"Edge-It-Tape","Edge-It Tape","EDGE2","Doro_Tape","20","16","DEFAULT","","","","","0","Single Sided Reinforcing Tape for use on Banner & Mesh. Roll size - 40mm x 25m","<html>
<head>
<title>Edge-It Tape</title></head>
<img style=""width: 250px; height: 93px;"" alt=""Edge-It Tape Logo""
 src=""media/ecom/onpagegraphics/Edge-It_Logo.png""><br>
<br>

<body>
<h3>Single Sided Reinforcing Tape for use on Banner & Mesh</h3>
<span style=""font-weight: bold; color: #d7328a;"">Structure:</span><br>
<ul>
  <li>Strong & Flexible</li>
  <li>Perfect for Eyeletting</li>
  <li>Quick & Easy to apply</li>
<li>Will work at temperatures of between -20<sup>o</sup>C to 70<sup>o</sup>C</li>
  <li>High Quality Adhesive</li>
<li>Excellent resistance to UV light, chemicals and external weather conditions</li>
  <li>Cross-Weave for Increased Strength</li>
</ul>
<br>
<span style=""font-weight: bold; color: #d7328a;"">Suitability:</span><br>
<ul>
<li>Strengthen your banners using this durable tape.</li>
<li>No need to fold and make a hem.</li>
<li>Simply apply using pressure to the back of your printed banner.</li>
<li>Make sure that the banner is rolled with the print side facing out to minimise fluting</li>
</ul>
<span style=""font-weight: bold; color: #d7328a;"">Technical Information:</span><ul>
<a href=""media/ecom/pdfs/datasheets/Edge-It.pdf"" target=""_blank""><img
style=""border: 0px solid ; width: 200px; height: 60px;"" alt=""Edge-It Tape Technical Data Sheet""
src=""media/ecom/onpagegraphics/Datasheet.png""></a></ul>
<p><b>Prices shown are per 40mm x 25m roll</b></p>
</body>
</html>

","Edge-It.jpg","Edge-It.jpg","INVITEMS","DEFAULT-Edge-It-Tape-DEFAULT-Edge-It-Tape","","","0","0","0","","1","REGONLY","0","0","0","0","","","","SELECT","SELECT","0","","","","","0","0","","income-service","","","0","0","","","https://www.youtube.com/embed/8DCHzx1M-3Y","","Banner_Fixings","Banner_Fixings, Tapes","","","0","Edge_Tabs, Power_Punch, Power_Tabs","","A","","","","","","","","","","","","","","","","0","edge-it, edge it, edge","","","1564673666","0","","0","","CHECKBOX"
"Edge_Tex_Tape","EDGE-Tex Self-adhesive Keder 14mm x 25m","EDGETEX","Doro_Tape","100","25","DEFAULT","","","","","0","Self-adhesive keder edging for installing fabric prints in to tension frame systems. 14mm x 25m roll.","<html><head><title>Edge-Tax Tape</title></head>
<body>
<p>Self-adhesive keder edging for installing fabric prints in to tension frame systems.</p>
<ul><li>Permanent adhesive</li>
<li>14mm x 3mm x 25m rolls.</li></ul>
</body>
</html>","Edge_Tex.png","Edge_Tex.png","INVITEMS","DEFAULT-Edge_Tex_Tape-DEFAULT-Edge_Tex_Tape","","","0","0","0","","1","REGONLY","0","0","0","0","","","","SELECT","SELECT","0","","","","","0","0","","income-service","","","0","0","","","https://www.youtube.com/embed/Ci8ruBA2TEw","","Tapes","Tapes","","","0","","","A","superuser","","","","","","","","","","","","","","","0","keder","","","1640111310","0","","0","","CHECKBOX"
"EK301_Diamond_Plate_Silver","VinylEfx Outdoor Diamond Plate Silver","EK301","R-Tape","50","9","DEFAULT","","","","","0","Nekoosa VinylEfx EK301 Outdoor Diamond Plate Silver is a metallised silver vinyl with a patterned metallic surface for eye-catching signage and displays.","<html>
<head>
    <title>VinylEfx EK301 Outdoor Diamond Plate Silver</title>
</head>
<body>
<img style=""height: 53px; width: 250px;"" alt=""Nekoosa logo""
src=""media/ecom/onpagegraphics/Nekoosa_Logo.jpg""><br><br>


<p>Nekoosa VinylEfx® EK301 Outdoor Diamond Plate Silver is a metallised silver vinyl with a patterned metallic surface for eye-catching signage and displays.</p>

<span style=""font-weight: bold; color: #d7328a;"">Structure:</span>
<ul>
    <li>75<span>&#181;</span>m PVC</li>
    <li>Solvent-based, clear acrylic adhesive - Permanent</li>
    <li>One-sided coated white Kraft paper - 143g/m<sup>2</sup></li>
</ul>

<span style=""font-weight: bold; color: #d7328a;"">Suitability:</span>
<ul>
    <li>Patterned metallic surface for premium-looking graphics, labels and stickers</li>
<li>VinylEfx® is ideal for producing eye-catching POS displays and promotional advertising and signage</li>
    <li>Designed for exterior use on clean, smooth flat or slightly curved 2D surfaces</li>
<li>Outdoor durability of up to 3 years (unprinted)</li>
<li>Edge sealing is necessary for applications subjected to demanding weather conditions or marine applications to avoid oxidation and to ensure optimum service life</li>
    <li>Dry apply only</li>
    <li>These films have the same effect in silver on the adhesive side</li>
</ul>

<span style=""font-weight: bold; color: #d7328a;"">Advantages:</span>
<ul><li>Cuts and weeds easily</li>
<li>Can be printed using Eco-Sol, Solvent & UV ink</li>
<li>Also suitable for new generation Latex inks (700 & 800 series)</li>
    <li>Also available in an <a href=""Category/Vinyl-Efx-Indoor-Decorative"" target=""_blank"" style=""color: #ef088c;"">indoor decorative series</a></li>
    <li>Fire rated to ASTM E-84-11a under classification 'A'</li>
</ul>

<span style=""font-weight: bold; color: #d7328a;"">Ink Compatibility:</span><br>
<ul>
        <img style=""margin: 0 5px 0 0; width: 15px; height: 25px;"" alt=""Eco-Sol Ink"" src=""media/ecom/onpagegraphics/Ink-EcoSol.png""> Eco-solvent&nbsp;&nbsp;
        <img style=""margin: 0 5px 0 0; width: 15px; height: 25px;"" alt=""UV Ink"" src=""media/ecom/onpagegraphics/Ink-UV.png""> UV&nbsp;&nbsp;
<img style=""margin: 0 5px 0 0; width: 15px; height: 25px;"" alt=""Latex Ink"" src=""media/ecom/onpagegraphics/Ink-Latex.png""> Latex (new generation only)
    
</ul>

<span style=""font-weight: bold; color: #d7328a;"">Technical Information:</span><br>
<ul>
    
        <a href=""media/ecom/pdfs/datasheets/EFX-Durable.pdf"" target=""_blank"">
            <img style=""border: 0; width: 200px; height: 60px;"" alt=""EFX Durable Datasheet"" src=""media/ecom/onpagegraphics/Datasheet.png"">
        </a>
        <a href=""media/ecom/pdfs/firecertificates/VinyEfx-Durable-Fire-Certification-2023.pdf"" target=""_blank"">
            <img style=""border: 0; width: 200px; height: 60px;"" alt=""EFX Decorative Fire Certificate"" src=""media/ecom/onpagegraphics/Fire.png"">
        </a>
        <a href=""media/ecom/colselxl/Colourcard_EFX.pdf"" target=""_blank"">
            <img style=""border: 0; width: 200px; height: 60px;"" alt=""EFX Colourcard"" src=""media/ecom/onpagegraphics/Colour.png"">
        </a>
        <a href=""media/ecom/pdfs/applicationguidelines/EFX_Application_Reference_Guide.pdf"" target=""_blank"">
            <img style=""border: 0; width: 200px; height: 60px;"" alt=""Application Guide"" src=""media/ecom/onpagegraphics/App.png"">
        </a>
</ul>

</body>
</html>","EK301_Diamond_Plate_Silver.png","EK301_Diamond_Plate_Silver.png","INVITEMS","DEFAULT-EK301_Diamond_Plate_Silver-DEFAULT-EK301_Diamond_Plate_Silver","","","0","0","0","","1","REGONLY","0","0","0","0","","","","SELECT","SELECT","0","","","","","0","0","","income-service","","","0","0","","","","","VinylEfx_Durable","VinylEfx_Durable, Silver-Films","","","0","Aslan_Red_Devil_Squeegee, Aslan-Gold-Soft-Squeegee, Aslan_Squeegee, Olfa_X_Design_Heavy_Duty_Knife, Olfa_Graphic_Cutter, Application_Gloves, Lint-Free-Gloves, Masking_Tape_25mm, Lint-Free-Cloths, ","Aslan_Red_Devil_Squeegee, Aslan-Gold-Soft-Squeegee, Aslan_Squeegee, Olfa_X_Design_Heavy_Duty_Knife, Olfa_Graphic_Cutter, Application_Gloves, Lint-Free-Gloves, Masking_Tape_25mm, Lint-Free-Cloths, ","A","","","","","","Polished","","","","","","","","","EK301-Diamond-Plate-Silver","0","metallic,efx,3101,gold,mirror,polished, chrome","","","1594054344","0","","0","","CHECKBOX"
"Enviro_Lam_Gloss","Enviro-Lam Gloss","ENVLAMG1370","Doro_Tape","10","167","DEFAULT","","","","","0","Enviro-Lam PVC Free laminating film for use with Enviro-Print media for a completely environmentally friendly solution.","<html>

<head><title>Enviro-Lam Gloss</title></head>
<body>
<p>Enviro-Lam PVC Free laminating film for use with Enviro-Print media for a completely environmentally friendly solution.</p>

<a><img style=""border: 0px solid ; width: 75px; height: 75px; float: right;"" alt=""pvc free""
src=""media/ecom/onpagegraphics/PVC_free_logo.png""></a>

<span style=""font-weight: bold; color: #d7328a;"">Structure:</span><br>
<ul><li>50<span>&#181;</span>m Transparent gloss PP</li>
<li>Water based acrylic adhesive - permanent</li>
<li>One side siliconised kraft paper liner - 120g/m<sup>2</sup></li></ul>

<span style=""font-weight: bold; color: #d7328a;"">Suitability:</span><br>
<ul><li>This PP film is best applied dry onto smooth flat or slightly curved surfaces</li>
<li>Protects and enhances digitally printed images</li>
<li>Use with <a href=""https://www.dorotape.co.uk/Category/PVC-Free-Digital-Print-Materials"" target=""_blank""><font color=""#d7328a""><b>Enviro-Print PVC Free Digital Print Films</font></b></a> for a more environmentally friendly solution.</li></ul>

<span style=""font-weight: bold; color: #d7328a;"">Advantages:</span><br>
<ul><li>Unlike traditional pvc laminating film, Enviro-Lam will not shrink back after time</li>
<li>Free of harmful chlorine and phthalates</li>
<li>Up to 2 years durability (unprinted)
</li><br>
<img style=""border: 0px solid ; width: 50px; height: 50px; alt=""reward points logo""
src=""media/ecom/onpagegraphics/Reward_Logo.png""><span style=""font-weight: bold; color: #ef7d00;"">Earn Reward Points every time you buy this product</span></ul>

<span style=""font-weight: bold; color: #d7328a;"">Technical Information:</span><br>
<ul>
<a href=""media/ecom/pdfs/datasheets/Enviro-Lam-Gloss.pdf"" target=""_blank""><img
style=""border: 0px solid ; width: 200px; height: 60px;"" alt=""Enviro-Lam Gloss Datasheet""
src=""media/ecom/onpagegraphics/Datasheet.png""></a></ul>

<p style=""font-weight: bold; font-size: 0.9em;"">Prices shown are per 50 metre roll at 1370mm wide</p>

</body>

</html>","Enviro-Print.jpg","Enviro-Print.jpg","INVITEMS","DEFAULT-Enviro_Lam_Gloss-DEFAULT-Enviro_Lam_Gloss","","","0","0","0","","1","REGONLY","0","0","0","0","","","","SELECT","SELECT","0","","","","","0","0","","income-service","","","0","0","FEAT1","","","","PVC_Free_Laminates","Gloss_laminate, PVC_Free_Laminates","","","0","Enviro_Print_Gloss, Enviro_Print_Matt","Enviro_Print_Gloss, Enviro_Print_Matt","A","","","GRADE_POLYPROPYLENE","","","","","","","","","","","","","0","","","","1600943668","0","","0","","CHECKBOX"
"Enviro_Lam_Matt","Enviro-Lam Matt","ENVLAMM1370","Doro_Tape","20","167","DEFAULT","","","","","0","PVC FREE Matt  20 micron laminating film for use with Enviro-Print media for a completely environmentally friendly solution.","<html>

<head><title>Enviro-Lam Matt</title></head>
<body>
<p>Enviro-Lam PVC Free laminating film for use with Enviro-Print media for a completely environmentally friendly solution.</p>

<a><img style=""border: 0px solid ; width: 75px; height: 75px; float: right;"" alt=""pvc free""
src=""media/ecom/onpagegraphics/PVC_free_logo.png""></a>

<span style=""font-weight: bold; color: #d7328a;"">Structure:</span><br>
<ul><li>20<span>&#181;</span>m Transparent matt PP</li>
<li>Water based acrylic adhesive - permanent</li>
<li>One side siliconised kraft paper liner - 120g/m<sup>2</sup></li></ul>

<span style=""font-weight: bold; color: #d7328a;"">Suitability:</span><br>
<ul><li>This PP film is best applied dry onto smooth flat or slightly curved surfaces</li>
<li>Protects and enhances digitally printed images</li>
<li>Use with <a href=""https://www.dorotape.co.uk/Category/PVC-Free-Digital-Print-Materials"" target=""_blank""><font color=""#d7328a""><b>Enviro-Print PVC Free Digital Print Films</font></b></a> for a more environmentally friendly solution.</li></ul>

<span style=""font-weight: bold; color: #d7328a;"">Advantages:</span><br>
<ul><li>Unlike traditional pvc laminating film, Enviro-Lam will not shrink back after time</li>
<li>Free of harmful chlorine and phthalates</li>
<li>Up to 2 years durability (unprinted)
</li><br>
<img style=""border: 0px solid ; width: 50px; height: 50px; alt=""reward points logo""
src=""media/ecom/onpagegraphics/Reward_Logo.png""><span style=""font-weight: bold; color: #ef7d00;"">Earn Reward Points every time you buy this product</span></ul>

<span style=""font-weight: bold; color: #d7328a;"">Technical Information:</span><br>
<ul>
<a href=""media/ecom/pdfs/datasheets/Enviro-Lam-Matt.pdf"" target=""_blank""><img
style=""border: 0px solid ; width: 200px; height: 60px;"" alt=""Enviro-Lam Matt Datasheet""
src=""media/ecom/onpagegraphics/Datasheet.png""></a></ul>

<p style=""font-weight: bold; font-size: 0.9em;"">Prices shown are per 50 metre roll at 1370mm wide</p>

</body>

</html>","Enviro-Print.jpg","Enviro-Print.jpg","INVITEMS","DEFAULT-Enviro_Lam_Matt-DEFAULT-Enviro_Lam_Matt","","","0","0","0","","1","REGONLY","0","0","0","0","","","","SELECT","SELECT","0","","","","","0","0","","income-service","","","0","0","","","","","PVC_Free_Laminates","PVC_Free_Laminates, Matt_laminate","","","0","Enviro_Print_Gloss, Enviro_Print_Matt","Enviro_Print_Gloss, Enviro_Print_Matt","A","","","GRADE_POLYPROPYLENE","","","","","","","","","","","","","0","","","","1600945223","0","","0","","CHECKBOX"
"Enviro_Print_Gloss","Enviro-Print Gloss","ENVPRINTG1370","Doro_Tape","7","188","DEFAULT","","","","","0","Environmentally friendly PVC FREE gloss self-adhesive digital print film to be used as a vinyl replacement.  This 100 micron white gloss PP film has a grey airfree adhesive so is simple to apply, will not shrink back and is easy to remove. Compatible with UV and Latex inks.","<html>

<head>
<title>Enviro-Print Gloss</title>
</head>
<body>
<p>Environmentally friendly PVC FREE self-adhesive digital print film to be used as a vinyl replacement for removable window graphics, POS signage and trade shows.</p>

<a><img style=""border: 0px solid ; width: 75px; height: 75px; float: right;"" alt=""pvc free""
src=""media/ecom/onpagegraphics/PVC_free_logo.png""></a>

<span style=""font-weight: bold; color: #d7328a;"">Structure:</span><br>
<ul><li>100<span>&#181;</span>m White gloss PP</li>
<li>Water based acrylic adhesive - grey removable</li>
<li>PE two side coated kraft paper liner with structured air release - 135g/m<sup>2</sup></li></ul>

<span style=""font-weight: bold; color: #d7328a;"">Suitability:</span><br>
<ul><li>Perfect for use at exhibitions and events as well as POS displays, promotions and signage</li>
<li>This PP film is best applied dry onto smooth flat or slightly curved surfaces</li>
<li>Simple to apply and is easy to remove</li>
<li>Enviro-Print Gloss has a good level of UV stability making it also suitable for short to medium term outdoor use</li>
<li>For the ultimate pvc free solution cover and protect your print using <a href=""https://www.dorotape.co.uk/Category/PVC_Free_Laminates"" target=""_blank""><font color=""#d7328a""><b>Enviro-Lam PVC Free Laminates</font></a></b></li></ul>

<span style=""font-weight: bold; color: #d7328a;"">Advantages:</span><br>
<ul><li>Unlike regular sign vinyl, PP films will not shrink back after time</li>
<li>Fast drying</li>
<li>Good opacity</li>
<li>Free of harmful chlorine and phthalates</li>
<li>Up to 4 years durability (unprinted)
</li><br>
<img style=""border: 0px solid ; width: 50px; height: 50px; alt=""reward points logo""
src=""media/ecom/onpagegraphics/Reward_Logo.png""><span style=""font-weight: bold; color: #ef7d00;"">Earn Reward Points every time you buy this product</span></ul>

<span style=""font-weight: bold; color: #d7328a;"">Ink Compatibility:</span><br>
<ul>
<img style=""margin: 0px 5px 0px 0px; width: 15px; height: 25px;"" alt=""Latex""
src=""media/ecom/onpagegraphics/Ink-Latex.png"">Latex &nbsp;&nbsp;
<img style=""margin: 0px 5px 0px 0px; width: 15px; height: 25px;"" alt=""UV Ink""
src=""media/ecom/onpagegraphics/Ink-UV.png"">UV</ul>

<span style=""font-weight: bold; color: #d7328a;"">Technical Information:</span><br>
<ul>
<a href=""media/ecom/pdfs/datasheets/Enviro-Print-Gloss.pdf"" target=""_blank""><img
style=""border: 0px solid ; width: 200px; height: 60px;"" alt=""Enviro-Print Gloss Datasheet""
src=""media/ecom/onpagegraphics/Datasheet.png""></a>
<a href=""https://www.dorotape.co.uk/Print-Profiles-User-Guide""
target=""_blank""><img style=""width: 200px; height: 60px;"" alt=""printing profile guide""
src=""media/ecom/onpagegraphics/Profile.png""></a></ul>

<p style=""font-weight: bold; font-size: 0.9em;"">Prices shown are per 50 metre roll at 1370mm wide</p>

</body>

</html>","Enviro-Print.jpg","Enviro-Print.jpg","INVITEMS","DEFAULT-Enviro_Print_Gloss-DEFAULT-Enviro_Print_Gloss","","","0","0","0","","1","REGONLY","0","0","0","0","","","","SELECT","SELECT","0","","","","","0","0","","income-service","","","0","0","","FREESHIPPING","","","PVC_Free_Media","PVC_Free_Media, Digital_Vinyl_Short_Term","","","0","Aslan-SL109, Enviro_Lam_Gloss, Enviro_Lam_Matt, Aslan_Red_Devil_Squeegee, Olfa_X_Design_Heavy_Duty_Knife, Lint-Free-Gloves, Masking_Tape_25mm, Aslan-Gold-Soft-Squeegee, Olfa_Graphic_Cutter, Swann_Morton_3_Handle, Swann_Morton_10A_Blades, Aslan_Squeegee, Float_On","Aslan_Red_Devil_Squeegee, Olfa_X_Design_Heavy_Duty_Knife, Lint-Free-Gloves, Masking_Tape_25mm, Aslan-Gold-Soft-Squeegee, Olfa_Graphic_Cutter, Swann_Morton_3_Handle, Swann_Morton_10A_Blades, Aslan_Squeegee, Float_On","A","superuser","","GRADE_POLYPROPYLENE","","","","","","","","","","","","Enviro-Print-Gloss","0","pvc free, environment, sustainability, sustainable, pp, polypropylene","","","1600871172","0","","0","","CHECKBOX"
"Enviro_Print_Matt","Enviro-Print Matt","ENVPRINTM1370","Doro_Tape","6","188","DEFAULT","","","","","0","Environmentally friendly PVC FREE matt self-adhesive digital print film to be used as a vinyl replacement.  This 100 micron white matt PP film is easy to apply, will not shrink back and is easy to remove. Compatible with Eco-solvent, Solvent, UV and Latex inks.","<html>

<head>
<title>Enviro-Print Matt</title>
</head>
<body>
<p>Environmentally friendly PVC FREE self-adhesive digital print film with an airfree adhesive to be used as a vinyl replacement.</p>
<a><img style=""border: 0px solid ; width: 75px; height: 75px; float: right;"" alt=""pvc free""
src=""media/ecom/onpagegraphics/PVC_free_logo.png""></a>

<span style=""font-weight: bold; color: #d7328a;"">Structure:</span><br>
<ul><li>100<span>&#181;</span>m White matt PP</li>
<li>Water based acrylic adhesive - semi permanent</li>
<li>Two side PE coated kraft paper liner with airflow texture - 140g/m<sup>2</sup></li></ul>

<span style=""font-weight: bold; color: #d7328a;"">Suitability:</span><br>
<ul><li>Perfect for use at exhibitions and events as well as POS displays, promotions and indoor signage</li>
<li>This PP film is best applied dry onto smooth flat or slightly curved surfaces</li>
<li>Enviro-Print Matt is suitable for interior use only</li>
<li>For the ultimate pvc free solution cover and protect your print using <a href=""https://www.dorotape.co.uk/Category/PVC_Free_Laminates"" target=""_blank""><font color=""#d7328a""><b>Enviro-Lam PVC Free Laminates</font></a></b></li></ul>

<span style=""font-weight: bold; color: #d7328a;"">Advantages:</span><br>
<ul><li>Unlike regular sign vinyl, PP films will not shrink back after time</li>
<li>The semi-permanent adhesive features micro air channels making it easy to apply</li>
<li>Free of harmful chlorine and phthalates</li>
<li>Up to 2 years durability (unprinted)
</li><br>
<img style=""border: 0px solid ; width: 50px; height: 50px; alt=""reward points logo""
src=""media/ecom/onpagegraphics/Reward_Logo.png""><span style=""font-weight: bold; color: #ef7d00;"">Earn Reward Points every time you buy this product</span></ul>

<span style=""font-weight: bold; color: #d7328a;"">Ink Compatibility:</span><br>
<ul>
<img style=""margin: 0px 5px 0px 0px; width: 15px; height: 25px;"" alt=""Eco-Sol Ink""
src=""media/ecom/onpagegraphics/Ink-EcoSol.png"">Eco-solvent &nbsp;&nbsp;
<img style=""margin: 0px 5px 0px 0px; width: 15px; height: 25px;"" alt=""Latex""
src=""media/ecom/onpagegraphics/Ink-Latex.png"">Latex &nbsp;&nbsp;
<img style=""margin: 0px 5px 0px 0px; width: 15px; height: 25px;"" alt=""UV Ink""
src=""media/ecom/onpagegraphics/Ink-UV.png"">UV</ul>

<span style=""font-weight: bold; color: #d7328a;"">Technical Information:</span><br>
<ul>
<a href=""media/ecom/pdfs/datasheets/Enviro-Print-Matt.pdf"" target=""_blank""><img
style=""border: 0px solid ; width: 200px; height: 60px;"" alt=""Enviro-Print Matt Datasheet""
src=""media/ecom/onpagegraphics/Datasheet.png""></a>
<a href=""https://www.dorotape.co.uk/Print-Profiles-User-Guide""
target=""_blank""><img style=""width: 200px; height: 60px;"" alt=""printing profile guide""
src=""media/ecom/onpagegraphics/Profile.png""></a></ul>

<p style=""font-weight: bold; font-size: 0.9em;"">Prices shown are per 50 metre roll at 1370mm wide</p>
</body>

</html>
","Enviro-Print.jpg","Enviro-Print.jpg","INVITEMS","DEFAULT-Enviro_Print_Matt-DEFAULT-Enviro_Print_Matt","","","0","0","0","","1","REGONLY","0","0","0","0","","","","SELECT","SELECT","0","","","","","0","0","","income-service","","","0","0","FEAT1","FREESHIPPING","","","PVC_Free_Media","PVC_Free_Media, Digital_Vinyl_Short_Term","","","0","Aslan-SL109, Enviro_Lam_Gloss, Enviro_Lam_Matt, Aslan_Red_Devil_Squeegee, Olfa_X_Design_Heavy_Duty_Knife, Lint-Free-Gloves, Masking_Tape_25mm, Aslan-Gold-Soft-Squeegee, Olfa_Graphic_Cutter, Swann_Morton_3_Handle, Swann_Morton_10A_Blades, Aslan_Squeegee, Float_On","Aslan_Red_Devil_Squeegee, Olfa_X_Design_Heavy_Duty_Knife, Lint-Free-Gloves, Masking_Tape_25mm, Aslan-Gold-Soft-Squeegee, Olfa_Graphic_Cutter, Swann_Morton_3_Handle, Swann_Morton_10A_Blades, Aslan_Squeegee, Float_On","A","superuser","","GRADE_POLYPROPYLENE","","","","","","","","","","","","Enviro-Print-Matt","0","pvc free, environment","","","1600941939","0","","0","","CHECKBOX"
"ER1651370","ASLAN ER165 LoopPET Etched Glass:: 1370mm Width","ER165","Aslan","10","12","DEFAULT","","","","","0","ASLAN ER165 Etched Glass film is a PVC-free decorative window film with a silver etched glass appearance. Part of the LoopPET series of products and made from 70% recycled polyester, this visually equivalent alternative to conventional etch glass vinyl is perfect for cut out decorations and as a privacy solution for windows, partitions and other glass surfaces. Buy it by the metre.

","<html>
<head><title>ASLAN ER165 LoopPET Etched Glass :: 1370mm Width</title></head>
<body>
<img style=""width: 250px; height: 53px;"" alt=""Aslan Logo""
 src=""media/ecom/onpagegraphics/ASLAN_Logo_New.jpg""><br><br>

<p>ASLAN ER165 Etched Glass film is a PVC-free decorative window film with a silver etched glass appearance. Part of the LoopPET series of products and made from 70% recycled polyester, this visually equivalent alternative to conventional etch glass vinyl is perfect for cut out decorations and as a privacy solution for windows, partitions and other glass surfaces.</p>

<img style=""border: 0px solid ; width: 50px; height: 50px;"" alt=""fyi""
src=""media/ecom/onpagegraphics/FYI.png"">
<p style=""color: #d7328a""><i>ASLAN ER165 is part of the ASLAN LoopPET series of materials made from post-consumer recycled polyester.<br>
This range offers a more sustainable choice with less reliance on fossil resource consumption, reduced CO<sub>2</sub> emissions, less water requirement and an overall lower volume of waste.</i></p>

<a><img style=""margin: 5px; width: 85px; height: 85px; float: right;"" alt=""rPET material""
src=""media/ecom/onpagegraphics/rPET_Logo.png""></a>
<a><img style=""margin: 5px; width: 75px; height: 75px; float: right;"" alt=""pvc free""
src=""media/ecom/onpagegraphics/PVC_free_logo.png""></a>

<span style=""font-weight: bold; color: #d7328a;"">Structure:</span><br>
<ul><li>53<span>&#181;</span>m Polyester</li>
<li>Contains 70% shredded and cleaned Post Consumer Recycled PET - equivalent to 120 1.5L water bottles per 50m roll</li>
<li>Special water-based adhesive ensures eco-friendly combination of film and adhesive. Semi-permanent</li>
<li>Siliconised PET release liner - 75<span>&#181;</span>m
</li></ul>

<span style=""font-weight: bold; color: #d7328a;"">Suitability:</span><br>
<ul><li>Decoration and manifestation of windows, partitions and other glass surfaces</li>
<li>Perfect for use in offices, retail stores, hotels and restaurants</li>
<li>Suitable for smooth, flat, inflexible and non-curved surfaces</li>
<li>Creates privacy without blocking out the light</li>
<li>Up to 2-3 years outdoor durability</li>
<li>Compatible with UV</li></ul>

<span style=""font-weight: bold; color: #d7328a;"">Advantages:</span><br>
<ul><li>Suitable for wet and dry applications</li>
<li>PVC Free for ecological applications
<li>70% content of post consumer recycled polyester</li>
<li>Solvent free (water based) adhesive
</li></ul><br>

<span style=""font-weight: bold; color: #d7328a;"">Ink Compatibility:</span>
<ul>
        <img style=""margin: 0 5px 0 0; width: 15px; height: 25px;"" alt=""UV Ink"" src=""media/ecom/onpagegraphics/Ink-UV.png""> UV&nbsp;&nbsp; <br></ul>

<span style=""font-weight: bold; color: #d7328a;"">Technical Information:</span><br>
<ul>
<a href=""media/ecom/pdfs/datasheets/LoopPET-Etched-ASLAN-ER165.pdf"" target=""_blank""><img
style=""border: 0px solid ; width: 200px; height: 60px;"" alt=""ASLAN ER165 Datasheet""
src=""media/ecom/onpagegraphics/Datasheet.png""></a>
</a></ul>

<p><a href=https://www.dorotape.co.uk/Article/Glass-Etch-Vinyl target=""_blank""><img style=""border: 0px solid ; width: 50px; height: 50px;"" alt=""link to our blog""
src=""media/ecom/onpagegraphics/Blog.png"">
<span style=""color:#d7328a""><b>Learn more about applying glass etch vinyl wet and dry by reading about it in our Blog</b></span></a></p>

<p style=""font-weight: bold; font-size: 0.9em;"">Prices shown are per linear metre at 1370mm wide</p>

</body>

</html>","ASLAN-ER165.webp","ASLAN-ER165.webp","INVITEMS","DEFAULT-ER1651370-DEFAULT-ER1651370","","","0","0","0","","1","REGONLY","0","0","0","0","","","","SELECT","SELECT","0","","","","","0","0","","income-service","","","0","0","","","","","Dry_Apply_Glass_Etch","Dry_Apply_Glass_Etch, PVC_Free_Materials, Recycled-Materials, Digital_Print_Window_Film, Recycled-Printable-Materials, PVC_Free_Media","","","0","Blue_Max, Fusion_5, Olfa_Graphic_Cutter, Olfa_X_Design_Heavy_Duty_Knife, Lint-Free-Gloves, Masking_Tape_25mm, Aslan_Squeegee, Swann_Morton_3_Handle, Swann_Morton_10A_Blades, IPA_100, Anti_Static_Cleaner,","Blue_Max, Fusion_5, Olfa_Graphic_Cutter, Olfa_X_Design_Heavy_Duty_Knife, Lint-Free-Gloves, Masking_Tape_25mm, Aslan_Squeegee, Swann_Morton_3_Handle, Swann_Morton_10A_Blades, IPA_100, Anti_Static_Cleaner,","A","admin, superuser","","","","","","","","","","","","","","ASLAN-ER165","0","glass etch, etched glass, aslan, er165, frosted, etch, pvc free, rpet

","","","1780323475","0","","0","","CHECKBOX"
"Eraser_Disk_Serrated","Strip-It Serrated Eraser Disk","STRIP2","SOTT","299","13","DEFAULT","","","","","0","Drill attachment for simple removal of vinyl and adhesive. The serrated face means fast results and will not damage paintwork or sign substrate. ","<html>

<title><head>Strip-It Serrated Eraser Disk</title></head>

<body>

<p>Drill attachment for simple removal of vinyl and adhesive.</p>

<p>The serrated face means fast results and will not damage paintwork or sign substrate.</p>

</body>

</html>","Strip-It-Eraser-Serrated.png","Strip-It-Eraser-Serrated.png","INVITEMS","DEFAULT-Eraser_Disk_Serrated-DEFAULT-Eraser_Disk_Serrated","","","0","0","0","","1","REGONLY","0","0","0","0","","","","SELECT","SELECT","0","","","","","0","0","","income-service","","","0","0","","","","","Cleaners_Cleaning_Tools","Cleaners_Cleaning_Tools","","","0","Self_Adhesive_Alcantara","","A","","","","","","","","","","","","","","","","0","removal, stripper, eraser, drill","","","1647072454","0","","0","","CHECKBOX"
"Eraser_Disk_Smooth","Strip-It Smooth Eraser Disk","STRIP","SOTT","298","9","DEFAULT","","","","","0","Drill attachment for simple removal of vinyl and adhesive. The smooth face will not damage paintwork or sign substrate. ","<html>

<title><head>Strip-It Smooth Eraser Disk</title></head>

<body>

<p>Drill attachment for simple removal of vinyl and adhesive.</p>

<p>The serrated face means fast results and will not damage paintwork or sign substrate.</p>

</body>

</html>","Strip-It-Eraser-Smooth.png","Strip-It-Eraser-Smooth.png","INVITEMS","DEFAULT-Eraser_Disk_Smooth-DEFAULT-Eraser_Disk_Smooth","","","0","0","0","","1","REGONLY","0","0","0","0","","","","SELECT","SELECT","0","","","","","0","0","","income-service","","","0","0","","","","","Cleaners_Cleaning_Tools","Cleaners_Cleaning_Tools","","","0","Self_Adhesive_Alcantara","","A","","","","","","","","","","","","","","","","0","removal, stripper, eraser, drill","","","1647071936","0","","0","","CHECKBOX"
"ESM2_Inks","Roland Eco Sol Max 2 Inks","10002","Roland","20","0","DEFAULT","","","","","0","GENUINE 440cc & 220cc Roland Eco Sol Max 2 Inks to fit Roland printers.









","<html>


<head>
<meta content=""text/html; charset=ISO-8859-1"" http-equiv=""content-type""></meta>
<title>Roland Eco Sol Max Inks</title></head>

<body>

<br style=""color: rgb(153, 186, 58); font-weight: bold;"">
<span style=""color: rgb(153, 186, 58); font-weight: bold;""></span>GENUINE 440cc & 220cc Roland Eco Sol Max 2 Inks to fit Roland printers<br><br>
<p>The Roland Eco Sol Max 2 inks are durable and dependable with a quick drying time, strong water, scratch and chemical resistance and a 3 year outdoor durability for a broad range of coated and uncoated media.</p>
</body>
</html>","ESM2.jpg","ESM2.jpg","INVITEMS","DEFAULT-ESM2_Inks-DEFAULT-ESM2_Inks","","","0","0","0","","1","REGONLY","0","0","0","0","","","","SELECT","SELECT","0","","","","","0","0","","income-service","","","0","0","","","","","Digital_Print_Inks","Digital_Print_Inks","","","0","Cleaning_Pads, 4G_Cleaner, Easy-Wipe, Roland-Cleaning-Kit","","A","","","","","","","","","","","","","","","","0","digital print ink, roland inks, eco sol max ink, eco, roland, sol, max, ecosol, ecosolmax, eco-sol, eco-sol-max, esm2, ink, cartridge, 

































","","","1504090012","0","","0","","CHECKBOX"
"ESM3_Inks","Roland Eco Sol Max 3 Inks","10003","Roland","30","0","DEFAULT","","","","","0","GENUINE 500cc & 220cc Roland Eco Sol Max 3 Inks to fit Roland printers.









","<html>
<head>
<meta content=""text/html; charset=ISO-8859-1"" http-equiv=""content-type""></meta>
<title>Roland Eco Sol Max Inks</title></head>

<body>

<br style=""color: rgb(153, 186, 58); font-weight: bold;"">
<span style=""color: rgb(153, 186, 58); font-weight: bold;""></span>GENUINE 500cc & 220cc Roland Eco Sol Max 3 Inks to fit Roland printers<br><br>
<p>The Roland Eco Sol Max 3 inks deliver even faster drying times and bigger cartridges meaning lower price per cc of ink.  Powerful and versatile, this ink boasts incredibly fast drying time, a wide colour gamut and great durability. </p>

<p>You can produce high quality banners, posters, labels, stickers, POS displays, vehicle wraps and window graphics that stand the test of time.</p>
</body>
</html>","ESM3.jpg","ESM3.jpg","INVITEMS","DEFAULT-ESM3_Inks-DEFAULT-ESM3_Inks","","","0","0","0","","1","REGONLY","0","0","0","0","","","","SELECT","SELECT","0","","","","","0","0","","income-service","","","0","0","","","","","Digital_Print_Inks","Digital_Print_Inks","","","0","Roland-Cleaning-Kit, Cleaning_Pads, Easy-Wipe, Roland-BN20-waste-Tank","Roland-Cleaning-Kit, Cleaning_Pads","A","","","","","","","","","","","","","","","","0","digital print ink,roland inks,eco sol max ink

































","","","1504090030","0","","0","","CHECKBOX"
"ESM_Inks","Roland Eco Sol Max Inks","10001","Roland","10","82","DEFAULT","","","","","0","GENUINE 440cc & 220cc Roland Eco Sol Max Inks to fit Roland printers.









","<html>
<head>
<meta content=""text/html; charset=ISO-8859-1"" http-equiv=""content-type""></meta>
<title>Roland Eco Sol Max Inks</title></head>
<body>
<br style=""color: rgb(153, 186, 58); font-weight: bold;"">
<span style=""color: rgb(153, 186, 58); font-weight: bold;""></span>GENUINE 440cc & 220cc Roland Eco Sol Max Inks to fit Roland printers<br><br>
<p>The Roland Eco Sol Max inks offer super quick drying time, an exceptionally wide colour gamut and rugged scratch resistance for durability and easy handling straight off the printer.</p>
<p>Ideal for outdoor and indoor graphic applications, these inks are virtually odourless and are designed to enhance the life of Roland eco-solvent inkjet printer heads and have the power to adhere to a broad range of coated and uncoated media with a durability of up to 3 years outdoor without lamination.</p>
</body>
</html>","ESM.jpg","ESM.jpg","INVITEMS","DEFAULT-ESM_Inks-DEFAULT-ESM_Inks","","","0","0","0","","1","REGONLY","0","0","0","0","","","","SELECT","SELECT","0","","","","","0","0","","income-service","","","0","0","","","","","Digital_Print_Inks","Digital_Print_Inks","","","0","Cleaning_Pads, Easy-Wipe, Roland-Cleaning-Kit, Roland-ESM-Cleaning-Cartridge, Roland-BN20-waste-Tank","Roland-Cleaning-Kit, Roland-ESM-Cleaning-Cartridge, Roland-BN20-waste-Tank","A","","","","","","","","","","","","","","","Roland-Eco-Sol-Max-Inks","0","digital print ink, roland inks, eco sol max ink, eco sol, ecolsol, eco-sol, esl3,

































","","","1493216870","0","","0","","CHECKBOX"
"Essential_Floor_Laminate","Essential Floor Laminate","EFL","DEFAULT","130","0","DEFAULT","","","","","0","An economical embossed laminate with a permanent water based adhesive suitable for indoor floor graphics.



















","<html>

<head><title>Essential Floor Laminate</title></head>
<body>
<p>An economical embossed laminate with a permanent water based adhesive suitable for indoor floor graphics.</p>

<span style=""font-weight: bold; color: #d7328a;"">Structure:</span><br>
<ul><li>125<span>&#181;</span>m Clear textured PVC monomeric film</li>
<li>Transparent water based acrylic adhesive - Permanent</li>
<li>PE coated siliconised paper - 90g/m<sup>2</sup>
</li></ul>

<span style=""font-weight: bold; color: #d7328a;"">Suitability:</span><br>
<ul>
<li>Suitable for floor graphics</li>
<li>Protect digitally printed images</li>
<li>Suitable for indoor graphic applications and short term outdoor</li>
<li>Up to 12 months indoor durability
</li></ul>

<span style=""font-weight: bold; color: #d7328a;"">Advantages:</span><br>
<ul><li>Slip resistance to BS standard however the certificate does not constitute a warranty or give an official rating</li>
<li>Available in 2 widths
</li><br>
<img style=""border: 0px solid ; width: 50px; height: 50px; alt=""reward points logo""
src=""media/ecom/onpagegraphics/Reward_Logo.png""><span style=""font-weight: bold; color: #ef7d00;"">Earn Reward Points every time you buy this product</span></ul>

<span style=""font-weight: bold; color: #d7328a;"">Technical Information:</span><br>
<ul>
<a href=""media/ecom/pdfs/datasheets/Essential-Floor-laminate.pdf"" target=""_blank""><img
style=""border: 0px solid ; width: 200px; height: 60px;"" alt=""Essential Floor Laminate Datasheet""
src=""media/ecom/onpagegraphics/Datasheet.png""></a>
<a href=""media/ecom/pdfs/slipcertificates/EFL-Slip-Resistance.pdf"" target=""_blank""><img
style=""border: 0px solid ; width: 200px; height: 60px;"" alt=""Essential Floor Laminate Slip Resistance Certificate""
src=""media/ecom/onpagegraphics/Slip.png""></a></ul>

<p style=""font-weight: bold; font-size: 1.0em;"">Prices shown are per 50 metre roll</p>
</body>

</html>","EFL.jpg","EFL.jpg","INVITEMS","DEFAULT-Essential_Floor_Laminate-DEFAULT-Essential_Floor_Laminate","","","0","0","0","","1","REGONLY","0","0","0","0","","","","SELECT","SELECT","0","","","","","0","0","","income-service","","","0","0","","","","","Textured_laminate","Floor_laminate, Matt_laminate, Textured_laminate, Covid_Kit","","","1","Olfa_Graphic_Cutter, Olfa_X_Design_Heavy_Duty_Knife, Lint-Free-Gloves, Masking_Tape_25mm, Aslan_Squeegee, Swann_Morton_3_Handle, Swann_Morton_10A_Blades, Lint-Free-Cloths, Heavy-Duty-Application-Roller, 4075CT1220,","Olfa_Graphic_Cutter, Olfa_X_Design_Heavy_Duty_Knife, Lint-Free-Gloves, Masking_Tape_25mm, Aslan_Squeegee, Swann_Morton_3_Handle, Swann_Morton_10A_Blades, Lint-Free-Cloths, Heavy-Duty-Application-Roller, 4075CT1220,","A","superuser","","FloorLam","","","","","","","","","","","","Essential-Floor-Laminate","0","crystal, floor, laminate, boss, matt, sandtex










































","","","1490032264","0","","0","","CHECKBOX"
"Essential_Gloss_Laminate","Essential Gloss Laminate","EGL","DEFAULT","81","63","DEFAULT","","","","","0","Essential Gloss Laminate is a monomeric all-purpose gloss laminate with a solvent based permanent adhesive. Suitable for indoor & outdoor graphic applications to enhance and protect digitally printed images on a wide range of substrates.















","<html>

<head><title>Essential Gloss Laminate</title></head>
<body>

<p>Essential Gloss Laminate is a monomeric all-purpose gloss laminate with a solvent based permanent adhesive.</p>

<span style=""font-weight: bold; color: #d7328a;"">Structure:</span><br>
<ul><li>80<span>&#181;</span>m Transparent gloss monomeric PVC</li>
<li>Transparent solvent based acrylic adhesive - Permanent</li>
<li>One side clay coated siliconised kraft paper - 90g/m<sup>2</sup>
</li></ul>

<span style=""font-weight: bold; color: #d7328a;"">Suitability:</span><br>
<ul><li>Short term indoor and outdoor lamination requiring a gloss finish</li>
<li>Flat and slightly curved smooth surfaces</li>
<li>Protect digitally printed images on a wide range of substrates</li>
<li>Suitable for indoor & outdoor graphic applications</li>
<li>Up to 3 years durability
</li></ul>

<span style=""font-weight: bold; color: #d7328a;"">Advantages:</span><br>
<ul><li>High level of gloss</li>
<li>Weather resistant solvent based adhesive
</li><br>
<img style=""border: 0px solid ; width: 50px; height: 50px; alt=""reward points logo""
src=""media/ecom/onpagegraphics/Reward_Logo.png""><span style=""font-weight: bold; color: #ef7d00;"">Earn Reward Points every time you buy this product</span></ul>

<span style=""font-weight: bold; color: #d7328a;"">Technical Information:</span><br>
<ul>
<a href=""media/ecom/pdfs/datasheets/PL710.pdf"" target=""_blank""><img
style=""border: 0px solid ; width: 200px; height: 60px;"" alt=""Essential Gloss Laminate Datasheet""
src=""media/ecom/onpagegraphics/Datasheet.png""></a>
<a href=""media/ecom/pdfs/firecertificates/POLI-TAPE_Monomeric_Vinyl_B1_Fire_Certificate.pdf"" target=""_blank""><img
style=""border: 0px solid ; width: 200px; height: 60px;"" alt=""Essential Gloss Laminate Fire Certificate""
src=""media/ecom/onpagegraphics/Fire.png""></a></ul>

<p style=""font-weight: bold; font-size: 1.0em;"">Prices shown are per 50 metre roll</p>
</body>

</html>","EGL.jpg","EGL.jpg","INVITEMS","DEFAULT-Essential_Gloss_Laminate-DEFAULT-Essential_Gloss_Laminate","","","0","0","0","","1","REGONLY","0","0","0","0","","","","SELECT","SELECT","0","","","","","0","0","","income-service","","","0","0","","","","","Gloss_laminate","Gloss_laminate, Poli-Print-Monomeric, Poli-Print-Digital-Media-Laminates","","","0","Olfa_Graphic_Cutter, Olfa_X_Design_Heavy_Duty_Knife, Lint-Free-Gloves, Masking_Tape_25mm, Aslan_Squeegee, Swann_Morton_3_Handle, Swann_Morton_10A_Blades, Lint-Free-Cloths, Heavy-Duty-Application-Roller, 4075CT1220, Poli_Print_800, Poli_Print_805, Poli_Print_810, Poli_Print_815, Poli_Print_820","Olfa_Graphic_Cutter, Olfa_X_Design_Heavy_Duty_Knife, Lint-Free-Gloves, Masking_Tape_25mm, Aslan_Squeegee, Swann_Morton_3_Handle, Swann_Morton_10A_Blades, Lint-Free-Cloths, Heavy-Duty-Application-Roller, 4075CT1220, Poli_Print_800, Poli_Print_805, Poli_Print_810, Poli_Print_815, Poli_Print_820","A","superuser","","","","","","","","","","","","","","Essential-Gloss-Laminate","0","gloss lam, gloss, gloss laminate, laminate, essential, poli-print monomeric, poli print monomeric, poli-tape monomeric, poli tape monomeric, 









































","","","1490032105","0","","0","","CHECKBOX"
"Essential_Matt_Laminate","Essential Matt Laminate","EML","DEFAULT","82","65","DEFAULT","","","","","0","Essential Matt Laminate is a monomeric all-purpose matt laminate with a solvent based permanent adhesive. Suitable for indoor & outdoor graphic applications to enhance and protect digitally printed images on a wide range of substrates.















","<html>

<head><title>Essential Matt Laminate</title></head>
<body>
<p>Essential Matt Laminate is a monomeric all-purpose matt laminate with a solvent based permanent adhesive.</p>

<span style=""font-weight: bold; color: #d7328a;"">Structure:</span><br>
<ul><li>80<span>&#181;</span>m Transparent matt monomeric PVC</li>
<li>Transparent solvent based acrylic adhesive - Permanent</li>
<li>One side clay coated siliconised kraft paper - 90g/m<sup>2</sup>
</li></ul>

<span style=""font-weight: bold; color: #d7328a;"">Suitability:</span><br>
<ul><li>Short term indoor and outdoor lamination requiring a matt finish</li>
<li>Flat and slightly curved smooth surfaces</li>
<li>Protect digitally printed images on a wide range of substrates</li>
<li>Suitable for indoor & outdoor graphic applications</li>
<li>Up to 3 years durability
</li></ul>

<span style=""font-weight: bold; color: #d7328a;"">Advantages:</span><br>
<ul><li>Low level of reflection</li>
<li>Weather resistant solvent based adhesive
</li><br>
<img style=""border: 0px solid ; width: 50px; height: 50px; alt=""reward points logo""
src=""media/ecom/onpagegraphics/Reward_Logo.png""><span style=""font-weight: bold; color: #ef7d00;"">Earn Reward Points every time you buy this product</span></ul>

<span style=""font-weight: bold; color: #d7328a;"">Technical Information:</span><br>
<ul>
<a href=""media/ecom/pdfs/datasheets/PL715.pdf"" target=""_blank""><img
style=""border: 0px solid ; width: 200px; height: 60px;"" alt=""Essential Matt Laminate Datasheet""
src=""media/ecom/onpagegraphics/Datasheet.png""></a>
<a href=""media/ecom/pdfs/firecertificates/POLI-TAPE_Monomeric_Vinyl_B1_Fire_Certificate.pdf"" target=""_blank""><img
style=""border: 0px solid ; width: 200px; height: 60px;"" alt=""Essential Matt Laminate Fire Certificate""
src=""media/ecom/onpagegraphics/Fire.png""></a></ul>

<p><b>Prices are per roll</b></p>
</body>

</html>","EML.jpg","EML.jpg","INVITEMS","DEFAULT-Essential_Matt_Laminate-DEFAULT-Essential_Matt_Laminate","","","0","0","0","","1","REGONLY","0","0","0","0","","","","SELECT","SELECT","0","","","","","0","0","","income-service","","","0","0","","","","","Matt_laminate","Matt_laminate, Poli-Print-Monomeric, Poli-Print-Digital-Media-Laminates","","","0","Olfa_Graphic_Cutter, Olfa_X_Design_Heavy_Duty_Knife, Lint-Free-Gloves, Masking_Tape_25mm, Aslan_Squeegee, Swann_Morton_3_Handle, Swann_Morton_10A_Blades, Lint-Free-Cloths, Heavy-Duty-Application-Roller, 4075CT1220, Poli_Print_800, Poli_Print_805, Poli_Print_810, Poli_Print_815, Poli_Print_820","Olfa_Graphic_Cutter, Olfa_X_Design_Heavy_Duty_Knife, Lint-Free-Gloves, Masking_Tape_25mm, Aslan_Squeegee, Swann_Morton_3_Handle, Swann_Morton_10A_Blades, Lint-Free-Cloths, Heavy-Duty-Application-Roller, 4075CT1220, Poli_Print_800, Poli_Print_805, Poli_Print_810, Poli_Print_815, Poli_Print_820","A","superuser","","","","","","","","","","","","","","Essential-Matt-Laminate","0","matt, laminate, essential, true, true matt, poli-print monomeric, poli print monomeric, poli-tape monomeric, poli tape monomeric, 







































","","","1490032208","0","","0","","CHECKBOX"
"Eyelet_Kit","Brass Eyelet Kit","1895","DEFAULT","170","10","DEFAULT","","","","","0","Brass Eyelet Kit.","<html>

<title><head>Brass Eyelet Kit</title></head>

<body>

<p>Brass Eyelet Kit. Includes punch and die with 25 eyelets.</p>

</body>

</html>","Eyelet-Kit.jpg","Eyelet-Kit.jpg","INVITEMS","DEFAULT-Eyelet_Kit-DEFAULT-Eyelet_Kit","","","0","0","0","","1","REGONLY","0","0","0","0","","","","SELECT","SELECT","0","","","","","0","0","","income-service","","","0","0","","","","","Banner_Fixings","Banner_Fixings","","","0","","","A","","","","","","","","","","","","","","","","0","eyelet,eyeleting,kit,","","","1542110821","0","","0","","CHECKBOX"
"Eyelet_Press","Desktop Eyeleting Press","EYE2","DEFAULT","180","277","DEFAULT","","","","","0","Self piercing manual eyeleting machine. A sturdy cast metal hand lever eyeleting machine, excellent for the production of all types of banners. Includes 9mm die set and 1000 brass eyelets and rings.","<html><head><title>Eyelet Press</title></head>
<body>
<p>Self piercing manual eyeleting machine.</p>
<p>A sturdy cast metal hand lever eyeleting machine, excellent for the production of all types of banners.</p>
<p>Includes:</p>
<ul><li>9mm die set</li>
<li>1000 brass eyelets and rings.</li></ul>
</body>
</html>","Eyelet_Puncher.jpg","Eyelet_Puncher.jpg","INVITEMS","DEFAULT-Eyelet_Press-DEFAULT-Eyelet_Press","","","0","0","0","","1","REGONLY","0","0","0","0","","","","SELECT","SELECT","0","","","","","0","0","","income-service","","","0","0","","FREESHIPPING","","","Banner_Fixings","Banner_Fixings","","","0","BA_EYERING","BA_EYERING","A","","","","","","","","","","","","","","","","0","eyelet,eyeleting,press,punch,grommet,","","","1513856879","0","","0","","CHECKBOX"
"EZ_LED_Weeder","EZ Weeder with LED Light","EZWLED","Doro_Tape","38","22","DEFAULT","","","","","0","The EZ Weeder LED  is the ultimate weeding tool. The LED light aligns with the weeding tip so contour cut lines stand out making weeding a cinch.","<html>

<title><head>EZ Weeder with LED Light</head></title>

<body>

<p>The EZ Weeder LED  is the ultimate weeding tool.</p>

<p>The LED light aligns with the weeding tip so contour cut lines stand out making weeding a cinch.</p>

</body>

</html>","stahls_led_weeeder.png","stahls_led_weeeder.png","INVITEMS","DEFAULT-EZ_LED_Weeder-DEFAULT-EZ_LED_Weeder","","","0","0","0","","1","REGONLY","0","0","0","0","","","","SELECT","SELECT","0","","","","","0","0","","income-service","","","0","0","","","","","Weeding_Handling_Tools","Weeding_Handling_Tools, Stencil-Film-Accessories","","","0","Weeding_Tweezers","","A","","","","","","","","","","","","","","","","0","ez weeder, weed, weeding, led, light","","","1647281169","0","","0","","CHECKBOX"
"EZ_Weeder","EZ Weeder","EZW","Doro_Tape","35","16","DEFAULT","","","","","0","Make fast weeding a reality with the EZ Weeder from Stahls. Wider grip for comfort and high level of accuracy.","<html>

<title><head>EZ Weeder</title></head>

<body>

<p>Make fast weeding a reality with the EZ Weeder from Stahls.</p>

<p>Wider grip for comfort and high level of accuracy.</p>

</body>

</html>","stahls-ez-weeder.png","stahls-ez-weeder.png","INVITEMS","DEFAULT-EZ_Weeder-DEFAULT-EZ_Weeder","","","0","0","0","","1","REGONLY","0","0","0","0","","","","SELECT","SELECT","0","","","","","0","0","","income-service","","","0","0","","","","","Weeding_Handling_Tools","Weeding_Handling_Tools, Stencil-Film-Accessories","","","0","Weeding_Tweezers","","A","","","","","","","","","","","","","","","","0","weeding,hook,","","","1647280888","0","","0","","CHECKBOX"
"F-Jet-115","F-Jet 115 Natural Fibers","FJ115","Ritrama","30","133","DEFAULT","","","","","0","F-Jet 115 is an innovative removable self-adhesive material offering a sustainable alternative to traditional monomeric pvc vinyl that is often used for the short term indoor advertising. Made from 100% post-consumer recycled fibres and with an ultra removable water based acrylic adhesive (solvent free), this white matt material combines performance, versatility and environmental responsibility. Printable with UV and Latex inks, it can be applied to any smooth surface and is removable without leaving any residue. Designed for POS advertising, short term window graphics and promotional displays where removability is a key requirement. Price is for a 1370mm x 50m roll.

























","<html>

<head><title>F-Jet 115 Natural Fibres</title>

<style>
.responsive {
  width: 50%;
  height: auto;
}
</style>
</head>
<body>
<img src=""media/ecom/onpagegraphics/Fedrigoni_Logo.jpg"" alt=""Fedrigoni Logo"" class=""responsive"">


<p>F-Jet 115 is an innovative removable self-adhesive material offering a sustainable alternative to traditional monomeric pvc vinyl that is often used for the short term indoor advertising.</p>
<p> Made from 100% post-consumer recycled fibres and with an ultra removable water based acrylic adhesive (solvent free), this white matt material combines performance, versatility and environmental responsibility.</p>
<p>Printable with UV and Latex inks, it can be applied to any smooth surface and is removable without leaving any residue. Designed for POS advertising, short term window graphics and promotional displays where removability is a key requirement.</p>


<a><img style=""margin: 5px; width: 75px; height: 75px; float: right;"" alt=""pvc free""
src=""media/ecom/onpagegraphics/PVC_free_logo.png""></a>
<a><img style=""margin: 5px; width: 75px; height: 75px; float: right;"" alt=""recycled paper""
src=""media/ecom/onpagegraphics/Recycled-Paper-Green-Logo.png""></a>
<a><img style=""margin: 5px; width: 75px; height: 75px; float: right;"" alt=""FSC""
src=""media/ecom/onpagegraphics/FSC-Logo.png""></a>

<span style=""font-weight: bold; color: #d7328a;"">Structure:</span><br>
<ul><li>115gsm matt white paper. 100% post-consumer recycled fibres FSC<sup>TM</sup></li>
<li>120<span>&#181;</span>m without adhesive, 135<span>&#181;</span>m with adhesive</li>
<li>Ultra removable clear water based adhesive (solvent free)</li>
<li>80gsm kraft paper liner</li></ul>

<span style=""font-weight: bold; color: #d7328a;"">Suitability:</span><br>
<ul><li>POS advertising</li>
<li>Short term window graphics</li>
<li>Indoor advertising panels</li>
<li>Promotional displays</li>
<li>Easy to apply *Dry application only</li></ul>

<span style=""font-weight: bold; color: #d7328a;"">Advantages:</span><br>
<ul><li>100% recycled</li>
<li>FSC (Forest Stewardship Council) certified</li>
<li>Life cycle assessment compared to a 100 micron PVC film shows large reductions in energy used, water consumption and CO<sub>2</sub> emissions</li>
<li>Clean removability at low and constant speed from most substrates
</li><br>
<img style=""border: 0px solid ; width: 50px; height: 50px; alt=""reward points logo""
src=""media/ecom/onpagegraphics/Reward_Logo.png""><span style=""font-weight: bold; color: #ef7d00;"">Earn Reward Points every time you buy this product</span></ul>


<span style=""font-weight: bold; color: #d7328a;"">Ink Compatibility:</span><br>
<ul><img style=""margin: 0px 5px 0px 0px; width: 15px; height: 25px;"" alt=""Latex""
src=""media/ecom/onpagegraphics/Ink-Latex.png"">Latex &nbsp;&nbsp;
<img style=""margin: 0px 5px 0px 0px; width: 15px; height: 25px;"" alt=""UV Ink""
src=""media/ecom/onpagegraphics/Ink-UV.png"">UV</ul>


<span style=""font-weight: bold; color: #d7328a;"">Technical Information:</span><br>
<ul><a href=""media/ecom/pdfs/datasheets/TDS_F-Jet_Natural_Fibers_115_Ultra_Rem.pdf"" target=""_blank""><img
style=""border: 0px solid ; width: 200px; height: 60px;"" alt=""F-Jet 115 Removable Datasheet""
src=""media/ecom/onpagegraphics/Datasheet.png""></a>
<a href=""https://www.dorotape.co.uk/Print-Profiles-User-Guide""
target=""_blank""><img style=""width: 200px; height: 60px;"" alt=""printing profile guide""
src=""media/ecom/onpagegraphics/Profile.png""></a></ul>

<p style=""font-weight: bold; font-size: 0.9em;"">Prices shown are per 50 metre roll at 1370mm wide</p>
</body>

</html>



","F-Jet-115-Natural-Fibers.jpg","F-Jet-115-Natural-Fibers.jpg","INVITEMS","DEFAULT-F-Jet-115-DEFAULT-F-Jet-115","","","0","0","0","","1","REGONLY","0","0","0","0","","","","SELECT","SELECT","0","","","","","0","0","","income-service","","","0","0","","","https://www.youtube.com/embed/vUqHuzPEYis?si=lFKniZmlH_3fxLQg","","Digital_Print_Paper","Digital_Print_Paper, PVC_Free_Media, Recycled-Printable-Materials","","","0","Boss_Gloss_Laminate, Boss_Lustre_Laminate, Aslan_Red_Devil_Squeegee, Olfa_X_Design_Heavy_Duty_Knife, Lint-Free-Gloves, Masking_Tape_25mm, Aslan-Gold-Soft-Squeegee, Olfa_Graphic_Cutter, Swann_Morton_3_Handle, Swann_Morton_10A_Blades, Aslan_Squeegee,","Aslan_Red_Devil_Squeegee, Olfa_X_Design_Heavy_Duty_Knife, Lint-Free-Gloves, Masking_Tape_25mm, Aslan-Gold-Soft-Squeegee, Olfa_Graphic_Cutter, Swann_Morton_3_Handle, Swann_Morton_10A_Blades, Aslan_Squeegee,","A","superuser","ADHESIVE_BLACK, ADHESIVE_REMOVABLE","GRADE_MONOMERIC","SUITABILITY_FLAT, SUITABILITY_OUTDOOR_MEDIUM, SUITABILITY_VEHICLE, SUITABILITY_BLOCKOUT","","","","","","","","","","","Ritrama-F-Jet-Natural-Fibers-115","0","sustainable, paper, recycled, f-jet, 115, natural, fibers, fibres, fsc, environment, environmentally, friendly, recycle, fedrigoni, F-Jet Natural Fibers







xerox,d-jet 100,
































","","","1711639574","0","","0","","CHECKBOX"
"Felt_Squeegee","Felt Squeegee","FS","Doro_Tape","40","3","DEFAULT","","","","","0","Felt Squeegee for scratch free application.","<html>

<title><head>Felt Squeegee</title></head>

<body>

<p>Compressed Felt Squeegee is firm but soft and perfect for scratch free application of vinyl graphics</p>
<p>Size: 100mm x 70mm x 13mm</p>

</body>

</html>","Felt-Squeegee.jpg","Felt-Squeegee.jpg","INVITEMS","DEFAULT-Felt_Squeegee-DEFAULT-Felt_Squeegee","","","0","0","0","","1","REGONLY","0","0","0","0","","","","SELECT","SELECT","0","","","","","0","0","","income-service","","","0","0","","","","","Vehicle_Wrap_Tools","Application_Tools, Vehicle_Wrap_Tools","","","0","PLASQBLUE, PLASQGOLD, ASLANSQ, ASLANSQRD, APPROLL","","A","","","","","","","","","","","","","","","","0","felt,squeegee,","","","1519298726","0","","0","","CHECKBOX"
"Ferrous-Film","FF600 Self-adhesive Ferrous Film :: 1000mm x 10m roll","FF600","Doro_Tape","40","105","DEFAULT","","","","","0","FF600 Self-adhesive Ferrous Film (plain grey finish) for creating magnetically receptive surfaces. Use in conjunction with other memoboard vinyls such as whiteboard vinyl to create magnetic whiteboards with extra high level of attraction to magnets. Price is per roll.
","<html>

<head><title>FF600 Self-adhesive Ferrous Film - 1000mm x 10m</title>
</head>
<body>


<p>FF600 is a self-adhesive ferrous film with a plain grey finish, used to transform display boards, retail stores or furniture into a magnetic-receptive surface for printed ferrous promotions.</p>


<span style=""font-weight: bold; color: #d7328a;"">Structure:</span>
<ul><li>400<span>&#181;m</span> PE with 85&#177;5% Iron powder content</li>
<li>Solvent based adhesive - Permanent</li>
<li>Clay coated kraft paper
</li></ul>

<span style=""font-weight: bold; color: #d7328a;"">Suitability:</span>
<ul><li>Suitable for internal and external applications</li>
<li>Flexible material for smooth flat surfaces and slightly curved panels</li>
<li>Suitable for retail POS, posters and other signage where a magnetic surface is required</li>
<li>Use in conjunctions with a magnetic material for quick-change graphics and promotion
</li></ul>

<span style=""font-weight: bold; color: #d7328a;"">Advantages:</span>
<ul><li>Magnetic attraction strength does not reduce over time</li>
<li>Transforms surfaces into a magnetic receptive surface for use with magnetic materials</li>
<li>Easy to cut with scissors, knives or die-cutting</li>
<li>Fire Rated to Euroclass DIN EN 13501-1:2007 with classification B-s1-d0
</li></ul>


<span style=""font-weight: bold; color: #d7328a;"">Technical Information:</span><br><br>
<ul>
<a href=""media/ecom/pdfs/datasheets/FF600-Ferrous-Film.pdf"" target=""_blank""><img
style=""border: 0px solid ; width: 200px; height: 60px;"" alt=""FF600 Ferrous Film Datasheet""
src=""media/ecom/onpagegraphics/Datasheet.png""></a>
<a href=""media/ecom/pdfs/firecertificates/FF600-Fire-Certificate.pdf"" target=""_blank""><img
style=""border: 0px solid ; width: 200px; height: 60px;"" alt=""FF600 Fire Certificate""
src=""media/ecom/onpagegraphics/Fire.png""></a>
</ul>

<p><a href=https://www.dorotape.co.uk/Article/MagvFerro target=""_blank""><img style=""border: 0px solid ; width: 50px; height: 50px;"" alt=""link to our blog""
src=""media/ecom/onpagegraphics/Blog.png""></p>
<span style=""color:#d7328a""><b>Learn more about magnetic vinyl and ferrous film by reading about it in our Blog</b></span></a></p>
<p style=""font-weight: bold; font-size: 0.9em;"">Prices shown are per 10 metre roll at 1000mm wide</p>

</body>

</html>","FF600.jpg","FF600.jpg","INVITEMS","DEFAULT-Ferrous-Film-DEFAULT-Ferrous-Film","","","0","0","0","","1","REGONLY","0","0","0","0","","","","SELECT","SELECT","0","","","","","0","0","","income-service","","","0","0","","","","","Magnetic_Ferrous","Magnetic_Ferrous","","","0","D90521000","","A","","ADHESIVE_PERMANENT","GRADE_FERROUS","SUITABILITY_FLAT, SUITABILITY_WALL_DECORATION","","","","","","","","","","","","0","","","","1507912994","0","","0","","CHECKBOX"
"FF4101010","ASLAN FF410 Self-adhesive Ferrous Film :: 1010mm x 12m","FF410","Aslan","40","218","DEFAULT","","","","","0","ASLAN FF410 New softer self-adhesive Ferrous Film (plain grey finish). PVC Free. Fire Rated to Euroclass DIN EN 13501-1:2018 with classification C-s1-d0. Prices are per roll.
","<html>

<head><title>ASLAN FF410</head></title>

<body>
<img style=""width: 250px; height: 53px;"" alt=""Aslan Logo""
 src=""media/ecom/onpagegraphics/ASLAN_Logo_New.jpg""><br><br>
<p>ASLAN FF410 New softer self-adhesive ferrous film (plain grey finish) has a higher iron powder content our standard ferrous film.</p>
<p>Now it is possible to cover this ferrous film with another memoboard vinyl such as whiteboard vinyl without losing the extra high level of attraction to magnets.</p>

<span style=""font-weight: bold; color: #d7328a;"">Structure:</span><br>
<ul><li>410<span>&#181;m</span> PE with an iron powder content</li>
<li>Water based acrylic adhesive system - Permanent</li>
<li>Embossed silicone paper, PE coated on both sides - 130gm<sup>2</sup>
</li></ul>

<span style=""font-weight: bold; color: #d7328a;"">Suitability:</span><br>
<ul><li>Transforms smooth surfaces in to a magnet receptive surface</li>
<li>Strong enough to be laminated over with other films such as a digital print and still attract magnets</li>
<li>Can be cut with a CO<sub>2</sub>laser</li>
<li>Suitable for indoor use</li>
<li>Dry Apply only
</li></ul>

<span style=""font-weight: bold; color: #d7328a;"">Advantages:</span><br>
<ul><li>The new softer material means that storing and sending laminated graphics on a core is now trouble free</li>
<li>Removable in one piece</li>
<li>PVC Free</li>
<li>Film complies with the European RoHS Directive, is free of PVC and plasticisers and REACH-compliant</li>
<li>Fire Rated to Euroclass DIN EN 13501-1:2018 with classification C-s1-d0</li>
<li>Classified to the standard for toy safety DIN EN 71- 3</li></ul>

<ul><a><img style=""border: 0px solid ; width: 75px; height: 75px;"" alt=""pvc free""
src=""media/ecom/onpagegraphics/PVC_free_logo.png""></a>
<a><img style=""border: 0px solid ; width: 75px; height: 75px;"" alt=""EN71-3""
src=""media/ecom/onpagegraphics/EN71-3.png""></a>
<a><img style=""border: 0px solid ; width: 90px; height: 90px;"" alt=""REACH""
src=""media/ecom/onpagegraphics/REACH.png""></a>
<a><img style=""border: 0px solid ; width: 90px; height: 90px;"" alt=""ROHS""
src=""media/ecom/onpagegraphics/ROHS.png""></a></ul>


<span style=""font-weight: bold; color: #d7328a;"">Technical Information:</span><br>
<ul>
<a href=""media/ecom/pdfs/datasheets/ASLAN_FF410_FerroSoft.pdf""
target=""_blank""><img style=""border: 0px solid ; width: 200px; height: 60px;"" alt=""Aslan FF410 Datasheet""
src=""media/ecom/onpagegraphics/Datasheet.png""></a>
<a href=""media/ecom/pdfs/Classification Report FerroSoft ASLAN FF 410_ EN 13501-1.pdf""
target=""_blank""><img style=""border: 0px solid ; width: 200px; height: 60px;"" alt=""Aslan FF410 Fire Certificate""
src=""media/ecom/onpagegraphics/Fire.png""></a></ul>

<p><a href=https://www.dorotape.co.uk/Article/MagvFerro target=""_blank""><img style=""border: 0px solid ; width: 50px; height: 50px;"" alt=""link to our blog""
src=""media/ecom/onpagegraphics/Blog.png""></p>
<span style=""color:#d7328a""><b>Learn more about magnetic vinyl and ferrous film by reading about it in our Blog</b></span></a></p>

<p style=""font-weight: bold; font-size: 0.9em;"">Prices shown are per 12 metre roll at 1010mm wide</p>

</body>
</html>","FF410.jpg","FF410.jpg","INVITEMS","DEFAULT-FF4101010-DEFAULT-FF4101010","","","0","0","0","","1","REGONLY","0","0","0","0","","","","SELECT","SELECT","0","","","","","0","0","","income-service","","","0","0","","FREESHIPPING","https://www.youtube.com/embed/jRucmOWot7M","","Magnetic_Ferrous","Magnetic_Ferrous, PVC_Free_Materials","","","0","D90521000, 90561270","","A","","ADHESIVE_PERMANENT","GRADE_FERROUS","SUITABILITY_FLAT, SUITABILITY_WALL_DECORATION","","","","","","","","","","","ASLAN-Ferrosoft-FF410","0","aslan, ff410, ferro, ferrous, ferro film, ferrous film, ferrosoft

","","ASLAN FF410 self-adhesive ferrous film for applying to displays or retail store walls making the area ready to accept printed magnetic promotions. ","1513786016","0","","0","","CHECKBOX"
"FF4101370","ASLAN FF410 Self-adhesive Ferrous Film :: 1370mm x 9m","FF410","Aslan","40","221","DEFAULT","","","","","0","ASLAN FF410 New softer self-adhesive Ferrous Film (plain grey finish). PVC Free. Fire Rated to Euroclass DIN EN 13501-1:2018 with classification C-s1-d0. Prices are per roll.
","<html>

<head><title>ASLAN FF410</head></title>

<body>
<img style=""width: 250px; height: 53px;"" alt=""Aslan Logo""
 src=""media/ecom/onpagegraphics/ASLAN_Logo_New.jpg""><br><br>
<p>ASLAN FF410 New softer self-adhesive ferrous film (plain grey finish) has a higher iron powder content our standard ferrous film.</p>
<p>Now it is possible to cover this ferrous film with another memoboard vinyl such as whiteboard vinyl without losing the extra high level of attraction to magnets.</p>

<span style=""font-weight: bold; color: #d7328a;"">Structure:</span><br>
<ul><li>410<span>&#181;m</span> PE with an iron powder content</li>
<li>Water based acrylic adhesive system - Permanent</li>
<li>Embossed silicone paper, PE coated on both sides - 130gm<sup>2</sup>
</li></ul>

<span style=""font-weight: bold; color: #d7328a;"">Suitability:</span><br>
<ul><li>Transforms smooth surfaces in to a magnet receptice surface</li>
<li>Strong enough to be laminated over with other films such as a digital print and still attract magnets</li>
<li>Can be cut with a CO<sub>2</sub>laser</li>
<li>Suitable for indoor use</li>
<li>Dry Apply only
</li></ul>

<span style=""font-weight: bold; color: #d7328a;"">Advantages:</span><br>
<ul><li>The new softer material means that storing and sending laminated graphics on a core is now trouble free</li>
<li>Removable in one piece</li>
<li>PVC Free</li>
<li>Film complies with the European RoHS Directive, is free of PVC and plasticisers and REACH-compliant</li>
<li>Fire Rated to Euroclass DIN EN 13501-1:2018 with classification C-s1-d0</li>
<li>Classified to the standard for toy safety DIN EN 71- 3</li></ul>

<ul><a><img style=""border: 0px solid ; width: 75px; height: 75px;"" alt=""pvc free""
src=""media/ecom/onpagegraphics/PVC_free_logo.png""></a>
<a><img style=""border: 0px solid ; width: 75px; height: 75px;"" alt=""EN71-3""
src=""media/ecom/onpagegraphics/EN71-3.png""></a>
<a><img style=""border: 0px solid ; width: 90px; height: 90px;"" alt=""REACH""
src=""media/ecom/onpagegraphics/REACH.png""></a>
<a><img style=""border: 0px solid ; width: 90px; height: 90px;"" alt=""ROHS""
src=""media/ecom/onpagegraphics/ROHS.png""></a></ul>


<span style=""font-weight: bold; color: #d7328a;"">Technical Information:</span><br>
<ul>
<a href=""media/ecom/pdfs/datasheets/ASLAN_FF410_FerroSoft.pdf""
target=""_blank""><img style=""border: 0px solid ; width: 200px; height: 60px;"" alt=""Aslan FF410 Datasheet""
src=""media/ecom/onpagegraphics/Datasheet.png""></a>
<a href=""media/ecom/pdfs/Classification Report FerroSoft ASLAN FF 410_ EN 13501-1.pdf""
target=""_blank""><img style=""border: 0px solid ; width: 200px; height: 60px;"" alt=""Aslan FF410 Fire Certificate""
src=""media/ecom/onpagegraphics/Fire.png""></a></ul>

<p><a href=https://www.dorotape.co.uk/Article/MagvFerro target=""_blank""><img style=""border: 0px solid ; width: 50px; height: 50px;"" alt=""link to our blog""
src=""media/ecom/onpagegraphics/Blog.png""></p>
<span style=""color:#d7328a""><b>Learn more about magnetic vinyl and ferrous film by reading about it in our Blog</b></span></a></p>

<p style=""font-weight: bold; font-size: 0.9em;"">Prices shown are per 9 metre roll at 1370mm wide</p>

</body>

</html>","FF410.jpg","FF410.jpg","INVITEMS","DEFAULT-FF4101370-DEFAULT-FF4101370","","","0","0","0","","1","REGONLY","0","0","0","0","","","","SELECT","SELECT","0","","","","","0","0","","income-service","","","0","0","","FREESHIPPING","https://www.youtube.com/embed/jRucmOWot7M","","Magnetic_Ferrous","Magnetic_Ferrous, PVC_Free_Materials","","","0","D90521000, 90561270","D90521000, 90561270","A","","ADHESIVE_PERMANENT","GRADE_FERROUS","SUITABILITY_FLAT, SUITABILITY_WALL_DECORATION","","","","","","","","","","","ASLAN-Ferrosoft-FF410-1370","0","aslan, ff410, ferro, ferrous, ferro film, ferrous film, ferrosoft, magnet, magnetic, magnet receptive

","","Aslan FF410 self-adhesive ferrous film for applying to displays or retail store walls making the area ready to accept printed magnetic promotions. ","1552398784","0","","0","","CHECKBOX"
"FF4801010","ASLAN FF480 Printable Self-adhesive Ferrous Film :: 1010mm x 12m roll","FF480","Aslan","40","277","DEFAULT","","","","","0","ASLAN FF480 New softer printable Self-adhesive Ferrous Film. Price is per roll.
","<html>
<head><title>ASLAN FF480</title>
</head>
<body>
<img style=""width: 250px; height: 53px;"" alt=""Aslan Logo""
 src=""media/ecom/onpagegraphics/ASLAN_Logo_New.jpg""><br><br>
<p>New softer self-adhesive and digitally printable ferrous (magnet receptive) film for applying to displays or furniture.</p>
<p>Easy to cut into any required shape this film turns any surface into a metal, magnet receptive surface and the high iron powder content makes it useable even when combined with other memoboard films such as ASLAN Clearboard CB90.</p>

<span style=""font-weight: bold; color: #d7328a;"">Structure:</span><br>
<ul><li>480<span>&#181;m</span> PE with an iron powder content</li>
<li>Water based acrylic adhesive system - Permanent</li>
<li>Embossed silicone paper, PE coated on both sides - 130gm<sup>2</sup>
</li></ul>

<span style=""font-weight: bold; color: #d7328a;"">Suitability:</span><br>
<ul><li>Transforms smooth surfaces in to a magnet receptive surface</li>
<li>Soft film suitable for digital printing</li>
<li>Suitable for indoor use</li>
<li>Dry Apply only
</li></ul>

<span style=""font-weight: bold; color: #d7328a;"">Advantages:</span><br>
<ul><li>Can easily be cut to customised shapes for a variety of applications</li>
<li>The new softer material means that storing and sending laminated graphics on a core is now trouble free</li>
<li>Removable in one piece</li></ul>

<span style=""font-weight: bold; color: #d7328a;"">Ink Compatibility:</span><br>
<ul><img style=""margin: 0px 5px 0px 0px; width: 15px; height: 25px;"" alt=""Eco-Sol Ink""
src=""media/ecom/onpagegraphics/Ink-EcoSol.png"">Eco-solvent &nbsp;&nbsp;
<img style=""margin: 0px 5px 0px 0px; width: 15px; height: 25px;"" alt=""UV Ink""
src=""media/ecom/onpagegraphics/Ink-UV.png"">UV
</ul>

<span style=""font-weight: bold; color: #d7328a;"">Technical Information:</span><br>
<ul>
<a href=""media/ecom/pdfs/datasheets/ASLAN_FF480_FerroSoft_Print.pdf""
target=""_blank""><img style=""border: 0px solid ; width: 200px; height: 60px;"" alt=""Aslan FF480 Datasheet""
src=""media/ecom/onpagegraphics/Datasheet.png""></a></ul>

<p><a href=https://www.dorotape.co.uk/Article/MagvFerro target=""_blank""><img style=""border: 0px solid ; width: 50px; height: 50px;"" alt=""link to our blog""
src=""media/ecom/onpagegraphics/Blog.png""></p>
<span style=""color:#d7328a""><b>Learn more about magnetic vinyl and ferrous film by reading about it in our Blog</b></span></a></p>

<p style=""font-weight: bold; font-size: 0.9em;"">Prices shown are per 12 metre roll at 1010mm wide</p>
</body>

</html>","ASLAN_FF450.jpg","ASLAN_FF450.jpg","INVITEMS","DEFAULT-FF4801010-DEFAULT-FF4801010","","","0","0","0","","1","REGONLY","0","0","0","0","","","","SELECT","SELECT","0","","","","","0","0","","income-service","","","0","0","","FREESHIPPING","","","Magnetic_Ferrous","Magnetic_Ferrous, Digital_Print_Magnetic_Ferrous","","","0","Aslan-CB90-Clear-Board-Film, Aslan-CB75-Matt-Clear-Board-Film","","A","","ADHESIVE_PERMANENT","GRADE_FERROUS","SUITABILITY_INDOOR","","","","","","","","","","","ASLAN-Ferrosoft-Print-FF480","0","aslan, ff480, ferro, ferrous, ferro film, ferrous film, printable ferrous, printable ferro

","","ASLAN FF480 Self-adhesive and digitally printable ferrous (magnet receptive) film for applying to displays or furniture. Easy to cut into any required shape this film turns any surface into a metal, magnet receptive surface and the high iron powder content makes it usable even when combined with other memoboard films such as Aslan Clearboard vinyl CB90.","1513786755","0","","0","","CHECKBOX"
"FF4901370","ASLAN FF490 Self-adhesive Matt Dry Wipe Ferrous Film :: 1370mm wide","FF490","Aslan","140","60","DEFAULT","","","","","0","ASLAN FF490 Self-adhesive Ferrous Film with a matt dry wipe surface that also makes it ideal for use as a projection screen. Buy it by the metre.
","<html>
<head><title>ASLAN FF490</title>
</head>
<body>
<img style=""height: 50px; width: 236px;"" alt=""Aslan logo""
src=""media/ecom/onpagegraphics/ASLAN_Logo_New.png""><br><br>
<p>ASLAN FF490 is a self-adhesive ferrous (magnet receptive) film with a matt dry wipe surface.</p>

<span style=""font-weight: bold; color: #d7328a;"">Structure:</span><br>
<ul><li>490<span>&#181;m</span> PE with a PVC coating</li>
<li>Water based acrylic adhesive system - Permanent</li>
<li>Embossed silicone paper, PE coated on both sides - 130gm<sup>2</sup>
</li></ul>

<span style=""font-weight: bold; color: #d7328a;"">Suitability:</span><br>
<ul><li>Transforms smooth surfaces in to a magnet receptive and writable surface</li>
<li>Compatible with most whiteboard markers</li>
<li>Suitable for indoor use</li>
<li>Dry Apply only</li>
<li>Suitable as a projection screen</li>
<li>Use microfibre cloths to clean</li>
<li>Accidental markings with permanent markers can be removed using alcohol or benzene
</li></ul>

<span style=""font-weight: bold; color: #d7328a;"">Advantages:</span><br>
<ul><li>Easy to erase dry wipe markings</li>
<li>Doesn't leave any ghosting or smudging</li>
<li>Resistant to dirt</li>
<li>Easy to clean
</li></ul>

 <span style=""font-weight: bold; color: #d7328a;"">Technical Information:</span><br>
<ul>
<a href=""media/ecom/pdfs/datasheets/FerroSoft_Whiteboard_matt_ASLAN_FF_490_e.pdf""
target=""_blank""><img style=""border: 0px solid ; width: 200px; height: 60px;"" alt=""Aslan FF490 Datasheet""
src=""media/ecom/onpagegraphics/Datasheet.png""></a>
<a href=""media/ecom/pdfs/applicationguidelines/ASLAN_Memoboards_UseCleaning_EN.pdf"" target=""_blank""><img
style=""border: 0px solid ; width: 200px; height: 60px;"" alt=""ASLAN Memoboards UseCleaning EN""
src=""media/ecom/onpagegraphics/Hand.png""></a></ul>

<p style=""font-weight: bold; font-size: 1.0em;"">Prices shown are per roll at 1370mm wide</p>

</body>

</html>","FerroSoft_Whiteboard_matt_ASLANFF490.png","FerroSoft_Whiteboard_matt_ASLANFF490.png","INVITEMS","DEFAULT-FF4901370-DEFAULT-FF4901370","","","0","0","0","","1","REGONLY","0","0","0","0","","","","SELECT","SELECT","0","","","","","0","0","","income-service","","","0","0","","","","","Magnetic_Ferrous","Magnetic_Ferrous, Blackboard_Whiteboard","","","0","Aslan-CB90-Clear-Board-Film, Aslan-CB75-Matt-Clear-Board-Film, Lint-Free-Cloths, Aslan_Red_Devil_Squeegee, Olfa_X_Design_Heavy_Duty_Knife, Lint-Free-Gloves, Masking_Tape_25mm, Aslan-Gold-Soft-Squeegee, Olfa_Graphic_Cutter, Swann_Morton_3_Handle, Swann_Morton_10A_Blades, Aslan_Squeegee, Application_Gloves,","Lint-Free-Cloths, Aslan_Red_Devil_Squeegee, Olfa_X_Design_Heavy_Duty_Knife, Lint-Free-Gloves, Masking_Tape_25mm, Aslan-Gold-Soft-Squeegee, Olfa_Graphic_Cutter, Swann_Morton_3_Handle, Swann_Morton_10A_Blades, Aslan_Squeegee, Application_Gloves,","A","","ADHESIVE_PERMANENT","GRADE_FERROUS","SUITABILITY_INDOOR, SUITABILITY_WHITEBOARD","","","","","","","","","","","ASLAN-FF490","0","aslan, ff490, ferro, ferrous, ferro film, ferrous film, whiteboard, dry wipe, easy wipe, dry erase

","","ASLAN FF490 self-adhesive ferrous film with a matt surface making it ideal for use as a projection screen as well.","1559909988","0","","0","","CHECKBOX"
"FF5401250","ASLAN FF540 Self-adhesive Blackboard Ferrous Film (PVC Free) :: 1250mm wide","FF540","Aslan","140","55","DEFAULT","","","","","0","ASLAN FF540 Self-adhesive Ferrous Film (PVC Free) with a blackboard surface. Buy it by the metre.
","<html>
<head><title>Aslan FF540</title>
</head>
<body>
<img style=""width: 250px; height: 53px;"" alt=""Aslan Logo""
 src=""media/ecom/onpagegraphics/ASLAN_Logo_New.jpg""><br><br>
<p>ASLAN FF540 self-adhesive ferrous (magnet receptive) film for applying to displays or furniture and with a blackboard surface suitable for chalk and liquid chalk pens.</p>
<p>This material is PVC Free and is easy to cut into any required shape this film turns any surface into a metal, magnet receptive surface and a high iron powder content.</p>

<a><img style=""border: 0px solid ; width: 75px; height: 75px; float: right;"" alt=""pvc free logo""
src=""media/ecom/onpagegraphics/PVC_free_logo.png""></a>

<span style=""font-weight: bold; color: #d7328a;"">Structure:</span><br>
<ul><li>540<span>&#181;m</span> PE with an iron powder content</li>
<li>Water based acrylic adhesive system - Permanent</li>
<li>Embossed silicone paper, PE coated on both sides - 140gm<sup>2</sup>
</li></ul>

<span style=""font-weight: bold; color: #d7328a;"">Suitability:</span><br>
<ul><li>Transforms smooth surfaces in to a magnet receptive blackboard surface</li>
<li>Perfect for bars, restaurants and other leisure venues</li>
<li>Dry Apply only
</li></ul>

<span style=""font-weight: bold; color: #d7328a;"">Advantages:</span><br>
<ul><li>Suitable for traditional chalk and liquid chalk pens</li>
<li>No shadows or ghosting</li>
<li>The new softer material means that storing and sending laminated graphics on a core is now trouble free</li>
<li>Removable in one piece</li>
<li>PVC Free</li>
<li>Printable with UV Curable inks</li></ul>

<span style=""font-weight: bold; color: #d7328a;"">Ink Compatibility:</span><br>
<ul><img style=""margin: 0px 5px 0px 0px; width: 15px; height: 25px;"" alt=""UV Ink""
src=""media/ecom/onpagegraphics/Ink-UV.png"">UV
</ul>

<span style=""font-weight: bold; color: #d7328a;"">Technical Information:</span><br>
<ul>
<a href=""media/ecom/pdfs/datasheets/FerroSoft_Blackboard_ASLAN_FF540_e.pdf""
target=""_blank""><img style=""border: 0px solid ; width: 200px; height: 60px;"" alt=""Aslan FF540 Datasheet""
src=""media/ecom/onpagegraphics/Datasheet.png""></a>
<a href=""media/ecom/pdfs/applicationguidelines/ASLAN_Memoboards_UseCleaning_EN.pdf"" target=""_blank""><img
style=""border: 0px solid ; width: 200px; height: 60px;"" alt=""ASLAN Memoboards UseCleaning EN""
src=""media/ecom/onpagegraphics/Hand.png""></a></ul>

<p><a href=https://www.dorotape.co.uk/Article/MagvFerro target=""_blank""><img style=""border: 0px solid ; width: 50px; height: 50px;"" alt=""link to our blog""
src=""media/ecom/onpagegraphics/Blog.png""></p>
<span style=""color:#d7328a""><b>Learn more about magnetic vinyl and ferrous film by reading about it in our Blog</b></span></a></p>

<p style=""font-weight: bold; font-size: 1.0em;"">Prices shown are per roll at 1250mm wide</p>

</body>

</html>","FerroSoft-Blackboard-ASLAN-FF-540.png","FerroSoft-Blackboard-ASLAN-FF-540.png","INVITEMS","DEFAULT-FF5401250-DEFAULT-FF5401250","","","0","0","0","","1","REGONLY","0","0","0","0","","","","SELECT","SELECT","0","","","","","0","0","","income-service","","","0","0","FEAT1","","","","Magnetic_Ferrous","Magnetic_Ferrous, Blackboard_Whiteboard, PVC_Free_Materials, Digital_Print_Magnetic_Ferrous","","","0","Liquid-Chalk-Pen, Olfa_X_Design_Heavy_Duty_Knife, Lint-Free-Gloves, Aslan-Gold-Soft-Squeegee, Olfa_Graphic_Cutter,","Liquid-Chalk-Pen, Olfa_X_Design_Heavy_Duty_Knife, Lint-Free-Gloves, Aslan-Gold-Soft-Squeegee, Olfa_Graphic_Cutter,","A","","ADHESIVE_PERMANENT","GRADE_FERROUS","SUITABILITY_INDOOR, SUITABILITY_BLACKBOARD","","","","","","","","","","","ASLAN-FF540","0","aslan, ff540, ferro, ferrous, ferro film, ferrous film, blackboard, chalk, chalkboard, chalk board

","","ASLAN FF540 self-adhesive ferrous (magnet receptive) film for applying to displays or furniture and with a blackboard surface suitable for chalk and liquid chalk pens. This material is PVC Free and is easy to cut into any required shape this film turns any surface into a metal, magnet receptive surface and a high iron powder content.","1559913543","0","","0","","CHECKBOX"
"FF5501010","ASLAN FF550 Dry Wipe Self-adhesive Ferrous Film :: 1010mm x 12m roll","FF550","Aslan","130","503","DEFAULT","","","","","0","ASLAN FF550 Self-adhesive Ferrous Film is highly magnet receptive and has a whiteboard surface for easy to erase writing. Price is per roll.
","<html>

<head><title>ASLAN FF550</title>
</head>
<body>
<img style=""height: 50px; width: 236px;"" alt=""Aslan logo""
src=""media/ecom/onpagegraphics/ASLAN_Logo_New.png""><br><br>
<p>ASLAN FF550 Self-adhesive ferrous (magnet receptive) film with a whiteboard surface for applying to walls, displays or furniture. Easy to cut into any required shape this film turns any surface into a metal, magnet receptive surface and a high iron powder content.</p>


<span style=""font-weight: bold; color: #d7328a;"">Structure:</span><br>
<ul><li>550<span>&#181;</span>m PE film containing iron powder</li>
<li>Water based acrylic adhesive system</li></ul>

<span style=""font-weight: bold; color: #d7328a;"">Suitability:</span><br>
<ul><li>Transforms any surface it to a magnet receptive whiteboard</li>
<li>Extremely scratch resistant making it ideal for use in schools, hospitals, offices and meeting rooms or in fact anywhere that a magnet receptive whiteboard may be used</li>
<li>It is recommended that this product is applied dry</ul></li>

<span style=""font-weight: bold; color: #d7328a;"">Advantages:</span><br>
<ul><li>High iron powder content for optimum magnetic attraction</li>
<li>The film will not rust</li>
<a><img style=""border: 0px solid ; width: 75px; height: 75px; float: right;"" alt=""EN 71-3 Toy Safety Logo""
src=""media/ecom/onpagegraphics/EN71-3.png""></a>
<a><img style=""border: 0px solid ; width: 75px; height: 75px; float: right;"" alt=""pvc free logo""
src=""media/ecom/onpagegraphics/PVC_free_logo.png""></a>
<li>No PVC, No VOC's, No Phtalates</li>
<li><div title=""EN71-3 Standard asseses the migration of certain chemicals into the body if a toy or components of a toy were to be swallowed by a child"">Meets Toy Safety Standard EN 71-3</div></li>
<li>Can be cut with a CO<sub>2</sub>laser</li>
<li>Removable in one piece</li></ul>



<span style=""font-weight: bold; color: #d7328a;"">Technical Information:</span><br>
<ul>
<a href=""media/ecom/pdfs/datasheets/ASLAN_FF550_FerroSoft_Whiteboard.pdf""
target=""_blank""><img style=""border: 0px solid ; width: 200px; height: 60px;"" alt=""Aslan FF550 Datasheet""
src=""media/ecom/onpagegraphics/Datasheet.png""></a>
<a href=""media/ecom/pdfs/applicationguidelines/ASLAN_Memoboards_UseCleaning_EN.pdf"" target=""_blank""><img
style=""border: 0px solid ; width: 200px; height: 60px;"" alt=""ASLAN Memoboards UseCleaning EN""
src=""media/ecom/onpagegraphics/Hand.png""></a></ul>

<p><a href=https://www.dorotape.co.uk/Article/MagvFerro target=""_blank""><img style=""border: 0px solid ; width: 50px; height: 50px;"" alt=""link to our blog""
src=""media/ecom/onpagegraphics/Blog.png""></p>
<span style=""color:#d7328a""><b>Learn more about magnetic vinyl and ferrous film by reading about it in our Blog</b></span></a></p>

<p style=""font-weight: bold; font-size: 0.9em;"">Prices shown are per 12 metre roll at 1010mm wide</p>
</body>

</html>","Aslan_FF550.png","Aslan_FF550.jpg","INVITEMS","DEFAULT-FF5501010-DEFAULT-FF5501010","","","0","0","0","","1","REGONLY","0","0","0","0","","","","SELECT","SELECT","0","","","","","0","0","","income-service","","","0","0","","FREESHIPPING","","","Magnetic_Ferrous","Magnetic_Ferrous, Blackboard_Whiteboard, PVC_Free_Materials","","","0","Aslan-CB90-Clear-Board-Film, Aslan-CB75-Matt-Clear-Board-Film, Lint-Free-Cloths, Aslan_Red_Devil_Squeegee, Olfa_X_Design_Heavy_Duty_Knife, Lint-Free-Gloves, Masking_Tape_25mm, Aslan-Gold-Soft-Squeegee, Olfa_Graphic_Cutter, Swann_Morton_3_Handle, Swann_Morton_10A_Blades, Aslan_Squeegee, Application_Gloves,","Lint-Free-Cloths, Aslan_Red_Devil_Squeegee, Olfa_X_Design_Heavy_Duty_Knife, Lint-Free-Gloves, Masking_Tape_25mm, Aslan-Gold-Soft-Squeegee, Olfa_Graphic_Cutter, Swann_Morton_3_Handle, Swann_Morton_10A_Blades, Aslan_Squeegee, Application_Gloves,","A","","ADHESIVE_PERMANENT","GRADE_FERROUS","SUITABILITY_INDOOR, SUITABILITY_WHITEBOARD","","","","","","","","","","","ASLAN-FF550-1010","0","aslan, ff550, ferro, ferrous, ferro film, ferrous film, printable ferrous, printable ferro, dry wipe, drywipe, easy wipe, whiteboard, dry erase

","","Aslan FF550 self-adhesive ferrous film for applying to displays or retail store walls making the area ready to accept printed magnetic promotions. ","1513789891","0","","0","","CHECKBOX"
"FF5501370","ASLAN FF550 Dry Wipe Self-adhesive Ferrous Film :: 1370mm wide","FF550","Aslan","140","58","DEFAULT","","","","","0","ASLAN FF550 Self-adhesive Ferrous Film is highly magnet receptive and has a whiteboard surface for easy to erase writing. Price is per roll.
","<html>

<head><title>ASLAN FF550</title>
</head>
<body>
<img style=""height: 50px; width: 236px;"" alt=""Aslan logo""
src=""media/ecom/onpagegraphics/ASLAN_Logo_New.png""><br><br>
<p>ASLAN FF550 Self-adhesive ferrous (magnet receptive) film with a whiteboard surface for applying to walls, displays or furniture. Easy to cut into any required shape this film turns any surface into a metal, magnet receptive surface and a high iron powder content.</p>

<span style=""font-weight: bold; color: #d7328a;"">Structure:</span><br>
<ul><li>550<span>&#181;</span>m PE film containing iron powder</li>
<li>Water based acrylic adhesive system</li></ul>

<span style=""font-weight: bold; color: #d7328a;"">Suitability:</span><br>
<ul><li>Transforms any surface it to a magnet receptive whiteboard</li>
<li>Extremely scratch resistant making it ideal for use in schools, hospitals, offices and meeting rooms or in fact anywhere that a magnet receptive whiteboard may be used</li>
<li>It is recommended that this product is applied dry</li></ul>


<span style=""font-weight: bold; color: #d7328a;"">Advantages:</span><br>
<ul><li>High iron powder content for optimum magnetic attraction</li>
<li>The film will not rust</li>
<a><img style=""border: 0px solid ; width: 75px; height: 75px; float: right;"" alt=""EN 71-3 Toy Safety Logo""
src=""media/ecom/onpagegraphics/EN71-3.png""></a>
<a><img style=""border: 0px solid ; width: 75px; height: 75px; float: right;"" alt=""pvc free logo""
src=""media/ecom/onpagegraphics/PVC_free_logo.png""></a>
<li>No PVC, No VOC's, No Phtalates</li>
<li>Meets Toy Safety Standard EN 71-3</li>
<li>Can be cut with a CO<sub>2</sub>laser</li>
<li>Removable in one piece</li></ul>


<span style=""font-weight: bold; color: #d7328a;"">Technical Information:</span><br>
<ul>
<a href=""media/ecom/pdfs/datasheets/ASLAN_FF550_FerroSoft_Whiteboard.pdf""
target=""_blank""><img style=""border: 0px solid ; width: 200px; height: 60px;"" alt=""Aslan FF550 Datasheet""
src=""media/ecom/onpagegraphics/Datasheet.png""></a>
<a href=""media/ecom/pdfs/applicationguidelines/ASLAN_Memoboards_UseCleaning_EN.pdf"" target=""_blank""><img
style=""border: 0px solid ; width: 200px; height: 60px;"" alt=""ASLAN Memoboards UseCleaning EN""
src=""media/ecom/onpagegraphics/Hand.png""></a></ul>

<p><a href=https://www.dorotape.co.uk/Article/MagvFerro target=""_blank""><img style=""border: 0px solid ; width: 50px; height: 50px;"" alt=""link to our blog""
src=""media/ecom/onpagegraphics/Blog.png""></p>
<span style=""color:#d7328a""><b>Learn more about magnetic vinyl and ferrous film by reading about it in our Blog</b></span></a></p>


<p style=""font-weight: bold; font-size: 1.0em;"">Prices shown are per roll at 1370mm wide</p>

</body>
</html>","Aslan_FF550.png","Aslan_FF550.jpg","INVITEMS","DEFAULT-FF5501370-DEFAULT-FF5501370","","","0","0","0","","1","REGONLY","0","0","0","0","","","","SELECT","SELECT","0","","","","","0","0","","income-service","","","0","0","","FREESHIPPING","","","Magnetic_Ferrous","Magnetic_Ferrous, Blackboard_Whiteboard, PVC_Free_Materials","","","0","Aslan-CB90-Clear-Board-Film, Aslan-CB75-Matt-Clear-Board-Film, Lint-Free-Cloths, Aslan_Red_Devil_Squeegee, Olfa_X_Design_Heavy_Duty_Knife, Lint-Free-Gloves, Masking_Tape_25mm, Aslan-Gold-Soft-Squeegee, Olfa_Graphic_Cutter, Swann_Morton_3_Handle, Swann_Morton_10A_Blades, Aslan_Squeegee, Application_Gloves,","Lint-Free-Cloths, Aslan_Red_Devil_Squeegee, Olfa_X_Design_Heavy_Duty_Knife, Lint-Free-Gloves, Masking_Tape_25mm, Aslan-Gold-Soft-Squeegee, Olfa_Graphic_Cutter, Swann_Morton_3_Handle, Swann_Morton_10A_Blades, Aslan_Squeegee, Application_Gloves,","A","","ADHESIVE_PERMANENT","GRADE_FERROUS","SUITABILITY_INDOOR, SUITABILITY_WHITEBOARD","","","","","","","","","","","ASLAN-FF550-1370","0","aslan, ff550, ferro, ferrous, ferro film, ferrous film, printable ferrous, printable ferro, dry wipe, drywipe, easy wipe, whiteboard, dry erase

","","ASLAN FF550 self-adhesive ferrous film for applying to displays or retail store walls making the area ready to accept printed magnetic promotions. ","1542105105","0","","0","","CHECKBOX"
"Flat_Matt_Laminate","Flat Matt Laminate","FLATMATT","DEFAULT","1","94","DEFAULT","","","","","0","Flat Matt Laminate has a true matt non reflective finish perfect for graphics displayed under lights.  With a solvent acrylic adhesive this laminate is perfect for indoor and up to 3 years outdoor applications. Prices are per roll.



















","<html>

<head><title>Flat Matt Laminate</title>
</head>
<body>
<p>Flat Matt Laminate has a true matt non reflective finish perfect for graphics displayed under lights.</p>

<span style=""font-weight: bold; color: #d7328a;"">Structure:</span><br>
<ul><li>100<span>&#181;</span>m Transparent matt monomeric PVC</li>
<li>Transparent solvent based acrylic adhesive - Permanent</li>
<li>One side clay coated siliconised kraft paper - 90g/m<sup>2</sup>
</li></ul>

<span style=""font-weight: bold; color: #d7328a;"">Suitability:</span><br>
<ul><li>Short term indoor and outdoor lamination requiring a true matt finish</li>
<li>True matt non reflective finish perfect for graphics displayed under lights</li>
<li>Flat and slightly curved smooth surfaces</li>
<li>Protect digitally printed images on a wide range of substrates</li>
<li>Suitable for indoor & outdoor graphic applications</li>
<li>Up to 3 years durability
</li></ul>

<span style=""font-weight: bold; color: #d7328a;"">Advantages:</span><br>
<ul><li>True non reflective finish even under strong lighting</li>
<li>Weather resistant solvent based adhesive
</li><br>
<img style=""border: 0px solid ; width: 50px; height: 50px; alt=""reward points logo""
src=""media/ecom/onpagegraphics/Reward_Logo.png""><span style=""font-weight: bold; color: #ef7d00;"">Earn Reward Points every time you buy this product</span></ul>

<span style=""font-weight: bold; color: #d7328a;"">Technical Information:</span><br>
<ul>
<a href=""media/ecom/pdfs/datasheets/Flat-Matt-laminate.pdf"" target=""_blank""><img
style=""border: 0px solid ; width: 200px; height: 60px;"" alt=""Flat Matt Laminate Datasheet""
src=""media/ecom/onpagegraphics/Datasheet.png""></a></ul>

<p style=""font-weight: bold; font-size: 1.0em;"">Prices shown are per 50 metre roll</p>
</body>

</html>","Flat_Matt.png","Flat_Matt.png","INVITEMS","DEFAULT-Flat_Matt_Laminate-DEFAULT-Flat_Matt_Laminate","","","0","0","0","","1","REGONLY","0","0","0","0","","","","SELECT","SELECT","0","","","","","0","0","","income-service","","","0","0","","","","","Matt_laminate","Matt_laminate","","","0","Olfa_Graphic_Cutter, Olfa_X_Design_Heavy_Duty_Knife, Lint-Free-Gloves, Masking_Tape_25mm, Aslan_Squeegee, Swann_Morton_3_Handle, Swann_Morton_10A_Blades, Lint-Free-Cloths, Heavy-Duty-Application-Roller, 4075CT1220,","Olfa_Graphic_Cutter, Olfa_X_Design_Heavy_Duty_Knife, Lint-Free-Gloves, Masking_Tape_25mm, Aslan_Squeegee, Swann_Morton_3_Handle, Swann_Morton_10A_Blades, Lint-Free-Cloths, Heavy-Duty-Application-Roller, 4075CT1220,","A","superuser","","","","","","","","","","","","","","Flat-Matt-Laminate","0","flat, matt, laminate, flat matt, true matt










































","","","1601291986","0","","0","","CHECKBOX"
"Flat_Nosed_Tweezers","Flat Nosed Tweezers","TWE3","SOTT","30","4","DEFAULT","","","","","0","Flat nosed stainless steel tweezers have a special round nose that can hold the vinyl without the risk of tearing.","<html>

<title><head>Flat Nosed Tweezers</title></head>

<body>

<p>Flat nosed stainless steel tweezers have a special round nose that can hold the vinyl without the risk of tearing.</p>
<p>Allows you to pull the vinyl round corners.</p>
<p>Useful for vehicle wrapping.</p>

</body>

</html>","Wrap-Tweezer-I-350-311.jpg","Wrap-Tweezer-I-350-311.jpg","INVITEMS","DEFAULT-Flat_Nosed_Tweezers-DEFAULT-Flat_Nosed_Tweezers","","","0","0","0","","1","REGONLY","0","0","0","0","","","","SELECT","SELECT","0","","","","","0","0","","income-service","","","0","0","","","","","Weeding_Handling_Tools","Weeding_Handling_Tools, Vehicle_Wrap_Tools, Stencil-Film-Accessories","","","0","Weeding_Hook","","A","","","","","","","","","","","","","","","Flat-Nosed-Tweezers","0","weeding, tweezers, picking","","","1640350983","0","","0","","CHECKBOX"
"FLEXOFF","Flex Off ","FLEX-OFF","Doro_Tape","60","12","DEFAULT","","","","","0","Flex Off textile film remover - Works in 5 seconds.  400ml spray bottle.","<html><head><title>Flex-Off</title></head>
<body>
<p>Specially developed for the removal of heat applied graphics from garments.</p>
<p>Spray the reverse of the logo from inside the garment, wait 5-10 seconds then peel the logo off the garment.</p>
<a ><img style=""border: 0px solid ; width: 50px; height: 50px;"" alt=""fyi""
src=""media/ecom/onpagegraphics/FYI.png""></a>
<p style=""color:rgb(244,7,138)""><i>If you notice a white ghost like residue on the garment after removal of the logo, just apply more spray to the area from the front, leave 5-10 seconds then gently brush the residue away. This may be more apparent on the newer Turbo Flex products.</i></p>
<p>400ml spray bottle.</p>
<a href=""media/ecom/pdfs/MSDS/MSDS-Flex-Off.pdf"" target=""_blank""><img
style=""border: 0px solid ; width: 200px; height: 60px;"" alt=""Flex Off Safety Data Sheet""
src=""media/ecom/onpagegraphics/Coshh.png""></a>
</body>
</html>","Flex-Off.jpg","Flex-Off.jpg","INVITEMS","DEFAULT-FLEXOFF-DEFAULT-FLEXOFF","","","0","0","0","","1","REGONLY","0","0","0","0","","","","SELECT","SELECT","0","","","","","0","0","","income-service","","","0","0","","","","","Cleaners_Cleaning_Tools","Cleaners_Cleaning_Tools","","","0","","","A","","","","","","","","","","","","","","","Flex_Off","0","flex, remover, htv spray, htv remover, transfer remover","","Flex Off textile film remover - Works in 5 seconds.  400ml spray bottle.","1536320118","0","","0","","CHECKBOX"
"Float_On","Float-On Vinyl Application Fluid","FLO","Doro_Tape","170","12","DEFAULT","","","","","0","Float-On vinyl application fluid is specifically designed to aid the repositioning and application of vinyl graphics. This ready to use liquid is spirit based allowing it to evaporate quickly and dry faster.","<html>
<head><title>Float On Vinyl Application Fluid</title>
</head>
<body>
<p>Float-On vinyl application fluid is specifically designed to aid the repositioning and application of vinyl graphics.</p>
<p>This ready to use liquid is spirit based allowing it to evaporate quickly and dry faster.</p>
<p>Float-On can also be used as a light duty cleaner.</p>
<a href=""media/ecom/pdfs/MSDS/MSDS-Float-On.pdf"" target=""_blank""><img
style=""border: 0px solid ; width: 200px; height: 60px;"" alt=""Float On Safety Data Sheet""
src=""media/ecom/onpagegraphics/Coshh.png""></a>
</body>
</html>","Float-On.jpg","Float-On.jpg","INVITEMS","DEFAULT-Float_On-DEFAULT-Float_On","","","0","0","0","","1","REGONLY","0","0","0","0","","","","SELECT","SELECT","0","","","","","0","0","","income-service","","","0","0","","","","","Application_Tools","Application_Tools","","","0","","","A","","","","","","","","","","","","","","","Float-On-Vinyl-Application-Fluid","0","float,on,application,fluid,overlay,","","Float-On vinyl application fluid is specifically designed to aid the repositioning and application of vinyl graphics. This ready to use liquid is spirit based allowing it to evaporate quickly and dry faster.","1547654205","0","","0","","CHECKBOX"
"Floorappeal","Floorappeal","FLOORAPP","Floorappeal","5","0","DEFAULT","","","","","0","Floorappeal is a revoltionary scratch resistant fabric floor graphics material (PVC Free) that does not require lamination. Perfect for short term advertising and marking, choose from Low Tac, High Tac and Extreme Tac for different floor surfaces, all with a removable adhesive and R12 slip resistance. Prices shown are per roll.


































","<html>

<head><title>Floorappeal</title></head>
<body>
<img style=""height: 75px; width: 250px;"" alt=""Floorappeal logo""
src=""media/ecom/onpagegraphics/Floorappeal_Logo.png""><br><br>

<p>Floorappeal is a revoltionary scratch resistant fabric floor graphics material (PVC Free) that does not require lamination. Perfect for short term advertising and marking, choose from Low Tac, High Tac and Extreme Tac for different floor surfaces, all with a removable adhesive and R12 slip resistance.</p>

<a><img style=""border: 0px solid ; width: 75px; height: 75px; float: right;"" alt=""pvc free""
src=""media/ecom/onpagegraphics/PVC_free_logo.png""></a>

<span style=""font-weight: bold; color: #d7328a;"">Structure:</span><br>
<ul><li>360<span>&#181;</span> Polyester fabric</li>
<li>Special solvent free adhesive - Removable</li>
<li>Two sided PE coated kraft paper liner - 150g/m<sup>2</sup>
</li></ul>

<span style=""font-weight: bold; color: #d7328a;"">Suitability:</span><br>
<ul><li>Short term floor advertising on to a wide variety of surfaces of up to 6 months</li>
<li><b>Low Tac (LT)</b> is designed for indoor use on to smooth surfaces such as tiling, laminate flooring, smooth wood and exhibition grade carpeting</li>
<li><b>High Tac (HT)</b> is suitable for outdoor smooth surfaces such as paving slabs, brick, fine concrete and untreated natural stone</li>
<li><b>Extreme Tac (HTX)</b> offers ultimate grip to rough surfaces such as asphalt, rough brick and aging concrete</li>
<li>Suitable for indoor and outdoor applications at trade fairs and exhibitions, sports events, promotions, festivals as well as directional signage and parking areas</li>
<li>Easily removable after use without any adhesive residue
</li></ul>

<span style=""font-weight: bold; color: #d7328a;"">Advantages:</span><br>
<ul><li>Residue free removal from most surfaces</li>
<li>High quality liner provides excellent flatness when printing</li>
<li>Slip resistant to safety class R12
</li><br>
<img style=""border: 0px solid ; width: 50px; height: 50px; alt=""reward points logo""
src=""media/ecom/onpagegraphics/Reward_Logo.png""><span style=""font-weight: bold; color: #ef7d00;"">Earn Reward Points every time you buy this product</span></ul>

<span style=""font-weight: bold; color: #d7328a;"">Ink Compatibility:</span><br>
<ul>
<img style=""margin: 0px 5px 0px 0px; width: 15px; height: 25px;"" alt=""Eco-Sol Ink""
src=""media/ecom/onpagegraphics/Ink-EcoSol.png"">Eco-solvent &nbsp;&nbsp;
<img style=""margin: 0px 5px 0px 0px; width: 15px; height: 25px;"" alt=""Latex""
src=""media/ecom/onpagegraphics/Ink-Latex.png"">Latex &nbsp;&nbsp;
<img style=""margin: 0px 5px 0px 0px; width: 15px; height: 25px;"" alt=""UV Ink""
src=""media/ecom/onpagegraphics/Ink-UV.png"">UV</ul>


<span style=""font-weight: bold; color: #d7328a;"">Technical Information:</span><br>
<ul>
<a href=""media/ecom/pdfs/datasheets/Floorappeal_Technical_Data_Sheet.pdf"" target=""_blank""><img
style=""border: 0px solid ; width: 200px; height: 60px;"" alt=""Floorappeal Datasheet""
src=""media/ecom/onpagegraphics/Datasheet.png""></a>
<a href=""media/ecom/pdfs/firecertificates/ASTM_E-84_FloorAppeal_Fire_retardant.pdf"" target=""_blank"">
<img style=""border: 0px solid ; width: 200px; height: 60px;"" alt=""Floorappeal Fire Certificate"" src=""media/ecom/onpagegraphics/Fire.png""></a>
<a href=""media/ecom/pdfs/slipcertificates/Floorappeal_Anti_Slip_Certificate.pdf"" target=""_blank"">
<img style=""border: 0px solid ; width: 200px; height: 60px;"" alt=""Floorappeal Anti Slip Rating"" src=""media/ecom/onpagegraphics/Slip.png""></a></ul>

<p><b>Prices shown are per 1370mm x 30m wide</b></p>
</body>

</html>","Floorappeal.jpg","Floorappeal.jpg, Floorappeal_Carpet.jpg, Floorappeal_Outside.jpg, Floorappeal_Exhibition.jpg","INVITEMS","DEFAULT-Floorappeal-DEFAULT-FLOORAPPEAL","","","0","0","0","","1","REGONLY","0","0","0","0","","","","SELECT","SELECT","0","","","","","0","0","","income-service","","","0","0","","","https://www.youtube.com/embed/YtThK4FJMLU?si=fQr2GuvY3eD0ibkm","","Floor_Graphic_Films","Floor_Graphic_Films","","","1","Aslan-MP300, MP_326","","A","admin, superuser","ADHESIVE_HIGH_TACK, ADHESIVE_REMOVABLE","FloorVinyl2","SUITABILITY_FIRE, SUITABILITY_FLOOR_GRAPHICS, SUITABILITY_OUTDOOR_SHORT","","","","","","","","","","","Floorappeal","0","floorappeal, floor, appeal, asphalt art, r12, textured, graphics, floor-graphics







xerox,d-jet 100,











































","","Floorappeal is a revoltionary scratch resistant fabric floor graphics material (PVC Free) that does not require lamination. Perfect for short term advertising and marking, choose from Low Tac, High Tac and Extreme Tac for different floor surfaces, all with a removable adhesive and R12 slip resistance.","1728559953","0","","0","","CHECKBOX"
"Foamed_PVC_3mm","A4 Sheets 5 pack - 3mm Foamed PVC Sheet","12056","Perspex","210","4","DEFAULT","","","","","0","Pack of 5 sheets of A4 White Foamed 3mm PVC.","<html>

<title><head>A4 Sheets 5 pack - 3mm Foamed PVC Sheet</title></head>

<body>

<p>Pack of 5 sheets of A4 White Foamed 3mm PVC.</p>

</body>

</html>","Foam_PVC.jpg","Foam_PVC.jpg","INVITEMS","DEFAULT-Foamed_PVC_3mm-DEFAULT-Foamed_PVC_3mm","","","0","0","0","","1","REGONLY","0","0","0","0","","","","SELECT","SELECT","0","","","","","0","0","","income-service","","","0","0","","","","","Foamed-PVC","Foamed-PVC","","","0","","","A","superuser","","","","","","","","","","","","","","","0","foam, board, rigid, 3mm","","","1523526200","0","","0","","CHECKBOX"
"Foamed_PVC_5mm","A4 Sheets 5 pack - 5mm Foamed PVC Sheet","12056","Perspex","220","4","DEFAULT","","","","","0","Pack of 5 sheets of A4 White Foamed 5mm PVC.","<html>

<title><head>A4 Sheets 5 pack - 5mm Foamed PVC Sheet</title></head>

<body>

<p>Pack of 5 sheets of A4 White Foamed 5mm PVC.</p>

</body>

</html>","Foam_PVC.jpg","Foam_PVC.jpg","INVITEMS","DEFAULT-Foamed_PVC_5mm-DEFAULT-Foamed_PVC_5mm","","","0","0","0","","1","REGONLY","0","0","0","0","","","","SELECT","SELECT","0","","","","","0","0","","income-service","","","0","0","","","","","Foamed-PVC","Foamed-PVC","","","0","","","A","superuser","","","","","","","","","","","","","","","0","foam, board, rigid, 5mm","","","1523526238","0","","0","","CHECKBOX"
"Fusion_5","Fusion 5 Hand Grip","FUSION5","SOTT","140","32","DEFAULT","","","","","0","An exceptional hand grip, manufactured from high quality, unbreakable plastic and designed to reduce fatigue when wet applying large areas of window films. Perfect for use with for use with the Blue Max squeegee.","<html>

<head><title>Fusion 5 Hand Grip</head></title>

<body>

<p>An exceptional hand grip, manufactured from high quality, unbreakable plastic and designed to reduce fatigue when wet applying large areas of window films.</p>
<p>130mm wide head with tightening screws.</p>
<p>Offers an improved and extended grip reducing fatigue from squeegee work during those long applications.</p>
<p>Extra comfort is provided by the anti-slip foam coating on the actual gripping area. The curved form of this special smooth plastic hand grip prevents it from coming in to contact with film when extra pressure is applied, so any risk of damage to your work is eliminated.</p>
<p>This is the ultimate hand grip for squeegees used for the wet application of film. Perfect for use with thick and hard films, such as security film and window film.</p>
<p>Perfect for use with for use with the Blue Max squeegee.</p>

</body>

</html>","Fusion-5.png","Fusion-5.png, Fusion-5-head.png, Fusion-5-fixing.png","INVITEMS","DEFAULT-Fusion_5-DEFAULT-Fusion_5","","","0","0","0","","1","REGONLY","0","0","0","0","","","","SELECT","SELECT","0","","","","","0","0","","income-service","","","0","0","","","","","Application_Tools","Application_Tools","","","0","Blue_Max","","A","","","","","","","","","","","","","","","","0","fusion, fusion5, hand grip, hand, grip, hand-grip","","An exceptional hand grip, manufactured from high quality, unbreakable plastic for use with the Blue Max squeegee.","1594394058","0","","0","","CHECKBOX"
"Gaffer_Tape","Gaffer Tape :: 50mm x 50m","603","Doro_Tape","30","0","DEFAULT","","","","","0","Strong, tough synthetic cloth duct tape coated with a solvent free rubber resin adhesive. Abrasion resistant, waterproof and easy to tear. Adheres well to multiple surfaces and has a wide range of uses including protection, sealing, repairs and packing. Roll Size: 50mm x 50m.","<html>

<head><title>Gaffer Tape</title></head>

<body>

<p>Strong, tough synthetic cloth duct tape coated with a solvent free rubber resin adhesive.</p>

<span style=""font-weight: bold; color: #d7328a;"">Structure:</span><br>
<ul><li>0.3mm PE coated cloth tape</li>
<li>Natural rubber adhesive
</li></ul>

<span style=""font-weight: bold; color: #d7328a;"">Suitability:</span><br>
<ul><li>Perfect for masking and protecting surfaces</li>
<li>Ideal for joining and edging carpets or sealing double glazed units</li>
<li>Suitable for fixing and holding cabling and wiring
</li></ul>

<span style=""font-weight: bold; color: #d7328a;"">Advantages:</span><br>
<ul>
<li>Easy to tear by hand</li>
<li>Adheres to a wide range of surfaces including rough surfaces</li>
<li>Works well in low temperatures</li>
<li>Abrasion resistant and waterproof
</li></ul>

<span style=""font-weight: bold; color: #d7328a;"">Technical Information:</span>
<ul><a href=""media/ecom/pdfs/datasheets/604-Gaffer-Tape.pdf"" target=""_blank""><img
style=""border: 0px solid ; width: 200px; height: 60px;"" alt=""Gaffer Tape Datasheet pdf""
src=""media/ecom/onpagegraphics/Datasheet.png""></a></ul>

<p><b>Prices are per 50mm x 50m roll</b></p>
</body>

</html>","Gaffer_Tape.jpg","Gaffer_Tape.jpg","INVITEMS","DEFAULT-Gaffer_Tape-DEFAULT-Gaffer_Tape","","","0","0","0","","1","REGONLY","0","0","0","0","","","","SELECT","SELECT","0","","","","","0","0","","income-service","","","0","0","","","","","Tapes","Tapes, Stencil-Film-Accessories","","","0","","","A","","","","","","","","","","","","","","","Gaffer-Tape","0","gaffer tape, duct tape, gaffer, duct, cloth, silver tape, duck tape, 

","","","1519729559","0","","0","","CHECKBOX"
"GIFTCERTIFICATE","Gift Certificate","GC","Doro_Tape","99999","0","DEFAULT","","","","","0","Purchase a gift certificate today.  Any amount available.  Always the right color!","<p>Always the correct size and color.  Gift Certificates can be used for any of the items we offer.  Purchased Gift Certificates never expire.  Gift Certificates are delivered to you via email immediately following your order.</p>","GIFTCERTIFICATE-1.jpg","GIFTCERTIFICATE-1.jpg","SERVOPTDL","DEFAULT-GIFTCERTIFICATE-DEFAULT-DEFAULT","","","1","0","0","","0","REGONLY","0","0","0","0","","","","RADIO","RADIO","1","","","","","1","0","","income-giftcert","","","0","0","","","","","Digital_Print_Display_Film","","","","0","","","N","","","","","","","","","","","","","","","Gift-Certificate","0","","","","1151345730","0","","0","","CHECKBOX"
"GL10_Copper_Glitter","Copper Glitter","GL10","Doro_Tape","6","18","DEFAULT","","","","","0","Copper Glitter self-adhesive vinyl","Copper Glitter self-adhesive vinyl","GL10.jpg","GL10.jpeg","INVITEMS","DEFAULT-GL10_Copper_Glitter-DEFAULT-GL10_Copper_Glitter","","","0","0","0","","1","REGONLY","0","0","0","0","","","","SELECT","SELECT","0","","","","","0","0","","income-service","","","0","0","","","","","Cover_Styl_Glitter","Cover_Styl_Glitter","","","0","ASLAN-TF200, Heavy-Duty-Application-Roller, Rollepro, Olfa_X_Design_Heavy_Duty_Knife, Olfa_Graphic_Cutter, Swann_Morton_3_Handle, Swann_Morton_10A_Blades,","ASLAN-TF200, Heavy-Duty-Application-Roller, Rollepro, Olfa_X_Design_Heavy_Duty_Knife, Olfa_Graphic_Cutter, Swann_Morton_3_Handle, Swann_Morton_10A_Blades,","A","","","","","","","","","","","","","","","","0","glitter, sparkle, copper, self-adhesive, self adhesive, cover, styl, gl10, R10, disco, disco 10, coverstyl, coverstyl', styl', 
","","","1647365355","0","","0","","CHECKBOX"
"GL11_Blue_Glitter","Blue Glitter","GL11","Doro_Tape","7","18","DEFAULT","","","","","0","Blue Glitter self-adhesive vinyl","Blue Glitter self-adhesive vinyl","GL11.jpg","GL11.jpeg","INVITEMS","DEFAULT-GL11_Blue_Glitter-DEFAULT-GL11_Blue_Glitter","","","0","0","0","","1","REGONLY","0","0","0","0","","","","SELECT","SELECT","0","","","","","0","0","","income-service","","","0","0","","","","","Cover_Styl_Glitter","Cover_Styl_Glitter","","","0","ASLAN-TF200, Heavy-Duty-Application-Roller, Rollepro, Olfa_X_Design_Heavy_Duty_Knife, Olfa_Graphic_Cutter, Swann_Morton_3_Handle, Swann_Morton_10A_Blades,","ASLAN-TF200, Heavy-Duty-Application-Roller, Rollepro, Olfa_X_Design_Heavy_Duty_Knife, Olfa_Graphic_Cutter, Swann_Morton_3_Handle, Swann_Morton_10A_Blades,","A","","","","","","","","","","","","","","","","0","glitter, sparkle, blue, self-adhesive, self adhesive, cover, styl, gl11, R11, disco, disco 11, coverstyl, coverstyl', styl', ","","","1647365489","0","","0","","CHECKBOX"
"GL12_Green_Glitter","Green Glitter","GL12","Doro_Tape","8","18","DEFAULT","","","","","0","Green Glitter self-adhesive vinyl","Green Glitter self-adhesive vinyl","GL12.jpg","GL12.jpeg","INVITEMS","DEFAULT-GL12_Green_Glitter-DEFAULT-GL12_Green_Glitter","","","0","0","0","","1","REGONLY","0","0","0","0","","","","SELECT","SELECT","0","","","","","0","0","","income-service","","","0","0","","","","","Cover_Styl_Glitter","Cover_Styl_Glitter","","","0","ASLAN-TF200, Heavy-Duty-Application-Roller, Rollepro, Olfa_X_Design_Heavy_Duty_Knife, Olfa_Graphic_Cutter, Swann_Morton_3_Handle, Swann_Morton_10A_Blades,","ASLAN-TF200, Heavy-Duty-Application-Roller, Rollepro, Olfa_X_Design_Heavy_Duty_Knife, Olfa_Graphic_Cutter, Swann_Morton_3_Handle, Swann_Morton_10A_Blades,","A","","","","","","","","","","","","","","","","0","glitter, sparkle, green, self-adhesive, self adhesive, cover, styl, gl12, R12, disco, disco 12, coverstyl, coverstyl', styl', 
","","","1647365511","0","","0","","CHECKBOX"
"GL13_Magenta_Glitter","Magenta Glitter","GL13","Doro_Tape","9","18","DEFAULT","","","","","0","Magenta Glitter self-adhesive vinyl","Magenta Glitter self-adhesive vinyl","GL13.jpg","GL13.jpeg","INVITEMS","DEFAULT-GL13_Magenta_Glitter-DEFAULT-GL13_Magenta_Glitter","","","0","0","0","","1","REGONLY","0","0","0","0","","","","SELECT","SELECT","0","","","","","0","0","","income-service","","","0","0","","","","","Cover_Styl_Glitter","Cover_Styl_Glitter","","","0","ASLAN-TF200, Heavy-Duty-Application-Roller, Rollepro, Olfa_X_Design_Heavy_Duty_Knife, Olfa_Graphic_Cutter, Swann_Morton_3_Handle, Swann_Morton_10A_Blades,","ASLAN-TF200, Heavy-Duty-Application-Roller, Rollepro, Olfa_X_Design_Heavy_Duty_Knife, Olfa_Graphic_Cutter, Swann_Morton_3_Handle, Swann_Morton_10A_Blades,","A","","","","","","","","","","","","","","","","0","glitter, sparkle, magenta, self-adhesive, self adhesive, cover, styl, gl13, R13, disco, disco 13, coverstyl, coverstyl', styl', ","","","1647365531","0","","0","","CHECKBOX"
"GL14_Aurora_Glitter","Aurora Glitter","GL14","Doro_Tape","10","18","DEFAULT","","","","","0","Aurora Glitter self-adhesive vinyl","Aurora Glitter self-adhesive vinyl","GL14.jpg","GL14.jpeg","INVITEMS","DEFAULT-GL14_Aurora_Glitter-DEFAULT-GL14_Aurora_Glitter","","","0","0","0","","1","REGONLY","0","0","0","0","","","","SELECT","SELECT","0","","","","","0","0","","income-service","","","0","0","","","","","Cover_Styl_Glitter","Cover_Styl_Glitter","","","0","ASLAN-TF200, Heavy-Duty-Application-Roller, Rollepro, Olfa_X_Design_Heavy_Duty_Knife, Olfa_Graphic_Cutter, Swann_Morton_3_Handle, Swann_Morton_10A_Blades,","ASLAN-TF200, Heavy-Duty-Application-Roller, Rollepro, Olfa_X_Design_Heavy_Duty_Knife, Olfa_Graphic_Cutter, Swann_Morton_3_Handle, Swann_Morton_10A_Blades,","A","","","","","","","","","","","","","","","","0","glitter, sparkle, aurora, self-adhesive, self adhesive, cover, styl, gl14, R14, disco, disco 14, coverstyl, coverstyl', styl', 
","","","1661449263","0","","0","","CHECKBOX"
"GL15_Navy_Blue_Glitter","Navy Blue Glitter","GL15","Doro_Tape","11","18","DEFAULT","","","","","0","Navy Blue Glitter self-adhesive vinyl","Navy Blue Glitter self-adhesive vinyl","GL15.jpg","GL15.jpeg","INVITEMS","DEFAULT-GL15_Navy_Blue_Glitter-DEFAULT-GL15_Navy_Blue_Glitter","","","0","0","0","","1","REGONLY","0","0","0","0","","","","SELECT","SELECT","0","","","","","0","0","","income-service","","","0","0","","","","","Cover_Styl_Glitter","Cover_Styl_Glitter","","","0","ASLAN-TF200, Heavy-Duty-Application-Roller, Rollepro, Olfa_X_Design_Heavy_Duty_Knife, Olfa_Graphic_Cutter, Swann_Morton_3_Handle, Swann_Morton_10A_Blades,","ASLAN-TF200, Heavy-Duty-Application-Roller, Rollepro, Olfa_X_Design_Heavy_Duty_Knife, Olfa_Graphic_Cutter, Swann_Morton_3_Handle, Swann_Morton_10A_Blades,","A","","","","","","","","","","","","","","","","0","glitter, sparkle, navy, blue, navyblue, navy-blue, self-adhesive, self adhesive, cover, styl, gl15, R15, disco, disco 15, coverstyl, coverstyl', styl', ","","","1661519174","0","","0","","CHECKBOX"
"GL16_Moka_Glitter","Moka Glitter","GL16","Doro_Tape","12","36","DEFAULT","","","","","0","Moka Glitter self-adhesive vinyl","Moka Glitter self-adhesive vinyl","GL16.jpg","GL16.jpeg","INVITEMS","DEFAULT-GL16_Moka_Glitter-DEFAULT-GL16_Moka_Glitter","","","0","0","0","","1","REGONLY","0","0","0","0","","","","SELECT","SELECT","0","","","","","0","0","","income-service","","","0","0","","","","","Cover_Styl_Glitter","Cover_Styl_Glitter","","","0","ASLAN-TF200, Heavy-Duty-Application-Roller, Rollepro, Olfa_X_Design_Heavy_Duty_Knife, Olfa_Graphic_Cutter, Swann_Morton_3_Handle, Swann_Morton_10A_Blades,","ASLAN-TF200, Heavy-Duty-Application-Roller, Rollepro, Olfa_X_Design_Heavy_Duty_Knife, Olfa_Graphic_Cutter, Swann_Morton_3_Handle, Swann_Morton_10A_Blades,","A","","","","","","","","","","","","","","","","0","glitter, sparkle, moka, mokka, mocka, moca, mocca, self-adhesive, self adhesive, cover, styl, gl16, R16, disco, disco 16, coverstyl, coverstyl', styl', 
","","","1661519682","0","","0","","CHECKBOX"
"GL17_Butter_Glitter","Butter Glitter","GL17","Doro_Tape","13","36","DEFAULT","","","","","0","Butter Glitter self-adhesive vinyl","Butter Glitter self-adhesive vinyl","GL17.jpg","GL17.jpeg","INVITEMS","DEFAULT-GL17_Butter_Glitter-DEFAULT-GL17_Butter_Glitter","","","0","0","0","","1","REGONLY","0","0","0","0","","","","SELECT","SELECT","0","","","","","0","0","","income-service","","","0","0","","","","","Cover_Styl_Glitter","Cover_Styl_Glitter","","","0","ASLAN-TF200, Heavy-Duty-Application-Roller, Rollepro, Olfa_X_Design_Heavy_Duty_Knife, Olfa_Graphic_Cutter, Swann_Morton_3_Handle, Swann_Morton_10A_Blades,","ASLAN-TF200, Heavy-Duty-Application-Roller, Rollepro, Olfa_X_Design_Heavy_Duty_Knife, Olfa_Graphic_Cutter, Swann_Morton_3_Handle, Swann_Morton_10A_Blades,","A","","","","","","","","","","","","","","","","0","glitter, sparkle, butter, self-adhesive, self adhesive, cover, styl, gl17, R17, disco, disco 17, coverstyl, coverstyl', styl', butter yellow, yellow, 
","","","1661519895","0","","0","","CHECKBOX"
"GL18_Salmon_Glitter","Salmon Glitter","GL18","Doro_Tape","14","36","DEFAULT","","","","","0","Salmon Glitter self-adhesive vinyl","Salmon Glitter self-adhesive vinyl","GL18.jpg","GL18.jpeg","INVITEMS","DEFAULT-GL18_Salmon_Glitter-DEFAULT-GL18_Salmon_Glitter","","","0","0","0","","1","REGONLY","0","0","0","0","","","","SELECT","SELECT","0","","","","","0","0","","income-service","","","0","0","","","","","Cover_Styl_Glitter","Cover_Styl_Glitter","","","0","ASLAN-TF200, Heavy-Duty-Application-Roller, Rollepro, Olfa_X_Design_Heavy_Duty_Knife, Olfa_Graphic_Cutter, Swann_Morton_3_Handle, Swann_Morton_10A_Blades,","ASLAN-TF200, Heavy-Duty-Application-Roller, Rollepro, Olfa_X_Design_Heavy_Duty_Knife, Olfa_Graphic_Cutter, Swann_Morton_3_Handle, Swann_Morton_10A_Blades,","A","","","","","","","","","","","","","","","","0","glitter, sparkle, salmon, self-adhesive, self adhesive, cover, styl, gl18, R18, disco, disco 18, coverstyl, coverstyl', styl', 
","","","1652960354","0","","0","","CHECKBOX"
"GL19_Champagne_Glitter","Champagne Glitter","GL19","Doro_Tape","15","36","DEFAULT","","","","","0","Champagne Glitter self-adhesive vinyl","Champagne Glitter self-adhesive vinyl","GL19.jpg","GL19.jpeg","INVITEMS","DEFAULT-GL19_Champagne_Glitter-DEFAULT-GL19_Champagne_Glitter","","","0","0","0","","1","REGONLY","0","0","0","0","","","","SELECT","SELECT","0","","","","","0","0","","income-service","","","0","0","","","","","Cover_Styl_Glitter","Cover_Styl_Glitter","","","0","ASLAN-TF200, Heavy-Duty-Application-Roller, Rollepro, Olfa_X_Design_Heavy_Duty_Knife, Olfa_Graphic_Cutter, Swann_Morton_3_Handle, Swann_Morton_10A_Blades,","ASLAN-TF200, Heavy-Duty-Application-Roller, Rollepro, Olfa_X_Design_Heavy_Duty_Knife, Olfa_Graphic_Cutter, Swann_Morton_3_Handle, Swann_Morton_10A_Blades,","A","","","","","","","","","","","","","","","","0","glitter, sparkle, champagne, self-adhesive, self adhesive, cover, styl, gl19, R19, disco, disco 19, coverstyl, coverstyl', styl', 
","","","1661520113","0","","0","","CHECKBOX"
"GL5_Gold_Glitter","Gold Glitter","GL5","Doro_Tape","1","18","DEFAULT","","","","","0","Gold Glitter self-adhesive vinyl","Gold Glitter self-adhesive vinyl","GL5.jpg","GL5.jpeg","INVITEMS","DEFAULT-GL5_Gold_Glitter-DEFAULT-GL5_Gold_Glitter","","","0","0","0","","1","REGONLY","0","0","0","0","","","","SELECT","SELECT","0","","","","","0","0","","income-service","","","0","0","","","","","Cover_Styl_Glitter","Cover_Styl_Glitter","","","0","ASLAN-TF200, Heavy-Duty-Application-Roller, Rollepro, Olfa_X_Design_Heavy_Duty_Knife, Olfa_Graphic_Cutter, Swann_Morton_3_Handle, Swann_Morton_10A_Blades,","ASLAN-TF200, Heavy-Duty-Application-Roller, Rollepro, Olfa_X_Design_Heavy_Duty_Knife, Olfa_Graphic_Cutter, Swann_Morton_3_Handle, Swann_Morton_10A_Blades,","A","","","","","","","","","","","","","","","","0","glitter, sparkle, gold, self-adhesive, self adhesive, cover, styl, gl5, R5, disco, disco 5, 
","","","1561995480","0","","0","","CHECKBOX"
"GL6_Yellow_Glitter","Yellow Glitter","GL6","Doro_Tape","2","18","DEFAULT","","","","","0","Yellow Glitter self-adhesive vinyl","Yellow Glitter self-adhesive vinyl","GL6.jpg","GL6.jpeg","INVITEMS","DEFAULT-GL6_Yellow_Glitter-DEFAULT-GL6_Yellow_Glitter","","","0","0","0","","1","REGONLY","0","0","0","0","","","","SELECT","SELECT","0","","","","","0","0","","income-service","","","0","0","","","","","Cover_Styl_Glitter","Cover_Styl_Glitter","","","0","ASLAN-TF200, Heavy-Duty-Application-Roller, Rollepro, Olfa_X_Design_Heavy_Duty_Knife, Olfa_Graphic_Cutter, Swann_Morton_3_Handle, Swann_Morton_10A_Blades,","ASLAN-TF200, Heavy-Duty-Application-Roller, Rollepro, Olfa_X_Design_Heavy_Duty_Knife, Olfa_Graphic_Cutter, Swann_Morton_3_Handle, Swann_Morton_10A_Blades,","A","","","","","","","","","","","","","","","","0","glitter, sparkle, gold, yellow, self-adhesive, self adhesive, cover, styl, gl6, R6, disco 6, disco,  
","","","1647365587","0","","0","","CHECKBOX"
"GL7_Silver_Glitter","Silver Glitter","GL7","Doro_Tape","3","18","DEFAULT","","","","","0","Silver Glitter self-adhesive vinyl","Silver Glitter self-adhesive vinyl","GL7.jpg","GL7.jpeg","INVITEMS","DEFAULT-GL7_Silver_Glitter-DEFAULT-GL7_Silver_Glitter","","","0","0","0","","1","REGONLY","0","0","0","0","","","","SELECT","SELECT","0","","","","","0","0","","income-service","","","0","0","","","","","Cover_Styl_Glitter","Cover_Styl_Glitter, Silver-Films","","","0","ASLAN-TF200, Heavy-Duty-Application-Roller, Rollepro, Olfa_X_Design_Heavy_Duty_Knife, Olfa_Graphic_Cutter, Swann_Morton_3_Handle, Swann_Morton_10A_Blades,","ASLAN-TF200, Heavy-Duty-Application-Roller, Rollepro, Olfa_X_Design_Heavy_Duty_Knife, Olfa_Graphic_Cutter, Swann_Morton_3_Handle, Swann_Morton_10A_Blades,","A","","","","","","","","","","","","","","","","0","glitter, sparkle, sliver, self-adhesive, self adhesive, cover, styl, gl7, R7, disco, disco 7, coverstyl, coverstyl', styl', 

","","","1647365608","0","","0","","CHECKBOX"
"GL8_Red_Glitter","Red Glitter","GL8","Doro_Tape","4","18","DEFAULT","","","","","0","Red Glitter self-adhesive vinyl","Red Glitter self-adhesive vinyl","GL8.jpg","GL8.jpeg","INVITEMS","DEFAULT-GL8_Red_Glitter-DEFAULT-GL8_Red_Glitter","","","0","0","0","","1","REGONLY","0","0","0","0","","","","SELECT","SELECT","0","","","","","0","0","","income-service","","","0","0","","","","","Cover_Styl_Glitter","Cover_Styl_Glitter","","","0","ASLAN-TF200, Heavy-Duty-Application-Roller, Rollepro, Olfa_X_Design_Heavy_Duty_Knife, Olfa_Graphic_Cutter, Swann_Morton_3_Handle, Swann_Morton_10A_Blades,","ASLAN-TF200, Heavy-Duty-Application-Roller, Rollepro, Olfa_X_Design_Heavy_Duty_Knife, Olfa_Graphic_Cutter, Swann_Morton_3_Handle, Swann_Morton_10A_Blades,","A","","","","","","","","","","","","","","","","0","glitter, sparkle, red, self-adhesive, self adhesive, cover, styl, gl8, R8, disco, disco 8, coverstyl, coverstyl', styl', 

","","","1647365628","0","","0","","CHECKBOX"
"GL9_Black_Glitter","Black Glitter","GL9","Doro_Tape","5","18","DEFAULT","","","","","0","Black Glitter self-adhesive vinyl","Black Glitter self-adhesive vinyl","GL9.jpg","GL9.jpeg","INVITEMS","DEFAULT-GL9_Black_Glitter-DEFAULT-GL9_Black_Glitter","","","0","0","0","","1","REGONLY","0","0","0","0","","","","SELECT","SELECT","0","","","","","0","0","","income-service","","","0","0","","","","","Cover_Styl_Glitter","Cover_Styl_Glitter","","","0","ASLAN-TF200, Heavy-Duty-Application-Roller, Rollepro, Olfa_X_Design_Heavy_Duty_Knife, Olfa_Graphic_Cutter, Swann_Morton_3_Handle, Swann_Morton_10A_Blades,","ASLAN-TF200, Heavy-Duty-Application-Roller, Rollepro, Olfa_X_Design_Heavy_Duty_Knife, Olfa_Graphic_Cutter, Swann_Morton_3_Handle, Swann_Morton_10A_Blades,","A","","","","","","","","","","","","","","","","0","glitter, sparkle, black, self-adhesive, self adhesive, cover, styl, gl9, R9, disco, disco 9, coverstyl, coverstyl', styl', 

","","","1647365651","0","","0","","CHECKBOX"
"GLASSAPEEL","GlassApeel","GLASSAPP","Glassapeel","5","0","DEFAULT","","","","","0","GlassApeel is a window graphic film that utilizes hybrid gel micro-capsule suction technology. Thanks to the non-adhesive formula, the material is repositionable, removable and re-usable when applied to glass, acrylic and other smooth flat surfaces internally. PVC Free. Prices shown are per roll.


































","<html>
<head><title>Glassapeel</title></head>
<body>
<img style=""height: 100px; width: 150px;"" alt=""Glassapeel logo""
src=""media/ecom/onpagegraphics/Glassapeel_Logo.png""><br><br>

<p>Glassapeel is a window graphic film that utilizes hybrid gel micro-capsule suction technology. Thanks to the non-adhesive formula, the material is <span style=""color:#000000;font-weight:bold"">repositionable, removable and re-usable</span> when applied to glass, acrylic and other smooth flat surfaces internally.</p>

<a><img style=""border: 0px solid ; width: 75px; height: 75px; float: right;"" alt=""pvc free""
src=""media/ecom/onpagegraphics/PVC_free_logo.png""></a>

<span style=""font-weight: bold; color: #d7328a;"">Structure:</span><br>
<ul><li>130<span>&#181;</span>m Polyester (Clear & Frosted), 175<span>&#181;</span>m Polypropylene Blockout (White)</li>
<li>Special hybrid gel micro-capsule suction - Removable</li>
<li>Polyester liner - 55<span>&#181;</span>m
</li></ul>

<span style=""font-weight: bold; color: #d7328a;"">Suitability:</span><br>
<ul><li>Advertising on to windows, glass, acrylic and other smooth surfaces</li>
<li>Perfect for retail windows and instore decorations, office branding and partition screening, architectural and interior design</li>
<li>Suitable for indoor and outdoor applications at trade fairs and exhibitions, sports events, promotions</li>
<li><b>Transparent</b> is 100% optically clear for use on glass and acrylic and can be front or mirror printed</li>
<li><b>White</b> 99% light blockout properties for use on to windows and smooth metal surfaces</li>
<li><b>Frosted</b> has a bright translucency for front or mirror printing, providing privacy while letting light through</li>
<li><b>Solar UV</b> is a transparent film with energy conservation properties. With 99% UV reduction and 40% heat reduction, use this on windows to help maintain an even indoor temperature</li>
<li>Print right to the edge (no need to leave a white border)</li>
<li>Can be installed using water to eliminate bubbles
</li></ul>

<span style=""font-weight: bold; color: #d7328a;"">Advantages:</span><br>
<ul><li>Repositionable during application</li>
<li>Easily removable after use without any adhesive residue</li>
<li>Reusable many times without losing adhesive power</li>
<li>High quality liner provides excellent flatness when printing</li>
<li>Temperature resistant and will not shrink</li>
<li>Easy to contour cut</li>
<li>No residue, no static!</li><br>

<p><a href=""https://www.dorotape.co.uk/Article/GlassApeel"" target=""_blank""><img style=""border: 0px solid ; width: 50px; height: 50px;"" alt=""link to our blog""
src=""media/ecom/onpagegraphics/Blog.png"">
<span style=""color:#d7328a""><b>Learn more about Glass Apeel by reading about it in our Blog</b></span></a></p>

<img style=""border: 0px solid ; width: 50px; height: 50px; alt=""reward points logo""
src=""media/ecom/onpagegraphics/Reward_Logo.png""><span style=""font-weight: bold; color: #ef7d00;"">Earn Reward Points every time you buy this product</span></ul>

<span style=""font-weight: bold; color: #d7328a;"">Ink Compatibility:</span><br>
<ul>
<img style=""margin: 0px 5px 0px 0px; width: 15px; height: 25px;"" alt=""Eco-Sol Ink""
src=""media/ecom/onpagegraphics/Ink-EcoSol.png"">Eco-solvent &nbsp;&nbsp;
<img style=""margin: 0px 5px 0px 0px; width: 15px; height: 25px;"" alt=""Latex""
src=""media/ecom/onpagegraphics/Ink-Latex.png"">Latex &nbsp;&nbsp;
<img style=""margin: 0px 5px 0px 0px; width: 15px; height: 25px;"" alt=""UV Ink""
src=""media/ecom/onpagegraphics/Ink-UV.png"">UV</ul>


<span style=""font-weight: bold; color: #d7328a;"">Technical Information:</span><br>
<ul>
<a href=""media/ecom/pdfs/datasheets/Glassapeel Technical-datasheet.pdf"" target=""_blank""><img
style=""border: 0px solid ; width: 200px; height: 60px;"" alt=""Glassapeel Datasheet""
src=""media/ecom/onpagegraphics/Datasheet.png""></a>

<a href=""media/ecom/pdfs/applicationguidelines/GlassApeel-Installation-Instructions.pdf"" target=""_blank""><img
style=""border: 0px solid ; width: 200px; height: 60px;"" alt=""GlassApeel Application Guidelines""
src=""media/ecom/onpagegraphics/App.png""></a></ul>

<p style=""font-weight: bold; font-size: 1.0em;"">Prices shown are per roll at 1370mm wide</p>
</body>

</html>","GlassApeel.jpg","GlassApeel_Clear.jpg, GlassApeel.jpg","INVITEMS","DEFAULT-GLASSAPEEL-DEFAULT-GLASSAPEEL","","","0","0","0","","1","REGONLY","0","0","0","0","","","","SELECT","SELECT","0","","","","","0","0","","income-service","","","0","0","","","https://www.youtube.com/embed/j5fb5L2Gd98?si=JLY6O9rzisJDFt5H","","Digital_Print_Window_Film","Digital_Print_Window_Film","","","0","Blue_Max, Fusion_5, Olfa_Graphic_Cutter, Olfa_X_Design_Heavy_Duty_Knife, Lint-Free-Gloves, Masking_Tape_25mm, Aslan_Squeegee, Swann_Morton_3_Handle, Swann_Morton_10A_Blades, Float_On, IPA_100, Anti_Static_Cleaner,","Blue_Max, Fusion_5, Olfa_Graphic_Cutter, Olfa_X_Design_Heavy_Duty_Knife, Lint-Free-Gloves, Masking_Tape_25mm, Aslan_Squeegee, Swann_Morton_3_Handle, Swann_Morton_10A_Blades, Float_On, IPA_100, Anti_Static_Cleaner,","A","","ADHESIVE_HIGH_TACK, ADHESIVE_REMOVABLE","FloorVinyl2","SUITABILITY_FIRE, SUITABILITY_FLOOR_GRAPHICS, SUITABILITY_OUTDOOR_SHORT","","","","","","","","","","","GlassApeel","0","glass appeal, glass apeel, glassapeel, glassappeal, window, glass







xerox,d-jet 100,











































","","GlassApeel is a PVC Free window graphic film that utilizes hybrid gel micro-capsule suction technology. Thanks to the non-adhesive formula, the material is repositionable, removable and re-usable when applied to glass, acrylic and other smooth flat surfaces internally.
","1730475716","0","","0","","CHECKBOX"
"Glo_Brite","Jessup Glo-Brite® 7535 Photoluminescent","PHL","Doro_Tape","100","354","DEFAULT","","","","","0","Jessup Glo Brite 7535 is a flexible Class B safety grade self-adhesive Photoluminescent film designed for indoor safety applications and meets the most rigorous standards.  Price is for a 1000mm x 10m roll.

","<html>

<head><title>Jessup Glo-Brite® 7535 Photoluminescent</title>

<style>
.responsive {
  width: 50%;
  height: auto;
}
</style>
</head>

<body>
<img 
  src=""media/ecom/onpagegraphics/Jessup-Logo.png"" 
  alt=""Jessup Logo"" 
  style=""width:25%; height:auto;"" 
  class=""responsive"">
<br><br>

<p>Jessup Glo-Brite® 7535 is a flexible Class B safety grade self-adhesive Photoluminescent film that meets the most rigorous standards for safety applications.</p>

<p>Using the latest generation of photoluminescent pigments, Jessup Glo-Brite® 7535 produces a bright afterglow in blackout conditions and charges faster in the light.</p>

<span style=""font-weight: bold; color: #d7328a;"">Structure:</span><br>
<ul><li>178<span>&#181;</span>m Polyester</li>
<li>Water based adhesive - Permanent</li>
<li>Siliconised polyester kraft liner - 90gm<sup>2</sup>
</li></ul>

<span style=""font-weight: bold; color: #d7328a;"">Suitability:</span><br>
<ul>
<li>Perfect for safety signage inside and outside buildings, marine environments, rail systems, and military facilities</li>
<li>Interior and exterior performance</li>
<li>Ideal for low-visibility situations such as emergency directional floor signage, fire exits and other safety signage</li>
<li>Complies to EU Marine Equipment Directive</li>
<li>Luminance values at 10 minutes and 60 minutes: 119mcd/m<sup>2</sup> / 12.4mcd/m<sup>2</sup></ul>


<span style=""font-weight: bold; color: #d7328a;"">Advantages:</span><br>
<ul><li>High level of luminance</li>
<li>The UV stable pigment and superior ink adhesion ensures signage durability even in harsh exterior conditions.</li>
<li>Permanent adhesive</li>
<li>Satin matt print receptive finish</li>
<li>High levels of ink adhesion for long lasting durability</li>
<li>Quick drying: Faster drying improves production rates and efficiency</li>
<li>It contains none of the substances of very high concern (SVHCs) or banned substances as identified by the REACH standard</li>
<li>Excellent layflat characteristics makes working with Glo-Brite® 7535 easy to work with</li></ul>

<span style=""font-weight: bold; color: #d7328a;"">Ink Compatibility:</span><br>
<ul>
<img style=""margin: 0px 5px 0px 0px; width: 15px; height: 25px;"" alt=""Eco-Sol Ink""
src=""media/ecom/onpagegraphics/Ink-EcoSol.png"">Eco-solvent &nbsp;&nbsp;
<img style=""margin: 0px 5px 0px 0px; width: 15px; height: 25px;"" alt=""UV Ink""
src=""media/ecom/onpagegraphics/Ink-UV.png"">UV</a></ul>

<span style=""font-weight: bold; color: #d7328a;"">Technical Information:</span><br><br>
<a href=""media/ecom/pdfs/datasheets/TDS-Jessup-7535-Glo-Brite.pdf"" target=""_blank""><img
style=""border: 0px solid ; width: 200px; height: 60px;"" alt=""pdf""
src=""media/ecom/onpagegraphics/Datasheet.png""></a>
<a href=""media/ecom/pdfs/firecertificates/Photo_Luminescent_Test_7500_Series.pdf"" target=""_blank""><img
style=""border: 0px solid ; width: 200px; height: 60px;"" alt=""pdf""
src=""media/ecom/onpagegraphics/Fire.png""></a></ul><br><br>

<p style=""font-weight: bold; font-size: 0.9em;"">Prices shown are per 10 metre roll at 1000mm wide</p>
</body>

</html>","Jessup-Glo-Brite-7535.webp","Jessup-Glo-Brite-7535.webp","INVITEMS","DEFAULT-Glo_Brite-DEFAULT-Glo_Brite","","","0","0","0","","1","REGONLY","0","0","0","0","","","","SELECT","SELECT","0","","","","","0","0","","income-service","","","0","0","","","","","Photo_Luminescent","Photo_Luminescent","","","0","","","A","","","","","","","","","","","","","","","Jessup-Glo-Brite-7535-Photoluminescent","0","safety signage, class b, fire exit, glo brite, glow brite, glo-brite, globrite, jessup, jessups, photo lum, photo luminescent, photoluminescent, photolum, class b safety, 7535, 

","","","1500374093","0","","0","","CHECKBOX"
"Gorilla_Gripper","Gorilla Gripper","GORI","DEFAULT","300","63","DEFAULT","","","","","0","A safe & easy way to grip & lift all types of board.","<html>

<title><head>Gorilla Gripper</title></head>

<body>

<p>A safe & easy way to grip & lift all types of board.</p>

<p>Made from quality aluminium with rubber gripping pads.</p>

<p>Significantly reduces stress & back injury.</p>

<p>A must for handling large cumbersome boards up to 19mm thick.</p>

</body>

</html>","Gorilla_Gripper.jpg","Gorilla_Gripper.jpg","INVITEMS","DEFAULT-Gorilla_Gripper-DEFAULT-Gorilla_Gripper","","","0","0","0","","1","REGONLY","0","0","0","0","","","","SELECT","SELECT","0","","","","","0","0","","income-service","","","0","0","","","","","Weeding_Handling_Tools","Weeding_Handling_Tools","","","0","","","A","","","","","","","","","","","","","","","","0","gorilla,gripper","","","1547646605","0","","0","","CHECKBOX"
"Graphtec_Plotter_Blade","Graphtec Plotter Cutting Blades","G09V","DEFAULT","70","13","DEFAULT","","","","","0","The G09V cutting blade is suitable for cutting all standard vinyl films using all types of Graphtec cutters.","<html>

<title><head>Graphtec Plotter Cutting Blades</head></title>

<body>

<p>The G09V cutting blade is suitable for cutting all standard vinyl films using all types of Graphtec cutters.</p>
<p>Manufactured to a high specification in the UK from quality Swiss tungsten carbide.</p>

</body>

</html>","G09V.jpg","G09V.jpg","INVITEMS","DEFAULT-Graphtec_Plotter_Blade-DEFAULT-Graphtec_Plotter_Blade","","","0","0","0","","1","REGONLY","0","0","0","0","","","","SELECT","SELECT","0","","","","","0","0","","income-service","","","0","0","","","","","Plotter_Blades","Plotter_Blades","","","0","","","A","","","","","","","","","","","","","","","Graphtec-Plotter-Cutting-Blades","0","graphtec, plotter, blade, cut, cutting","","","1706698886","0","","0","","CHECKBOX"
"Graphtec_Smart_Knives","Graphtec Smart Knives","GSK","DEFAULT","30","0","DEFAULT","","","","","0","Smart Knives for all Graphtec cutters. These cost effective alternative to traditional plotter blades arrive pre-set in their own blade holder ready for use. When the blade eventually blunts just order an Exchange unit and return the original in the jiffy bag provided. 
","<html><head><title>Graphtec Smart Knives</title></head>
<body>
<p>Smart Knives for all the Graphtec Plotters. These cost effective alternative to traditional plotter blades arrive pre-set in their own blade holder ready for use. When the blade eventually blunts just order an Exchange unit and return the original in the jiffy bag provided. </p>
<p>Choice of blade for different cutting options.</p>
<ul>
<li>Swiss tungsten carbide blade preset for safety, accuracy and longer life</li>
<li>Comes in its own holder, preset for immediate use</li>
<li>No need to fit, adjust or change the blade</li>
<li>They cut all common materials (and many unusual ones too)</li>
<li>Exchange units contain a brand new blade</li>
<li>Used Knives are exchanged for half the price offering significant long term cost savings</li>
<li>Simply return the complete unit including the clear dorotape branded case</li></ul>
</body></html>
","GSK09V.jpg","GSK09V.jpg, GSK09F.jpg, GSK15F.jpg","INVITEMS","DEFAULT-Graphtec_Smart_Knives-DEFAULT-Graphtec_Smart_Knives","","","0","0","0","","1","REGONLY","0","0","0","0","","","","SELECT","SELECT","0","","","","","0","0","","income-service","","","0","0","","","","","Smart-Knives","Smart-Knives","","","0","PLOTPEN, GERSTD, GERFST, GEREMT, GERENV, GERODY, ROLAND, GRAPHT, IOLINE, SUMMA, MUTOH, MIMAKI, SIGNPAL","","A","","","","","","","","","","","","","","","Graphtec-Smart-Knives","0","smart, knife, knives, graphtec

","","","1638527034","0","","0","","CHECKBOX"
"Green_Power_4","Green Power 4 Magnetic :: 1270mm wide","GRE4","Doro_Tape","5","129","DEFAULT","","","","","0","Green Power 4 is a pvc free printable magnetic film with a strong holding force of 55g/cm2. This thin (0.5mm) film is PVC Free, VOC, Halogen and Phthalate free too making this a truly environmentally friendly option. Ideal for In-store advertising, POS and promotions as well as automotive and outdoor signage onto flat surfaces. Prices shown are per roll at 1270mm wide.

","<html>

<head><title>Green Power 4</head></title>

<body>

<p>Green Power 4 offers an environmentally friendly alternative to traditional magnetic films. This thin film is 100% PVC Free and has a strong holding force of 55g/cm<sup>2</sup>.</p>

<a><img style=""margin: 5px; width: 75px; height: 75px; float: right;"" alt=""pvc free""
src=""media/ecom/onpagegraphics/PVC_free_logo.png""></a>

<span style=""font-weight: bold; color: #d7328a;"">Structure:</span><br>
<ul><li>Green Power 4 is 0.5mm thin with a white matt face film</li>
<li>100% PVC Free</li></ul>

<span style=""font-weight: bold; color: #d7328a;"">Suitability:</span><br>
<ul><li>In-store advertising, POS and promotions</li>
<li>Outdoor signage</li>
<li>Automotive use for flat surfaces</li>
<li>The magnetic holding strength does not reduce over time, so graphics can be quickly removed and re-applied again and again</li></ul>

<span style=""font-weight: bold; color: #d7328a;"">Advantages:</span><br>
<ul><li>PVC Free, VOC, Halogen and Phthalate free</li>
<li>Strong holding force of 55g/cm<sup>2</sup></li>
<li>Thinner than standard magnetic films making it easier to handle</li>
<li>Almost half the weight of traditional magnetic films for reduced transport costs</li>
<li>Printable using UV inks</li>
<li>Approved by Canon for use with their UV Gel Colorado printers</li>
<li>Full rolls are factory fitted with 1 metre of paper at the beginning and the end of the rolls so no magnetic material is wasted during print set up</li></ul>

<span style=""font-weight: bold; color: #d7328a;"">Ink Compatibility:</span><br>
<ul><img style=""margin: 0px 5px 0px 0px; width: 15px; height: 25px;"" alt=""UV Ink""
src=""media/ecom/onpagegraphics/Ink-UV.png"">UV</ul>

<span style=""font-weight: bold; color: #d7328a;"">Technical Information:</span><ul>
<a href=""media/ecom/pdfs/datasheets/Green-Power-Mag.pdf"" target=""_blank""><img
style=""border: 0px solid ; width: 200px; height: 60px;"" alt=""Green Power Mag Technical Data Sheet""
src=""media/ecom/onpagegraphics/Datasheet.png""></a></ul>

<p><a href=https://www.dorotape.co.uk/Article/MagvFerro target=""_blank""><img style=""border: 0px solid ; width: 50px; height: 50px;"" alt=""link to our blog""
src=""media/ecom/onpagegraphics/Blog.png""></p>
<span style=""color:#d7328a""><b>Learn more about magnetic vinyl and ferrous film by reading about it in our Blog</b></span></a></p>

<p style=""font-weight: bold; font-size: 1.0em;"">Prices shown are per roll at 1270mm wide</p>

</body>
</html>","Green_Power_4.jpg","Green_Power_Magnetic.jpg, Green_Power_Magnetic_Printed.jpg","INVITEMS","DEFAULT-Green_Power_4-DEFAULT-Green_Power_4","","","0","0","0","","1","REGONLY","0","0","0","0","","","","SELECT","SELECT","0","","","","","0","0","","income-service","","","0","0","","","","","Magnetic_Ferrous","Magnetic_Ferrous, Digital_Print_Magnetic_Ferrous","","","0","FF4001000","","A","superuser","ADHESIVE_NON","GRADE_MAGNETIC","SUITABILITY_FLAT, SUITABILITY_VEHICLE","","","","","","","","","","","","0","green power, gre4, magentic, pvc free, magnetic, 0.5mm, 0.5, mag, printable, ","","","1710344986","0","","0","","CHECKBOX"
"Gudy_804","Gudy 804","804","Neschen","1","438","DEFAULT","","","","","0","Neschen Gudy 804 double sided Mount Film has one side permanent adhesive and one side removable / repositionable adhesive for use onto windows and other glass or acrylic surfaces.  Roll size: 1300mm x 50m.






















","<html>

<head><title>Neschen Gudy 804</title>
</head>
<body>
<p>Neschen Gudy 804 double sided Mount Film has one side permanent adhesive and one side removable / repositionable adhesive for use onto windows and other glass or acrylic surfaces.</p>

<span style=""font-weight: bold; color: #d7328a;"">Structure:</span><br>
<ul><li>54<span>&#181;</span>m (65g/m<sup>2</sup>) Siliconised glassine paper</li>
<li>Transparent water based acrylic adhesive - Permanent</li>
<li>70<span>&#181;</span>m Transparent monomeric PVC</li>
<li>Transparent water based acrylic adhesive - Removable</li>
<li>140<span>&#181;</span>m Embossed PE
</li></ul>

<span style=""font-weight: bold; color: #d7328a;"">Suitability:</span><br>
<ul><li>Mounting photographic and digitally printed images that may need to be removed</li>
<li>Special combination of permanent and removable adhesive</li>
<li>Graphics can be mounted 'dry' to glass and acrylic surfaces</li>
<li>The pH neutral water based adhesive offers residue free removal
</li></ul>

<span style=""font-weight: bold; color: #d7328a;"">Advantages:</span><br>
<ul><li>Liner protection on both sides of adhesive</li>
<li>Embossed liner ensures the graphic is always applied bubble free</li>
<li>Solvent free adhesive
</li><br>
<img style=""border: 0px solid ; width: 50px; height: 50px; alt=""reward points logo""
src=""media/ecom/onpagegraphics/Reward_Logo.png""><span style=""font-weight: bold; color: #ef7d00;"">Earn Reward Points every time you buy this product</span></ul>

<span style=""font-weight: bold; color: #d7328a;"">Technical Information:</span><br>
<ul>
<a href=""media/ecom/pdfs/datasheets/Gudy_804.pdf"" target=""_blank""><img
style=""border: 0px solid ; width: 200px; height: 60px;"" alt=""Gudy 804 Datasheet"" src=""media/ecom/onpagegraphics/Datasheet.png""></a></ul>

<p style=""font-weight: bold; font-size: 0.9em;"">Prices shown are per 50 metre roll at 1300mm wide</p>
</body>

</html>","Windowfix.jpg","950A.jpg, Windowfix.jpg","INVITEMS","DEFAULT-Gudy_804-DEFAULT-Gudy_804","","","0","0","0","","1","REGONLY","0","0","0","0","","","","SELECT","SELECT","0","","","","","0","0","","income-service","","","0","0","","FREESHIPPING","","","Mount_Films","Mount_Films","","","0","Olfa_Graphic_Cutter, Olfa_X_Design_Heavy_Duty_Knife, Lint-Free-Gloves, Masking_Tape_25mm, Aslan_Squeegee, Swann_Morton_3_Handle, Swann_Morton_10A_Blades, Lint-Free-Cloths, Heavy-Duty-Application-Roller, 4075CT1220,","Olfa_Graphic_Cutter, Olfa_X_Design_Heavy_Duty_Knife, Lint-Free-Gloves, Masking_Tape_25mm, Aslan_Squeegee, Swann_Morton_3_Handle, Swann_Morton_10A_Blades, Lint-Free-Cloths, Heavy-Duty-Application-Roller, 4075CT1220,","A","superuser","","","","","","","","","","","","","","Neschen-Gudy-804","0","mount, mount film, mounting, laminate, laminating, gudy, neschen, 804







xerox,d-jet 100,






























","","","1569493241","0","","0","","CHECKBOX"
"Heat_Pressing_Pillows","Heat Pressing Pillows","PILLOW","Stahls","580","0","DEFAULT","","","","","0","Non Stick covered pillows, with a heat resistant core, enables the user to have a flat surface to heat apply Transfers over buttons, seams and zippers on garments.","<html>

<title><head>Heat Pressing Pillows</title></head>

<body>

<p>Non Stick covered pillows, with a heat resistant core, enables the user to have a flat surface to heat apply Transfers over buttons, seams and zippers on garments.</p>
<p>Non Stick Pillows are available in four popular sizes.</p>

</body>

</html>","Heat Press Pillows.jpg","Heat Press Pillows.jpg","INVITEMS","DEFAULT-Heat_Pressing_Pillows-DEFAULT-Heat_Pressing_Pillows","","","0","0","0","","1","REGONLY","0","0","0","0","","","","SELECT","SELECT","0","","","","","0","0","","income-service","","","0","0","","","","","3606_Heat-Press","3606_Heat-Press","","","0","","","A","","","","","","","","","","","","","","","","0","heat press,multi press,


","","","1571825626","0","","0","","CHECKBOX"
"Heat_Tape","Heat Tape","61SL","Doro_Tape","999","8","DEFAULT","","","","","0","With a heat resistant adhesive, this Heat Tape will prove invaluable in helping to keep the image in place whilst heatpressing.  Price per 10mm x 66m roll.","<html>

<head><title>61SL Heat Tape</title></head>

<body>

<p>With a heat resistant adhesive, this Heat Tape will prove invaluable in helping to keep the image in place whilst heatpressing.</p>

<span style=""font-weight: bold; color: #d7328a;"">Structure:</span><br>
<ul><li>85<span>&#181;</span> Polyester tape</li>
<li>Silicone adhesive
</li></ul>

<span style=""font-weight: bold; color: #d7328a;"">Suitability:</span><br>
<ul><li>Perfect for holding material in place when heat pressing</li>
<li>Ideal for splicing applications at high temperature</li>
<li>Suitable masking in powder coating operations
</li></ul>

<span style=""font-weight: bold; color: #d7328a;"">Advantages:</span><br>
<ul>
<li>Resistant to high temperature (130°C, 180°C in short term)</li>
<li>Clean removability</li>
<li>Also resistant to etching chemicals
</li></ul>

<span style=""font-weight: bold; color: #d7328a;"">Technical Information:</span>
<ul><a href=""media/ecom/pdfs/datasheets/61SL.pdf"" target=""_blank""><img
style=""border: 0px solid ; width: 200px; height: 60px;"" alt=""61SL Datasheet pdf""
src=""media/ecom/onpagegraphics/Datasheet.png""></a>
</ul>
<p><b>Prices are per 10mm x 66m roll</b></p>
</body>

</html>","Heat-Tape.jpg","Heat-Tape.jpg","INVITEMS","DEFAULT-Heat_Tape-DEFAULT-Heat_Tape","","","0","0","0","","1","REGONLY","0","0","0","0","","","","SELECT","SELECT","0","","","","","0","0","","income-service","","","0","0","","","","","Tapes","Tapes, Digital_Print_Garment_Flex, Poli_Flex_Turbo","","","0","","","A","","","","","","","","","","","","","","","","0","61SL, heat tape, heat, tape, htv tape, heat resistant tape, resistant tape, blue tape, blue, polyester, resistant, ","","","1533805364","0","","0","","CHECKBOX"
"Heavy-Duty-Application-Roller","Heavy Duty Application Roller","ARHD","SOTT","112","34","DEFAULT","","","","","0","Professional 150mm wide roller mounted in ball bearings and intended for intensive use. The rubber roller is the heaviest part of the tool allowing extra pressure to be exerted during application.
","<html>

<title><head>Heavy Duty Application Roller</title></head>

<body>

<p>Professional 150mm wide roller mounted in ball bearings and intended for intensive use.</p>
<p>The rubber roller is the heaviest part of the tool allowing extra pressure to be exerted during application.</p>

</body>

</html>


","Heavy_Duty_Roller.png","Heavy_Duty_Roller.png","INVITEMS","DEFAULT-Heavy-Duty-Application-Roller-DEFAULT-Heavy-Duty-Application-Roller","","","0","0","0","","1","REGONLY","0","0","0","0","","","","SELECT","SELECT","0","","","","","0","0","","income-service","","","0","0","","","","","Application_Tools","Application_Tools, Stencil-Film-Accessories","","","0","PLASQBLUE, PLASQGOLD, FELTSQ, ASLANSQ, ASLANSQRD","","A","","","","","","","","","","","","","","","","0","rollers, application","","","1647265781","0","","0","","CHECKBOX"
"Hook_Loop_Black","Black Hook and Loop Tape 20mm x 25m","HOOKB20 / LOOPB20","Doro_Tape","40","9","DEFAULT","","","","","0","Black self-adhesive Hook and Loop tape with an aggressive hot-melt adhesive. Perfect for all sorts of displays in retail, events and exhibitions. Easy to apply, use and interchange.","<html>

<title><head>Black Hook and Loop Tape 20mm x 25m</title></head>

<body>

<p>Black self-adhesive Hook and Loop tape with an aggressive hot-melt adhesive.</p>
<p>Perfect for temporarily fixing signs, promotions and displays in exhibitions, events, schools as well as in retail and commercial sites.</p>
<p>Easy to apply, use and interchange.</p>
<p>Roll Size: 20mm x 25m</p>

</body>

</html>
","Hook-Loop-Black.jpg","Hook-Loop-Black.jpg","INVITEMS","DEFAULT-Hook_Loop_Black-DEFAULT-Hook_Black, DEFAULT-Hook_Loop_Black-DEFAULT-Loop_Black","","","0","0","0","","1","REGONLY","0","0","0","0","","","","QUANMULT","SELECT","0","","","","","0","0","","income-service","","","0","0","","","","","Tapes","Tapes","","","0","","","A","","","","","","","","","","","","","","","Hook-Loop-Tape-Black","0","velcro, hook, loop, fastener

","","","1709307653","0","","0","","CHECKBOX"
"Hook_Loop_White","White Hook and Loop Tape 20mm x 25m","HOOKW20 / LOOPW20","Doro_Tape","40","9","DEFAULT","","","","","0","White self-adhesive Hook and Loop tape with an aggressive hot-melt adhesive. Perfect for all sorts of displays in retail, events and exhibitions. Easy to apply, use and interchange.","<html>

<title><head>White Hook and Loop Tape 20mm x 25m</title></head>

<body>

<p>White self-adhesive Hook and Loop tape with an aggressive hot-melt adhesive.</p>
<p>Perfect for temporarily fixing signs, promotions and displays in exhibitions, events, schools as well as in retail and commercial sites.</p>
<p>Easy to apply, use and interchange.</p>
<p>Roll Size: 20mm x 25m</p>

</body>

</html>","Hook-Loop-White.jpg","Hook-Loop-White.jpg","INVITEMS","DEFAULT-Hook_Loop_White-DEFAULT-Hook_White, DEFAULT-Hook_Loop_White-DEFAULT-Loop_White","","","0","0","0","","1","REGONLY","0","0","0","0","","","","QUANMULT","SELECT","0","","","","","0","0","","income-service","","","0","0","","","","","Tapes","Tapes","","","0","","","A","","","","","","","","","","","","","","","Hook-Loop-Tape-White","0","velcro, hook, loop, fastener

","","","1709304970","0","","0","","CHECKBOX"
"Hotronix--Lower-Platen_Protectors","Hotronix Lower Platen Protectors","PLAT","Stahls","560","0","DEFAULT","","","","","0","Quick Slip Platen Protectors for Hotronix Heatpresses.","<html>

<title><head>Hotronix Lower Platen Protectors</title></head>

<body>

<p>These Quick Slip Protectors are designed to protect the bed on the lower platen of the Heat Press, and help garments slide on/off easily.</p>
<p>They are easy to clean and are essential to prolong long life of the bed. Quick Slip Protectors are available in four popular sizes.</p>

</body>

</html>","Lower Platen Protectors.jpg","Lower Platen Protectors.jpg","INVITEMS","DEFAULT-Hotronix--Lower-Platen_Protectors-DEFAULT-Hotronix--Lower-Platen_Protectors","","","0","0","0","","1","REGONLY","0","0","0","0","","","","SELECT","SELECT","0","","","","","0","0","","income-service","","","0","0","","","","","3606_Heat-Press","3606_Heat-Press","","","0","Heat_Pressing_Pillows, Hotronix-Heatpress-Upper-Platen-Protector","","A","","","","","","","","","","","","","","","","0","heat press,heatpress,platen


","","","1568911775","0","","0","","CHECKBOX"
"Hotronix-Auto-Open-Clam-Heatpress","Hotronix Auto Open Clam / Sprint Mag Digital Heatpress","STX","Stahls","220","0","CRAFTSTICK, DEFAULT","","","","","0","Our best selling Auto-Open Heatpress now has digital time, temperature & pressure control.  The magnetic lock and auto open feature allows for safer, faster production.","<html><head><title>Stahls Hotronix Auto Open Clam Heatpress</title></head>
<body>
<p>The most innovative manual heat press range available, with patented Magnetic Auto Open and Assist Lock functions, allowing the operator to be more productive. The two larger Hotronix® heat presses also feature a digital pressure control which enables faster set up times.</p>
<p><b>Hotronix Auto Open Clam Heatpress.  Features & Benefits</b><br>
<ul><li>Three sizes available 40cm x 50cm, 40cm x 40cm & 38cm x 28cm</li>
<li>Patented magnetic auto-open feature prevents scorching and allows for easier multi-tasking</li>
<li>Easy-to read digital time, temperature, and pressure display for consistent pressing everytime</li>
<li>Locks down easily with patented magnetic assist, causing less fatigue on wrists and shoulders</li>
<li>Twin Timer™ allows user to pre-set individual time settings for two-step application or for pre-heating and application</li>
<li>Wide opening for easy layout</li>
<li>Space-saving clamshell design</li>
<li>Over-the-Center Pressure Adjustment for even, edge-to-edge heat and pressure regardless of the substrate thickness</li>
<li>Easy release quick change platen compatible</li>
</p>
<img style=""margin: 0px 0px 0px 0px; width: 400px; height: 100px;"" alt=""Stahls delivery""
src=""media/ecom/onpagegraphics/Stahls_Delivery.png""><br><br>
<a href=""media/ecom/pdfs/datasheets/SPRINTbrochure.pdf""
target=""_blank""><img
style=""border: 0px solid ; width: 200px; height: 60px;"" alt=""pdf""
src=""media/ecom/onpagegraphics/Brox.png""></a></ul>
</body>
</html>","Hotronix-Auto-Open-Clam-Heatpress.jpg","Hotronix-Auto-Open-Clam-Heatpress.jpg, Hotronix-Platen.jpg, Hotronix-Display.jpg, Hotronix-Release.jpg","INVITEMS","DEFAULT-Hotronix-Auto-Open-Clam-Heatpress-DEFAULT-Hotronix-Auto-Open-Clam-Heatpress","","","0","0","0","","1","REGONLY","0","0","0","0","","","","SELECT","SELECT","0","","","","","0","0","","income-service","","","0","0","","FREESHIPPING","https://www.youtube.com/embed/t-TPsG_PEW8","","3606_Heat-Press","3606_Heat-Press, CS-EQUIPMENT, SALE","","","0","Hotronix-Auto-Open-Heatpress-Caddie, Hotronix-Heatpress-Caddie-Shelves, Hotronix-Heatpress-Interchangable-Lower-Platens, Hotronix--Lower-Platen_Protectors, Hotronix-Auto-Open-Clam-Cap-Heatpress","","A","","","","","","","Technical Info","<p>
<ul><li>Temperature range to 220<sup>o</sup>C
<li>Pressure up to 120psi for heavy duty applications
<li>Die pressure cast / corrosion free base and top assemblies
<li>Scratch resistant, baked on powder coated finish
<li>Cast in tubular heating element every 5cm to ensure no cold spots
<li>Digital readout controller
<li>Comes with UK 3 pin plug
</li></ul></p>","Warranty Details","<p>
<ul><li>Heating element guaranteed for 30 years
<li>Framework guaranteed for 5 years
<li>Circuit board has a 2 year warranty
<li>Parts and labour - 1 year
<li>UL / ULC / CE / RoHS compliant
</li></ul></p>","","","","","Stahls-Hotronix-Auto-Open-Clam-Heatpress","0","heat press, heatpress, t-shirt press, t shirt press, heat platen, t-shirt printing, t-shirt printing, stahls, hotronix, auto open


","","","1492012625","0","","0","","CHECKBOX"
"Hotronix-Auto-Open-Heatpress-Caddie","Hotronix Heatpress Caddie","CAD1","Stahls","270","310","","","","","","0","Adjustable pedestal caddie compatible with the Hotronix Auto Open Clam and MAXX Clam heat presses.","<html><head><title>Hotronix Heat Press Caddie</title></head>
<body>
<p>Hotronix® Heat Press Caddies add Threadability to your Hotronix®, MAXX® Clam and Fusion IQ® heat presses.</p>
<b>Hotronix Heatpress Caddie.  Features & Benefits</b><br>
<p><ul><li>Threadability™, the latest innovation from Stahls' Hotronix®, allows you to load your garment on to the press and decorate the front, back or side without having to remove it from the platen. This patented time-saving feature increases productivity up to 40 percent.</li>
<li>Compatible with the Hotronix Auto Open Clam and MAXX Clam heat presses.</li>
<li>Heat press not included.</li>
<li>Heavy-duty, self-leveling casters make your clam press portable.</li>
<li>Adjustable pedestal stand can be raised or lowered for individual operator comfort.</li>
<li>Easy to assemble.</li>
<li>One year warranty.</li>
</ul></p>
</body></html>","Hotronix-Pedestal-Caddie.jpg","Hotronix-Pedestal-Caddie.jpg, Hotronix-Pedestal-Caddie-Angle.jpg, Hotronix-Pedestal-Caddie-Front.jpg, Maxx-Clam-Heatpress-Caddie.jpg","INVITEMS","DEFAULT-Hotronix-Auto-Open-Heatpress-Caddie-DEFAULT-Hotronix-Auto-Open-Heatpress-Caddie","","","0","0","0","","1","REGONLY","0","0","0","0","","","","SELECT","SELECT","0","","","","","0","0","","income-service","","","0","0","","FREESHIPPING","","","3606_Heat-Press","3606_Heat-Press, CS-EQUIPMENT","","","0","Hotronix-Heatpress-Caddie-Shelves","","A","","","","","","","","","","","","","","","","0","heat press, heatpress, caddie, stand


","","","1491483482","0","","0","","CHECKBOX"
"Hotronix-Fusion-IQ-Heatpress","Hotronix Fusion IQ Heatpress","XF","Stahls","230","2250","CRAFTSTICK, DEFAULT","","","","","0","Fusion IQ is the worlds smartest and most advanced manual heatpress. It combines a pull out draw with a swing away platen for a safe working  area and a fully digital touch screen controller for full control.","<html><head><title>Stahls Hotronix Fusion IQ Heatpress</title></head>
<body>
<p>Fusion IQ is the worlds smartest and most advanced manual heatpress. It combines a pull out draw with a swing away platen for a safe working  area and a fully digital touch screen controller for full control.</p>
<b>Hotronix Fusion IQ Heatpress.  Features & Benefits</b><br>
<ul><li>Draw and swing for a safe heat free workspace</li>
<li>Patented over the centre pressure for the most evenly consistant press available</li>
<li>Greater clearance under the platen for more accuracy</li>
<li>Quick change platens with a simple pull of a lever - comes with 50cm x 40cm platen as standard</li>
<li>Fusion IQ controller gives you live time, temperature and pressure readings</li>
<li>Easily set and change settings with ease using the large touch screen</li>
<li>Access reports including press count, active / idle time and many more</li>
<li>Wi-fi enabled to manage users and create reports</li>

<img style=""margin: 0px 0px 0px 0px; width: 400px; height: 100px;"" alt=""Stahls delivery""
src=""media/ecom/onpagegraphics/Stahls_Delivery.png""><br><br>
<a href=""media/ecom/pdfs/datasheets/SPRINTbrochure.pdf""
target=""_blank""><img
style=""border: 0px solid ; width: 200px; height: 60px;"" alt=""pdf""
src=""media/ecom/onpagegraphics/Brox.png""></a></ul>
</body>
</html>","Hotronix_Fusion_IQ.jpg","Hotronix_Fusion_IQ.jpg, Hotronix_Fusion_IQ_Front.jpg, Hotronix_Fusion-IQ_front-view_pulled-out.jpg","INVITEMS","DEFAULT-Hotronix-Fusion-IQ-Heatpress-DEFAULT-Hotronix-Fusion-IQ-Heatpress","","","0","0","0","","1","REGONLY","0","0","0","0","","","","SELECT","SELECT","0","","","","","0","0","","income-service","","","0","0","","FREESHIPPING","https://www.youtube.com/embed/t-TPsG_PEW8","","3606_Heat-Press","3606_Heat-Press, CS-EQUIPMENT, SALE","","","0","Hotronix-Auto-Open-Heatpress-Caddie, Hotronix-Heatpress-Caddie-Shelves, Hotronix-Heatpress-Interchangable-Lower-Platens, Hotronix--Lower-Platen_Protectors, Hotronix-Auto-Open-Clam-Cap-Heatpress","","N","","","","","","","Technical Info","<p>
<ul><li>Temperature range to 220<sup>o</sup>C
<li>Pressure up to 120psi for heavy duty applications
<li>Die pressure cast 365 aluminium corrosion free base framework
<li>Scratch resistant, baked on powder coated finish
<li>Cast in tubular heating element every 5cm to ensure no cold spots
<li>Fusion IQ<sup>TM</sup> controller
<li>Comes with UK 3 pin plug
</li></ul></p>
","Warranty Details","<p>
<ul><li>Heating element guaranteed for 30 years
<li>Framework guaranteed for 5 years
<li>Circuit board has a 2 year warranty
<li>Parts and labour - 1 year
<li>UL / ULC / CE / RoHS compliant
</li></ul></p>
","","","","","","0","heat press, heatpress, t-shirt press, t shirt press, heat platen, t-shirt printing, t-shirt printing, stahls, hotronix, fusion, iq


","","","1649852303","0","","0","","CHECKBOX"
"Hotronix-Heatpress-Interchangable-Lower-Platens","Hotronix Heatpress Interchangable Lower Platens","PLA3","Stahls","260","0","","DEFAULT","<p>Interchangable lower platens for Hotronix Sprint Mag & Maxx Heatpress.</p>","CRAFTSTICK","<p>Interchangable lower platens for Hotronix Maxx Heatpress.</p>","0","Interchangable lower platens for Hotronix Heatpresses.","<html>

<title><head>Hotronix Heatpress Interchangable Lower Platens</title></head>

<body>

<p>These quick and easy interchangeable lower platens make your job a lot easier.  Designed with a single collared bolt to hold the platen in place and a quick release lever for speedy platen changes.</p>

</body>

</html>","Platen-Interchange.jpg","Platen-Interchange.jpg, Heat Press Platens.jpg","INVITEMS","DEFAULT-Hotronix-Heatpress-Interchangable-Lower-Platens-DEFAULT-Hotronix-Heatpress-Interchangable-Lower-Platens","","","0","0","0","","1","REGONLY","0","0","0","0","","","","SELECT","SELECT","0","","","","","0","0","","income-service","","","0","0","","FREESHIPPING","https://www.youtube.com/embed/rt3MBJSIYQg","","3606_Heat-Press","3606_Heat-Press","","","0","Hotronix--Lower-Platen_Protectors","","A","","","","","","","","","","","","","","","","0","heat press,heatpress,platen


","","","1492016216","0","","0","","CHECKBOX"
"Hotronix-Heatpress-Upper-Platen-Protector","Hotronix Quick Slip Upper Platen Cover","PLAT4","Stahls","570","65","DEFAULT","","","","","0","Non-stick protection cover for Hotronix Heat Platen 50cm x 40cm","<html>

<title><head>Hotronix Quick Slip Upper Platen Cover</title></head>

<body>

<p>Non-stick protection cover for Hotronix 50cm x 40cm Heat Platen.</p>

</body>

</html>


","Upper-Platen-Protector.jpg","Upper-Platen-Protector.jpg","INVITEMS","DEFAULT-Hotronix-Heatpress-Upper-Platen-Protector-DEFAULT-Hotronix-Heatpress-Upper-Platen-Protector","","","0","0","0","","1","REGONLY","0","0","0","0","","","","SELECT","SELECT","0","","","","","0","0","","income-service","","","0","0","","","","","3606_Heat-Press","3606_Heat-Press","","","0","Hotronix--Lower-Platen_Protectors, Heat_Pressing_Pillows","","A","","","","","","","","","","","","","","","Hotronix-Quick-Slip-Upper-Platen-Cover","0","heat press, heatpress, platen, cover, protector, hotronix, stahls


","","","1537790465","0","","0","","CHECKBOX"
"Hustler_Squeegee","Hustler Squeegee","HUST","SOTT","73","4","DEFAULT","","","","","0","This cleverly shaped squeegee is a must for any installer. The different sides make it extremely practical for working those small, tricky areas when applying window films.","<html>

<title><head>Hustler Squeegee</title></head>

<body>

<p>This cleverly shaped squeegee is a must for any installer.</p>
<p>The different sides make it extremely practical for working those small, tricky areas when applying window films.</p>

</body>

</html>","Hustler.png","Hustler.png","INVITEMS","DEFAULT-Hustler_Squeegee-DEFAULT-Hustler_Squeegee","","","0","0","0","","1","REGONLY","0","0","0","0","","","","SELECT","SELECT","0","","","","","0","0","","income-service","","","0","0","","","","","Application_Tools","Application_Tools","","","0","","","A","","","","","","","","","","","","","","","The-Hustler","0","hustler, squeegee","","","1647270061","0","","0","","CHECKBOX"
"HydroSol-165SML-Roll-Up-Film","Kernow 165SML Roll-Up Film","165SML","Kernow","10","0","DEFAULT","","","","","0","Classic Matt Lightblock 165SML from Kernow Coatings is a no curl, durable roll-up display media with anti-static grey reverse offering 98% opacity.  The surface has an anti-reflective coating for optimum ink adhesion and is scuff and water resistant which may avoid the need for lamination.











","<html>

<head><title>Kernow 165SML</title></head>

<style>
.responsive {
  width: 50%;
  height: auto;
}
</style>


<body>
<img style=""height: 80px; width: 190px;"" alt=""Kernow logo""
src=""media/ecom/onpagegraphics/KernowLogo.jpg"" class=""responsive""><br>
<p>Kernow Classic Matt Lightblock 165SML is a no curl, durable roll-up display media with anti-static grey reverse offering 98% opacity.</p>

<img style=""border: 0px solid; float: right; width: 75px; height: 75px;"" alt=""pvc free""
src=""media/ecom/onpagegraphics/PVC_free_logo.png"">

<span style=""font-weight: bold; color: #d7328a;"">Structure:</span><br>
<ul><li>165<span>&#181;</span>m White PET
</li></ul>

<span style=""font-weight: bold; color: #d7328a;"">Suitability:</span><br>
<ul><li>Roll-Ups and banner stands at exhibitions, events and trade fair booths
</li></ul>

<span style=""font-weight: bold; color: #d7328a;"">Advantages:</span><br>
<ul><li>Optimum ink adhesion</li>
<li>Water resistant 
</li><br>
<img style=""border: 0px solid ; width: 50px; height: 50px; alt=""reward points logo""
src=""media/ecom/onpagegraphics/Reward_Logo.png""><span style=""font-weight: bold; color: #ef7d00;"">Earn Reward Points every time you buy this product</span></ul>

<span style=""font-weight: bold; color: #d7328a;"">Ink Compatibility:</span><br>
<ul>
<img style=""margin: 0px 5px 0px 0px; width: 15px; height: 25px;"" alt=""Eco-Sol Ink""
src=""media/ecom/onpagegraphics/Ink-EcoSol.png"">Eco-solvent &nbsp;&nbsp;
<img style=""margin: 0px 5px 0px 0px; width: 15px; height: 25px;"" alt=""Latex""
src=""media/ecom/onpagegraphics/Ink-Latex.png"">Latex &nbsp;&nbsp;
<img style=""margin: 0px 5px 0px 0px; width: 15px; height: 25px;"" alt=""UV Ink""
src=""media/ecom/onpagegraphics/Ink-UV.png"">UV<br>
<img style=""width: 100px; height: 48px;"" alt=""HP Latex Certified""
src=""https://www.dorotape.co.uk/media/ecom/onpagegraphics/HP-Latex-Certified.jpg""></ul>

<span style=""font-weight: bold; color: #d7328a;"">Technical Information:</span><br>
<ul>
<a href=""media/ecom/pdfs/datasheets/165sml.pdf"" target=""_blank""><img
style=""border: 0px solid ; width: 200px; height: 60px;"" alt=""Kernow 165SML Datasheet""
src=""media/ecom/onpagegraphics/Datasheet.png""></a>
<a href=""https://www.dorotape.co.uk/Print-Profiles-User-Guide""
target=""_blank""><img style=""width: 200px; height: 60px;"" alt=""printing profile guide""
src=""media/ecom/onpagegraphics/Profile.png""></a></ul>

<p style=""font-weight: bold; font-size: 0.9em;"">Prices shown are per 30 metre roll at 1270mm wide</p>

</body>

</html>","Kernow_STL.png","Kernow_STL.jpg","INVITEMS","DEFAULT-HydroSol-165SML-Roll-Up-Film-DEFAULT-HydroSol-165SML-Roll-Up-Film","","","0","0","0","","1","REGONLY","0","0","0","0","","","","SELECT","SELECT","0","","","","","0","0","","income-service","","","0","0","","","","","Digital_Print_Display_Film","Digital_Print_Display_Film","","","0","Roll-Up-Banner-Stand-850mm, Olfa_Graphic_Cutter, Olfa_X_Design_Heavy_Duty_Knife, Lint-Free-Gloves, Yellow_Ruler, Swann_Morton_3_Handle, Swann_Morton_10A_Blades,","Roll-Up-Banner-Stand-850mm, Olfa_Graphic_Cutter, Olfa_X_Design_Heavy_Duty_Knife, Lint-Free-Gloves, Yellow_Ruler, Swann_Morton_3_Handle, Swann_Morton_10A_Blades,","A","superuser","","GRADE_POLYESTER","SUITABILITY_INDOOR, SUITABILITY_ROLL_UP","","","","","","","","","","","Kernow-Classic-Matt-Lightblock-165SML","0","roll-up, roll up, exhibition, display, kernow, 165sml, hydrosol, banner, roller banner







































","","","1490014303","0","","0","","CHECKBOX"
"HydroSol-180STL-Textured-Roll-Up-Film","Kernow Ultimate Lightblock 180STL Textured Roll-Up Film","180STL","Kernow","20","0","DEFAULT","","","","","0","Kernow Ultimate Lightblock 180STL is a no curl, durable roll-up display media with anti-static grey reverse offering 98% opacity.  This PVC free film has a textured surface has an anti-reflective coating for optimum ink adhesion and is scuff and water resistant without the need for lamination.











","<html>

<head><title>Kernow Ultimate Lightblock 180STL</title></head>

<style>
.responsive {
  width: 50%;
  height: auto;
}
</style>


<body>
<img style=""height: 80px; width: 190px;"" alt=""Kernow logo""
src=""media/ecom/onpagegraphics/KernowLogo.jpg"" class=""responsive""><br>
<p>Kernow Ultimate Lightblock 180STL is a no curl, durable roll-up display media with anti-static grey reverse offering 98% opacity.</p>

<img style=""border: 0px solid; float: right; width: 75px; height: 75px;"" alt=""pvc free""
src=""media/ecom/onpagegraphics/PVC_free_logo.png"">

<span style=""font-weight: bold; color: #d7328a;"">Structure:</span><br>
<ul><li>180<span>&#181;</span>m White textured PET
</li></ul>

<span style=""font-weight: bold; color: #d7328a;"">Suitability:</span><br>
<ul><li>Roll-Ups and banner stands at exhibitions, events and trade fair booths</li>
<li>No need for lamination
</li></ul>

<span style=""font-weight: bold; color: #d7328a;"">Advantages:</span><br>
<ul><li>Anti-reflective coating making it perfect when used under down lights</li>
<li>Optimum ink adhesion</li>
<li>Scuff and water resistant 
</li><br>
<img style=""border: 0px solid ; width: 50px; height: 50px; alt=""reward points logo""
src=""media/ecom/onpagegraphics/Reward_Logo.png""><span style=""font-weight: bold; color: #ef7d00;"">Earn Reward Points every time you buy this product</span></ul>

<span style=""font-weight: bold; color: #d7328a;"">Ink Compatibility:</span><br>
<ul>
<img style=""margin: 0px 5px 0px 0px; width: 15px; height: 25px;"" alt=""Eco-Sol Ink""
src=""media/ecom/onpagegraphics/Ink-EcoSol.png"">Eco-solvent &nbsp;&nbsp;
<img style=""margin: 0px 5px 0px 0px; width: 15px; height: 25px;"" alt=""Latex""
src=""media/ecom/onpagegraphics/Ink-Latex.png"">Latex &nbsp;&nbsp;
<img style=""margin: 0px 5px 0px 0px; width: 15px; height: 25px;"" alt=""UV Ink""
src=""media/ecom/onpagegraphics/Ink-UV.png"">UV<br>
<img style=""width: 100px; height: 48px;"" alt=""HP Latex Certified""
src=""https://www.dorotape.co.uk/media/ecom/onpagegraphics/HP-Latex-Certified.jpg""></ul>

<span style=""font-weight: bold; color: #d7328a;"">Technical Information:</span><br>
<ul>
<a href=""media/ecom/pdfs/datasheets/Kernow-Ultimate-TDS-2023.pdf"" target=""_blank""><img
style=""border: 0px solid ; width: 200px; height: 60px;"" alt=""Kernow Ultimate 180STL Datasheet""
src=""media/ecom/onpagegraphics/Datasheet.png""></a>
<a href=""https://www.dorotape.co.uk/Print-Profiles-User-Guide""
target=""_blank""><img style=""width: 200px; height: 60px;"" alt=""printing profile guide""
src=""media/ecom/onpagegraphics/Profile.png""></a></ul>

<p style=""font-weight: bold; font-size: 1.0em;"">Prices shown are per 30 metre roll</p>

</body>

</html>","Kernow_STL.png","Kernow_STL.jpg","INVITEMS","DEFAULT-HydroSol-180STL-Textured-Roll-Up-Film-DEFAULT-HydroSol-180STL-Textured-Roll-Up-Film","","","0","0","0","","1","REGONLY","0","0","0","0","","","","SELECT","SELECT","0","","","","","0","0","","income-service","","","0","0","","","","","Digital_Print_Display_Film","Digital_Print_Display_Film, HP-Latex-Compatible-Media, PVC_Free_Media","","","0","Roll-Up-Banner-Stand-850mm, Olfa_Graphic_Cutter, Olfa_X_Design_Heavy_Duty_Knife, Lint-Free-Gloves, Yellow_Ruler, Swann_Morton_3_Handle, Swann_Morton_10A_Blades,","Roll-Up-Banner-Stand-850mm, Olfa_Graphic_Cutter, Olfa_X_Design_Heavy_Duty_Knife, Lint-Free-Gloves, Yellow_Ruler, Swann_Morton_3_Handle, Swann_Morton_10A_Blades,","A","superuser","","GRADE_POLYESTER","SUITABILITY_INDOOR, SUITABILITY_ROLL_UP","","","","","","","","","","","Kernow-Ultimate-Lightblock-180STL","0","roll-up, roll up, exhibition, display, kernow, 180stl, hydrosol, banner, roller banner







































","","","1490014405","0","","0","","CHECKBOX"
"HydroSol-200SGB-Backlit-Film","Kernow Opaline 201SGB Backlit Film","200SGB","Kernow","5","0","DEFAULT","","","","","0","Kernow Opaline 201SGB is a non-adhesive translucent polyester film for backlit displays. Front-print onto the gloss, scratch resistant coating (the diffuser coating is on the reverse side) for optimum day / night performance.








","<html>

<head><title>Kernow Opaline 201SGB</title></head>

<style>
.responsive {
  width: 50%;
  height: auto;
}
</style>

<body>
<img style=""height: 80px; width: 190px;"" alt=""Kernow logo""
src=""media/ecom/onpagegraphics/KernowLogo.jpg"" class=""responsive""><br>
<p>Kernow Opaline 201SGB is a non-adhesive translucent polyester film for backlit displays.</p>

<img style=""border: 0px solid; float: right; width: 75px; height: 75px;"" alt=""pvc free""
src=""media/ecom/onpagegraphics/PVC_free_logo.png"">

<span style=""font-weight: bold; color: #d7328a;"">Structure:</span><br>
<ul><li>201<span>&#181;</span>m Translucent Polyester
</li></ul>

<span style=""font-weight: bold; color: #d7328a;"">Suitability:</span><br>
<ul><li>Lightboxes, backlit signage and illuminated graphics</li>
<li>Print on to the gloss, scratch resistant coating for optimum day / night performance</li>
<li>Weather resistant for outdoor displays</li>
<li>Scratch resistant for scrolling displays
</li></ul>

<span style=""font-weight: bold; color: #d7328a;"">Advantages:</span><br>
<ul><li>The diffuser coating is on the reverse side and hides the light source</li>
<li>Offers an even diffusion of light</li>
<li>High colour density and bright colour gamut</li>
<li>Fast drying coating</li>
<li>Antistatic back coating avoids attracting dust and slipping in the printer
</li><br>
<img style=""border: 0px solid ; width: 50px; height: 50px; alt=""reward points logo""
src=""media/ecom/onpagegraphics/Reward_Logo.png""><span style=""font-weight: bold; color: #ef7d00;"">Earn Reward Points every time you buy this product</span></ul>

<span style=""font-weight: bold; color: #d7328a;"">Ink Compatibility:</span><br>
<ul>
<img style=""margin: 0px 5px 0px 0px; width: 15px; height: 25px;"" alt=""Eco-Sol Ink""
src=""media/ecom/onpagegraphics/Ink-EcoSol.png"">Eco-solvent &nbsp;&nbsp;
<img style=""margin: 0px 5px 0px 0px; width: 15px; height: 25px;"" alt=""Latex Ink""
src=""media/ecom/onpagegraphics/Ink-Latex.png"">Latex &nbsp;&nbsp;
<img style=""margin: 0px 5px 0px 0px; width: 15px; height: 25px;"" alt=""UV Ink""
src=""media/ecom/onpagegraphics/Ink-UV.png"">UV<br>
<img style=""width: 100px; height: 48px;"" alt=""HP Latex Certified""
src=""https://www.dorotape.co.uk/media/ecom/onpagegraphics/HP-Latex-Certified.jpg""></ul>

<span style=""font-weight: bold; color: #d7328a;"">Technical Information:</span><br>
<ul>
<a href=""media/ecom/pdfs/datasheets/Opaline-TDS-2023.pdf"" target=""_blank""><img
style=""border: 0px solid ; width: 200px; height: 60px;"" alt=""Kernow Opaline 201SGB Datasheet""
src=""media/ecom/onpagegraphics/Datasheet.png""></a>
<a href=""https://www.dorotape.co.uk/Print-Profiles-User-Guide""
target=""_blank""><img style=""width: 200px; height: 60px;"" alt=""printing profile guide""
src=""media/ecom/onpagegraphics/Profile.png""></a></ul>

<p style=""font-weight: bold; font-size: 1.0em;"">Prices shown are per 30 metre roll</p>

</body>

</html>","Kernow-Opaline.png","Kernow-Opaline.jpg","INVITEMS","DEFAULT-HydroSol-200SGB-Backlit-Film-DEFAULT-HydroSol-200SGB-Backlit-Film","","","0","0","0","","1","REGONLY","0","0","0","0","","","","SELECT","SELECT","0","","","","","0","0","","income-service","","","0","0","","","","","Digital_Print_Backlit_Film","Digital_Print_Backlit_Film, HP-Latex-Compatible-Media, PVC_Free_Media","","","0","Olfa_Graphic_Cutter, Olfa_X_Design_Heavy_Duty_Knife, Lint-Free-Gloves, Yellow_Ruler, Swann_Morton_3_Handle, Swann_Morton_10A_Blades, PP_1230, ASLAN_SRL19","Olfa_Graphic_Cutter, Olfa_X_Design_Heavy_Duty_Knife, Lint-Free-Gloves, Yellow_Ruler, Swann_Morton_3_Handle, Swann_Morton_10A_Blades,","A","superuser","ADHESIVE_NON","GRADE_POLYESTER","SUITABILITY_BACKLIT","","","","","","","","","","","Kernow-Opaline-201SGB","0","backlit, illuminated, back-lit, backlighted, duratrans, dura, trans, kernow, 200sgb, 201sgb, hydrosol, opaline








































","","","1490014101","0","","0","","CHECKBOX"
"HydroSol-230STL-Textured-Roll-Up-Film","Kernow Ultimate Lightblock 230STL Textured Roll-Up Film","230STL","Kernow","20","0","DEFAULT","","","","","0","Kernow Ultimate Lightblock 230STL is a no curl, durable roll-up display media with anti-static grey reverse offering 98% opacity.  This PVC free film has a textured surface has an anti-reflective coating for optimum ink adhesion and is scuff and water resistant without the need for lamination.











","<html>

<head><title>Kernow Ultimate Lightblock 230STL</title></head>

<style>
.responsive {
  width: 50%;
  height: auto;
}
</style>


<body>
<img style=""height: 80px; width: 190px;"" alt=""Kernow logo""
src=""media/ecom/onpagegraphics/KernowLogo.jpg"" class=""responsive""><br>
<p>Kernow Ultimate Lightblock 230STL is a no curl, durable roll-up display media with anti-static grey reverse offering 98% opacity.</p>

<img style=""border: 0px solid; float: right; width: 75px; height: 75px;"" alt=""pvc free""
src=""media/ecom/onpagegraphics/PVC_free_logo.png"">

<span style=""font-weight: bold; color: #d7328a;"">Structure:</span><br>
<ul><li>230<span>&#181;</span>m White textured PET
</li></ul>

<span style=""font-weight: bold; color: #d7328a;"">Suitability:</span><br>
<ul><li>Roll-Ups and banner stands at exhibitions, events and trade fair booths</li>
<li>No need for lamination
</li></ul>

<span style=""font-weight: bold; color: #d7328a;"">Advantages:</span><br>
<ul><li>Anti-reflective coating making it perfect when used under down lights</li>
<li>Optimum ink adhesion</li>
<li>Scuff and water resistant 
</li><br>
<img style=""border: 0px solid ; width: 50px; height: 50px; alt=""reward points logo""
src=""media/ecom/onpagegraphics/Reward_Logo.png""><span style=""font-weight: bold; color: #ef7d00;"">Earn Reward Points every time you buy this product</span></ul>

<span style=""font-weight: bold; color: #d7328a;"">Ink Compatibility:</span><br>
<ul>
<img style=""margin: 0px 5px 0px 0px; width: 15px; height: 25px;"" alt=""Eco-Sol Ink""
src=""media/ecom/onpagegraphics/Ink-EcoSol.png"">Eco-solvent &nbsp;&nbsp;
<img style=""margin: 0px 5px 0px 0px; width: 15px; height: 25px;"" alt=""Latex""
src=""media/ecom/onpagegraphics/Ink-Latex.png"">Latex &nbsp;&nbsp;
<img style=""margin: 0px 5px 0px 0px; width: 15px; height: 25px;"" alt=""UV Ink""
src=""media/ecom/onpagegraphics/Ink-UV.png"">UV<br>
<img style=""width: 100px; height: 48px;"" alt=""HP Latex Certified""
src=""https://www.dorotape.co.uk/media/ecom/onpagegraphics/HP-Latex-Certified.jpg""></ul>

<span style=""font-weight: bold; color: #d7328a;"">Technical Information:</span><br>
<ul>
<a href=""media/ecom/pdfs/datasheets/Kernow-Ultimate-TDS-2023.pdf"" target=""_blank""><img
style=""border: 0px solid ; width: 200px; height: 60px;"" alt=""Kernow Ultimate 230STL Datasheet""
src=""media/ecom/onpagegraphics/Datasheet.png""></a>
<a href=""https://www.dorotape.co.uk/Print-Profiles-User-Guide""
target=""_blank""><img style=""width: 200px; height: 60px;"" alt=""printing profile guide""
src=""media/ecom/onpagegraphics/Profile.png""></a></ul>

<p style=""font-weight: bold; font-size: 1.0em;"">Prices shown are per 30 metre roll</p>

</body>

</html>","Kernow_STL.png","Kernow_STL.jpg","INVITEMS","DEFAULT-HydroSol-230STL-Textured-Roll-Up-Film-DEFAULT-HydroSol-230STL-Textured-Roll-Up-Film","","","0","0","0","","1","REGONLY","0","0","0","0","","","","SELECT","SELECT","0","","","","","0","0","","income-service","","","0","0","","","","","Digital_Print_Display_Film","Digital_Print_Display_Film, HP-Latex-Compatible-Media, PVC_Free_Media","","","0","Roll-Up-Banner-Stand-850mm, Olfa_Graphic_Cutter, Olfa_X_Design_Heavy_Duty_Knife, Lint-Free-Gloves, Yellow_Ruler, Swann_Morton_3_Handle, Swann_Morton_10A_Blades,","Roll-Up-Banner-Stand-850mm, Olfa_Graphic_Cutter, Olfa_X_Design_Heavy_Duty_Knife, Lint-Free-Gloves, Yellow_Ruler, Swann_Morton_3_Handle, Swann_Morton_10A_Blades,","A","superuser","","GRADE_POLYESTER","SUITABILITY_INDOOR, SUITABILITY_ROLL_UP","","","","","","","","","","","Kernow-Ultimate-Lightblock-230STL","0","pop-up, pop up, exhibition, display, kernow, 230stl, hydrosol








































","","","1506074145","0","","0","","CHECKBOX"
"HydroSol-385STL-Textured-Pop-Up-Film","Kernow Ultimate Lightblock 385STL Textured Pop-Up Film","385STL","Kernow","40","0","DEFAULT","","","","","0","Kernow Ultimate Lightblock 385STL is a no curl, durable pop-up display media with anti-static grey reverse offering 98% opacity.  This PVC free film has a textured surface has an anti-reflective coating for optimum ink adhesion and is scuff and water resistant without the need for lamination.













","<html>

<head><title>Kernow Ultimate Lightblock 385STL</title></head>

<style>
.responsive {
  width: 50%;
  height: auto;
}
</style>


<body>
<img style=""height: 80px; width: 190px;"" alt=""Kernow logo""
src=""media/ecom/onpagegraphics/KernowLogo.jpg"" class=""responsive""><br>
<p>Kernow Ultimate Lightblock 385STL is a no curl, durable roll-up display media with anti-static grey reverse offering 98% opacity.</p>

<img style=""border: 0px solid; float: right; width: 75px; height: 75px;"" alt=""pvc free""
src=""media/ecom/onpagegraphics/PVC_free_logo.png"">

<span style=""font-weight: bold; color: #d7328a;"">Structure:</span><br>
<ul><li>385<span>&#181;</span>m White textured PET
</li></ul>

<span style=""font-weight: bold; color: #d7328a;"">Suitability:</span><br>
<ul><li>Pop-Ups and exhibition backdrops at events and trade fair booths</li>
<li>No need for lamination
</li></ul>

<span style=""font-weight: bold; color: #d7328a;"">Advantages:</span><br>
<ul><li>Anti-reflective coating making it perfect when used under down lights</li>
<li>Optimum ink adhesion</li>
<li>Scuff and water resistant 
</li><br>
<img style=""border: 0px solid ; width: 50px; height: 50px; alt=""reward points logo""
src=""media/ecom/onpagegraphics/Reward_Logo.png""><span style=""font-weight: bold; color: #ef7d00;"">Earn Reward Points every time you buy this product</span></ul>

<span style=""font-weight: bold; color: #d7328a;"">Ink Compatibility:</span><br>
<ul>
<img style=""margin: 0px 5px 0px 0px; width: 15px; height: 25px;"" alt=""Eco-Sol Ink""
src=""media/ecom/onpagegraphics/Ink-EcoSol.png"">Eco-solvent &nbsp;&nbsp;
<img style=""margin: 0px 5px 0px 0px; width: 15px; height: 25px;"" alt=""Latex""
src=""media/ecom/onpagegraphics/Ink-Latex.png"">Latex &nbsp;&nbsp;
<img style=""margin: 0px 5px 0px 0px; width: 15px; height: 25px;"" alt=""UV Ink""
src=""media/ecom/onpagegraphics/Ink-UV.png"">UV<br>
<img style=""width: 100px; height: 48px;"" alt=""HP Latex Certified""
src=""https://www.dorotape.co.uk/media/ecom/onpagegraphics/HP-Latex-Certified.jpg""></ul>

<span style=""font-weight: bold; color: #d7328a;"">Technical Information:</span><br>
<ul>
<a href=""media/ecom/pdfs/datasheets/Kernow-Ultimate-TDS-2023.pdf"" target=""_blank""><img
style=""border: 0px solid ; width: 200px; height: 60px;"" alt=""Kernow Ultimate 385STL Datasheet""
src=""media/ecom/onpagegraphics/Datasheet.png""></a>
<a href=""https://www.dorotape.co.uk/Print-Profiles-User-Guide""
target=""_blank""><img style=""width: 200px; height: 60px;"" alt=""printing profile guide""
src=""media/ecom/onpagegraphics/Profile.png""></a></ul>

<p style=""font-weight: bold; font-size: 0.9em;"">Prices shown are per 20 metre roll at 1270mm wide</p>

</body>

</html>","Kernow_STL.png","Kernow_STL.jpg","INVITEMS","DEFAULT-HydroSol-385STL-Textured-Pop-Up-Film-DEFAULT-HydroSol-385STL-Textured-Pop-Up-Film","","","0","0","0","","1","REGONLY","0","0","0","0","","","","SELECT","SELECT","0","","","","","0","0","","income-service","","","0","0","","","","","Digital_Print_Display_Film","Digital_Print_Display_Film, HP-Latex-Compatible-Media, PVC_Free_Media","","","0","Roll-Up-Banner-Stand-850mm, Olfa_Graphic_Cutter, Olfa_X_Design_Heavy_Duty_Knife, Lint-Free-Gloves, Yellow_Ruler, Swann_Morton_3_Handle, Swann_Morton_10A_Blades,","Roll-Up-Banner-Stand-850mm, Olfa_Graphic_Cutter, Olfa_X_Design_Heavy_Duty_Knife, Lint-Free-Gloves, Yellow_Ruler, Swann_Morton_3_Handle, Swann_Morton_10A_Blades,","A","superuser","","GRADE_POLYESTER","SUITABILITY_INDOOR, SUITABILITY_POP_UP","","","","","","","","","","","Kernow-Ultimate-Lightblock-385STL","0","pop-up, pop up, exhibition, display, kernow, 385stl, hydrosol








































","Kernow Ultimate Lightblock 385STL Textured Pop-Up Film","Kernow Ultimate Lightblock 385STL is a no curl, durable pop-up display media with anti-static grey reverse offering 98% opacity.  This PVC free film has a textured surface has an anti-reflective coating for optimum ink adhesion and is scuff and water resistant without the need for lamination.
","1490014623","0","","0","","CHECKBOX"
"Image_Flex_Clear","Image Flex Clear 4625 :: 750mm Width","4625","Poli-Tape","100","10","DEFAULT","","","","","0","Image Flex Clear produces brilliant colour reproduction on white or light garments. Prices are per metre at 750mm wide.","<html><head><title>Image Flex Clear 4025></title>
</head>
<body>
<p>Image Flex Clear produces brilliant colour reproduction when reverse printed (mirror image) on white or light cotton and polycotton garments.</p>
<span style=""font-weight: bold; color: #d7328a;"">Ink Compatibility:</span><br>
<ul><img style=""margin: 0px 5px 0px 0px; width: 15px; height: 25px;"" alt=""Eco-Sol Ink""
src=""media/ecom/onpagegraphics/Ink-EcoSol.png"">Eco-solvent &nbsp;&nbsp;
<img style=""margin: 0px 5px 0px 0px; width: 15px; height: 25px;"" alt=""Latex Ink""
src=""media/ecom/onpagegraphics/Ink-Latex.png"">Latex </ul>

<span style=""font-weight: bold; color: #d7328a;"">Technical Information:</span><br>
<ul>
<a href=""media/ecom/pdfs/datasheets/4625.pdf""
target=""_blank""><img
style=""border: 0px solid ; width: 200px; height: 60px;"" alt=""pdf""
src=""media/ecom/onpagegraphics/Datasheet.png""></a></ul>

<p style=""font-weight: bold; font-size: 0.9em;"">Prices shown are per linear metre at 750mm wide</p>
</body>
</html>","Image_Flex_Clear.png","Image_Flex_Clear.png","INVITEMS","DEFAULT-Image_Flex_Clear-DEFAULT-Image_Flex_Clear","","","0","0","0","","1","REGONLY","0","0","0","0","","","","SELECT","SELECT","0","","","","","0","0","","income-service","","","0","0","","","","","Digital_Print_Garment_Flex","Digital_Print_Garment_Flex","","","0","Hotronix-Auto-Open-Clam-Heatpress, Heat_Pressing_Pillows, Weeding_Hook, Trans_Print, FLEXOFF, Weeding_Tweezers, Heat_Tape, Tygaflor_Sheet, Olfa_Cutting_Matt_A3, Yellow_Ruler, Aslan_Red_Devil_Squeegee, Aslan-Gold-Soft-Squeegee,","Weeding_Hook, Trans_Print, FLEXOFF, Weeding_Tweezers, Heat_Tape, Tygaflor_Sheet, Olfa_Cutting_Matt_A3, Yellow_Ruler, Aslan_Red_Devil_Squeegee, Aslan-Gold-Soft-Squeegee,","A","","","","","","","Application & Aftercare Instructions","<style>

table {

margin: 0 auto 0 auto;
}

table, th, td {
  
  border-collapse: collapse;
padding: 5px;
}
th, td {
  padding: 5px;
  text-align: center; 
  width: 100px;
  height: 50px;
  background-color:#009ee3;
  color: white;
  border-left: 5px solid white;
  border-right: 5px solid white;
}

th {
  border-top-color: white;
  font-size: 15px;
}

td {

padding-bottom: 1em;
border-bottom: 5px solid white;
font-size: 20px;
  
</style>



<table id=""data"">
  <tbody><tr>
    <th>PRESS TEMP</th>
<th>PRESS TIME</th>
<th>PRESSURE</th>
<th>EASY WEED</th>
<th>PEEL</th>
  </tr>
  <tr>
    <td>160<sup>o</sup>C</td>
<td>15 secs</td>
<td>Medium<br></td>
<td><span style=""font-size:30px;"">&#10003;</span></td>
<td>Luke Warm</td>
  </tr>

<tr>
    <th>LAYER</th>
<th>REVERSE IMAGE</th>
<th>WASH</th>
<th>TUMBLE DRY</th>
<th>DRY CLEAN</th>
  </tr>
  <tr>
    <td><span style=""font-size:30px;"">&#10003;</span></td>
<td><span style=""font-size:30px;"">&#10003;</span></td>
<td>60<sup>o</sup>C</td>
<td><span style=""font-size:30px; color: white;"">&#10005;</span></td>
<td><span style=""font-size:30px;"">&#10005;</span></td>
  </tr>
  </tbody></table>
","","","","","","","","0","","","","1490028485","0","","0","","CHECKBOX"
"Image_Flex_Clear500","Image Flex Clear 4625 :: 500mm Width","4625","Poli-Tape","90","7","DEFAULT","","","","","0","Image Flex Clear produces brilliant colour reproduction on white or light garments. Prices are per metre at 500mm wide.","<html>
<head><title>Image Flex Clear 4025></title>
</head>
<body>
<p>Image Flex Clear produces brilliant colour reproduction when reverse printed (mirror image) on white or light cotton and polycotton garments.</p>
<span style=""font-weight: bold; color: #d7328a;"">Ink Compatibility:</span><br>
<ul><img style=""margin: 0px 5px 0px 0px; width: 15px; height: 25px;"" alt=""Eco-Sol Ink""
src=""media/ecom/onpagegraphics/Ink-EcoSol.png"">Eco-solvent &nbsp;&nbsp;
<img style=""margin: 0px 5px 0px 0px; width: 15px; height: 25px;"" alt=""Latex Ink""
src=""media/ecom/onpagegraphics/Ink-Latex.png"">Latex </ul>

<span style=""font-weight: bold; color: #d7328a;"">Technical Information:</span><br>
<ul>
<a href=""media/ecom/pdfs/datasheets/4625.pdf""
target=""_blank""><img
style=""border: 0px solid ; width: 200px; height: 60px;"" alt=""pdf""
src=""media/ecom/onpagegraphics/Datasheet.png""></a></ul>
<p style=""font-weight: bold; font-size: 0.9em;"">Prices shown are per linear metre at 500mm wide</p>
</body>
</html>","Image_Flex_Clear.png","Image_Flex_Clear.png","INVITEMS","DEFAULT-Image_Flex_Clear500-DEFAULT-Image_Flex_Clear500","","","0","0","0","","1","REGONLY","0","0","0","0","","","","SELECT","SELECT","0","","","","","0","0","","income-service","","","0","0","","","","","Digital_Print_Garment_Flex","Digital_Print_Garment_Flex","","","0","Hotronix-Auto-Open-Clam-Heatpress, Heat_Pressing_Pillows, Weeding_Hook, Trans_Print, FLEXOFF, Weeding_Tweezers, Heat_Tape, Tygaflor_Sheet, Olfa_Cutting_Matt_A3, Yellow_Ruler, Aslan_Red_Devil_Squeegee, Aslan-Gold-Soft-Squeegee,","Heat_Pressing_Pillows, Weeding_Hook, Trans_Print, FLEXOFF, Weeding_Tweezers, Heat_Tape, Tygaflor_Sheet, Olfa_Cutting_Matt_A3, Yellow_Ruler, Aslan_Red_Devil_Squeegee, Aslan-Gold-Soft-Squeegee,","A","","","","","","","Application & Aftercare Instructions","<style>

table {

margin: 0 auto 0 auto;
}

table, th, td {
  
  border-collapse: collapse;
padding: 5px;
}
th, td {
  padding: 5px;
  text-align: center; 
  width: 100px;
  height: 50px;
  background-color:#009ee3;
  color: white;
  border-left: 5px solid white;
  border-right: 5px solid white;
}

th {
  border-top-color: white;
  font-size: 15px;
}

td {

padding-bottom: 1em;
border-bottom: 5px solid white;
font-size: 20px;
  
</style>



<table id=""data"">
  <tbody><tr>
    <th>PRESS TEMP</th>
<th>PRESS TIME</th>
<th>PRESSURE</th>
<th>EASY WEED</th>
<th>PEEL</th>
  </tr>
  <tr>
    <td>160<sup>o</sup>C</td>
<td>15 secs</td>
<td>Medium<br></td>
<td><span style=""font-size:30px;"">&#10003;</span></td>
<td>Luke Warm</td>
  </tr>

<tr>
    <th>LAYER</th>
<th>REVERSE IMAGE</th>
<th>WASH</th>
<th>TUMBLE DRY</th>
<th>DRY CLEAN</th>
  </tr>
  <tr>
    <td><span style=""font-size:30px;"">&#10003;</span></td>
<td><span style=""font-size:30px;"">&#10003;</span></td>
<td>60<sup>o</sup>C</td>
<td><span style=""font-size:30px; color: white;"">&#10005;</span></td>
<td><span style=""font-size:30px;"">&#10005;</span></td>
  </tr>
  </tbody></table>
","","","","","","","","0","","","","1490028427","0","","0","","CHECKBOX"
"Image_Flex_Pro_Nylon","Image Flex Pro Nylon 4035 :: 500mm Width","4035","Poli-Tape","70","8","DEFAULT","","","","","0","For nylon garments and umbrellas use Image Flex Pro Nylon.  Prices are per metre at 500mm wide.","<html><head><title>Image Flex Nylon 4035</title>
</head>
<body>
<p>For nylon garments and umbrellas use Image Flex Pro Nylon.</p>
<span style=""font-weight: bold; color: #d7328a;"">Ink Compatibility:</span><br>
<ul>

<img style=""margin: 0px 5px 0px 0px; width: 15px; height: 25px;"" alt=""Eco-Sol Ink""
src=""media/ecom/onpagegraphics/Ink-EcoSol.png"">Eco-solvent &nbsp;&nbsp; </ul>

<span style=""font-weight: bold; color: #d7328a;"">Technical Information:</span><br>
<ul>
<a href=""media/ecom/pdfs/datasheets/4035.pdf""
target=""_blank""><img
style=""border: 0px solid ; width: 200px; height: 60px;"" alt=""pdf""
src=""media/ecom/onpagegraphics/Datasheet.png""></a></ul>
<p style=""font-weight: bold; font-size: 0.9em;"">Prices shown are per linear metre at 500mm wide</p>
</body>
</html>","Image_Flex_Nylon_4035.png","Image_Flex_Nylon_4035.png","INVITEMS","DEFAULT-Image_Flex_Pro_Nylon-DEFAULT-Image_Flex_Pro_Nylon","","","0","0","0","","1","REGONLY","0","0","0","0","","","","SELECT","SELECT","0","","","","","0","0","","income-service","","","0","0","","","https://www.youtube.com/embed/U21VlR47JCU","","Digital_Print_Garment_Flex","Digital_Print_Garment_Flex","","","0","Hotronix-Auto-Open-Clam-Heatpress, Heat_Pressing_Pillows, Weeding_Hook, Trans_Print, FLEXOFF, Weeding_Tweezers, Heat_Tape, Tygaflor_Sheet, Olfa_Cutting_Matt_A3, Yellow_Ruler, Aslan_Red_Devil_Squeegee, Aslan-Gold-Soft-Squeegee,","Heat_Pressing_Pillows, Weeding_Hook, Trans_Print, FLEXOFF, Weeding_Tweezers, Heat_Tape, Tygaflor_Sheet, Olfa_Cutting_Matt_A3, Yellow_Ruler, Aslan_Red_Devil_Squeegee, Aslan-Gold-Soft-Squeegee,","A","superuser","","","","","","Application & Aftercare Instructions","<style>

table {

margin: 0 auto 0 auto;
}

table, th, td {
  
  border-collapse: collapse;
padding: 5px;
}
th, td {
  padding: 5px;
  text-align: center; 
  width: 100px;
  height: 50px;
  background-color:#009ee3;
  color: white;
  border-left: 5px solid white;
  border-right: 5px solid white;
}

th {
  border-top-color: white;
  font-size: 15px;
}

td {

padding-bottom: 1em;
border-bottom: 5px solid white;
font-size: 20px;
  
</style>



<table id=""data"">
  <tbody><tr>
    <th>PRESS TEMP</th>
<th>PRESS TIME</th>
<th>PRESSURE</th>
<th>EASY WEED</th>
<th>PEEL</th>
  </tr>
  <tr>
    <td>150<sup>o</sup>C</td>
<td>4 secs<br>10 secs</td>
<td>Medium<br></td>
<td><span style=""font-size:30px;"">&#10003;</span></td>
<td>Warm</td>
  </tr>

<tr>
    <th>LAYER</th>
<th>REVERSE IMAGE</th>
<th>WASH</th>
<th>TUMBLE DRY</th>
<th>DRY CLEAN</th>
  </tr>
  <tr>
    <td><span style=""font-size:30px;"">&#10003;</span></td>
<td><span style=""font-size:30px;"">&#10005;</span></td>
<td>40<sup>o</sup>C</td>
<td><span style=""font-size:30px; color: white;"">&#10005;</span></td>
<td><span style=""font-size:30px;"">&#10005;</span></td>
  </tr>
  </tbody></table>
","","","","","","","","0","image, flex, image flex, image-flex, nylo, nylon, poli, tape, politape, poli-tape, poliflex, flex, poli-flex, htv, heat transfer, heat, transfer, heat-transfer, vinyl, iron, iron-on, 4035, pro, imapn","","","1490028308","0","","0","","CHECKBOX"
"Image_Flex_Pro_Nylon_750","Image Flex Pro Nylon 4035 :: 750mm Width","4035","Poli-Tape","80","12","DEFAULT","","","","","0","For nylon garments and umbrellas use Image Flex Pro Nylon.  Prices are per metre at 750mm wide.","<html><head><title>Image Flex Nylon 4035</title>
</head>
<body>
<p>For nylon garments and umbrellas use Image Flex Pro Nylon.</p>
<span style=""font-weight: bold; color: #d7328a;"">Ink Compatibility:</span><br>
<ul>

<img style=""margin: 0px 5px 0px 0px; width: 15px; height: 25px;"" alt=""Eco-Sol Ink""
src=""media/ecom/onpagegraphics/Ink-EcoSol.png"">Eco-solvent &nbsp;&nbsp; </ul>

<span style=""font-weight: bold; color: #d7328a;"">Technical Information:</span><br>
<ul>
<a href=""media/ecom/pdfs/datasheets/4035.pdf""
target=""_blank""><img
style=""border: 0px solid ; width: 200px; height: 60px;"" alt=""pdf""
src=""media/ecom/onpagegraphics/Datasheet.png""></a></ul>
<p style=""font-weight: bold; font-size: 0.9em;"">Prices shown are per linear metre at 750mm wide</p>
</body>
</html>","Image_Flex_Nylon_4035.png","Image_Flex_Nylon_4035.png","INVITEMS","DEFAULT-Image_Flex_Pro_Nylon_750-DEFAULT-Image_Flex_Pro_Nylon_750","","","0","0","0","","1","REGONLY","0","0","0","0","","","","SELECT","SELECT","0","","","","","0","0","","income-service","","","0","0","","","https://www.youtube.com/embed/U21VlR47JCU","","Digital_Print_Garment_Flex","Digital_Print_Garment_Flex","","","0","Hotronix-Auto-Open-Clam-Heatpress, Heat_Pressing_Pillows, Weeding_Hook, Trans_Print, FLEXOFF, Weeding_Tweezers, Heat_Tape, Tygaflor_Sheet, Olfa_Cutting_Matt_A3, Yellow_Ruler, Aslan_Red_Devil_Squeegee, Aslan-Gold-Soft-Squeegee,","Heat_Pressing_Pillows, Weeding_Hook, Trans_Print, FLEXOFF, Weeding_Tweezers, Heat_Tape, Tygaflor_Sheet, Olfa_Cutting_Matt_A3, Yellow_Ruler, Aslan_Red_Devil_Squeegee, Aslan-Gold-Soft-Squeegee,","A","superuser","","","","","","Application & Aftercare Instructions","<style>

table {

margin: 0 auto 0 auto;
}

table, th, td {
  
  border-collapse: collapse;
padding: 5px;
}
th, td {
  padding: 5px;
  text-align: center; 
  width: 100px;
  height: 50px;
  background-color:#009ee3;
  color: white;
  border-left: 5px solid white;
  border-right: 5px solid white;
}

th {
  border-top-color: white;
  font-size: 15px;
}

td {

padding-bottom: 1em;
border-bottom: 5px solid white;
font-size: 20px;
  
</style>



<table id=""data"">
  <tbody><tr>
    <th>PRESS TEMP</th>
<th>PRESS TIME</th>
<th>PRESSURE</th>
<th>EASY WEED</th>
<th>PEEL</th>
  </tr>
  <tr>
    <td>150<sup>o</sup>C</td>
<td>4 secs<br>10 secs</td>
<td>Medium<br></td>
<td><span style=""font-size:30px;"">&#10003;</span></td>
<td>Warm</td>
  </tr>

<tr>
    <th>LAYER</th>
<th>REVERSE IMAGE</th>
<th>WASH</th>
<th>TUMBLE DRY</th>
<th>DRY CLEAN</th>
  </tr>
  <tr>
    <td><span style=""font-size:30px;"">&#10003;</span></td>
<td><span style=""font-size:30px;"">&#10005;</span></td>
<td>40<sup>o</sup>C</td>
<td><span style=""font-size:30px; color: white;"">&#10005;</span></td>
<td><span style=""font-size:30px;"">&#10005;</span></td>
  </tr>
  </tbody></table>
","","","","","","","","0","image, flex, image flex, image-flex, nylo, nylon, poli, tape, politape, poli-tape, poliflex, flex, poli-flex, htv, heat transfer, heat, transfer, heat-transfer, vinyl, iron, iron-on, 4035, pro, imapn","","","1490028409","0","","0","","CHECKBOX"
"Image_Flex_Pro_Sub","Image Flex Turbo Print Sub Block 4010 :: 500mm Width","4010","Poli-Tape","15","8","DEFAULT","","","","","0","Printing sportswear? There’s a Turbo for that too! Use Image Flex Turbo Print Sub Block 4010 for team sportswear garments as it has blockout properties to prevent dye migration. Prices are per metre at 500mm wide.","<html>

<head><title>Image Flex Blockout 4010</title>
</head>
<body>
<p><b>Printing sportswear? There’s now a Turbo for that too!</b></p>

<p>Garments used for team sports are either made of 100% polyester or they contain a high polyester content and blended with cotton, nylon or lycra. This means that they are sensitive to heat and prone to dye migration.</p>

<p>Therefore choosing the correct heat transfer vinyl is important and making sure that it has dye blocking capabilities is crucial to a successful print.</p>

<p>Image Flex Turbo Print Sub Block 4010 is the perfect product for use on team sportswear as it has the added bonus of a sublimation resistant blockout layer to prevent colour migration of polyester fabrics showing through the printed image</p>

<p>Pressed at the lower end of the Turbo scale, the flex film is soft to the touch yet durable enough to withstand the rigours of team sports activities.</p>


<span style=""font-weight: bold; color: #d7328a;"">Ink Compatibility:</span><br>
<ul>
<img style=""margin: 0px 5px 0px 0px; width: 15px; height: 25px;"" alt=""Eco-Sol Ink""
src=""media/ecom/onpagegraphics/Ink-EcoSol.png"">Eco-solvent &nbsp;&nbsp;
<img style=""margin: 0px 5px 0px 0px; width: 15px; height: 25px;"" alt=""Latex Ink""
src=""media/ecom/onpagegraphics/Ink-Latex.png"">Latex</ul>
<span style=""font-weight: bold; color: #d7328a;"">Technical Information:</span><br>
<ul>
<a href=""media/ecom/pdfs/datasheets/4010.pdf""
target=""_blank""><img
style=""border: 0px solid ; width: 200px; height: 60px;"" alt=""pdf""
src=""media/ecom/onpagegraphics/Datasheet.png""></a></ul>
<p style=""font-weight: bold; font-size: 0.9em;"">Prices shown are per linear metre at 500mm wide</p>
</body>
</html>","Image_Flex_Blockout_4010.png","Image_Flex_Blockout_4010.png","INVITEMS","DEFAULT-Image_Flex_Pro_Sub-DEFAULT-Image_Flex_Pro_Sub","","","0","0","0","","1","REGONLY","0","0","0","0","","","","SELECT","SELECT","0","","","","","0","0","","income-service","","","0","0","","","https://www.youtube.com/embed/X3JnLzUBWIg","","Roland_BN-20_Media","Digital_Print_Garment_Flex, Roland_BN-20_Media","","","0","Hotronix-Auto-Open-Clam-Heatpress, Heat_Pressing_Pillows, Weeding_Hook, Trans_Print, FLEXOFF, Weeding_Tweezers, Heat_Tape, Tygaflor_Sheet, Olfa_Cutting_Matt_A3, Yellow_Ruler, Aslan_Red_Devil_Squeegee, Aslan-Gold-Soft-Squeegee,","Heat_Pressing_Pillows, Weeding_Hook, Trans_Print, FLEXOFF, Weeding_Tweezers, Heat_Tape, Tygaflor_Sheet, Olfa_Cutting_Matt_A3, Yellow_Ruler, Aslan_Red_Devil_Squeegee, Aslan-Gold-Soft-Squeegee,","A","superuser","","","","","","Application & Aftercare Instructions","<style>

table {

margin: 0 auto 0 auto;
}

table, th, td {
  
  border-collapse: collapse;
padding: 5px;
}
th, td {
  padding: 5px;
  text-align: center; 
  width: 100px;
  height: 50px;
  background-color:#009ee3;
  color: white;
  border-left: 5px solid white;
  border-right: 5px solid white;
}

th {
  border-top-color: white;
  font-size: 15px;
}

td {

padding-bottom: 1em;
border-bottom: 5px solid white;
font-size: 20px;
  
</style>



<table id=""data"">
  <tbody><tr>
    <th>PRESS TEMP</th>
<th>PRESS TIME</th>
<th>PRESSURE</th>
<th>EASY WEED</th>
<th>PEEL</th>
  </tr>
  <tr>
    <td>130<sup>o</sup>C</td>
<td>5 secs</td>
<td>Medium<br></td>
<td><span style=""font-size:30px;"">&#10003;</span></td>
<td>Warm</td>
  </tr>

<tr>
    <th>LAYER</th>
<th>REVERSE IMAGE</th>
<th>WASH</th>
<th>TUMBLE DRY</th>
<th>DRY CLEAN</th>
  </tr>
  <tr>
    <td><span style=""font-size:30px;"">&#10003;</span></td>
<td><span style=""font-size:30px;"">&#10005;</span></td>
<td>60<sup>o</sup>C</td>
<td><span style=""font-size:30px; color: white;"">&#10003;</span></td>
<td><span style=""font-size:30px;"">&#10005;</span></td>
  </tr>
  </tbody></table>
","","","","","","","","0","","","","1490028108","0","","0","","CHECKBOX"
"Image_Flex_Pro_Sub750","Image Flex Turbo Print Sub Block 4010 :: 750mm Width","4010","Poli-Tape","20","12","DEFAULT","","","","","0","Printing sportswear? There’s a Turbo for that too! Use Image Flex Turbo Print Sub Block 4010 for team sportswear garments as it has blockout properties to prevent dye migration. Prices are per metre at 750mm wide.","<html>

<head><title>Image Flex Blockout 4010</title>
</head>
<body>
<p><b>Printing sportswear? There’s now a Turbo for that too!</b></p>

<p>Garments used for team sports are either made of 100% polyester or they contain a high polyester content and blended with cotton, nylon or lycra. This means that they are sensitive to heat and prone to dye migration.</p>

<p>Therefore choosing the correct heat transfer vinyl is important and making sure that it has dye blocking capabilities is crucial to a successful print.</p>

<p>Image Flex Turbo Print Sub Block 4010 is the perfect product for use on team sportswear as it has the added bonus of a sublimation resistant blockout layer to prevent colour migration of polyester fabrics showing through the printed image</p>

<p>Pressed at the lower end of the Turbo scale, the flex film is soft to the touch yet durable enough to withstand the rigours of team sports activities.</p>


<span style=""font-weight: bold; color: #d7328a;"">Ink Compatibility:</span><br>
<ul>
<img style=""margin: 0px 5px 0px 0px; width: 15px; height: 25px;"" alt=""Eco-Sol Ink""
src=""media/ecom/onpagegraphics/Ink-EcoSol.png"">Eco-solvent &nbsp;&nbsp;
<img style=""margin: 0px 5px 0px 0px; width: 15px; height: 25px;"" alt=""Latex Ink""
src=""media/ecom/onpagegraphics/Ink-Latex.png"">Latex</ul>
<span style=""font-weight: bold; color: #d7328a;"">Technical Information:</span><br>
<ul>
<a href=""media/ecom/pdfs/datasheets/4010.pdf""
target=""_blank""><img
style=""border: 0px solid ; width: 200px; height: 60px;"" alt=""pdf""
src=""media/ecom/onpagegraphics/Datasheet.png""></a></ul>
<p style=""font-weight: bold; font-size: 0.9em;"">Prices shown are per linear metre at 750mm wide</p>
</body>
</html>","Image_Flex_Blockout_4010.png","Image_Flex_Blockout_4010.png","INVITEMS","DEFAULT-Image_Flex_Pro_Sub750-DEFAULT-Image_Flex_Pro_Sub750","","","0","0","0","","1","REGONLY","0","0","0","0","","","","SELECT","SELECT","0","","","","","0","0","","income-service","","","0","0","","","https://www.youtube.com/embed/X3JnLzUBWIg","","Digital_Print_Garment_Flex","Digital_Print_Garment_Flex","","","0","Hotronix-Auto-Open-Clam-Heatpress, Heat_Pressing_Pillows, Weeding_Hook, Trans_Print, FLEXOFF, Weeding_Tweezers, Heat_Tape, Tygaflor_Sheet, Olfa_Cutting_Matt_A3, Yellow_Ruler, Aslan_Red_Devil_Squeegee, Aslan-Gold-Soft-Squeegee,","Heat_Pressing_Pillows, Weeding_Hook, Trans_Print, FLEXOFF, Weeding_Tweezers, Heat_Tape, Tygaflor_Sheet, Olfa_Cutting_Matt_A3, Yellow_Ruler, Aslan_Red_Devil_Squeegee, Aslan-Gold-Soft-Squeegee,","A","superuser","","","","","","Application & Aftercare Instructions","<style>

table {

margin: 0 auto 0 auto;
}

table, th, td {
  
  border-collapse: collapse;
padding: 5px;
}
th, td {
  padding: 5px;
  text-align: center; 
  width: 100px;
  height: 50px;
  background-color:#009ee3;
  color: white;
  border-left: 5px solid white;
  border-right: 5px solid white;
}

th {
  border-top-color: white;
  font-size: 15px;
}

td {

padding-bottom: 1em;
border-bottom: 5px solid white;
font-size: 20px;
  
</style>



<table id=""data"">
  <tbody><tr>
    <th>PRESS TEMP</th>
<th>PRESS TIME</th>
<th>PRESSURE</th>
<th>EASY WEED</th>
<th>PEEL</th>
  </tr>
  <tr>
    <td>130<sup>o</sup>C</td>
<td>5 secs</td>
<td>Medium<br></td>
<td><span style=""font-size:30px;"">&#10003;</span></td>
<td>Warm</td>
  </tr>

<tr>
    <th>LAYER</th>
<th>REVERSE IMAGE</th>
<th>WASH</th>
<th>TUMBLE DRY</th>
<th>DRY CLEAN</th>
  </tr>
  <tr>
    <td><span style=""font-size:30px;"">&#10003;</span></td>
<td><span style=""font-size:30px;"">&#10005;</span></td>
<td>60<sup>o</sup>C</td>
<td><span style=""font-size:30px; color: white;"">&#10003;</span></td>
<td><span style=""font-size:30px;"">&#10005;</span></td>
  </tr>
  </tbody></table>
","","","","","","","","0","","","","1490028240","0","","0","","CHECKBOX"
"Image_Flex_Pro_White_Soft","Image Flex Pro Soft White 4030 :: 750mm Width","4030","Poli-Tape","30","9","DEFAULT","","","","","0","Super soft white printable flex for heat pressing onto garments. Prices are per metre at 750mm wide.","<html><head><title>Image Flex Soft 4030</title>
</head>
<body>
<p>This super soft polyurethane film produces brilliant colour reproduction on garments. Designed for use with cotton and polycotton and washable to 80<sup>o</sup>C</p>
<a ><img style=""border: 0px solid ; width: 50px; height: 50px;"" alt=""fyi""
src=""media/ecom/onpagegraphics/FYI.png""></a>
<p style=""color:rgb(244,7,138)""><i>We continually test our materials using the latest inks however we recommend that you carry out your own print and wash evaluation prior to commencing a job.  Please contact us for up to date advice and to arrange a sample for testing.</i>
</p>
<span style=""font-weight: bold; color: #d7328a;"">Ink Compatibility:</span><br>
<ul>
<img style=""margin: 0px 5px 0px 0px; width: 15px; height: 25px;"" alt=""Eco-Sol Ink""
src=""media/ecom/onpagegraphics/Ink-EcoSol.png"">Eco-solvent &nbsp;&nbsp;
<img style=""margin: 0px 5px 0px 0px; width: 15px; height: 25px;"" alt=""Latex Ink""
src=""media/ecom/onpagegraphics/Ink-Latex.png"">Latex<br>
<img style=""width: 100px; height: 48px;"" alt=""HP Latex Certified""
src=""https://www.dorotape.co.uk/media/ecom/onpagegraphics/HP-Latex-Certified.jpg""></ul>
<span style=""font-weight: bold; color: #d7328a;"">Technical Information:</span><br>
<ul>
<a href=""media/ecom/pdfs/datasheets/Ultimateprintsoft4030.pdf""
target=""_blank""><img
style=""border: 0px solid ; width: 200px; height: 60px;"" alt=""pdf""
src=""media/ecom/onpagegraphics/Datasheet.png""></a></ul>
<p style=""font-weight: bold; font-size: 0.9em;"">Prices shown are per linear metre at 750mm wide</p>
</body>
</html>","Image_Flex_Soft_4030.png","Image_Flex_Soft_4030.png","INVITEMS","DEFAULT-Image_Flex_Pro_White_Soft-DEFAULT-Image_Flex_Pro_White_Soft","","","0","0","0","","1","REGONLY","0","0","0","0","","","","SELECT","SELECT","0","","","","","0","0","","income-service","","","0","0","","","https://www.youtube.com/embed/RObY0VBaTUQ","","Digital_Print_Garment_Flex","Digital_Print_Garment_Flex, HP-Latex-Compatible-Media","","","0","Hotronix-Auto-Open-Clam-Heatpress, Heat_Pressing_Pillows, Weeding_Hook, Trans_Print, FLEXOFF, Weeding_Tweezers, Heat_Tape, Tygaflor_Sheet, Olfa_Cutting_Matt_A3, Yellow_Ruler, Aslan_Red_Devil_Squeegee, Aslan-Gold-Soft-Squeegee,","Heat_Pressing_Pillows, Weeding_Hook, Trans_Print, FLEXOFF, Weeding_Tweezers, Heat_Tape, Tygaflor_Sheet, Olfa_Cutting_Matt_A3, Yellow_Ruler, Aslan_Red_Devil_Squeegee, Aslan-Gold-Soft-Squeegee,","A","superuser","","","","","","Application & Aftercare Instructions","<style>

table {

margin: 0 auto 0 auto;
}

table, th, td {
  
  border-collapse: collapse;
padding: 5px;
}
th, td {
  padding: 5px;
  text-align: center; 
  width: 100px;
  height: 50px;
  background-color:#009ee3;
  color: white;
  border-left: 5px solid white;
  border-right: 5px solid white;
}

th {
  border-top-color: white;
  font-size: 15px;
}

td {

padding-bottom: 1em;
border-bottom: 5px solid white;
font-size: 20px;
  
</style>



<table id=""data"">
  <tbody><tr>
    <th>PRESS TEMP</th>
<th>PRESS TIME</th>
<th>PRESSURE</th>
<th>EASY WEED</th>
<th>PEEL</th>
  </tr>
  <tr>
    <td>160<sup>o</sup>C</td>
<td>15 secs</td>
<td>Medium<br></td>
<td><span style=""font-size:30px;"">&#10003;</span></td>
<td>Warm</td>
  </tr>

<tr>
    <th>LAYER</th>
<th>REVERSE IMAGE</th>
<th>WASH</th>
<th>TUMBLE DRY</th>
<th>DRY CLEAN</th>
  </tr>
  <tr>
    <td><span style=""font-size:30px;"">&#10003;</span></td>
<td><span style=""font-size:30px;"">&#10005;</span></td>
<td>80<sup>o</sup>C</td>
<td><span style=""font-size:30px; color: white;"">&#10003;</span></td>
<td><span style=""font-size:30px;"">&#10005;</span></td>
  </tr>
  </tbody></table>
","","","","","","","","0","","","","1490027963","0","","0","","CHECKBOX"
"Image_Flex_Pro_White_Soft500","Image Flex Pro Soft White 4030 :: 500mm Width","4030","Poli-Tape","25","6","DEFAULT","","","","","0","Super soft white printable flex for heat pressing onto garments. Prices are per metre at 500mm wide.","<html><head><title>Image Flex Soft 4030</title>
</head>
<body>
<p>This super soft polyurethane film produces brilliant colour reproduction on garments. Designed for use with cotton and polycotton and washable to 80<sup>o</sup>C</p>
<a ><img style=""border: 0px solid ; width: 50px; height: 50px;"" alt=""fyi""
src=""media/ecom/onpagegraphics/FYI.png""></a>
<p style=""color:rgb(244,7,138)""><i>We continually test our materials using the latest inks however we recommend that you carry out your own print and wash evaluation prior to commencing a job.  Please contact us for up to date advice and to arrange a sample for testing.</i>
</p>
<span style=""font-weight: bold; color: #d7328a;"">Ink Compatibility:</span><br>
<ul>
<img style=""margin: 0px 5px 0px 0px; width: 15px; height: 25px;"" alt=""Eco-Sol Ink""
src=""media/ecom/onpagegraphics/Ink-EcoSol.png"">Eco-solvent &nbsp;&nbsp;
<img style=""margin: 0px 5px 0px 0px; width: 15px; height: 25px;"" alt=""Latex Ink""
src=""media/ecom/onpagegraphics/Ink-Latex.png"">Latex<br>
<img style=""width: 100px; height: 48px;"" alt=""HP Latex Certified""
src=""https://www.dorotape.co.uk/media/ecom/onpagegraphics/HP-Latex-Certified.jpg""></ul>
<span style=""font-weight: bold; color: #d7328a;"">Technical Information:</span><br>
<ul>
<a href=""media/ecom/pdfs/datasheets/Ultimateprintsoft4030.pdf""
target=""_blank""><img
style=""border: 0px solid ; width: 200px; height: 60px;"" alt=""pdf""
src=""media/ecom/onpagegraphics/Datasheet.png""></a></ul>
<p style=""font-weight: bold; font-size: 0.9em;"">Prices shown are per linear metre at 500mm wide</p>
</body>
</html>","Image_Flex_Soft_4030.png","Image_Flex_Soft_4030.png","INVITEMS","DEFAULT-Image_Flex_Pro_White_Soft500-DEFAULT-Image_Flex_Pro_White_Soft500","","","0","0","0","","1","REGONLY","0","0","0","0","","","","SELECT","SELECT","0","","","","","0","0","","income-service","","","0","0","","","https://www.youtube.com/embed/RObY0VBaTUQ","","Roland_BN-20_Media","Digital_Print_Garment_Flex, Roland_BN-20_Media, HP-Latex-Compatible-Media","","","0","Hotronix-Auto-Open-Clam-Heatpress, Heat_Pressing_Pillows, Weeding_Hook, Trans_Print, FLEXOFF, Weeding_Tweezers, Heat_Tape, Tygaflor_Sheet, Olfa_Cutting_Matt_A3, Yellow_Ruler, Aslan_Red_Devil_Squeegee, Aslan-Gold-Soft-Squeegee,","Heat_Pressing_Pillows, Weeding_Hook, Trans_Print, FLEXOFF, Weeding_Tweezers, Heat_Tape, Tygaflor_Sheet, Olfa_Cutting_Matt_A3, Yellow_Ruler, Aslan_Red_Devil_Squeegee, Aslan-Gold-Soft-Squeegee,","A","superuser","","","","","","Application & Aftercare Instructions","<style>

table {

margin: 0 auto 0 auto;
}

table, th, td {
  
  border-collapse: collapse;
padding: 5px;
}
th, td {
  padding: 5px;
  text-align: center; 
  width: 100px;
  height: 50px;
  background-color:#009ee3;
  color: white;
  border-left: 5px solid white;
  border-right: 5px solid white;
}

th {
  border-top-color: white;
  font-size: 15px;
}

td {

padding-bottom: 1em;
border-bottom: 5px solid white;
font-size: 20px;
  
</style>



<table id=""data"">
  <tbody><tr>
    <th>PRESS TEMP</th>
<th>PRESS TIME</th>
<th>PRESSURE</th>
<th>EASY WEED</th>
<th>PEEL</th>
  </tr>
  <tr>
    <td>160<sup>o</sup>C</td>
<td>15 secs</td>
<td>Medium<br></td>
<td><span style=""font-size:30px;"">&#10003;</span></td>
<td>Warm</td>
  </tr>

<tr>
    <th>LAYER</th>
<th>REVERSE IMAGE</th>
<th>WASH</th>
<th>TUMBLE DRY</th>
<th>DRY CLEAN</th>
  </tr>
  <tr>
    <td><span style=""font-size:30px;"">&#10003;</span></td>
<td><span style=""font-size:30px;"">&#10005;</span></td>
<td>80<sup>o</sup>C</td>
<td><span style=""font-size:30px; color: white;"">&#10003;</span></td>
<td><span style=""font-size:30px;"">&#10005;</span></td>
  </tr>
  </tbody></table>
","","","","","","","","0","","","","1490027756","0","","0","","CHECKBOX"
"Image_Flex_Turbo_Print","Image Flex Turbo Print 4036 :: 750mm Width","4036","Poli-Tape","7","9","DEFAULT","","","","","0","Poli-Tape 4036 Turbo Print is our top selling printable HTV. The soft white PU film is designed for fast application at low temperature onto a wider range of garments. Prices are per metre at 750mm wide.","<html><head><title>Image Flex Turbo Print 4036</title>
</head>
<body>
<p>For anyone looking for a great printable all-rounder, say hello to the Image Flex 4036 Turbo Print from Poli-Tape&reg;! Our top selling printable HTV is a soft white PU film can be used on a variety of textiles such as cotton, polyester and blended fabrics such as polyester / acrylic as well as uncoated nylon.</p>
<p>Printable with Eco-Solvent, Latex and UV inks, the special primer topcoat offers unrivalled ink anchorage, high resolution image printing and excellent washing-resistance.</p>
<p>Like its colourful cousin, the Image Flex 4036 Turbo Print can be applied at press temperatures as low as 130<sup>o</sup>C making it the perfect all-rounder for any garment decorator.</p>
<a ><img style=""border: 0px solid ; width: 50px; height: 50px;"" alt=""fyi""
src=""media/ecom/onpagegraphics/FYI.png""></a>
<p style=""color:rgb(244,7,138)""><i>We continually test our materials using the latest inks however we recommend that you carry out your own print and wash evaluation prior to commencing a job.  Please contact us for up to date advice and to arrange a sample for testing.</i>
</p>
<span style=""font-weight: bold; color: #d7328a;"">Ink Compatibility:</span><br>
<ul>
<img style=""margin: 0px 5px 0px 0px; width: 15px; height: 25px;"" alt=""Eco-Sol Ink""
src=""media/ecom/onpagegraphics/Ink-EcoSol.png"">Eco-solvent &nbsp;&nbsp;
<img style=""margin: 0px 5px 0px 0px; width: 15px; height: 25px;"" alt=""Latex""
src=""media/ecom/onpagegraphics/Ink-Latex.png"">Latex &nbsp;&nbsp;
<img style=""margin: 0px 5px 0px 0px; width: 15px; height: 25px;"" alt=""UV Ink""
src=""media/ecom/onpagegraphics/Ink-UV.png"">UV<br>
<img style=""width: 100px; height: 48px;"" alt=""HP Latex Certified""
src=""https://www.dorotape.co.uk/media/ecom/onpagegraphics/HP-Latex-Certified.jpg""> </ul>
<span style=""font-weight: bold; color: #d7328a;"">Technical Information:</span><br>
<ul>
<a href=""media/ecom/pdfs/datasheets/TURBO_PRINT_4036.pdf""
target=""_blank"">
<img style=""border: 0px solid ; width: 200px; height: 60px;"" alt=""pdf""
src=""media/ecom/onpagegraphics/Datasheet.png""></a></ul>
<p style=""font-weight: bold; font-size: 0.9em;"">Prices shown are per linear metre at 750mm wide</p>
</body>
</html>","Image_Flex_Turbo_4036.png","Image_Flex_Turbo_4036.png","INVITEMS","DEFAULT-Image_Flex_Turbo_Print-DEFAULT-Image_Flex_Turbo_Print","","","0","0","0","","1","REGONLY","0","0","0","0","","","","SELECT","SELECT","0","","","","","0","0","","income-service","","","0","0","","","https://www.youtube.com/embed/URQcG4CLMRQ","","Digital_Print_Garment_Flex","Digital_Print_Garment_Flex, HP-Latex-Compatible-Media","","","0","Hotronix-Auto-Open-Clam-Heatpress, Heat_Pressing_Pillows, Weeding_Hook, Trans_Print, FLEXOFF, Weeding_Tweezers, Heat_Tape, Tygaflor_Sheet, Olfa_Cutting_Matt_A3, Yellow_Ruler, Aslan_Red_Devil_Squeegee, Aslan-Gold-Soft-Squeegee,","Heat_Pressing_Pillows, Weeding_Hook, Trans_Print, FLEXOFF, Weeding_Tweezers, Heat_Tape, Tygaflor_Sheet, Olfa_Cutting_Matt_A3, Yellow_Ruler, Aslan_Red_Devil_Squeegee, Aslan-Gold-Soft-Squeegee,","A","superuser","","","","","","Application & Aftercare Instructions","<style>

table {

margin: 0 auto 0 auto;
}

table, th, td {
  
  border-collapse: collapse;
padding: 5px;
}
th, td {
  padding: 5px;
  text-align: center; 
  width: 100px;
  height: 50px;
  background-color:#009ee3;
  color: white;
  border-left: 5px solid white;
  border-right: 5px solid white;
}

th {
  border-top-color: white;
  font-size: 15px;
}

td {

padding-bottom: 1em;
border-bottom: 5px solid white;
font-size: 20px;
  
</style>



<table id=""data"">
  <tbody><tr>
    <th>PRESS TEMP</th>
<th>PRESS TIME</th>
<th>PRESSURE</th>
<th>EASY WEED</th>
<th>PEEL</th>
  </tr>
  <tr>
    <td><p>160<sup>o</sup>C<br>150<sup>o</sup>C<br>130<sup>o</sup>C</p></td>
<td>3 secs<br>4 secs<br>5 secs</td>
<td>Medium<br></td>
<td><span style=""font-size:30px;"">&#10003;</span></td>
<td>Warm</td>
  </tr>

<tr>
    <th>LAYER</th>
<th>REVERSE IMAGE</th>
<th>WASH</th>
<th>TUMBLE DRY</th>
<th>DRY CLEAN</th>
  </tr>
  <tr>
    <td><span style=""font-size:30px;"">&#10003;</span></td>
<td><span style=""font-size:30px;"">&#10005;</span></td>
<td>60<sup>o</sup>C</td>
<td><span style=""font-size:30px; color: white;"">&#10003;</span></td>
<td><span style=""font-size:30px;"">&#10005;</span></td>
  </tr>
  </tbody></table>
","","","","","","","Poli-Tape-4036-Image-Flex-Turbo-Print-750mm","0","turbo, turbo print, garment flex, 4036, poli-tape","","","1534499888","0","","0","","CHECKBOX"
"Image_Flex_Turbo_Print_500","Image Flex Turbo Print 4036 :: 500mm Width","4036","Poli-Tape","5","7","DEFAULT","","","","","0","Poli-Tape 4036 Turbo Print is our top selling printable HTV. The soft white PU film is designed for fast application at low temperature onto a wider range of garments. Prices are per metre at 500mm wide.","<html><head><title>Image Flex Turbo Print 4036</title>
</head>
<body>
<p>For anyone looking for a great printable all-rounder, say hello to the Image Flex 4036 Turbo Print from Poli-Tape&reg;! Our top selling printable HTV is a soft white PU film can be used on a variety of textiles such as cotton, polyester and blended fabrics such as polyester / acrylic as well as uncoated nylon.</p>
<p>Printable with Eco-Solvent, Latex and UV inks, the special primer topcoat offers unrivalled ink anchorage, high resolution image printing and excellent washing-resistance.</p>
<p>Like its colourful cousin, the Image Flex 4036 Turbo Print can be applied at press temperatures as low as 130<sup>o</sup>C making it the perfect all-rounder for any garment decorator.</p>
<a ><img style=""border: 0px solid ; width: 50px; height: 50px;"" alt=""fyi""
src=""media/ecom/onpagegraphics/FYI.png""></a>
<p style=""color:rgb(244,7,138)""><i>We continually test our materials using the latest inks however we recommend that you carry out your own print and wash evaluation prior to commencing a job.  Please contact us for up to date advice and to arrange a sample for testing.</i>
</p>
<span style=""font-weight: bold; color: #d7328a;"">Ink Compatibility:</span><br>
<ul>
<img style=""margin: 0px 5px 0px 0px; width: 15px; height: 25px;"" alt=""Eco-Sol Ink""
src=""media/ecom/onpagegraphics/Ink-EcoSol.png"">Eco-solvent &nbsp;&nbsp;
<img style=""margin: 0px 5px 0px 0px; width: 15px; height: 25px;"" alt=""Latex""
src=""media/ecom/onpagegraphics/Ink-Latex.png"">Latex &nbsp;&nbsp;
<img style=""margin: 0px 5px 0px 0px; width: 15px; height: 25px;"" alt=""UV Ink""
src=""media/ecom/onpagegraphics/Ink-UV.png"">UV<br>
<img style=""width: 100px; height: 48px;"" alt=""HP Latex Certified""
src=""https://www.dorotape.co.uk/media/ecom/onpagegraphics/HP-Latex-Certified.jpg""> </ul>
<span style=""font-weight: bold; color: #d7328a;"">Technical Information:</span><br>
<ul>
<a href=""media/ecom/pdfs/datasheets/TURBO_PRINT_4036.pdf""
target=""_blank"">
<img style=""border: 0px solid ; width: 200px; height: 60px;"" alt=""pdf""
src=""media/ecom/onpagegraphics/Datasheet.png""></a></ul>
<p style=""font-weight: bold; font-size: 0.9em;"">Prices shown are per linear metre at 500mm wide</p>
</body>
</html>","Image_Flex_Turbo_4036.png","Image_Flex_Turbo_4036.png","INVITEMS","DEFAULT-Image_Flex_Turbo_Print_500-DEFAULT-Image_Flex_Turbo_Print_500","","","0","0","0","","1","REGONLY","0","0","0","0","","","","SELECT","SELECT","0","","","","","0","0","","income-service","","","0","0","FEAT1","","https://www.youtube.com/embed/URQcG4CLMRQ","","Digital_Print_Garment_Flex","Digital_Print_Garment_Flex, Roland_BN-20_Media, HP-Latex-Compatible-Media","","","0","Hotronix-Auto-Open-Clam-Heatpress, Heat_Pressing_Pillows, Weeding_Hook, Trans_Print, FLEXOFF, Weeding_Tweezers, Heat_Tape, Tygaflor_Sheet, Olfa_Cutting_Matt_A3, Yellow_Ruler, Aslan_Red_Devil_Squeegee, Aslan-Gold-Soft-Squeegee,","Heat_Pressing_Pillows, Weeding_Hook, Trans_Print, FLEXOFF, Weeding_Tweezers, Heat_Tape, Tygaflor_Sheet, Olfa_Cutting_Matt_A3, Yellow_Ruler, Aslan_Red_Devil_Squeegee, Aslan-Gold-Soft-Squeegee,","A","superuser","","","","","","Application & Aftercare Instructions","<style>

table {

margin: 0 auto 0 auto;
}

table, th, td {
  
  border-collapse: collapse;
padding: 5px;
}
th, td {
  padding: 5px;
  text-align: center; 
  width: 100px;
  height: 50px;
  background-color:#009ee3;
  color: white;
  border-left: 5px solid white;
  border-right: 5px solid white;
}

th {
  border-top-color: white;
  font-size: 15px;
}

td {

padding-bottom: 1em;
border-bottom: 5px solid white;
font-size: 20px;
  
</style>



<table id=""data"">
  <tbody><tr>
    <th>PRESS TEMP</th>
<th>PRESS TIME</th>
<th>PRESSURE</th>
<th>EASY WEED</th>
<th>PEEL</th>
  </tr>
  <tr>
    <td><p>160<sup>o</sup>C<br>150<sup>o</sup>C<br>130<sup>o</sup>C</p></td>
<td>3 secs<br>4 secs<br>5 secs</td>
<td>Medium<br></td>
<td><span style=""font-size:30px;"">&#10003;</span></td>
<td>Warm</td>
  </tr>

<tr>
    <th>LAYER</th>
<th>REVERSE IMAGE</th>
<th>WASH</th>
<th>TUMBLE DRY</th>
<th>DRY CLEAN</th>
  </tr>
  <tr>
    <td><span style=""font-size:30px;"">&#10003;</span></td>
<td><span style=""font-size:30px;"">&#10005;</span></td>
<td>60<sup>o</sup>C</td>
<td><span style=""font-size:30px; color: white;"">&#10003;</span></td>
<td><span style=""font-size:30px;"">&#10005;</span></td>
  </tr>
  </tbody></table>
","","","","","","","Poli-Tape-4036-Image-Flex-Turbo-Print-500mm","0","turbo, turbo print, garment flex, 4036, poli-tape","","","1534498663","0","","0","","CHECKBOX"
"IPA_100","IPA100 Cleaner","IPA100","Doro_Tape","20","11","DEFAULT","","","","","0","Isopropyl Alcohol Cleaner used for degreasing and removal of silicon based cleaners. Also useful to promote the adhesion of double-sided tapes.","<html>

<title><head>IPA100 Cleaner</title></head>
<body>
<p>IPA100 Cleaner - 1 litre pure 100% Isopropyl Alcohol (Isopropynol or IPA) for degreasing and removal of silicon based cleaners. Particularly useful to promote the adhesion of double-sided tapes.
</p>
<p>NB:<b> Due to the wide range of materials and paint finishes in use, it is impossible to predict the effect the cleaners would have on a particular surface. It is therefore important that the cleaner is tested on a small inconspicuous area first to satisfy the user of its suitability.</b></p>
<a href=""media/ecom/pdfs/MSDS/MSDS-IPA.pdf"" target=""_blank""><img
style=""border: 0px solid ; width: 200px; height: 60px;"" alt=""Dorotape IPA Safety Data Sheet""
src=""media/ecom/onpagegraphics/Coshh.png""></a>
</body>
</html>","IPA.jpg","IPA.jpg","INVITEMS","DEFAULT-IPA_100-DEFAULT-IPA_100","","","0","0","0","","1","REGONLY","0","0","0","0","","","","SELECT","SELECT","0","","","","","0","0","","income-service","","","0","0","","","","","Cleaners_Cleaning_Tools","Cleaners_Cleaning_Tools","","","0","4G_Cleaner, Panel_Wipe, Right_Off","","A","","","","","","","","","","","","","","","Isopropyl-alcohol","0","ipa,100, cleaner, isopropyl, isopropanol, alcohol, degrease, degreasing, degreaser","","Isopropyl Alcohol Cleaner used for degreasing and removal of silicon based cleaners. Also useful to promote the adhesion of double-sided tapes.","1511878632","0","","0","","CHECKBOX"
"J3_Megeve_White_Velvet_Grain","J3 Ultra White","Cover Styl' J3","Cover_Styl","10","19","DEFAULT","","","","","0","Cover Styl' J3 Ultra White self-adhesive coloured film. Buy it by the metre.

","<html>
<head>
<title>Cover Styl' J3 Ultra White</title></head>
<body>
<p><img style=""height: 76px; width: 300px;"" alt=""Cover Styl' logo""
src=""media/ecom/onpagegraphics/Coverstyl_Logo.png""></p>
<span style=""font-weight: bold; color: #588ec6;"">SUITABILITY:</span>
<p>This product is designed for interior application only and offers exceptional resistance to water, dirt, abrasion, UV rays and wear (yellowing, cracking, scaling, delamination). </p>
<span style=""font-weight: bold; color: #588ec6;"">MATERIAL CHARACTERISTICS:</span>
<ul><li>Grade: Polymeric</li>
<li>Thickness: 250 micron</li>
<li>Adhesive: Easy Apply Air Release</li>
<li>Appearance: Matt</li>
<li>Stretchable: Yes</li>
<li>Scratch Proof: Average</li>
</ul>
<p>Prices shown are per linear metre at 1220mm wide</p>
</body>
</html>","J3_Megeve_White_Velvet_Grain.jpg","J3_Megeve_White_Velvet_Grain.jpg, J3_Megeve_White_Velvet_Grain_Wall.jpg","INVITEMS","DEFAULT-J3_Megeve_White_Velvet_Grain-DEFAULT-J3_Megeve_White_Velvet_Grain","","","0","0","0","","1","REGONLY","0","0","0","0","","","","SELECT","SELECT","0","","","","","0","0","","income-service","","","0","0","","","","","Cover_Styl_Solid_Colour","Cover_Styl_Solid_Colour","","","0","Olfa_Graphic_Cutter, Olfa_X_Design_Heavy_Duty_Knife, Lint-Free-Gloves, Masking_Tape_25mm, Aslan_Squeegee, Swann_Morton_3_Handle, Swann_Morton_10A_Blades, Lint-Free-Cloths, Heavy-Duty-Application-Roller, Rollepro, 4075CT1220, Cover-Styl-Colour-Selector-Box","Olfa_Graphic_Cutter, Olfa_X_Design_Heavy_Duty_Knife, Lint-Free-Gloves, Masking_Tape_25mm, Aslan_Squeegee, Swann_Morton_3_Handle, Swann_Morton_10A_Blades, Lint-Free-Cloths, Heavy-Duty-Application-Roller, Rollepro, 4075CT1220, Cover-Styl-Colour-Selector-Box","A","superuser","ADHESIVE_SEMI_PERMANENT","GRADE_POLYPROPYLENE","","","","","","","","","","","","Cover-Styl-J3-Ultra-White","0","coverstyle, cover style, cover styl, cover styl', j3, ultra, white, 


","","","1655987953","0","","0","","CHECKBOX"
"J4_Lacquered_White","J4 Lacquered White","Cover Styl' J4","Cover_Styl","20","19","DEFAULT","","","","","0","Cover Styl' J4 Lacquered White self-adhesive coloured film. Buy it by the metre.

","<html>
<head>
<title>Cover Styl' J4 Lacquered White</title></head>
<body>
<p><img style=""height: 76px; width: 300px;"" alt=""Cover Styl' logo""
src=""media/ecom/onpagegraphics/Coverstyl_Logo.png""></p>
<span style=""font-weight: bold; color: #588ec6;"">SUITABILITY:</span>
<p>This product is designed for interior application only and offers exceptional resistance to water, dirt, abrasion, UV rays and wear (yellowing, cracking, scaling, delamination). </p>
<span style=""font-weight: bold; color: #588ec6;"">MATERIAL CHARACTERISTICS:</span>
<ul><li>Grade: Polymeric</li>
<li>Thickness: 250 micron</li>
<li>Adhesive: Easy Apply Air Release</li>
<li>Appearance: Gloss</li>
<li>Stretchable: Yes</li>
<li>Scratch Proof: Average</li>
</ul>
<p>Prices shown are per linear metre at 1220mm wide</p>
</body>
</html>","J4_Lacquered_White.jpg","J4_Lacquered_White.jpg, J4_Lacquered_White_Cupboard.jpg","INVITEMS","DEFAULT-J4_Lacquered_White-DEFAULT-J4_Lacquered_White","","","0","0","0","","1","REGONLY","0","0","0","0","","","","SELECT","SELECT","0","","","","","0","0","","income-service","","","0","0","","","","","Cover_Styl_Solid_Colour","Cover_Styl_Solid_Colour","","","0","Olfa_Graphic_Cutter, Olfa_X_Design_Heavy_Duty_Knife, Lint-Free-Gloves, Masking_Tape_25mm, Aslan_Squeegee, Swann_Morton_3_Handle, Swann_Morton_10A_Blades, Lint-Free-Cloths, Heavy-Duty-Application-Roller, Rollepro, 4075CT1220, Cover-Styl-Colour-Selector-Box","Olfa_Graphic_Cutter, Olfa_X_Design_Heavy_Duty_Knife, Lint-Free-Gloves, Masking_Tape_25mm, Aslan_Squeegee, Swann_Morton_3_Handle, Swann_Morton_10A_Blades, Lint-Free-Cloths, Heavy-Duty-Application-Roller, Rollepro, 4075CT1220, Cover-Styl-Colour-Selector-Box","A","superuser","ADHESIVE_SEMI_PERMANENT","GRADE_POLYPROPYLENE","","","","","","","","","","","","Cover-Styl-J4-Lacquered-White","0","coverstyle, cover style, cover styl, cover styl', j4, lacquered, white, 


","","","1655988250","0","","0","","CHECKBOX"
"J5_Lacquered_Black","J5 Lacquered Black","Cover Styl' J5","Cover_Styl","30","19","DEFAULT","","","","","0","Cover Styl' J5 Lacquered Black self-adhesive coloured film. Buy it by the metre.

","<html>
<head>
<title>Cover Styl' J5 Lacquered Black</title></head>
<body>
<p><img style=""height: 76px; width: 300px;"" alt=""Cover Styl' logo""
src=""media/ecom/onpagegraphics/Coverstyl_Logo.png""></p>
<span style=""font-weight: bold; color: #588ec6;"">SUITABILITY:</span>
<p>This product is designed for interior application only and offers exceptional resistance to water, dirt, abrasion, UV rays and wear (yellowing, cracking, scaling, delamination). </p>
<span style=""font-weight: bold; color: #588ec6;"">MATERIAL CHARACTERISTICS:</span>
<ul><li>Grade: Polymeric</li>
<li>Thickness: 250 micron</li>
<li>Adhesive: Easy Apply Air Release</li>
<li>Appearance: Gloss</li>
<li>Stretchable: Yes</li>
<li>Scratch Proof: Average</li>
</ul>
<p>Prices shown are per linear metre at 1220mm wide</p>
</body>
</html>","J5_Lacquered_Black.jpg","J5_Lacquered_Black.jpg, J5_Lacquered_Black_Wall.jpg","INVITEMS","DEFAULT-J5_Lacquered_Black-DEFAULT-J5_Lacquered_Black","","","0","0","0","","1","REGONLY","0","0","0","0","","","","SELECT","SELECT","0","","","","","0","0","","income-service","","","0","0","","","","","Cover_Styl_Solid_Colour","Cover_Styl_Solid_Colour","","","0","Olfa_Graphic_Cutter, Olfa_X_Design_Heavy_Duty_Knife, Lint-Free-Gloves, Masking_Tape_25mm, Aslan_Squeegee, Swann_Morton_3_Handle, Swann_Morton_10A_Blades, Lint-Free-Cloths, Heavy-Duty-Application-Roller, Rollepro, 4075CT1220, Cover-Styl-Colour-Selector-Box","Olfa_Graphic_Cutter, Olfa_X_Design_Heavy_Duty_Knife, Lint-Free-Gloves, Masking_Tape_25mm, Aslan_Squeegee, Swann_Morton_3_Handle, Swann_Morton_10A_Blades, Lint-Free-Cloths, Heavy-Duty-Application-Roller, Rollepro, 4075CT1220, Cover-Styl-Colour-Selector-Box","A","superuser","ADHESIVE_SEMI_PERMANENT","GRADE_POLYPROPYLENE","","","","","","","","","","","","Cover-Styl-J5-Lacquered-Black","0","coverstyle, cover style, cover styl, cover styl'


","","","1655988465","0","","0","","CHECKBOX"
"K1_Matt_Black_Velvet_Grain","K1 Matt Black","Cover Styl' K1","Cover_Styl","40","19","DEFAULT","","","","","0","Cover Styl' K1 Matt Black self-adhesive coloured film. Buy it by the metre.

","<html>
<head>
<title>Cover Styl' K1 Matt Black</title></head>
<body>
<p><img style=""height: 76px; width: 300px;"" alt=""Cover Styl' logo""
src=""media/ecom/onpagegraphics/Coverstyl_Logo.png""></p>
<span style=""font-weight: bold; color: #588ec6;"">SUITABILITY:</span>
<p>This product is designed for interior application only and offers exceptional resistance to water, dirt, abrasion, UV rays and wear (yellowing, cracking, scaling, delamination). </p>
<span style=""font-weight: bold; color: #588ec6;"">MATERIAL CHARACTERISTICS:</span>
<ul><li>Grade: Polymeric</li>
<li>Thickness: 250 micron</li>
<li>Adhesive: Easy Apply Air Release</li>
<li>Appearance: Matt</li>
<li>Stretchable: Yes</li>
<li>Scratch Proof: Average</li>
</ul>
<p>Prices shown are per linear metre at 1220mm wide</p>
</body>
</html>","K1_Matt_Black_Velvet_Grain.jpg","K1_Matt_Black_Velvet_Grain.jpg, K1_Matt_Black_Velvet_Grain_Wall.jpg","INVITEMS","DEFAULT-K1_Matt_Black_Velvet_Grain-DEFAULT-K1_Matt_Black_Velvet_Grain","","","0","0","0","","1","REGONLY","0","0","0","0","","","","SELECT","SELECT","0","","","","","0","0","","income-service","","","0","0","","","","","Cover_Styl_Solid_Colour","Cover_Styl_Solid_Colour","","","0","Olfa_Graphic_Cutter, Olfa_X_Design_Heavy_Duty_Knife, Lint-Free-Gloves, Masking_Tape_25mm, Aslan_Squeegee, Swann_Morton_3_Handle, Swann_Morton_10A_Blades, Lint-Free-Cloths, Heavy-Duty-Application-Roller, Rollepro, 4075CT1220, Cover-Styl-Colour-Selector-Box","Olfa_Graphic_Cutter, Olfa_X_Design_Heavy_Duty_Knife, Lint-Free-Gloves, Masking_Tape_25mm, Aslan_Squeegee, Swann_Morton_3_Handle, Swann_Morton_10A_Blades, Lint-Free-Cloths, Heavy-Duty-Application-Roller, Rollepro, 4075CT1220, Cover-Styl-Colour-Selector-Box","A","superuser","ADHESIVE_SEMI_PERMANENT","GRADE_POLYPROPYLENE","","","","","","","","","","","","Cover-Styl-K1-Matt-Black","0","coverstyle, cover style, cover styl, cover styl'


","","","1655988576","0","","0","","CHECKBOX"
"K301_Diamond_Plate","VinylEfx Indoor Diamond Plate","K301","R-Tape","14","4","DEFAULT","","","","","0","Nekoosa VinylEfx K301 Indoor Diamond Plate is a metallised silver vinyl with a patterned metallic surface for eye-catching signage and displays.","<html>
<head>
    <title>VinylEfx K301 Indoor Diamond Plate</title>
</head>
<body>
<img style=""height: 53px; width: 250px;"" alt=""Nekoosa logo""
src=""media/ecom/onpagegraphics/Nekoosa_Logo.jpg""><br><br>


<p>Nekoosa VinylEfx® K301 Indoor Diamond Plate is a metallised silver vinyl with a metallic patterned surface for eye-catching signage and displays.</p>

<span style=""font-weight: bold; color: #d7328a;"">Structure:</span>
<ul>
    <li>75<span>&#181;</span>m PVC</li>
    <li>Water-based, clear acrylic adhesive - Permanent</li>
    <li>One-sided coated white Kraft paper - 143g/m<sup>2</sup></li>
</ul>

<span style=""font-weight: bold; color: #d7328a;"">Suitability:</span>
<ul>
    <li>Patterned metallised surface for premium-looking graphics, labels and stickers</li>
<li>VinylEfx® is ideal for producing eye-catching POS displays and promotional advertising and signage</li>
    <li>Designed for interior use on clean, smooth flat or slightly curved 2D surfaces</li>
<li>Short term outdoor durability but edge sealing recommended to optimize durability</li>
    <li>Dry apply only</li>
    <li>These films have the same effect in silver on the adhesive side</li>
</ul>

<span style=""font-weight: bold; color: #d7328a;"">Advantages:</span>
<ul><li>Cuts and weeds easily</li>
<li>Can be printed using Eco-Sol, Solvent & UV ink</li>
<li>Also suitable for new generation Latex inks (700 & 800 series)</li>
    <li>Also available in an <a href=""Category/Vinyl-Efx-Outdoor-Durable"" target=""_blank"" style=""color: #ef088c;"">outdoor durable series</a></li>
    <li>Fire rated to ASTM E-84-11a under classification 'A'</li>
</ul>

<span style=""font-weight: bold; color: #d7328a;"">Ink Compatibility:</span><br>
<ul>
        <img style=""margin: 0 5px 0 0; width: 15px; height: 25px;"" alt=""Eco-Sol Ink"" src=""media/ecom/onpagegraphics/Ink-EcoSol.png""> Eco-solvent&nbsp;&nbsp;
        <img style=""margin: 0 5px 0 0; width: 15px; height: 25px;"" alt=""UV Ink"" src=""media/ecom/onpagegraphics/Ink-UV.png""> UV&nbsp;&nbsp;
<img style=""margin: 0 5px 0 0; width: 15px; height: 25px;"" alt=""Latex Ink"" src=""media/ecom/onpagegraphics/Ink-Latex.png""> Latex (new generation only)
    
</ul>

<span style=""font-weight: bold; color: #d7328a;"">Technical Information:</span><br>
<ul>
    
        <a href=""media/ecom/pdfs/datasheets/EFX-Decorative.pdf"" target=""_blank"">
            <img style=""border: 0; width: 200px; height: 60px;"" alt=""EFX Decorative Datasheet"" src=""media/ecom/onpagegraphics/Datasheet.png"">
        </a>
        <a href=""media/ecom/pdfs/firecertificates/VinyEfx-Decorative-Fire-Certification-2023.pdf"" target=""_blank"">
            <img style=""border: 0; width: 200px; height: 60px;"" alt=""EFX Decorative Fire Certificate"" src=""media/ecom/onpagegraphics/Fire.png"">
        </a>
        <a href=""media/ecom/colselxl/Colourcard_EFX.pdf"" target=""_blank"">
            <img style=""border: 0; width: 200px; height: 60px;"" alt=""EFX Colourcard"" src=""media/ecom/onpagegraphics/Colour.png"">
        </a>
        <a href=""media/ecom/pdfs/applicationguidelines/EFX_Application_Reference_Guide.pdf"" target=""_blank"">
            <img style=""border: 0; width: 200px; height: 60px;"" alt=""Application Guide"" src=""media/ecom/onpagegraphics/App.png"">
        </a>
</ul>

</body>
</html>","K301_Diamond_Plate.png","K301_Diamond_Plate.png","INVITEMS","DEFAULT-K301_Diamond_Plate-DEFAULT-K301_Diamond_Plate","","","0","0","0","","1","REGONLY","0","0","0","0","","","","SELECT","SELECT","0","","","","","0","0","","income-service","","","0","0","","","","","VinylEfx_Decorative","VinylEfx_Decorative, Holographic_Vinyl","","","0","Aslan_Red_Devil_Squeegee, Aslan-Gold-Soft-Squeegee, Aslan_Squeegee, Olfa_X_Design_Heavy_Duty_Knife, Olfa_Graphic_Cutter, Application_Gloves, Lint-Free-Gloves, Masking_Tape_25mm, Lint-Free-Cloths, ","Aslan_Red_Devil_Squeegee, Aslan-Gold-Soft-Squeegee, Aslan_Squeegee, Olfa_X_Design_Heavy_Duty_Knife, Olfa_Graphic_Cutter, Application_Gloves, Lint-Free-Gloves, Masking_Tape_25mm, Lint-Free-Cloths, ","A","","","","","","Polished","","","","","","","","","K301-Diamond-Plate","0","metallic, efx","","","1561993315","0","","0","","CHECKBOX"
"K4_Solid_Light_Brown","K4 Khaki","Cover Styl' K4","Cover_Styl","60","19","DEFAULT","","","","","0","Cover Styl' K4 Khaki self-adhesive coloured film. Buy it by the metre.

","<html>
<head>
<title>Cover Styl' K4 Khaki</title></head>
<body>
<p><img style=""height: 76px; width: 300px;"" alt=""Cover Styl' logo""
src=""media/ecom/onpagegraphics/Coverstyl_Logo.png""></p>
<span style=""font-weight: bold; color: #588ec6;"">SUITABILITY:</span>
<p>This product is designed for interior application only and offers exceptional resistance to water, dirt, abrasion, UV rays and wear (yellowing, cracking, scaling, delamination). </p>
<span style=""font-weight: bold; color: #588ec6;"">MATERIAL CHARACTERISTICS:</span>
<ul><li>Grade: Polymeric</li>
<li>Thickness: 250 micron</li>
<li>Adhesive: Easy Apply Air Release</li>
<li>Appearance: Matt</li>
<li>Stretchable: Yes</li>
<li>Scratch Proof: Average</li>
</ul>
<p>Prices shown are per linear metre at 1220mm wide</p>
</body>
</html>","K4_Solid_Light_Brown.jpg","K4_Solid_Light_Brown.jpg, K4_Solid_Light_Brown_Chimney.jpg","INVITEMS","DEFAULT-K4_Solid_Light_Brown-DEFAULT-K4_Solid_Light_Brown","","","0","0","0","","1","REGONLY","0","0","0","0","","","","SELECT","SELECT","0","","","","","0","0","","income-service","","","0","0","","","","","Cover_Styl_Solid_Colour","Cover_Styl_Solid_Colour","","","0","Olfa_Graphic_Cutter, Olfa_X_Design_Heavy_Duty_Knife, Lint-Free-Gloves, Masking_Tape_25mm, Aslan_Squeegee, Swann_Morton_3_Handle, Swann_Morton_10A_Blades, Lint-Free-Cloths, Heavy-Duty-Application-Roller, Rollepro, 4075CT1220, Cover-Styl-Colour-Selector-Box","Olfa_Graphic_Cutter, Olfa_X_Design_Heavy_Duty_Knife, Lint-Free-Gloves, Masking_Tape_25mm, Aslan_Squeegee, Swann_Morton_3_Handle, Swann_Morton_10A_Blades, Lint-Free-Cloths, Heavy-Duty-Application-Roller, Rollepro, 4075CT1220, Cover-Styl-Colour-Selector-Box","A","superuser","ADHESIVE_SEMI_PERMANENT","GRADE_POLYPROPYLENE","","","","","","","","","","","","Cover-Styl-K4-Khaki","0","coverstyle, cover style, cover styl, cover styl'


","","","1655990655","0","","0","","CHECKBOX"
"K5_Grey_Velvet","K5 Cement Grey","Cover Styl' K5","Cover_Styl","70","19","DEFAULT","","","","","0","Cover Styl' K5 Cement Grey self-adhesive coloured film. Buy it by the metre.

","<html>
<head>
<title>Cover Styl' K5 Cement Grey</title></head>
<body>
<p><img style=""height: 76px; width: 300px;"" alt=""Cover Styl' logo""
src=""media/ecom/onpagegraphics/Coverstyl_Logo.png""></p>
<span style=""font-weight: bold; color: #588ec6;"">SUITABILITY:</span>
<p>This product is designed for interior application only and offers exceptional resistance to water, dirt, abrasion, UV rays and wear (yellowing, cracking, scaling, delamination). </p>
<span style=""font-weight: bold; color: #588ec6;"">MATERIAL CHARACTERISTICS:</span>
<ul><li>Grade: Polymeric</li>
<li>Thickness: 250 micron</li>
<li>Adhesive: Easy Apply Air Release</li>
<li>Appearance: Matt</li>
<li>Stretchable: Yes</li>
<li>Scratch Proof: Average</li>
</ul>
<p>Prices shown are per linear metre at 1220mm wide</p>
</body>
</html>","K5_Grey_Velvet.jpg","K5_Grey_Velvet.jpg, K5_Grey_Velvet_Wall.jpg","INVITEMS","DEFAULT-K5_Grey_Velvet-DEFAULT-K5_Grey_Velvet","","","0","0","0","","1","REGONLY","0","0","0","0","","","","SELECT","SELECT","0","","","","","0","0","","income-service","","","0","0","","","","","Cover_Styl_Solid_Colour","Cover_Styl_Solid_Colour","","","0","Olfa_Graphic_Cutter, Olfa_X_Design_Heavy_Duty_Knife, Lint-Free-Gloves, Masking_Tape_25mm, Aslan_Squeegee, Swann_Morton_3_Handle, Swann_Morton_10A_Blades, Lint-Free-Cloths, Heavy-Duty-Application-Roller, Rollepro, 4075CT1220, Cover-Styl-Colour-Selector-Box","Olfa_Graphic_Cutter, Olfa_X_Design_Heavy_Duty_Knife, Lint-Free-Gloves, Masking_Tape_25mm, Aslan_Squeegee, Swann_Morton_3_Handle, Swann_Morton_10A_Blades, Lint-Free-Cloths, Heavy-Duty-Application-Roller, Rollepro, 4075CT1220, Cover-Styl-Colour-Selector-Box","A","superuser","ADHESIVE_SEMI_PERMANENT","GRADE_POLYPROPYLENE","","","","","","","","","","","","Cover-Styl-K5-Cement-Grey","0","coverstyle, cover style, cover styl, cover styl'


","","","1656004206","0","","0","","CHECKBOX"
"K6_Grey","K6 Light Grey","Cover Styl' K6","Cover_Styl","80","19","DEFAULT","","","","","0","Cover Styl' K6 Light Grey self-adhesive coloured film. Buy it by the metre.

","<html>
<head>
<title>Cover Styl' K6 Light Grey</title></head>
<body>
<p><img style=""height: 76px; width: 300px;"" alt=""Cover Styl' logo""
src=""media/ecom/onpagegraphics/Coverstyl_Logo.png""></p>
<span style=""font-weight: bold; color: #588ec6;"">SUITABILITY:</span>
<p>This product is designed for interior application only and offers exceptional resistance to water, dirt, abrasion, UV rays and wear (yellowing, cracking, scaling, delamination). </p>
<span style=""font-weight: bold; color: #588ec6;"">MATERIAL CHARACTERISTICS:</span>
<ul><li>Grade: Polymeric</li>
<li>Thickness: 250 micron</li>
<li>Adhesive: Easy Apply Air Release</li>
<li>Appearance: Matt</li>
<li>Stretchable: Yes</li>
<li>Scratch Proof: Average</li>
</ul>
<p>Prices shown are per linear metre at 1220mm wide</p>
</body>
</html>","K6_Grey.jpg","K6_Grey.jpg, K6_Grey_Wall.jpg","INVITEMS","DEFAULT-K6_Grey-DEFAULT-K6_Grey","","","0","0","0","","1","REGONLY","0","0","0","0","","","","SELECT","SELECT","0","","","","","0","0","","income-service","","","0","0","","","","","Cover_Styl_Solid_Colour","Cover_Styl_Solid_Colour","","","0","Olfa_Graphic_Cutter, Olfa_X_Design_Heavy_Duty_Knife, Lint-Free-Gloves, Masking_Tape_25mm, Aslan_Squeegee, Swann_Morton_3_Handle, Swann_Morton_10A_Blades, Lint-Free-Cloths, Heavy-Duty-Application-Roller, Rollepro, 4075CT1220, Cover-Styl-Colour-Selector-Box","Olfa_Graphic_Cutter, Olfa_X_Design_Heavy_Duty_Knife, Lint-Free-Gloves, Masking_Tape_25mm, Aslan_Squeegee, Swann_Morton_3_Handle, Swann_Morton_10A_Blades, Lint-Free-Cloths, Heavy-Duty-Application-Roller, Rollepro, 4075CT1220, Cover-Styl-Colour-Selector-Box","A","superuser","ADHESIVE_SEMI_PERMANENT","GRADE_POLYPROPYLENE","","","","","","","","","","","","Cover-Styl-K6-Light-Grey","0","coverstyle, cover style, cover styl, cover styl'


","","","1656004317","0","","0","","CHECKBOX"
"K7_Cream_Grey","K7 Cream Grey","Cover Styl' K7","Cover_Styl","90","19","DEFAULT","","","","","0","Cover Styl' K7 Cream Greyn self-adhesive coloured film. Buy it by the metre.

","<html>
<head>
<title>Cover Styl' K7 Cream Grey</title></head>
<body>
<p><img style=""height: 76px; width: 300px;"" alt=""Cover Styl' logo""
src=""media/ecom/onpagegraphics/Coverstyl_Logo.png""></p>
<span style=""font-weight: bold; color: #588ec6;"">SUITABILITY:</span>
<p>This product is designed for interior application only and offers exceptional resistance to water, dirt, abrasion, UV rays and wear (yellowing, cracking, scaling, delamination). </p>
<span style=""font-weight: bold; color: #588ec6;"">MATERIAL CHARACTERISTICS:</span>
<ul><li>Grade: Polymeric</li>
<li>Thickness: 250 micron</li>
<li>Adhesive: Easy Apply Air Release</li>
<li>Appearance: Matt</li>
<li>Stretchable: Yes</li>
<li>Scratch Proof: Average</li>
</ul>
<p>Prices shown are per linear metre at 1220mm wide</p>
</body>
</html>","K7_Cream_Grey.jpg","K7_Cream_Grey.jpg, K7_Cream_Grey_Wall.jpg","INVITEMS","DEFAULT-K7_Cream_Grey-DEFAULT-K7_Cream_Grey","","","0","0","0","","1","REGONLY","0","0","0","0","","","","SELECT","SELECT","0","","","","","0","0","","income-service","","","0","0","","","","","Cover_Styl_Solid_Colour","Cover_Styl_Solid_Colour","","","0","Olfa_Graphic_Cutter, Olfa_X_Design_Heavy_Duty_Knife, Lint-Free-Gloves, Masking_Tape_25mm, Aslan_Squeegee, Swann_Morton_3_Handle, Swann_Morton_10A_Blades, Lint-Free-Cloths, Heavy-Duty-Application-Roller, Rollepro, 4075CT1220, Cover-Styl-Colour-Selector-Box","Olfa_Graphic_Cutter, Olfa_X_Design_Heavy_Duty_Knife, Lint-Free-Gloves, Masking_Tape_25mm, Aslan_Squeegee, Swann_Morton_3_Handle, Swann_Morton_10A_Blades, Lint-Free-Cloths, Heavy-Duty-Application-Roller, Rollepro, 4075CT1220, Cover-Styl-Colour-Selector-Box","A","superuser","ADHESIVE_SEMI_PERMANENT","GRADE_POLYPROPYLENE","","","","","","","","","","","","Cover-Styl-K7-Cream-Grey","0","coverstyle, cover style, cover styl, cover styl'


","","","1656004464","0","","0","","CHECKBOX"
"Kernow-Klearview-142SGC","Kernow Klearview 142SGC Transparent Film","142SGC","Kernow","5","0","DEFAULT","","","","","0","Kernow Klearview 142SGC is a non-adhesive glass clear polyester film for window displays, point of sale displays, overlays and colour separations.








","<html>

<head><title>Kernow Klearview 142SGC</title>
<style>
.responsive {
  width: 50%;
  height: auto;
}
</style>

</head>
<body>
<img style=""height: 80px; width: 190px;"" alt=""Kernow logo""
src=""media/ecom/onpagegraphics/KernowLogo.jpg"" class=""responsive""><br>


<p>Kernow Klearview 142SGC is a non-adhesive glass clear polyester film for window displays, point of sale displays, overlays and colour separations.</p>


<img style=""border: 0px solid; float: right; width: 75px; height: 75px;"" alt=""pvc free""
src=""media/ecom/onpagegraphics/PVC_free_logo.png"">

<span style=""font-weight: bold; color: #d7328a;"">Structure:</span><br>
<ul><li>142<span>&#181;</span>m Transparent Polyester
</li></ul>

<span style=""font-weight: bold; color: #d7328a;"">Suitability:</span><br>
<ul><li>Transparent POS display, adverts and promotions</li>
<li>Map overlays and colour separations</li>
<li>Can be printed with white ink understrike for one sided displays</li>
<li>Print with white mid-strike for two sided displays</li>
<li>Hanging KlearView from the ceiling offers a unique way to advertise or can be used to direct and inform visitors</li></ul>

<span style=""font-weight: bold; color: #d7328a;"">Advantages:</span><br>
<ul><li>Glass clear, high gloss coating</li>
<li>100% Waterproof</li>
<li>Antistatic back coating avoids attracting dust and slipping in the printer</li>
<li>When application cannot be made without air bubbles, just apply the film with clear adhesive pads
</li><br>
<img style=""border: 0px solid ; width: 50px; height: 50px; alt=""reward points logo""
src=""media/ecom/onpagegraphics/Reward_Logo.png""><span style=""font-weight: bold; color: #ef7d00;"">Earn Reward Points every time you buy this product</span></ul>

<span style=""font-weight: bold; color: #d7328a;"">Ink Compatibility:</span><br>
<ul>
<img style=""margin: 0px 5px 0px 0px; width: 15px; height: 25px;"" alt=""Eco-Sol Ink""
src=""media/ecom/onpagegraphics/Ink-EcoSol.png"">Eco-solvent &nbsp;&nbsp;
<img style=""margin: 0px 5px 0px 0px; width: 15px; height: 25px;"" alt=""Latex Ink""
src=""media/ecom/onpagegraphics/Ink-Latex.png"">Latex &nbsp;&nbsp;
<img style=""margin: 0px 5px 0px 0px; width: 15px; height: 25px;"" alt=""UV Ink""
src=""media/ecom/onpagegraphics/Ink-UV.png"">UV</ul>

<span style=""font-weight: bold; color: #d7328a;"">Technical Information:</span><br>
<ul>
<a href=""media/ecom/pdfs/datasheets/Klearview-TDS-2023.pdf"" target=""_blank""><img
style=""border: 0px solid ; width: 200px; height: 60px;"" alt=""Kernow Klearview 142SGC Datasheet""
src=""media/ecom/onpagegraphics/Datasheet.png""></a>
<a href=""https://www.dorotape.co.uk/Print-Profiles-User-Guide""
target=""_blank""><img style=""width: 200px; height: 60px;"" alt=""printing profile guide""
src=""media/ecom/onpagegraphics/Profile.png""></a></ul>

<p style=""font-weight: bold; font-size: 1.0em;"">Prices shown are per roll at 1370mm wide</p>

</body>
</html>","Kernow-Klearview.jpg","Kernow-Klearview.jpg","INVITEMS","DEFAULT-Kernow-Klearview-142SGC-DEFAULT-Kernow-Klearview-142SGC","","","0","0","0","","1","REGONLY","0","0","0","0","","","","SELECT","SELECT","0","","","","","0","0","","income-service","","","0","0","","FREESHIPPING","https://www.youtube.com/embed/5YdrouSA9Ck?si=RZ65VkOaW45k9lMN","","Digital_Print_Backlit_Film","HP-Latex-Compatible-Media, PVC_Free_Media, Digital_Print_Window_Film","","","0","Olfa_Graphic_Cutter, Olfa_X_Design_Heavy_Duty_Knife, Lint-Free-Gloves, Yellow_Ruler, Swann_Morton_3_Handle, Swann_Morton_10A_Blades,","Olfa_Graphic_Cutter, Olfa_X_Design_Heavy_Duty_Knife, Lint-Free-Gloves, Yellow_Ruler, Swann_Morton_3_Handle, Swann_Morton_10A_Blades,","A","superuser","ADHESIVE_NON","GRADE_POLYESTER","SUITABILITY_BACKLIT","","","","","","","","","","","","0","kernow, klearview, 142sgc, glass, clear, transparent







































","","","1698416887","0","","0","","CHECKBOX"
"KWIK-FIX","Kwik Fix Discs","KWIK-F","Doro_Tape","200","1","DEFAULT","","","","","0","Easy to use self-adhesive discs for attaching rigid signs to external and internal posts - 75mm diameter.","<html>
<head>
<title>Eco Swinger</title>
</head>
<body>
<p>Easy to use self-adhesive discs for attaching rigid signs to external and internal posts.</p>
<p>Ideal for use at events, festivals, retail, construction and health & safety signage.</p>
<ul><li>Simple to apply to the back of your sign</li>
<li>75mm diameter tough plastic discs</li>
<li>Thread cable ties through molded section and secure around post</li>
<li>Proven to bond well to ACP (Aluminium Composite Panel), Foamed PVC, Fluted Board, Wood, Acrylic & Glass</li>
  <li>Exceptionally strong - holds in excess of 4kg</li>
  <li>Withstands the worst weather conditions</li>
  <li>Can be reused time and time again</li></ul>
</body>
</html>
","Kwik-Fix.png","Kwik-Fix.png","INVITEMS","DEFAULT-KWIK-FIX-DEFAULT-KWIK-FIX","","","0","0","0","","1","REGONLY","0","0","0","0","","","","SELECT","SELECT","0","","","","","0","0","","income-service","","","0","0","","","","","Pavement_Signs","Pavement_Signs, Foamed-PVC, Double-Sided-Tape, Aluminium-Composite, Covid_Kit","","","0","","","A","","","","","","","","","","","","","","","","0","","","","1584632383","0","","0","","CHECKBOX"
"L100","Ri-Mark Event 100 Gloss White","L100","Ritrama","10","1","DEFAULT","","","","","0","Ri-Mark Event 100 Gloss White monomeric self-adhesive vinyl for short to medium term outdoor and indoor signage and display applications. Coated on a blue contrast liner to aid weeding and application.","<html>
<head><title>Ri-Mark Event 100 Gloss White</title>

<style>
.responsive {
  width: 50%;
  height: auto;
}
</style>
</head>

<body>
<img src=""media/ecom/onpagegraphics/Fedrigoni_Logo.jpg"" alt=""Fedrigoni Logo"" class=""responsive"">
<p>Ri-Mark Event 100 Gloss White monomeric self-adhesive vinyl is designed for short to medium term outdoor and indoor signage, point of sale displays and exhibition graphics.</p>

<span style=""font-weight: bold; color: #d7328a;"">Structure:</span><br>
<ul><li>70<span>&#181;</span>m Monomeric calendered PVC</li>
<li>Transparent water based adhesive - Permanent</li>
<li>Clay coated kraft paper liner - 120gm<sup>2</sup>
</li></ul>

<span style=""font-weight: bold; color: #d7328a;"">Suitability:</span><br>
<ul><li>Suitable for application to smooth flat and 2D curved surfaces</li>
<li>Ideal for short to medium term outdoor and indoor signage, point of sale displays and exhibition graphics</li>
<li>Water based adhesive provides good dimensional stability and clean removability from most substrates</li>
<li>Suitable for dry or wet application methods (Please note that if applying wet on to glass, the adhesive may become milky but this will clear when the adhesive has dried)</li>
<li>Outdoor durability of up to 5 years</li></ul>

<span style=""font-weight: bold; color: #d7328a;"">Advantages:</span><br>
<ul><li>Event 100 Gloss White has a blue contrast kraft liner to aid weeding and application</li>
<li>Clean removability from most substrates for short term applications</li>
<li>Fire Rated to Euroclass DIN EN 13501-1:2019-05 with classification B-s1-d0</li>
<li>Available in a wide range of opaque gloss and matt colours for any project</li></ul>

<span style=""font-weight: bold; color: #d7328a;"">Technical Information:</span><br>
<ul><a href=""media/ecom/pdfs/datasheets/TDS_Ri_MarkEvent_uk_issue1_b756.pdf"" target=""_blank""><img
style=""border: 0px solid ; width: 200px; height: 60px;"" alt=""Ri-Mark Event Datasheet""
src=""media/ecom/onpagegraphics/Datasheet.png""></a>
<a href=""media/ecom/colselxl/digital_colour_card_Ri_Mark_Event.pdf"" target=""_blank""><img
style=""border: 0px solid ; width: 200px; height: 60px;"" alt=""Ri-Mark Event Colour Selector""
src=""media/ecom/onpagegraphics/Colour.png""></a></ul>
</body>
</html>","Event_100_Gloss_White.png","Event_100_Gloss_White.png","INVITEMS","DEFAULT-L100-DEFAULT-L100","","","0","0","0","","1","REGONLY","0","0","0","0","","","","SELECT","SELECT","0","","","","","0","0","","income-service","","","0","0","","","","","Ritrama_L_Range","Ritrama_L_Range","","","0","900EMT1220, 4075CT1220, 903C1220, Aslan_Red_Devil_Squeegee, Olfa_X_Design_Heavy_Duty_Knife, Masking_Tape_25mm, Aslan-Gold-Soft-Squeegee, Olfa_Graphic_Cutter, Swann_Morton_3_Handle, Swann_Morton_10A_Blades, Float_On","900EMT1220, 4075CT1220, 903C1220, Aslan_Red_Devil_Squeegee, Olfa_X_Design_Heavy_Duty_Knife, Masking_Tape_25mm, Aslan-Gold-Soft-Squeegee, Olfa_Graphic_Cutter, Swann_Morton_3_Handle, Swann_Morton_10A_Blades, Float_On","A","","","","","White","Gloss","","","","","","","","","Ri-Mark-Event-100-Gloss-White","0","vinyl, monomeric, event, ritrama, fedrigoni, 100, L100, L series, L grade, L range, l100, white, sign, vinyl, signvinyl, gloss, ","","","1616510283","0","","0","","CHECKBOX"
"L101","Ri-Mark Event 101 Gloss Black","L101","Ritrama","430","1","DEFAULT","","","","","0","Ri-Mark Event 101 Gloss Black monomeric self-adhesive vinyl for short to medium term outdoor and indoor signage and display applications.","<html>
<head><title>Ri-Mark Event 101 Gloss Black</title>

<style>
.responsive {
  width: 50%;
  height: auto;
}
</style>
</head>

<body>
<img src=""media/ecom/onpagegraphics/Fedrigoni_Logo.jpg"" alt=""Fedrigoni Logo"" class=""responsive"">
<p>Ri-Mark Event 101 Gloss Black monomeric self-adhesive vinyl is designed for short to medium term outdoor and indoor signage, point of sale displays and exhibition graphics.</p>

<span style=""font-weight: bold; color: #d7328a;"">Structure:</span><br>
<ul><li>70<span>&#181;</span>m Monomeric calendered PVC</li>
<li>Transparent water based adhesive - Permanent</li>
<li>Clay coated kraft paper liner - 120gm<sup>2</sup>
</li></ul>

<span style=""font-weight: bold; color: #d7328a;"">Suitability:</span><br>
<ul><li>Suitable for application to smooth flat and 2D curved surfaces</li>
<li>Ideal for short to medium term outdoor and indoor signage, point of sale displays and exhibition graphics</li>
<li>Water based adhesive provides good dimensional stability and clean removability from most substrates</li>
<li>Suitable for dry or wet application methods (Please note that if applying wet on to glass, the adhesive may become milky but this will clear when the adhesive has dried)</li>
<li>Outdoor durability of up to 4 years</li></ul>

<span style=""font-weight: bold; color: #d7328a;"">Advantages:</span><br>
<ul><li>Event 100 Gloss White has a blue contrast kraft liner to aid weeding and application</li>
<li>Clean removability from most substrates for short term applications</li>
<li>Fire Rated to Euroclass DIN EN 13501-1:2019-05 with classification B-s1-d0</li>
<li>Available in a wide range of opaque gloss and matt colours for any project</li></ul>

<span style=""font-weight: bold; color: #d7328a;"">Technical Information:</span><br>
<ul><a href=""media/ecom/pdfs/datasheets/TDS_Ri_MarkEvent_uk_issue1_b756.pdf"" target=""_blank""><img
style=""border: 0px solid ; width: 200px; height: 60px;"" alt=""Ri-Mark Event Datasheet""
src=""media/ecom/onpagegraphics/Datasheet.png""></a>
<a href=""media/ecom/colselxl/digital_colour_card_Ri_Mark_Event.pdf"" target=""_blank""><img
style=""border: 0px solid ; width: 200px; height: 60px;"" alt=""Ri-Mark Event Colour Selector""
src=""media/ecom/onpagegraphics/Colour.png""></a></ul>
</body>
</html>","Event_101_Gloss_Black.png","Event_101_Gloss_Black.png","INVITEMS","DEFAULT-L101-DEFAULT-L101","","","0","0","0","","1","REGONLY","0","0","0","0","","","","SELECT","SELECT","0","","","","","0","0","","income-service","","","0","0","","","","","Ritrama_L_Range","Ritrama_L_Range","","","0","900EMT1220, 4075CT1220, 903C1220, Aslan_Red_Devil_Squeegee, Olfa_X_Design_Heavy_Duty_Knife, Masking_Tape_25mm, Aslan-Gold-Soft-Squeegee, Olfa_Graphic_Cutter, Swann_Morton_3_Handle, Swann_Morton_10A_Blades, Float_On","900EMT1220, 4075CT1220, 903C1220, Aslan_Red_Devil_Squeegee, Olfa_X_Design_Heavy_Duty_Knife, Masking_Tape_25mm, Aslan-Gold-Soft-Squeegee, Olfa_Graphic_Cutter, Swann_Morton_3_Handle, Swann_Morton_10A_Blades, Float_On","A","","","","","Black","Gloss","","","","","","","","","Ri-Mark-Event-101-Gloss-Black","0","vinyl, monomeric, event, ritrama, fedrigoni, 101 L range, L series, L grade, sign, vinyl, signvinyl, gloss, l101, black, ","","","1616510213","0","","0","","CHECKBOX"
"L103","Ri-Mark Event 103 Gloss Charcoal","L103","Ritrama","400","1","DEFAULT","","","","","0","Ri-Mark Event 103 Gloss Charcoal monomeric self-adhesive vinyl for short to medium term outdoor and indoor signage and display applications.","<html>
<head><title>Ri-Mark Event 103 Gloss Charcoal</title>

<style>
.responsive {
  width: 50%;
  height: auto;
}
</style>
</head>

<body>
<img src=""media/ecom/onpagegraphics/Fedrigoni_Logo.jpg"" alt=""Fedrigoni Logo"" class=""responsive"">
<p>Ri-Mark Event 103 Gloss Charcoal monomeric self-adhesive vinyl is designed for short to medium term outdoor and indoor signage, point of sale displays and exhibition graphics.</p>

<span style=""font-weight: bold; color: #d7328a;"">Structure:</span><br>
<ul><li>70<span>&#181;</span>m Monomeric calendered PVC</li>
<li>Transparent water based adhesive - Permanent</li>
<li>Clay coated kraft paper liner - 120gm<sup>2</sup>
</li></ul>

<span style=""font-weight: bold; color: #d7328a;"">Suitability:</span><br>
<ul><li>Suitable for application to smooth flat and 2D curved surfaces</li>
<li>Ideal for short to medium term outdoor and indoor signage, point of sale displays and exhibition graphics</li>
<li>Water based adhesive provides good dimensional stability and clean removability from most substrates</li>
<li>Suitable for dry or wet application methods (Please note that if applying wet on to glass, the adhesive may become milky but this will clear when the adhesive has dried)</li>
<li>Outdoor durability of up to 3 years</li></ul>

<span style=""font-weight: bold; color: #d7328a;"">Advantages:</span><br>
<ul><li>Event 100 Gloss White has a blue contrast kraft liner to aid weeding and application</li>
<li>Clean removability from most substrates for short term applications</li>
<li>Fire Rated to Euroclass DIN EN 13501-1:2019-05 with classification B-s1-d0</li>
<li>Available in a wide range of opaque gloss and matt colours for any project</li></ul>

<span style=""font-weight: bold; color: #d7328a;"">Technical Information:</span><br>
<ul><a href=""media/ecom/pdfs/datasheets/TDS_Ri_MarkEvent_uk_issue1_b756.pdf"" target=""_blank""><img
style=""border: 0px solid ; width: 200px; height: 60px;"" alt=""Ri-Mark Event Datasheet""
src=""media/ecom/onpagegraphics/Datasheet.png""></a>
<a href=""media/ecom/colselxl/digital_colour_card_Ri_Mark_Event.pdf"" target=""_blank""><img
style=""border: 0px solid ; width: 200px; height: 60px;"" alt=""Ri-Mark Event Colour Selector""
src=""media/ecom/onpagegraphics/Colour.png""></a></ul>
</body>
</html>","Event_103_Gloss_Charcoal.png","Event_103_Gloss_Charcoal.png","INVITEMS","DEFAULT-L103-DEFAULT-L103","","","0","0","0","","1","REGONLY","0","0","0","0","","","","SELECT","SELECT","0","","","","","0","0","","income-service","","","0","0","","","","","Ritrama_L_Range","Ritrama_L_Range","","","0","900EMT1220, 4075CT1220, 903C1220, Aslan_Red_Devil_Squeegee, Olfa_X_Design_Heavy_Duty_Knife, Masking_Tape_25mm, Aslan-Gold-Soft-Squeegee, Olfa_Graphic_Cutter, Swann_Morton_3_Handle, Swann_Morton_10A_Blades, Float_On","900EMT1220, 4075CT1220, 903C1220, Aslan_Red_Devil_Squeegee, Olfa_X_Design_Heavy_Duty_Knife, Masking_Tape_25mm, Aslan-Gold-Soft-Squeegee, Olfa_Graphic_Cutter, Swann_Morton_3_Handle, Swann_Morton_10A_Blades, Float_On","A","","","","","Metallics, Greys, Colours","Gloss","","","","","","","","","Ri-Mark-Event-103-Gloss-Charcoal","0","vinyl, monomeric, event, ritrama, fedrigoni, 103, L range, L series, L grade, sign, vinyl, signvinyl, gloss, l103, grey, charcoal, ","","","1671720530","0","","0","","CHECKBOX"
"L104","Ri-Mark Event 104 Gloss Grey","L104","Ritrama","380","1","DEFAULT","","","","","0","Ri-Mark Event 104 Gloss Grey monomeric self-adhesive vinyl for short to medium term outdoor and indoor signage and display applications.","<html>
<head><title>Ri-Mark Event 104 Gloss Grey</title>

<style>
.responsive {
  width: 50%;
  height: auto;
}
</style>
</head>

<body>
<img src=""media/ecom/onpagegraphics/Fedrigoni_Logo.jpg"" alt=""Fedrigoni Logo"" class=""responsive"">
<p>Ri-Mark Event 104 Gloss Grey monomeric self-adhesive vinyl is designed for short to medium term outdoor and indoor signage, point of sale displays and exhibition graphics.</p>

<span style=""font-weight: bold; color: #d7328a;"">Structure:</span><br>
<ul><li>70<span>&#181;</span>m Monomeric calendered PVC</li>
<li>Transparent water based adhesive - Permanent</li>
<li>Clay coated kraft paper liner - 120gm<sup>2</sup>
</li></ul>

<span style=""font-weight: bold; color: #d7328a;"">Suitability:</span><br>
<ul><li>Suitable for application to smooth flat and 2D curved surfaces</li>
<li>Ideal for short to medium term outdoor and indoor signage, point of sale displays and exhibition graphics</li>
<li>Water based adhesive provides good dimensional stability and clean removability from most substrates</li>
<li>Suitable for dry or wet application methods (Please note that if applying wet on to glass, the adhesive may become milky but this will clear when the adhesive has dried)</li>
<li>Outdoor durability of up to 4 years</li></ul>

<span style=""font-weight: bold; color: #d7328a;"">Advantages:</span><br>
<ul><li>Event 100 Gloss White has a blue contrast kraft liner to aid weeding and application</li>
<li>Clean removability from most substrates for short term applications</li>
<li>Fire Rated to Euroclass DIN EN 13501-1:2019-05 with classification B-s1-d0</li>
<li>Available in a wide range of opaque gloss and matt colours for any project</li></ul>

<span style=""font-weight: bold; color: #d7328a;"">Technical Information:</span><br>
<ul><a href=""media/ecom/pdfs/datasheets/TDS_Ri_MarkEvent_uk_issue1_b756.pdf"" target=""_blank""><img
style=""border: 0px solid ; width: 200px; height: 60px;"" alt=""Ri-Mark Event Datasheet""
src=""media/ecom/onpagegraphics/Datasheet.png""></a>
<a href=""media/ecom/colselxl/digital_colour_card_Ri_Mark_Event.pdf"" target=""_blank""><img
style=""border: 0px solid ; width: 200px; height: 60px;"" alt=""Ri-Mark Event Colour Selector""
src=""media/ecom/onpagegraphics/Colour.png""></a></ul>
</body>
</html>","Event_104_Gloss_Grey.png","Event_104_Gloss_Grey.png","INVITEMS","DEFAULT-L104-DEFAULT-L104","","","0","0","0","","1","REGONLY","0","0","0","0","","","","SELECT","SELECT","0","","","","","0","0","","income-service","","","0","0","","","","","Ritrama_L_Range","Ritrama_L_Range","","","0","900EMT1220, 4075CT1220, 903C1220, Aslan_Red_Devil_Squeegee, Olfa_X_Design_Heavy_Duty_Knife, Masking_Tape_25mm, Aslan-Gold-Soft-Squeegee, Olfa_Graphic_Cutter, Swann_Morton_3_Handle, Swann_Morton_10A_Blades, Float_On","900EMT1220, 4075CT1220, 903C1220, Aslan_Red_Devil_Squeegee, Olfa_X_Design_Heavy_Duty_Knife, Masking_Tape_25mm, Aslan-Gold-Soft-Squeegee, Olfa_Graphic_Cutter, Swann_Morton_3_Handle, Swann_Morton_10A_Blades, Float_On","A","","","","","Greys, Colours","Gloss","","","","","","","","","Ri-Mark-Event-104-Gloss-Grey","0","vinyl, monomeric, event, ritrama, fedrigoni, 104, L range, L series, L grade, sign, vinyl, signvinyl, gloss, l104, grey, ","","","1671720249","0","","0","","CHECKBOX"
"L105","Ri-Mark Event 105 Gloss Beige","L105","Ritrama","140","1","DEFAULT","","","","","0","Ri-Mark Event 105 Gloss Beige monomeric self-adhesive vinyl for short to medium term outdoor and indoor signage and display applications.","<html>
<head><title>Ri-Mark Event 105 Gloss Beige</title>

<style>
.responsive {
  width: 50%;
  height: auto;
}
</style>
</head>

<body>
<img src=""media/ecom/onpagegraphics/Fedrigoni_Logo.jpg"" alt=""Fedrigoni Logo"" class=""responsive"">
<p>Ri-Mark Event 105 Gloss Beige monomeric self-adhesive vinyl is designed for short to medium term outdoor and indoor signage, point of sale displays and exhibition graphics.</p>

<span style=""font-weight: bold; color: #d7328a;"">Structure:</span><br>
<ul><li>70<span>&#181;</span>m Monomeric calendered PVC</li>
<li>Transparent water based adhesive - Permanent</li>
<li>Clay coated kraft paper liner - 120gm<sup>2</sup>
</li></ul>

<span style=""font-weight: bold; color: #d7328a;"">Suitability:</span><br>
<ul><li>Suitable for application to smooth flat and 2D curved surfaces</li>
<li>Ideal for short to medium term outdoor and indoor signage, point of sale displays and exhibition graphics</li>
<li>Water based adhesive provides good dimensional stability and clean removability from most substrates</li>
<li>Suitable for dry or wet application methods (Please note that if applying wet on to glass, the adhesive may become milky but this will clear when the adhesive has dried)</li>
<li>Outdoor durability of up to 4 years</li></ul>

<span style=""font-weight: bold; color: #d7328a;"">Advantages:</span><br>
<ul><li>Event 100 Gloss White has a blue contrast kraft liner to aid weeding and application</li>
<li>Clean removability from most substrates for short term applications</li>
<li>Fire Rated to Euroclass DIN EN 13501-1:2019-05 with classification B-s1-d0</li>
<li>Available in a wide range of opaque gloss and matt colours for any project</li></ul>

<span style=""font-weight: bold; color: #d7328a;"">Technical Information:</span><br>
<ul><a href=""media/ecom/pdfs/datasheets/TDS_Ri_MarkEvent_uk_issue1_b756.pdf"" target=""_blank""><img
style=""border: 0px solid ; width: 200px; height: 60px;"" alt=""Ri-Mark Event Datasheet""
src=""media/ecom/onpagegraphics/Datasheet.png""></a>
<a href=""media/ecom/colselxl/digital_colour_card_Ri_Mark_Event.pdf"" target=""_blank""><img
style=""border: 0px solid ; width: 200px; height: 60px;"" alt=""Ri-Mark Event Colour Selector""
src=""media/ecom/onpagegraphics/Colour.png""></a></ul>
</body>
</html>","Event_105_Gloss_Beige.png","Event_105_Gloss_Beige.png","INVITEMS","DEFAULT-L105-DEFAULT-L105","","","0","0","0","","1","REGONLY","0","0","0","0","","","","SELECT","SELECT","0","","","","","0","0","","income-service","","","0","0","","","","","Ritrama_L_Range","Ritrama_L_Range","","","0","900EMT1220, 4075CT1220, 903C1220, Aslan_Red_Devil_Squeegee, Olfa_X_Design_Heavy_Duty_Knife, Masking_Tape_25mm, Aslan-Gold-Soft-Squeegee, Olfa_Graphic_Cutter, Swann_Morton_3_Handle, Swann_Morton_10A_Blades, Float_On","900EMT1220, 4075CT1220, 903C1220, Aslan_Red_Devil_Squeegee, Olfa_X_Design_Heavy_Duty_Knife, Masking_Tape_25mm, Aslan-Gold-Soft-Squeegee, Olfa_Graphic_Cutter, Swann_Morton_3_Handle, Swann_Morton_10A_Blades, Float_On","A","","","","","Beiges, Colours","Gloss","","","","","","","","","Ri-Mark-Event-105-Gloss-Beige","0","vinyl, monomeric, event, ritrama, fedrigoni, 100, L100, L range, L series, L grade, sign, vinyl, signvinyl, l105, beige, gloss,","","","1616510077","0","","0","","CHECKBOX"
"L107","Ri-Mark Event 107 Gloss Dark Grey","L107","Ritrama","390","1","DEFAULT","","","","","0","Ri-Mark Event 107 Gloss Dark Grey monomeric self-adhesive vinyl for short to medium term outdoor and indoor signage and display applications.","<html>
<head><title>Ri-Mark Event 107 Gloss Dark Grey</title>

<style>
.responsive {
  width: 50%;
  height: auto;
}
</style>
</head>

<body>
<img src=""media/ecom/onpagegraphics/Fedrigoni_Logo.jpg"" alt=""Fedrigoni Logo"" class=""responsive"">
<p>Ri-Mark Event 107 Gloss Dark Grey monomeric self-adhesive vinyl is designed for short to medium term outdoor and indoor signage, point of sale displays and exhibition graphics.</p>

<span style=""font-weight: bold; color: #d7328a;"">Structure:</span><br>
<ul><li>70<span>&#181;</span>m Monomeric calendered PVC</li>
<li>Transparent water based adhesive - Permanent</li>
<li>Clay coated kraft paper liner - 120gm<sup>2</sup>
</li></ul>

<span style=""font-weight: bold; color: #d7328a;"">Suitability:</span><br>
<ul><li>Suitable for application to smooth flat and 2D curved surfaces</li>
<li>Ideal for short to medium term outdoor and indoor signage, point of sale displays and exhibition graphics</li>
<li>Water based adhesive provides good dimensional stability and clean removability from most substrates</li>
<li>Suitable for dry or wet application methods (Please note that if applying wet on to glass, the adhesive may become milky but this will clear when the adhesive has dried)</li>
<li>Outdoor durability of up to 4 years</li></ul>

<span style=""font-weight: bold; color: #d7328a;"">Advantages:</span><br>
<ul><li>Event 100 Gloss White has a blue contrast kraft liner to aid weeding and application</li>
<li>Clean removability from most substrates for short term applications</li>
<li>Fire Rated to Euroclass DIN EN 13501-1:2019-05 with classification B-s1-d0</li>
<li>Available in a wide range of opaque gloss and matt colours for any project</li></ul>

<span style=""font-weight: bold; color: #d7328a;"">Technical Information:</span><br>
<ul><a href=""media/ecom/pdfs/datasheets/TDS_Ri_MarkEvent_uk_issue1_b756.pdf"" target=""_blank""><img
style=""border: 0px solid ; width: 200px; height: 60px;"" alt=""Ri-Mark Event Datasheet""
src=""media/ecom/onpagegraphics/Datasheet.png""></a>
<a href=""media/ecom/colselxl/digital_colour_card_Ri_Mark_Event.pdf"" target=""_blank""><img
style=""border: 0px solid ; width: 200px; height: 60px;"" alt=""Ri-Mark Event Colour Selector""
src=""media/ecom/onpagegraphics/Colour.png""></a></ul>
</body>
</html>","Event_107_Gloss_Dark_Grey.png","Event_107_Gloss_Dark_Grey.png","INVITEMS","DEFAULT-L107-DEFAULT-L107","","","0","0","0","","1","REGONLY","0","0","0","0","","","","SELECT","SELECT","0","","","","","0","0","","income-service","","","0","0","","","","","Ritrama_L_Range","Ritrama_L_Range","","","0","900EMT1220, 4075CT1220, 903C1220, Aslan_Red_Devil_Squeegee, Olfa_X_Design_Heavy_Duty_Knife, Masking_Tape_25mm, Aslan-Gold-Soft-Squeegee, Olfa_Graphic_Cutter, Swann_Morton_3_Handle, Swann_Morton_10A_Blades, Float_On","900EMT1220, 4075CT1220, 903C1220, Aslan_Red_Devil_Squeegee, Olfa_X_Design_Heavy_Duty_Knife, Masking_Tape_25mm, Aslan-Gold-Soft-Squeegee, Olfa_Graphic_Cutter, Swann_Morton_3_Handle, Swann_Morton_10A_Blades, Float_On","A","","","","","Greys, Colours","Gloss","","","","","","","","","Ri-Mark-Event-107-Gloss-Dark-Grey","0","vinyl, monomeric, event, ritrama, fedrigoni, 107, L range, L series, L grade, sign, vinyl, signvinyl, gloss, l107, grey, dark, darkgrey,  ","","","1671720385","0","","0","","CHECKBOX"
"L110","Ri-Mark Event 110 Gloss Primrose","L110","Ritrama","20","1","DEFAULT","","","","","0","Ri-Mark Event 110 Gloss Primrose monomeric self-adhesive vinyl for short to medium term outdoor and indoor signage and display applications.","<html>
<head><title>Ri-Mark Event 110 Gloss Primrose</title>

<style>
.responsive {
  width: 50%;
  height: auto;
}
</style>
</head>

<body>
<img src=""media/ecom/onpagegraphics/Fedrigoni_Logo.jpg"" alt=""Fedrigoni Logo"" class=""responsive"">
<p>Ri-Mark Event 110 Gloss Primrose monomeric self-adhesive vinyl is designed for short to medium term outdoor and indoor signage, point of sale displays and exhibition graphics.</p>

<span style=""font-weight: bold; color: #d7328a;"">Structure:</span><br>
<ul><li>70<span>&#181;</span>m Monomeric calendered PVC</li>
<li>Transparent water based adhesive - Permanent</li>
<li>Clay coated kraft paper liner - 120gm<sup>2</sup>
</li></ul>

<span style=""font-weight: bold; color: #d7328a;"">Suitability:</span><br>
<ul><li>Suitable for application to smooth flat and 2D curved surfaces</li>
<li>Ideal for short to medium term outdoor and indoor signage, point of sale displays and exhibition graphics</li>
<li>Water based adhesive provides good dimensional stability and clean removability from most substrates</li>
<li>Suitable for dry or wet application methods (Please note that if applying wet on to glass, the adhesive may become milky but this will clear when the adhesive has dried)</li>
<li>Outdoor durability of up to 4 years</li></ul>

<span style=""font-weight: bold; color: #d7328a;"">Advantages:</span><br>
<ul><li>Event 100 Gloss White has a blue contrast kraft liner to aid weeding and application</li>
<li>Clean removability from most substrates for short term applications</li>
<li>Fire Rated to Euroclass DIN EN 13501-1:2019-05 with classification B-s1-d0</li>
<li>Available in a wide range of opaque gloss and matt colours for any project</li></ul>

<span style=""font-weight: bold; color: #d7328a;"">Technical Information:</span><br>
<ul><a href=""media/ecom/pdfs/datasheets/TDS_Ri_MarkEvent_uk_issue1_b756.pdf"" target=""_blank""><img
style=""border: 0px solid ; width: 200px; height: 60px;"" alt=""Ri-Mark Event Datasheet""
src=""media/ecom/onpagegraphics/Datasheet.png""></a>
<a href=""media/ecom/colselxl/digital_colour_card_Ri_Mark_Event.pdf"" target=""_blank""><img
style=""border: 0px solid ; width: 200px; height: 60px;"" alt=""Ri-Mark Event Colour Selector""
src=""media/ecom/onpagegraphics/Colour.png""></a></ul>
</body>
</html>","Event_110_Gloss_Primrose.png","Event_110_Gloss_Primrose.png","INVITEMS","DEFAULT-L110-DEFAULT-L110","","","0","0","0","","1","REGONLY","0","0","0","0","","","","SELECT","SELECT","0","","","","","0","0","","income-service","","","0","0","","","","","Ritrama_L_Range","Ritrama_L_Range","","","0","900EMT1220, 4075CT1220, 903C1220, Aslan_Red_Devil_Squeegee, Olfa_X_Design_Heavy_Duty_Knife, Masking_Tape_25mm, Aslan-Gold-Soft-Squeegee, Olfa_Graphic_Cutter, Swann_Morton_3_Handle, Swann_Morton_10A_Blades, Float_On","900EMT1220, 4075CT1220, 903C1220, Aslan_Red_Devil_Squeegee, Olfa_X_Design_Heavy_Duty_Knife, Masking_Tape_25mm, Aslan-Gold-Soft-Squeegee, Olfa_Graphic_Cutter, Swann_Morton_3_Handle, Swann_Morton_10A_Blades, Float_On","A","","","","","Yellows, Colours","Gloss","","","","","","","","","Ri-Mark-Event-110-Gloss-Primrose","0","vinyl, monomeric, event, ritrama, fedrigoni, 110, L range, L series, L grade, sign, vinyl, signvinyl, gloss, l110, primrose, yellow, primroseyellow","","","1671628857","0","","0","","CHECKBOX"
"L111","Ri-Mark Event 111 Gloss Golden Yellow","L111","Ritrama","60","1","DEFAULT","","","","","0","Ri-Mark Event 111 Gloss Golden Yellow monomeric self-adhesive vinyl for short to medium term outdoor and indoor signage and display applications.","<html>
<head><title>Ri-Mark Event 111 Gloss Golden Yellow</title>

<style>
.responsive {
  width: 50%;
  height: auto;
}
</style>
</head>

<body>
<img src=""media/ecom/onpagegraphics/Fedrigoni_Logo.jpg"" alt=""Fedrigoni Logo"" class=""responsive"">
<p>Ri-Mark Event 111 Gloss Golden Yellow monomeric self-adhesive vinyl is designed for short to medium term outdoor and indoor signage, point of sale displays and exhibition graphics.</p>

<span style=""font-weight: bold; color: #d7328a;"">Structure:</span><br>
<ul><li>70<span>&#181;</span>m Monomeric calendered PVC</li>
<li>Transparent water based adhesive - Permanent</li>
<li>Clay coated kraft paper liner - 120gm<sup>2</sup>
</li></ul>

<span style=""font-weight: bold; color: #d7328a;"">Suitability:</span><br>
<ul><li>Suitable for application to smooth flat and 2D curved surfaces</li>
<li>Ideal for short to medium term outdoor and indoor signage, point of sale displays and exhibition graphics</li>
<li>Water based adhesive provides good dimensional stability and clean removability from most substrates</li>
<li>Suitable for dry or wet application methods (Please note that if applying wet on to glass, the adhesive may become milky but this will clear when the adhesive has dried)</li>
<li>Outdoor durability of up to 4 years</li></ul>

<span style=""font-weight: bold; color: #d7328a;"">Advantages:</span><br>
<ul><li>Event 100 Gloss White has a blue contrast kraft liner to aid weeding and application</li>
<li>Clean removability from most substrates for short term applications</li>
<li>Fire Rated to Euroclass DIN EN 13501-1:2019-05 with classification B-s1-d0</li>
<li>Available in a wide range of opaque gloss and matt colours for any project</li></ul>

<span style=""font-weight: bold; color: #d7328a;"">Technical Information:</span><br>
<ul><a href=""media/ecom/pdfs/datasheets/TDS_Ri_MarkEvent_uk_issue1_b756.pdf"" target=""_blank""><img
style=""border: 0px solid ; width: 200px; height: 60px;"" alt=""Ri-Mark Event Datasheet""
src=""media/ecom/onpagegraphics/Datasheet.png""></a>
<a href=""media/ecom/colselxl/digital_colour_card_Ri_Mark_Event.pdf"" target=""_blank""><img
style=""border: 0px solid ; width: 200px; height: 60px;"" alt=""Ri-Mark Event Colour Selector""
src=""media/ecom/onpagegraphics/Colour.png""></a></ul>
</body>
</html>","Event_111_Gloss_Golden_Yellow.png","Event_111_Gloss_Golden_Yellow.png","INVITEMS","DEFAULT-L111-DEFAULT-L111","","","0","0","0","","1","REGONLY","0","0","0","0","","","","SELECT","SELECT","0","","","","","0","0","","income-service","","","0","0","","","","","Ritrama_L_Range","Ritrama_L_Range","","","0","900EMT1220, 4075CT1220, 903C1220, Aslan_Red_Devil_Squeegee, Olfa_X_Design_Heavy_Duty_Knife, Masking_Tape_25mm, Aslan-Gold-Soft-Squeegee, Olfa_Graphic_Cutter, Swann_Morton_3_Handle, Swann_Morton_10A_Blades, Float_On","900EMT1220, 4075CT1220, 903C1220, Aslan_Red_Devil_Squeegee, Olfa_X_Design_Heavy_Duty_Knife, Masking_Tape_25mm, Aslan-Gold-Soft-Squeegee, Olfa_Graphic_Cutter, Swann_Morton_3_Handle, Swann_Morton_10A_Blades, Float_On","A","","","","","Yellows, Colours","Gloss","","","","","","","","","Ri-Mark-Event-111-Gloss-Golden-Yellow","0","vinyl, monomeric, event, ritrama, fedrigoni, 111, L range, L series, L grade, sign, vinyl, signvinyl, gloss, l111, golden, yellow, goldenyellow, ","","","1671701874","0","","0","","CHECKBOX"
"L112","Ri-Mark Event 112 Gloss Bright Yellow","L112","Ritrama","50","1","DEFAULT","","","","","0","Ri-Mark Event 112 Gloss Bright Yellow monomeric self-adhesive vinyl for short to medium term outdoor and indoor signage and display applications.","<html>
<head><title>Ri-Mark Event 112 Gloss Bright Yellow</title>

<style>
.responsive {
  width: 50%;
  height: auto;
}
</style>
</head>

<body>
<img src=""media/ecom/onpagegraphics/Fedrigoni_Logo.jpg"" alt=""Fedrigoni Logo"" class=""responsive"">
<p>Ri-Mark Event 112 Gloss Bright Yellow monomeric self-adhesive vinyl is designed for short to medium term outdoor and indoor signage, point of sale displays and exhibition graphics.</p>

<span style=""font-weight: bold; color: #d7328a;"">Structure:</span><br>
<ul><li>70<span>&#181;</span>m Monomeric calendered PVC</li>
<li>Transparent water based adhesive - Permanent</li>
<li>Clay coated kraft paper liner - 120gm<sup>2</sup>
</li></ul>

<span style=""font-weight: bold; color: #d7328a;"">Suitability:</span><br>
<ul><li>Suitable for application to smooth flat and 2D curved surfaces</li>
<li>Ideal for short to medium term outdoor and indoor signage, point of sale displays and exhibition graphics</li>
<li>Water based adhesive provides good dimensional stability and clean removability from most substrates</li>
<li>Suitable for dry or wet application methods (Please note that if applying wet on to glass, the adhesive may become milky but this will clear when the adhesive has dried)</li>
<li>Outdoor durability of up to 4 years</li></ul>

<span style=""font-weight: bold; color: #d7328a;"">Advantages:</span><br>
<ul><li>Event 100 Gloss White has a blue contrast kraft liner to aid weeding and application</li>
<li>Clean removability from most substrates for short term applications</li>
<li>Fire Rated to Euroclass DIN EN 13501-1:2019-05 with classification B-s1-d0</li>
<li>Available in a wide range of opaque gloss and matt colours for any project</li></ul>

<span style=""font-weight: bold; color: #d7328a;"">Technical Information:</span><br>
<ul><a href=""media/ecom/pdfs/datasheets/TDS_Ri_MarkEvent_uk_issue1_b756.pdf"" target=""_blank""><img
style=""border: 0px solid ; width: 200px; height: 60px;"" alt=""Ri-Mark Event Datasheet""
src=""media/ecom/onpagegraphics/Datasheet.png""></a>
<a href=""media/ecom/colselxl/digital_colour_card_Ri_Mark_Event.pdf"" target=""_blank""><img
style=""border: 0px solid ; width: 200px; height: 60px;"" alt=""Ri-Mark Event Colour Selector""
src=""media/ecom/onpagegraphics/Colour.png""></a></ul>
</body>
</html>","Event_112_Gloss_Bright_Yellow.png","Event_112_Gloss_Bright_Yellow.png","INVITEMS","DEFAULT-L112-DEFAULT-L112","","","0","0","0","","1","REGONLY","0","0","0","0","","","","SELECT","SELECT","0","","","","","0","0","","income-service","","","0","0","","","","","Ritrama_L_Range","Ritrama_L_Range","","","0","900EMT1220, 4075CT1220, 903C1220, Aslan_Red_Devil_Squeegee, Olfa_X_Design_Heavy_Duty_Knife, Masking_Tape_25mm, Aslan-Gold-Soft-Squeegee, Olfa_Graphic_Cutter, Swann_Morton_3_Handle, Swann_Morton_10A_Blades, Float_On","900EMT1220, 4075CT1220, 903C1220, Aslan_Red_Devil_Squeegee, Olfa_X_Design_Heavy_Duty_Knife, Masking_Tape_25mm, Aslan-Gold-Soft-Squeegee, Olfa_Graphic_Cutter, Swann_Morton_3_Handle, Swann_Morton_10A_Blades, Float_On","A","","","","","Yellows, Colours","Gloss","","","","","","","","","Ri-Mark-Event-112-Gloss-Bright-Yellow","0","vinyl, monomeric, event, ritrama, fedrigoni, 112, L range, L series, L grade, sign, vinyl, signvinyl, gloss, l112, bright, yellow, brightyellow, ","","","1670950419","0","","0","","CHECKBOX"
"L113","Ri-Mark Event 113 Gloss Stone Yellow","L113","Ritrama","30","1","DEFAULT","","","","","0","Ri-Mark Event 113 Gloss Stone Yellow monomeric self-adhesive vinyl for short to medium term outdoor and indoor signage and display applications.","<html>
<head><title>Ri-Mark Event 113 Gloss Stone Yellow</title>

<style>
.responsive {
  width: 50%;
  height: auto;
}
</style>
</head>

<body>
<img src=""media/ecom/onpagegraphics/Fedrigoni_Logo.jpg"" alt=""Fedrigoni Logo"" class=""responsive"">
<p>Ri-Mark Event 113 Gloss Stone Yellow monomeric self-adhesive vinyl is designed for short to medium term outdoor and indoor signage, point of sale displays and exhibition graphics.</p>

<span style=""font-weight: bold; color: #d7328a;"">Structure:</span><br>
<ul><li>70<span>&#181;</span>m Monomeric calendered PVC</li>
<li>Transparent water based adhesive - Permanent</li>
<li>Clay coated kraft paper liner - 120gm<sup>2</sup>
</li></ul>

<span style=""font-weight: bold; color: #d7328a;"">Suitability:</span><br>
<ul><li>Suitable for application to smooth flat and 2D curved surfaces</li>
<li>Ideal for short to medium term outdoor and indoor signage, point of sale displays and exhibition graphics</li>
<li>Water based adhesive provides good dimensional stability and clean removability from most substrates</li>
<li>Suitable for dry or wet application methods (Please note that if applying wet on to glass, the adhesive may become milky but this will clear when the adhesive has dried)</li>
<li>Outdoor durability of up to 4 years</li></ul>

<span style=""font-weight: bold; color: #d7328a;"">Advantages:</span><br>
<ul><li>Event 100 Gloss White has a blue contrast kraft liner to aid weeding and application</li>
<li>Clean removability from most substrates for short term applications</li>
<li>Fire Rated to Euroclass DIN EN 13501-1:2019-05 with classification B-s1-d0</li>
<li>Available in a wide range of opaque gloss and matt colours for any project</li></ul>

<span style=""font-weight: bold; color: #d7328a;"">Technical Information:</span><br>
<ul><a href=""media/ecom/pdfs/datasheets/TDS_Ri_MarkEvent_uk_issue1_b756.pdf"" target=""_blank""><img
style=""border: 0px solid ; width: 200px; height: 60px;"" alt=""Ri-Mark Event Datasheet""
src=""media/ecom/onpagegraphics/Datasheet.png""></a>
<a href=""media/ecom/colselxl/digital_colour_card_Ri_Mark_Event.pdf"" target=""_blank""><img
style=""border: 0px solid ; width: 200px; height: 60px;"" alt=""Ri-Mark Event Colour Selector""
src=""media/ecom/onpagegraphics/Colour.png""></a></ul>
</body>
</html>","Event_113_Gloss_Stone_Yellow.png","Event_113_Gloss_Stone_Yellow.png","INVITEMS","DEFAULT-L113-DEFAULT-L113","","","0","0","0","","1","REGONLY","0","0","0","0","","","","SELECT","SELECT","0","","","","","0","0","","income-service","","","0","0","","","","","Ritrama_L_Range","Ritrama_L_Range","","","0","900EMT1220, 4075CT1220, 903C1220, Aslan_Red_Devil_Squeegee, Olfa_X_Design_Heavy_Duty_Knife, Masking_Tape_25mm, Aslan-Gold-Soft-Squeegee, Olfa_Graphic_Cutter, Swann_Morton_3_Handle, Swann_Morton_10A_Blades, Float_On","900EMT1220, 4075CT1220, 903C1220, Aslan_Red_Devil_Squeegee, Olfa_X_Design_Heavy_Duty_Knife, Masking_Tape_25mm, Aslan-Gold-Soft-Squeegee, Olfa_Graphic_Cutter, Swann_Morton_3_Handle, Swann_Morton_10A_Blades, Float_On","A","","","","","Yellows, Colours","Gloss","","","","","","","","","Ri-Mark-Event-113-Gloss-Stone-Yellow","0","vinyl, monomeric, event, ritrama, fedrigoni, 113, L range, L series, L grade, sign, vinyl, signvinyl, gloss, l113, stone, yellow, stoneyellow, ","","","1671647981","0","","0","","CHECKBOX"
"L114","Ri-Mark Event 114 Gloss Butter Yellow","L114","Ritrama","40","1","DEFAULT","","","","","0","Ri-Mark Event 114 Gloss Butter Yellow monomeric self-adhesive vinyl for short to medium term outdoor and indoor signage and display applications.","<html>
<head><title>Ri-Mark Event 114 Gloss Butter Yellow</title>

<style>
.responsive {
  width: 50%;
  height: auto;
}
</style>
</head>

<body>
<img src=""media/ecom/onpagegraphics/Fedrigoni_Logo.jpg"" alt=""Fedrigoni Logo"" class=""responsive"">
<p>Ri-Mark Event 114 Gloss Butter Yellow monomeric self-adhesive vinyl is designed for short to medium term outdoor and indoor signage, point of sale displays and exhibition graphics.</p>

<span style=""font-weight: bold; color: #d7328a;"">Structure:</span><br>
<ul><li>70<span>&#181;</span>m Monomeric calendered PVC</li>
<li>Transparent water based adhesive - Permanent</li>
<li>Clay coated kraft paper liner - 120gm<sup>2</sup>
</li></ul>

<span style=""font-weight: bold; color: #d7328a;"">Suitability:</span><br>
<ul><li>Suitable for application to smooth flat and 2D curved surfaces</li>
<li>Ideal for short to medium term outdoor and indoor signage, point of sale displays and exhibition graphics</li>
<li>Water based adhesive provides good dimensional stability and clean removability from most substrates</li>
<li>Suitable for dry or wet application methods (Please note that if applying wet on to glass, the adhesive may become milky but this will clear when the adhesive has dried)</li>
<li>Outdoor durability of up to 4 years</li></ul>

<span style=""font-weight: bold; color: #d7328a;"">Advantages:</span><br>
<ul><li>Event 100 Gloss White has a blue contrast kraft liner to aid weeding and application</li>
<li>Clean removability from most substrates for short term applications</li>
<li>Fire Rated to Euroclass DIN EN 13501-1:2019-05 with classification B-s1-d0</li>
<li>Available in a wide range of opaque gloss and matt colours for any project</li></ul>

<span style=""font-weight: bold; color: #d7328a;"">Technical Information:</span><br>
<ul><a href=""media/ecom/pdfs/datasheets/TDS_Ri_MarkEvent_uk_issue1_b756.pdf"" target=""_blank""><img
style=""border: 0px solid ; width: 200px; height: 60px;"" alt=""Ri-Mark Event Datasheet""
src=""media/ecom/onpagegraphics/Datasheet.png""></a>
<a href=""media/ecom/colselxl/digital_colour_card_Ri_Mark_Event.pdf"" target=""_blank""><img
style=""border: 0px solid ; width: 200px; height: 60px;"" alt=""Ri-Mark Event Colour Selector""
src=""media/ecom/onpagegraphics/Colour.png""></a></ul>
</body>
</html>","Event_114_Gloss_Butter_Yellow.png","Event_114_Gloss_Butter_Yellow.png","INVITEMS","DEFAULT-L114-DEFAULT-L114","","","0","0","0","","1","REGONLY","0","0","0","0","","","","SELECT","SELECT","0","","","","","0","0","","income-service","","","0","0","","","","","Ritrama_L_Range","Ritrama_L_Range","","","0","900EMT1220, 4075CT1220, 903C1220, Aslan_Red_Devil_Squeegee, Olfa_X_Design_Heavy_Duty_Knife, Masking_Tape_25mm, Aslan-Gold-Soft-Squeegee, Olfa_Graphic_Cutter, Swann_Morton_3_Handle, Swann_Morton_10A_Blades, Float_On","900EMT1220, 4075CT1220, 903C1220, Aslan_Red_Devil_Squeegee, Olfa_X_Design_Heavy_Duty_Knife, Masking_Tape_25mm, Aslan-Gold-Soft-Squeegee, Olfa_Graphic_Cutter, Swann_Morton_3_Handle, Swann_Morton_10A_Blades, Float_On","A","","","","","Yellows, Colours","Gloss","","","","","","","","","Ri-Mark-Event-114-Gloss-Butter-Yellow","0","vinyl, monomeric, event, ritrama, fedrigoni, 114, L range, L series, L grade, sign, vinyl, signvinyl, gloss, l114, butter, yellow, butteryellow, ","","","1671648277","0","","0","","CHECKBOX"
"L115","Ri-Mark Event 115 Gloss Light Orange","L115","Ritrama","70","1","DEFAULT","","","","","0","Ri-Mark Event 115 Gloss Light Orange monomeric self-adhesive vinyl for short to medium term outdoor and indoor signage and display applications.","<html>
<head><title>Ri-Mark Event 115 Gloss Light Orange</title>

<style>
.responsive {
  width: 50%;
  height: auto;
}
</style>
</head>

<body>
<img src=""media/ecom/onpagegraphics/Fedrigoni_Logo.jpg"" alt=""Fedrigoni Logo"" class=""responsive"">
<p>Ri-Mark Event 115 Gloss Light Orange monomeric self-adhesive vinyl is designed for short to medium term outdoor and indoor signage, point of sale displays and exhibition graphics.</p>

<span style=""font-weight: bold; color: #d7328a;"">Structure:</span><br>
<ul><li>70<span>&#181;</span>m Monomeric calendered PVC</li>
<li>Transparent water based adhesive - Permanent</li>
<li>Clay coated kraft paper liner - 120gm<sup>2</sup>
</li></ul>

<span style=""font-weight: bold; color: #d7328a;"">Suitability:</span><br>
<ul><li>Suitable for application to smooth flat and 2D curved surfaces</li>
<li>Ideal for short to medium term outdoor and indoor signage, point of sale displays and exhibition graphics</li>
<li>Water based adhesive provides good dimensional stability and clean removability from most substrates</li>
<li>Suitable for dry or wet application methods (Please note that if applying wet on to glass, the adhesive may become milky but this will clear when the adhesive has dried)</li>
<li>Outdoor durability of up to 4 years</li></ul>

<span style=""font-weight: bold; color: #d7328a;"">Advantages:</span><br>
<ul><li>Event 100 Gloss White has a blue contrast kraft liner to aid weeding and application</li>
<li>Clean removability from most substrates for short term applications</li>
<li>Fire Rated to Euroclass DIN EN 13501-1:2019-05 with classification B-s1-d0</li>
<li>Available in a wide range of opaque gloss and matt colours for any project</li></ul>

<span style=""font-weight: bold; color: #d7328a;"">Technical Information:</span><br>
<ul><a href=""media/ecom/pdfs/datasheets/TDS_Ri_MarkEvent_uk_issue1_b756.pdf"" target=""_blank""><img
style=""border: 0px solid ; width: 200px; height: 60px;"" alt=""Ri-Mark Event Datasheet""
src=""media/ecom/onpagegraphics/Datasheet.png""></a>
<a href=""media/ecom/colselxl/digital_colour_card_Ri_Mark_Event.pdf"" target=""_blank""><img
style=""border: 0px solid ; width: 200px; height: 60px;"" alt=""Ri-Mark Event Colour Selector""
src=""media/ecom/onpagegraphics/Colour.png""></a></ul>
</body>
</html>","Event_115_Gloss_Light_Orange.png","Event_115_Gloss_Light_Orange.png","INVITEMS","DEFAULT-L115-DEFAULT-L115","","","0","0","0","","1","REGONLY","0","0","0","0","","","","SELECT","SELECT","0","","","","","0","0","","income-service","","","0","0","","","","","Ritrama_L_Range","Ritrama_L_Range","","","0","900EMT1220, 4075CT1220, 903C1220, Aslan_Red_Devil_Squeegee, Olfa_X_Design_Heavy_Duty_Knife, Masking_Tape_25mm, Aslan-Gold-Soft-Squeegee, Olfa_Graphic_Cutter, Swann_Morton_3_Handle, Swann_Morton_10A_Blades, Float_On","900EMT1220, 4075CT1220, 903C1220, Aslan_Red_Devil_Squeegee, Olfa_X_Design_Heavy_Duty_Knife, Masking_Tape_25mm, Aslan-Gold-Soft-Squeegee, Olfa_Graphic_Cutter, Swann_Morton_3_Handle, Swann_Morton_10A_Blades, Float_On","A","","","","","Oranges, Colours","Gloss","","","","","","","","","Ri-Mark-Event-115-Gloss-Light-Orange","0","vinyl, monomeric, event, ritrama, fedrigoni, 115, L range, L series, L grade, sign, vinyl, signvinyl, gloss, l115, light, orange, lightorange, ","","","1671701702","0","","0","","CHECKBOX"
"L120","Ri-Mark Event 120 Gloss Orange","L120","Ritrama","80","1","DEFAULT","","","","","0","Ri-Mark Event 120 Gloss Orange monomeric self-adhesive vinyl for short to medium term outdoor and indoor signage and display applications.","<html>
<head><title>Ri-Mark Event 120 Gloss Orange</title>

<style>
.responsive {
  width: 50%;
  height: auto;
}
</style>
</head>

<body>
<img src=""media/ecom/onpagegraphics/Fedrigoni_Logo.jpg"" alt=""Fedrigoni Logo"" class=""responsive"">
<p>Ri-Mark Event 120 Gloss Orange monomeric self-adhesive vinyl is designed for short to medium term outdoor and indoor signage, point of sale displays and exhibition graphics.</p>

<span style=""font-weight: bold; color: #d7328a;"">Structure:</span><br>
<ul><li>70<span>&#181;</span>m Monomeric calendered PVC</li>
<li>Transparent water based adhesive - Permanent</li>
<li>Clay coated kraft paper liner - 120gm<sup>2</sup>
</li></ul>

<span style=""font-weight: bold; color: #d7328a;"">Suitability:</span><br>
<ul><li>Suitable for application to smooth flat and 2D curved surfaces</li>
<li>Ideal for short to medium term outdoor and indoor signage, point of sale displays and exhibition graphics</li>
<li>Water based adhesive provides good dimensional stability and clean removability from most substrates</li>
<li>Suitable for dry or wet application methods (Please note that if applying wet on to glass, the adhesive may become milky but this will clear when the adhesive has dried)</li>
<li>Outdoor durability of up to 4 years</li></ul>

<span style=""font-weight: bold; color: #d7328a;"">Advantages:</span><br>
<ul><li>Event 100 Gloss White has a blue contrast kraft liner to aid weeding and application</li>
<li>Clean removability from most substrates for short term applications</li>
<li>Fire Rated to Euroclass DIN EN 13501-1:2019-05 with classification B-s1-d0</li>
<li>Available in a wide range of opaque gloss and matt colours for any project</li></ul>

<span style=""font-weight: bold; color: #d7328a;"">Technical Information:</span><br>
<ul><a href=""media/ecom/pdfs/datasheets/TDS_Ri_MarkEvent_uk_issue1_b756.pdf"" target=""_blank""><img
style=""border: 0px solid ; width: 200px; height: 60px;"" alt=""Ri-Mark Event Datasheet""
src=""media/ecom/onpagegraphics/Datasheet.png""></a>
<a href=""media/ecom/colselxl/digital_colour_card_Ri_Mark_Event.pdf"" target=""_blank""><img
style=""border: 0px solid ; width: 200px; height: 60px;"" alt=""Ri-Mark Event Colour Selector""
src=""media/ecom/onpagegraphics/Colour.png""></a></ul>
</body>
</html>","Event_120_Gloss_Orange.png","Event_120_Gloss_Orange.png","INVITEMS","DEFAULT-L120-DEFAULT-L120","","","0","0","0","","1","REGONLY","0","0","0","0","","","","SELECT","SELECT","0","","","","","0","0","","income-service","","","0","0","","","","","Ritrama_L_Range","Ritrama_L_Range","","","0","900EMT1220, 4075CT1220, 903C1220, Aslan_Red_Devil_Squeegee, Olfa_X_Design_Heavy_Duty_Knife, Masking_Tape_25mm, Aslan-Gold-Soft-Squeegee, Olfa_Graphic_Cutter, Swann_Morton_3_Handle, Swann_Morton_10A_Blades, Float_On","900EMT1220, 4075CT1220, 903C1220, Aslan_Red_Devil_Squeegee, Olfa_X_Design_Heavy_Duty_Knife, Masking_Tape_25mm, Aslan-Gold-Soft-Squeegee, Olfa_Graphic_Cutter, Swann_Morton_3_Handle, Swann_Morton_10A_Blades, Float_On","A","","","","","Oranges, Colours","Gloss","","","","","","","","","Ri-Mark-Event-120-Gloss-Orange","0","vinyl, monomeric, event, ritrama, fedrigoni, 120, L range, L series, L grade, sign, vinyl, signvinyl, gloss, l120, orange, ","","","1671702677","0","","0","","CHECKBOX"
"L121","Ri-Mark Event 121 Gloss Mist Grey","L121","Ritrama","410","1","DEFAULT","","","","","0","Ri-Mark Event 121 Gloss Mist Grey monomeric self-adhesive vinyl for short to medium term outdoor and indoor signage and display applications.","<html>
<head><title>Ri-Mark Event 121 Gloss Mist Grey</title>

<style>
.responsive {
  width: 50%;
  height: auto;
}
</style>
</head>

<body>
<img src=""media/ecom/onpagegraphics/Fedrigoni_Logo.jpg"" alt=""Fedrigoni Logo"" class=""responsive"">
<p>Ri-Mark Event 121 Gloss Mist Grey monomeric self-adhesive vinyl is designed for short to medium term outdoor and indoor signage, point of sale displays and exhibition graphics.</p>

<span style=""font-weight: bold; color: #d7328a;"">Structure:</span><br>
<ul><li>70<span>&#181;</span>m Monomeric calendered PVC</li>
<li>Transparent water based adhesive - Permanent</li>
<li>Clay coated kraft paper liner - 120gm<sup>2</sup>
</li></ul>

<span style=""font-weight: bold; color: #d7328a;"">Suitability:</span><br>
<ul><li>Suitable for application to smooth flat and 2D curved surfaces</li>
<li>Ideal for short to medium term outdoor and indoor signage, point of sale displays and exhibition graphics</li>
<li>Water based adhesive provides good dimensional stability and clean removability from most substrates</li>
<li>Suitable for dry or wet application methods (Please note that if applying wet on to glass, the adhesive may become milky but this will clear when the adhesive has dried)</li>
<li>Outdoor durability of up to 4 years</li></ul>

<span style=""font-weight: bold; color: #d7328a;"">Advantages:</span><br>
<ul><li>Event 100 Gloss White has a blue contrast kraft liner to aid weeding and application</li>
<li>Clean removability from most substrates for short term applications</li>
<li>Fire Rated to Euroclass DIN EN 13501-1:2019-05 with classification B-s1-d0</li>
<li>Available in a wide range of opaque gloss and matt colours for any project</li></ul>

<span style=""font-weight: bold; color: #d7328a;"">Technical Information:</span><br>
<ul><a href=""media/ecom/pdfs/datasheets/TDS_Ri_MarkEvent_uk_issue1_b756.pdf"" target=""_blank""><img
style=""border: 0px solid ; width: 200px; height: 60px;"" alt=""Ri-Mark Event Datasheet""
src=""media/ecom/onpagegraphics/Datasheet.png""></a>
<a href=""media/ecom/colselxl/digital_colour_card_Ri_Mark_Event.pdf"" target=""_blank""><img
style=""border: 0px solid ; width: 200px; height: 60px;"" alt=""Ri-Mark Event Colour Selector""
src=""media/ecom/onpagegraphics/Colour.png""></a></ul>
</body>
</html>","Event_121_Gloss_Mist_Grey.png","Event_121_Gloss_Mist_Grey.png","INVITEMS","DEFAULT-L121-DEFAULT-L121","","","0","0","0","","1","REGONLY","0","0","0","0","","","","SELECT","SELECT","0","","","","","0","0","","income-service","","","0","0","","","","","Ritrama_L_Range","Ritrama_L_Range","","","0","900EMT1220, 4075CT1220, 903C1220, Aslan_Red_Devil_Squeegee, Olfa_X_Design_Heavy_Duty_Knife, Masking_Tape_25mm, Aslan-Gold-Soft-Squeegee, Olfa_Graphic_Cutter, Swann_Morton_3_Handle, Swann_Morton_10A_Blades, Float_On","900EMT1220, 4075CT1220, 903C1220, Aslan_Red_Devil_Squeegee, Olfa_X_Design_Heavy_Duty_Knife, Masking_Tape_25mm, Aslan-Gold-Soft-Squeegee, Olfa_Graphic_Cutter, Swann_Morton_3_Handle, Swann_Morton_10A_Blades, Float_On","A","","","","","Greys, Colours","Gloss","","","","","","","","","Ri-Mark-Event-121-Gloss-Mist-Grey","0","vinyl, monomeric, event, ritrama, fedrigoni, 121, L range, L series, L grade, sign, vinyl, signvinyl, gloss, l121, mist, grey, mistgrey, ","","","1671720623","0","","0","","CHECKBOX"
"L122","Ri-Mark Event 122 Gloss Elephant Grey","L122","Ritrama","420","1","DEFAULT","","","","","0","Ri-Mark Event 122 Gloss Elephant Grey monomeric self-adhesive vinyl for short to medium term outdoor and indoor signage and display applications.","<html>
<head><title>Ri-Mark Event 122 Gloss Elephant Grey</title>

<style>
.responsive {
  width: 50%;
  height: auto;
}
</style>
</head>

<body>
<img src=""media/ecom/onpagegraphics/Fedrigoni_Logo.jpg"" alt=""Fedrigoni Logo"" class=""responsive"">
<p>Ri-Mark Event 122 Gloss Elephant Grey monomeric self-adhesive vinyl is designed for short to medium term outdoor and indoor signage, point of sale displays and exhibition graphics.</p>

<span style=""font-weight: bold; color: #d7328a;"">Structure:</span><br>
<ul><li>70<span>&#181;</span>m Monomeric calendered PVC</li>
<li>Transparent water based adhesive - Permanent</li>
<li>Clay coated kraft paper liner - 120gm<sup>2</sup>
</li></ul>

<span style=""font-weight: bold; color: #d7328a;"">Suitability:</span><br>
<ul><li>Suitable for application to smooth flat and 2D curved surfaces</li>
<li>Ideal for short to medium term outdoor and indoor signage, point of sale displays and exhibition graphics</li>
<li>Water based adhesive provides good dimensional stability and clean removability from most substrates</li>
<li>Suitable for dry or wet application methods (Please note that if applying wet on to glass, the adhesive may become milky but this will clear when the adhesive has dried)</li>
<li>Outdoor durability of up to 4 years</li></ul>

<span style=""font-weight: bold; color: #d7328a;"">Advantages:</span><br>
<ul><li>Event 100 Gloss White has a blue contrast kraft liner to aid weeding and application</li>
<li>Clean removability from most substrates for short term applications</li>
<li>Fire Rated to Euroclass DIN EN 13501-1:2019-05 with classification B-s1-d0</li>
<li>Available in a wide range of opaque gloss and matt colours for any project</li></ul>

<span style=""font-weight: bold; color: #d7328a;"">Technical Information:</span><br>
<ul><a href=""media/ecom/pdfs/datasheets/TDS_Ri_MarkEvent_uk_issue1_b756.pdf"" target=""_blank""><img
style=""border: 0px solid ; width: 200px; height: 60px;"" alt=""Ri-Mark Event Datasheet""
src=""media/ecom/onpagegraphics/Datasheet.png""></a>
<a href=""media/ecom/colselxl/digital_colour_card_Ri_Mark_Event.pdf"" target=""_blank""><img
style=""border: 0px solid ; width: 200px; height: 60px;"" alt=""Ri-Mark Event Colour Selector""
src=""media/ecom/onpagegraphics/Colour.png""></a></ul>
</body>
</html>","Event_122_Gloss_Elephant_Grey.png","Event_122_Gloss_Elephant_Grey.png","INVITEMS","DEFAULT-L122-DEFAULT-L122","","","0","0","0","","1","REGONLY","0","0","0","0","","","","SELECT","SELECT","0","","","","","0","0","","income-service","","","0","0","","","","","Ritrama_L_Range","Ritrama_L_Range","","","0","900EMT1220, 4075CT1220, 903C1220, Aslan_Red_Devil_Squeegee, Olfa_X_Design_Heavy_Duty_Knife, Masking_Tape_25mm, Aslan-Gold-Soft-Squeegee, Olfa_Graphic_Cutter, Swann_Morton_3_Handle, Swann_Morton_10A_Blades, Float_On","900EMT1220, 4075CT1220, 903C1220, Aslan_Red_Devil_Squeegee, Olfa_X_Design_Heavy_Duty_Knife, Masking_Tape_25mm, Aslan-Gold-Soft-Squeegee, Olfa_Graphic_Cutter, Swann_Morton_3_Handle, Swann_Morton_10A_Blades, Float_On","A","","","","","Greys, Colours","Gloss","","","","","","","","","Ri-Mark-Event-122-Gloss-Elephant-Grey","0","vinyl, monomeric, event, ritrama, fedrigoni, 122, L range, L series, L grade, sign, vinyl, signvinyl, gloss, l122, elephant, grey, elephantgrey, ","","","1671720727","0","","0","","CHECKBOX"
"L130","Ri-Mark Event 130 Gloss Red","L130","Ritrama","100","1","DEFAULT","","","","","0","Ri-Mark Event 130 Gloss Red monomeric self-adhesive vinyl for short to medium term outdoor and indoor signage and display applications.","<html>
<head><title>Ri-Mark Event 130 Gloss Red</title>

<style>
.responsive {
  width: 50%;
  height: auto;
}
</style>
</head>

<body>
<img src=""media/ecom/onpagegraphics/Fedrigoni_Logo.jpg"" alt=""Fedrigoni Logo"" class=""responsive"">
<p>Ri-Mark Event 130 Gloss Red monomeric self-adhesive vinyl is designed for short to medium term outdoor and indoor signage, point of sale displays and exhibition graphics.</p>

<span style=""font-weight: bold; color: #d7328a;"">Structure:</span><br>
<ul><li>70<span>&#181;</span>m Monomeric calendered PVC</li>
<li>Transparent water based adhesive - Permanent</li>
<li>Clay coated kraft paper liner - 120gm<sup>2</sup>
</li></ul>

<span style=""font-weight: bold; color: #d7328a;"">Suitability:</span><br>
<ul><li>Suitable for application to smooth flat and 2D curved surfaces</li>
<li>Ideal for short to medium term outdoor and indoor signage, point of sale displays and exhibition graphics</li>
<li>Water based adhesive provides good dimensional stability and clean removability from most substrates</li>
<li>Suitable for dry or wet application methods (Please note that if applying wet on to glass, the adhesive may become milky but this will clear when the adhesive has dried)</li>
<li>Outdoor durability of up to 4 years</li></ul>

<span style=""font-weight: bold; color: #d7328a;"">Advantages:</span><br>
<ul><li>Event 100 Gloss White has a blue contrast kraft liner to aid weeding and application</li>
<li>Clean removability from most substrates for short term applications</li>
<li>Fire Rated to Euroclass DIN EN 13501-1:2019-05 with classification B-s1-d0</li>
<li>Available in a wide range of opaque gloss and matt colours for any project</li></ul>

<span style=""font-weight: bold; color: #d7328a;"">Technical Information:</span><br>
<ul><a href=""media/ecom/pdfs/datasheets/TDS_Ri_MarkEvent_uk_issue1_b756.pdf"" target=""_blank""><img
style=""border: 0px solid ; width: 200px; height: 60px;"" alt=""Ri-Mark Event Datasheet""
src=""media/ecom/onpagegraphics/Datasheet.png""></a>
<a href=""media/ecom/colselxl/digital_colour_card_Ri_Mark_Event.pdf"" target=""_blank""><img
style=""border: 0px solid ; width: 200px; height: 60px;"" alt=""Ri-Mark Event Colour Selector""
src=""media/ecom/onpagegraphics/Colour.png""></a></ul>
</body>
</html>","Event_130_Gloss_Red.png","Event_130_Gloss_Red.png","INVITEMS","DEFAULT-L130-DEFAULT-L130","","","0","0","0","","1","REGONLY","0","0","0","0","","","","SELECT","SELECT","0","","","","","0","0","","income-service","","","0","0","","","","","Ritrama_L_Range","Ritrama_L_Range","","","0","900EMT1220, 4075CT1220, 903C1220, Aslan_Red_Devil_Squeegee, Olfa_X_Design_Heavy_Duty_Knife, Masking_Tape_25mm, Aslan-Gold-Soft-Squeegee, Olfa_Graphic_Cutter, Swann_Morton_3_Handle, Swann_Morton_10A_Blades, Float_On","900EMT1220, 4075CT1220, 903C1220, Aslan_Red_Devil_Squeegee, Olfa_X_Design_Heavy_Duty_Knife, Masking_Tape_25mm, Aslan-Gold-Soft-Squeegee, Olfa_Graphic_Cutter, Swann_Morton_3_Handle, Swann_Morton_10A_Blades, Float_On","A","","","","","Reds, Colours","Gloss","","","","","","","","","Ri-Mark-Event-130-Gloss-Red","0","vinyl, monomeric, event, ritrama, fedrigoni, 130, L range, L series, L grade, sign, vinyl, signvinyl, gloss, l130, red,","","","1671706345","0","","0","","CHECKBOX"
"L132","Ri-Mark Event 132 Gloss Medium Red","L132","Ritrama","90","1","DEFAULT","","","","","0","Ri-Mark Event 132 Gloss Medium Red monomeric self-adhesive vinyl for short to medium term outdoor and indoor signage and display applications.","<html>
<head><title>Ri-Mark Event 132 Gloss Medium Red</title>

<style>
.responsive {
  width: 50%;
  height: auto;
}
</style>
</head>

<body>
<img src=""media/ecom/onpagegraphics/Fedrigoni_Logo.jpg"" alt=""Fedrigoni Logo"" class=""responsive"">
<p>Ri-Mark Event 132 Gloss Medium Red monomeric self-adhesive vinyl is designed for short to medium term outdoor and indoor signage, point of sale displays and exhibition graphics.</p>

<span style=""font-weight: bold; color: #d7328a;"">Structure:</span><br>
<ul><li>70<span>&#181;</span>m Monomeric calendered PVC</li>
<li>Transparent water based adhesive - Permanent</li>
<li>Clay coated kraft paper liner - 120gm<sup>2</sup>
</li></ul>

<span style=""font-weight: bold; color: #d7328a;"">Suitability:</span><br>
<ul><li>Suitable for application to smooth flat and 2D curved surfaces</li>
<li>Ideal for short to medium term outdoor and indoor signage, point of sale displays and exhibition graphics</li>
<li>Water based adhesive provides good dimensional stability and clean removability from most substrates</li>
<li>Suitable for dry or wet application methods (Please note that if applying wet on to glass, the adhesive may become milky but this will clear when the adhesive has dried)</li>
<li>Outdoor durability of up to 4 years</li></ul>

<span style=""font-weight: bold; color: #d7328a;"">Advantages:</span><br>
<ul><li>Event 100 Gloss White has a blue contrast kraft liner to aid weeding and application</li>
<li>Clean removability from most substrates for short term applications</li>
<li>Fire Rated to Euroclass DIN EN 13501-1:2019-05 with classification B-s1-d0</li>
<li>Available in a wide range of opaque gloss and matt colours for any project</li></ul>

<span style=""font-weight: bold; color: #d7328a;"">Technical Information:</span><br>
<ul><a href=""media/ecom/pdfs/datasheets/TDS_Ri_MarkEvent_uk_issue1_b756.pdf"" target=""_blank""><img
style=""border: 0px solid ; width: 200px; height: 60px;"" alt=""Ri-Mark Event Datasheet""
src=""media/ecom/onpagegraphics/Datasheet.png""></a>
<a href=""media/ecom/colselxl/digital_colour_card_Ri_Mark_Event.pdf"" target=""_blank""><img
style=""border: 0px solid ; width: 200px; height: 60px;"" alt=""Ri-Mark Event Colour Selector""
src=""media/ecom/onpagegraphics/Colour.png""></a></ul>
</body>
</html>","Event_132_Gloss_Medium_Red.png","Event_132_Gloss_Medium_Red.png","INVITEMS","DEFAULT-L132-DEFAULT-L132","","","0","0","0","","1","REGONLY","0","0","0","0","","","","SELECT","SELECT","0","","","","","0","0","","income-service","","","0","0","","","","","Ritrama_L_Range","Ritrama_L_Range","","","0","900EMT1220, 4075CT1220, 903C1220, Aslan_Red_Devil_Squeegee, Olfa_X_Design_Heavy_Duty_Knife, Masking_Tape_25mm, Aslan-Gold-Soft-Squeegee, Olfa_Graphic_Cutter, Swann_Morton_3_Handle, Swann_Morton_10A_Blades, Float_On","900EMT1220, 4075CT1220, 903C1220, Aslan_Red_Devil_Squeegee, Olfa_X_Design_Heavy_Duty_Knife, Masking_Tape_25mm, Aslan-Gold-Soft-Squeegee, Olfa_Graphic_Cutter, Swann_Morton_3_Handle, Swann_Morton_10A_Blades, Float_On","A","","","","","Reds, Colours","Gloss","","","","","","","","","Ri-Mark-Event-132-Gloss-Medium-Red","0","vinyl, monomeric, event, ritrama, fedrigoni, 132, L range, L series, L grade, sign, vinyl, signvinyl, gloss, l132, medium, red, mediumred, ","","","1671706161","0","","0","","CHECKBOX"
"L133","Ri-Mark Event 133 Gloss Dark Red","L133","Ritrama","110","1","DEFAULT","","","","","0","Ri-Mark Event 133 Gloss Dark Red monomeric self-adhesive vinyl for short to medium term outdoor and indoor signage and display applications.","<html>
<head><title>Ri-Mark Event 133 Gloss Dark Red</title>

<style>
.responsive {
  width: 50%;
  height: auto;
}
</style>
</head>

<body>
<img src=""media/ecom/onpagegraphics/Fedrigoni_Logo.jpg"" alt=""Fedrigoni Logo"" class=""responsive"">
<p>Ri-Mark Event 133 Gloss Dark Red monomeric self-adhesive vinyl is designed for short to medium term outdoor and indoor signage, point of sale displays and exhibition graphics.</p>

<span style=""font-weight: bold; color: #d7328a;"">Structure:</span><br>
<ul><li>70<span>&#181;</span>m Monomeric calendered PVC</li>
<li>Transparent water based adhesive - Permanent</li>
<li>Clay coated kraft paper liner - 120gm<sup>2</sup>
</li></ul>

<span style=""font-weight: bold; color: #d7328a;"">Suitability:</span><br>
<ul><li>Suitable for application to smooth flat and 2D curved surfaces</li>
<li>Ideal for short to medium term outdoor and indoor signage, point of sale displays and exhibition graphics</li>
<li>Water based adhesive provides good dimensional stability and clean removability from most substrates</li>
<li>Suitable for dry or wet application methods (Please note that if applying wet on to glass, the adhesive may become milky but this will clear when the adhesive has dried)</li>
<li>Outdoor durability of up to 4 years</li></ul>

<span style=""font-weight: bold; color: #d7328a;"">Advantages:</span><br>
<ul><li>Event 100 Gloss White has a blue contrast kraft liner to aid weeding and application</li>
<li>Clean removability from most substrates for short term applications</li>
<li>Fire Rated to Euroclass DIN EN 13501-1:2019-05 with classification B-s1-d0</li>
<li>Available in a wide range of opaque gloss and matt colours for any project</li></ul>

<span style=""font-weight: bold; color: #d7328a;"">Technical Information:</span><br>
<ul><a href=""media/ecom/pdfs/datasheets/TDS_Ri_MarkEvent_uk_issue1_b756.pdf"" target=""_blank""><img
style=""border: 0px solid ; width: 200px; height: 60px;"" alt=""Ri-Mark Event Datasheet""
src=""media/ecom/onpagegraphics/Datasheet.png""></a>
<a href=""media/ecom/colselxl/digital_colour_card_Ri_Mark_Event.pdf"" target=""_blank""><img
style=""border: 0px solid ; width: 200px; height: 60px;"" alt=""Ri-Mark Event Colour Selector""
src=""media/ecom/onpagegraphics/Colour.png""></a></ul>
</body>
</html>","Event_133_Gloss_Dark_Red.png","Event_133_Gloss_Dark_Red.png","INVITEMS","DEFAULT-L133-DEFAULT-L133","","","0","0","0","","1","REGONLY","0","0","0","0","","","","SELECT","SELECT","0","","","","","0","0","","income-service","","","0","0","","","","","Ritrama_L_Range","Ritrama_L_Range","","","0","900EMT1220, 4075CT1220, 903C1220, Aslan_Red_Devil_Squeegee, Olfa_X_Design_Heavy_Duty_Knife, Masking_Tape_25mm, Aslan-Gold-Soft-Squeegee, Olfa_Graphic_Cutter, Swann_Morton_3_Handle, Swann_Morton_10A_Blades, Float_On","900EMT1220, 4075CT1220, 903C1220, Aslan_Red_Devil_Squeegee, Olfa_X_Design_Heavy_Duty_Knife, Masking_Tape_25mm, Aslan-Gold-Soft-Squeegee, Olfa_Graphic_Cutter, Swann_Morton_3_Handle, Swann_Morton_10A_Blades, Float_On","A","","","","","Reds, Colours","Gloss","","","","","","","","","Ri-Mark-Event-133-Gloss-Dark-Red","0","vinyl, monomeric, event, ritrama, fedrigoni, 133, L range, L series, L grade, sign, vinyl, signvinyl, gloss, l133, dark, red, darkred, ","","","1671707419","0","","0","","CHECKBOX"
"L135","Ri-Mark Event 135 Gloss Burgundy","L135","Ritrama","120","1","DEFAULT","","","","","0","Ri-Mark Event 135 Gloss Burgundy monomeric self-adhesive vinyl for short to medium term outdoor and indoor signage and display applications.","<html>
<head><title>Ri-Mark Event 135 Gloss Burgundy</title>

<style>
.responsive {
  width: 50%;
  height: auto;
}
</style>
</head>

<body>
<img src=""media/ecom/onpagegraphics/Fedrigoni_Logo.jpg"" alt=""Fedrigoni Logo"" class=""responsive"">
<p>Ri-Mark Event 135 Gloss Burgundy monomeric self-adhesive vinyl is designed for short to medium term outdoor and indoor signage, point of sale displays and exhibition graphics.</p>

<span style=""font-weight: bold; color: #d7328a;"">Structure:</span><br>
<ul><li>70<span>&#181;</span>m Monomeric calendered PVC</li>
<li>Transparent water based adhesive - Permanent</li>
<li>Clay coated kraft paper liner - 120gm<sup>2</sup>
</li></ul>

<span style=""font-weight: bold; color: #d7328a;"">Suitability:</span><br>
<ul><li>Suitable for application to smooth flat and 2D curved surfaces</li>
<li>Ideal for short to medium term outdoor and indoor signage, point of sale displays and exhibition graphics</li>
<li>Water based adhesive provides good dimensional stability and clean removability from most substrates</li>
<li>Suitable for dry or wet application methods (Please note that if applying wet on to glass, the adhesive may become milky but this will clear when the adhesive has dried)</li>
<li>Outdoor durability of up to 4 years</li></ul>

<span style=""font-weight: bold; color: #d7328a;"">Advantages:</span><br>
<ul><li>Event 100 Gloss White has a blue contrast kraft liner to aid weeding and application</li>
<li>Clean removability from most substrates for short term applications</li>
<li>Fire Rated to Euroclass DIN EN 13501-1:2019-05 with classification B-s1-d0</li>
<li>Available in a wide range of opaque gloss and matt colours for any project</li></ul>

<span style=""font-weight: bold; color: #d7328a;"">Technical Information:</span><br>
<ul><a href=""media/ecom/pdfs/datasheets/TDS_Ri_MarkEvent_uk_issue1_b756.pdf"" target=""_blank""><img
style=""border: 0px solid ; width: 200px; height: 60px;"" alt=""Ri-Mark Event Datasheet""
src=""media/ecom/onpagegraphics/Datasheet.png""></a>
<a href=""media/ecom/colselxl/digital_colour_card_Ri_Mark_Event.pdf"" target=""_blank""><img
style=""border: 0px solid ; width: 200px; height: 60px;"" alt=""Ri-Mark Event Colour Selector""
src=""media/ecom/onpagegraphics/Colour.png""></a></ul>
</body>
</html>","Event_135_Gloss_Burgundy.png","Event_135_Gloss_Burgundy.png","INVITEMS","DEFAULT-L135-DEFAULT-L135","","","0","0","0","","1","REGONLY","0","0","0","0","","","","SELECT","SELECT","0","","","","","0","0","","income-service","","","0","0","","","","","Ritrama_L_Range","Ritrama_L_Range","","","0","900EMT1220, 4075CT1220, 903C1220, Aslan_Red_Devil_Squeegee, Olfa_X_Design_Heavy_Duty_Knife, Masking_Tape_25mm, Aslan-Gold-Soft-Squeegee, Olfa_Graphic_Cutter, Swann_Morton_3_Handle, Swann_Morton_10A_Blades, Float_On","900EMT1220, 4075CT1220, 903C1220, Aslan_Red_Devil_Squeegee, Olfa_X_Design_Heavy_Duty_Knife, Masking_Tape_25mm, Aslan-Gold-Soft-Squeegee, Olfa_Graphic_Cutter, Swann_Morton_3_Handle, Swann_Morton_10A_Blades, Float_On","A","","","","","Reds, Colours","Gloss","","","","","","","","","Ri-Mark-Event-135-Gloss-Burgundy","0","vinyl, monomeric, event, ritrama, fedrigoni, 135, L range, L series, L grade, sign, vinyl, signvinyl, gloss, l135, burghundy, burgundy, red, ","","","1671707542","0","","0","","CHECKBOX"
"L141","Ri-Mark Event 141 Gloss Pink","L141","Ritrama","150","1","DEFAULT","","","","","0","Ri-Mark Event 141 Gloss Pink monomeric self-adhesive vinyl for short to medium term outdoor and indoor signage and display applications.","<html>
<head><title>Ri-Mark Event 141 Gloss Pink</title>

<style>
.responsive {
  width: 50%;
  height: auto;
}
</style>
</head>

<body>
<img src=""media/ecom/onpagegraphics/Fedrigoni_Logo.jpg"" alt=""Fedrigoni Logo"" class=""responsive"">
<p>Ri-Mark Event 141 Gloss Pink monomeric self-adhesive vinyl is designed for short to medium term outdoor and indoor signage, point of sale displays and exhibition graphics.</p>

<span style=""font-weight: bold; color: #d7328a;"">Structure:</span><br>
<ul><li>70<span>&#181;</span>m Monomeric calendered PVC</li>
<li>Transparent water based adhesive - Permanent</li>
<li>Clay coated kraft paper liner - 120gm<sup>2</sup>
</li></ul>

<span style=""font-weight: bold; color: #d7328a;"">Suitability:</span><br>
<ul><li>Suitable for application to smooth flat and 2D curved surfaces</li>
<li>Ideal for short to medium term outdoor and indoor signage, point of sale displays and exhibition graphics</li>
<li>Water based adhesive provides good dimensional stability and clean removability from most substrates</li>
<li>Suitable for dry or wet application methods (Please note that if applying wet on to glass, the adhesive may become milky but this will clear when the adhesive has dried)</li>
<li>Outdoor durability of up to 4 years</li></ul>

<span style=""font-weight: bold; color: #d7328a;"">Advantages:</span><br>
<ul><li>Event 100 Gloss White has a blue contrast kraft liner to aid weeding and application</li>
<li>Clean removability from most substrates for short term applications</li>
<li>Fire Rated to Euroclass DIN EN 13501-1:2019-05 with classification B-s1-d0</li>
<li>Available in a wide range of opaque gloss and matt colours for any project</li></ul>

<span style=""font-weight: bold; color: #d7328a;"">Technical Information:</span><br>
<ul><a href=""media/ecom/pdfs/datasheets/TDS_Ri_MarkEvent_uk_issue1_b756.pdf"" target=""_blank""><img
style=""border: 0px solid ; width: 200px; height: 60px;"" alt=""Ri-Mark Event Datasheet""
src=""media/ecom/onpagegraphics/Datasheet.png""></a>
<a href=""media/ecom/colselxl/digital_colour_card_Ri_Mark_Event.pdf"" target=""_blank""><img
style=""border: 0px solid ; width: 200px; height: 60px;"" alt=""Ri-Mark Event Colour Selector""
src=""media/ecom/onpagegraphics/Colour.png""></a></ul>
</body>
</html>","Event_141_Gloss_Pink.png","Event_141_Gloss_Pink.png","INVITEMS","DEFAULT-L141-DEFAULT-L141","","","0","0","0","","1","REGONLY","0","0","0","0","","","","SELECT","SELECT","0","","","","","0","0","","income-service","","","0","0","","","","","Ritrama_L_Range","Ritrama_L_Range","","","0","900EMT1220, 4075CT1220, 903C1220, Aslan_Red_Devil_Squeegee, Olfa_X_Design_Heavy_Duty_Knife, Masking_Tape_25mm, Aslan-Gold-Soft-Squeegee, Olfa_Graphic_Cutter, Swann_Morton_3_Handle, Swann_Morton_10A_Blades, Float_On","900EMT1220, 4075CT1220, 903C1220, Aslan_Red_Devil_Squeegee, Olfa_X_Design_Heavy_Duty_Knife, Masking_Tape_25mm, Aslan-Gold-Soft-Squeegee, Olfa_Graphic_Cutter, Swann_Morton_3_Handle, Swann_Morton_10A_Blades, Float_On","A","","","","","Reds, Colours","Gloss","","","","","","","","","Ri-Mark-Event-141-Gloss-Pink","0","vinyl, monomeric, event, ritrama, fedrigoni, 141, L range, L series, L grade, sign, vinyl, signvinyl, gloss, l141, pink, ","","","1616509596","0","","0","","CHECKBOX"
"L145","Ri-Mark Event 145 Gloss Brown","L145","Ritrama","130","1","DEFAULT","","","","","0","Ri-Mark Event 145 Gloss Brown monomeric self-adhesive vinyl for short to medium term outdoor and indoor signage and display applications.","<html>
<head><title>Ri-Mark Event 145 Gloss Brown</title>

<style>
.responsive {
  width: 50%;
  height: auto;
}
</style>
</head>

<body>
<img src=""media/ecom/onpagegraphics/Fedrigoni_Logo.jpg"" alt=""Fedrigoni Logo"" class=""responsive"">
<p>Ri-Mark Event 145 Gloss Brown monomeric self-adhesive vinyl is designed for short to medium term outdoor and indoor signage, point of sale displays and exhibition graphics.</p>

<span style=""font-weight: bold; color: #d7328a;"">Structure:</span><br>
<ul><li>70<span>&#181;</span>m Monomeric calendered PVC</li>
<li>Transparent water based adhesive - Permanent</li>
<li>Clay coated kraft paper liner - 120gm<sup>2</sup>
</li></ul>

<span style=""font-weight: bold; color: #d7328a;"">Suitability:</span><br>
<ul><li>Suitable for application to smooth flat and 2D curved surfaces</li>
<li>Ideal for short to medium term outdoor and indoor signage, point of sale displays and exhibition graphics</li>
<li>Water based adhesive provides good dimensional stability and clean removability from most substrates</li>
<li>Suitable for dry or wet application methods (Please note that if applying wet on to glass, the adhesive may become milky but this will clear when the adhesive has dried)</li>
<li>Outdoor durability of up to 4 years</li></ul>

<span style=""font-weight: bold; color: #d7328a;"">Advantages:</span><br>
<ul><li>Event 100 Gloss White has a blue contrast kraft liner to aid weeding and application</li>
<li>Clean removability from most substrates for short term applications</li>
<li>Fire Rated to Euroclass DIN EN 13501-1:2019-05 with classification B-s1-d0</li>
<li>Available in a wide range of opaque gloss and matt colours for any project</li></ul>

<span style=""font-weight: bold; color: #d7328a;"">Technical Information:</span><br>
<ul><a href=""media/ecom/pdfs/datasheets/TDS_Ri_MarkEvent_uk_issue1_b756.pdf"" target=""_blank""><img
style=""border: 0px solid ; width: 200px; height: 60px;"" alt=""Ri-Mark Event Datasheet""
src=""media/ecom/onpagegraphics/Datasheet.png""></a>
<a href=""media/ecom/colselxl/digital_colour_card_Ri_Mark_Event.pdf"" target=""_blank""><img
style=""border: 0px solid ; width: 200px; height: 60px;"" alt=""Ri-Mark Event Colour Selector""
src=""media/ecom/onpagegraphics/Colour.png""></a></ul>
</body>
</html>","Event_145_Gloss_Brown.png","Event_145_Gloss_Brown.png","INVITEMS","DEFAULT-L145-DEFAULT-L145","","","0","0","0","","1","REGONLY","0","0","0","0","","","","SELECT","SELECT","0","","","","","0","0","","income-service","","","0","0","","","","","Ritrama_L_Range","Ritrama_L_Range","","","0","900EMT1220, 4075CT1220, 903C1220, Aslan_Red_Devil_Squeegee, Olfa_X_Design_Heavy_Duty_Knife, Masking_Tape_25mm, Aslan-Gold-Soft-Squeegee, Olfa_Graphic_Cutter, Swann_Morton_3_Handle, Swann_Morton_10A_Blades, Float_On","900EMT1220, 4075CT1220, 903C1220, Aslan_Red_Devil_Squeegee, Olfa_X_Design_Heavy_Duty_Knife, Masking_Tape_25mm, Aslan-Gold-Soft-Squeegee, Olfa_Graphic_Cutter, Swann_Morton_3_Handle, Swann_Morton_10A_Blades, Float_On","A","","","","","Browns, Colours","Gloss","","","","","","","","","Ri-Mark-Event-145-Gloss-Brown","0","vinyl, monomeric, event, ritrama, fedrigoni, 145, L range, L series, L grade, sign, vinyl, signvinyl, gloss, l145, brown, ","","","1673549295","0","","0","","CHECKBOX"
"L150","Ri-Mark Event 150 Gloss Violet","L150","Ritrama","170","1","DEFAULT","","","","","0","Ri-Mark Event 150 Gloss Violet monomeric self-adhesive vinyl for short to medium term outdoor and indoor signage and display applications.","<html>
<head><title>Ri-Mark Event 150 Gloss Violet</title>

<style>
.responsive {
  width: 50%;
  height: auto;
}
</style>
</head>

<body>
<img src=""media/ecom/onpagegraphics/Fedrigoni_Logo.jpg"" alt=""Fedrigoni Logo"" class=""responsive"">
<p>Ri-Mark Event 150 Gloss Violet monomeric self-adhesive vinyl is designed for short to medium term outdoor and indoor signage, point of sale displays and exhibition graphics.</p>

<span style=""font-weight: bold; color: #d7328a;"">Structure:</span><br>
<ul><li>70<span>&#181;</span>m Monomeric calendered PVC</li>
<li>Transparent water based adhesive - Permanent</li>
<li>Clay coated kraft paper liner - 120gm<sup>2</sup>
</li></ul>

<span style=""font-weight: bold; color: #d7328a;"">Suitability:</span><br>
<ul><li>Suitable for application to smooth flat and 2D curved surfaces</li>
<li>Ideal for short to medium term outdoor and indoor signage, point of sale displays and exhibition graphics</li>
<li>Water based adhesive provides good dimensional stability and clean removability from most substrates</li>
<li>Suitable for dry or wet application methods (Please note that if applying wet on to glass, the adhesive may become milky but this will clear when the adhesive has dried)</li>
<li>Outdoor durability of up to 4 years</li></ul>

<span style=""font-weight: bold; color: #d7328a;"">Advantages:</span><br>
<ul><li>Event 100 Gloss White has a blue contrast kraft liner to aid weeding and application</li>
<li>Clean removability from most substrates for short term applications</li>
<li>Fire Rated to Euroclass DIN EN 13501-1:2019-05 with classification B-s1-d0</li>
<li>Available in a wide range of opaque gloss and matt colours for any project</li></ul>

<span style=""font-weight: bold; color: #d7328a;"">Technical Information:</span><br>
<ul><a href=""media/ecom/pdfs/datasheets/TDS_Ri_MarkEvent_uk_issue1_b756.pdf"" target=""_blank""><img
style=""border: 0px solid ; width: 200px; height: 60px;"" alt=""Ri-Mark Event Datasheet""
src=""media/ecom/onpagegraphics/Datasheet.png""></a>
<a href=""media/ecom/colselxl/digital_colour_card_Ri_Mark_Event.pdf"" target=""_blank""><img
style=""border: 0px solid ; width: 200px; height: 60px;"" alt=""Ri-Mark Event Colour Selector""
src=""media/ecom/onpagegraphics/Colour.png""></a></ul>
</body>
</html>","Event_150_Gloss_Violet.png","Event_150_Gloss_Violet.png","INVITEMS","DEFAULT-L150-DEFAULT-L150","","","0","0","0","","1","REGONLY","0","0","0","0","","","","SELECT","SELECT","0","","","","","0","0","","income-service","","","0","0","","","","","Ritrama_L_Range","Ritrama_L_Range","","","0","900EMT1220, 4075CT1220, 903C1220, Aslan_Red_Devil_Squeegee, Olfa_X_Design_Heavy_Duty_Knife, Masking_Tape_25mm, Aslan-Gold-Soft-Squeegee, Olfa_Graphic_Cutter, Swann_Morton_3_Handle, Swann_Morton_10A_Blades, Float_On","900EMT1220, 4075CT1220, 903C1220, Aslan_Red_Devil_Squeegee, Olfa_X_Design_Heavy_Duty_Knife, Masking_Tape_25mm, Aslan-Gold-Soft-Squeegee, Olfa_Graphic_Cutter, Swann_Morton_3_Handle, Swann_Morton_10A_Blades, Float_On","A","","","","","Reds, Blues, Colours","Gloss","","","","","","","","","Ri-Mark-Event-150-Gloss-Violet","0","vinyl, monomeric, event, ritrama, fedrigoni, 150, L range, L series, L grade, sign, vinyl, signvinyl, gloss, l150, violet, purple, ","","","1671707862","0","","0","","CHECKBOX"
"L151","Ri-Mark Event 151 Gloss Perfect Purple","L151","Ritrama","180","1","DEFAULT","","","","","0","Ri-Mark Event 151 Gloss Perfect Purple monomeric self-adhesive vinyl for short to medium term outdoor and indoor signage and display applications.","<html>
<head><title>Ri-Mark Event 151 Gloss Perfect Purple</title>

<style>
.responsive {
  width: 50%;
  height: auto;
}
</style>
</head>

<body>
<img src=""media/ecom/onpagegraphics/Fedrigoni_Logo.jpg"" alt=""Fedrigoni Logo"" class=""responsive"">
<p>Ri-Mark Event 151 Gloss Perfect Purple monomeric self-adhesive vinyl is designed for short to medium term outdoor and indoor signage, point of sale displays and exhibition graphics.</p>

<span style=""font-weight: bold; color: #d7328a;"">Structure:</span><br>
<ul><li>70<span>&#181;</span>m Monomeric calendered PVC</li>
<li>Transparent water based adhesive - Permanent</li>
<li>Clay coated kraft paper liner - 120gm<sup>2</sup>
</li></ul>

<span style=""font-weight: bold; color: #d7328a;"">Suitability:</span><br>
<ul><li>Suitable for application to smooth flat and 2D curved surfaces</li>
<li>Ideal for short to medium term outdoor and indoor signage, point of sale displays and exhibition graphics</li>
<li>Water based adhesive provides good dimensional stability and clean removability from most substrates</li>
<li>Suitable for dry or wet application methods (Please note that if applying wet on to glass, the adhesive may become milky but this will clear when the adhesive has dried)</li>
<li>Outdoor durability of up to 4 years</li></ul>

<span style=""font-weight: bold; color: #d7328a;"">Advantages:</span><br>
<ul><li>Event 100 Gloss White has a blue contrast kraft liner to aid weeding and application</li>
<li>Clean removability from most substrates for short term applications</li>
<li>Fire Rated to Euroclass DIN EN 13501-1:2019-05 with classification B-s1-d0</li>
<li>Available in a wide range of opaque gloss and matt colours for any project</li></ul>

<span style=""font-weight: bold; color: #d7328a;"">Technical Information:</span><br>
<ul><a href=""media/ecom/pdfs/datasheets/TDS_Ri_MarkEvent_uk_issue1_b756.pdf"" target=""_blank""><img
style=""border: 0px solid ; width: 200px; height: 60px;"" alt=""Ri-Mark Event Datasheet""
src=""media/ecom/onpagegraphics/Datasheet.png""></a>
<a href=""media/ecom/colselxl/digital_colour_card_Ri_Mark_Event.pdf"" target=""_blank""><img
style=""border: 0px solid ; width: 200px; height: 60px;"" alt=""Ri-Mark Event Colour Selector""
src=""media/ecom/onpagegraphics/Colour.png""></a></ul>
</body>
</html>","Event_151_Gloss_Perfect_Purple.png","Event_151_Gloss_Perfect_Purple.png","INVITEMS","DEFAULT-L151-DEFAULT-L151","","","0","0","0","","1","REGONLY","0","0","0","0","","","","SELECT","SELECT","0","","","","","0","0","","income-service","","","0","0","","","","","Ritrama_L_Range","Ritrama_L_Range","","","0","900EMT1220, 4075CT1220, 903C1220, Aslan_Red_Devil_Squeegee, Olfa_X_Design_Heavy_Duty_Knife, Masking_Tape_25mm, Aslan-Gold-Soft-Squeegee, Olfa_Graphic_Cutter, Swann_Morton_3_Handle, Swann_Morton_10A_Blades, Float_On","900EMT1220, 4075CT1220, 903C1220, Aslan_Red_Devil_Squeegee, Olfa_X_Design_Heavy_Duty_Knife, Masking_Tape_25mm, Aslan-Gold-Soft-Squeegee, Olfa_Graphic_Cutter, Swann_Morton_3_Handle, Swann_Morton_10A_Blades, Float_On","A","","","","","Reds, Blues, Colours","Gloss","","","","","","","","","Ri-Mark-Event-151-Gloss-Perfect-Purple","0","vinyl, monomeric, event, ritrama, fedrigoni, 151, L range, L series, L grade, sign, vinyl, signvinyl, gloss, l151, perfect, purple, perfectpurple, ","","","1671708073","0","","0","","CHECKBOX"
"L157","Ri-Mark Event 157 Gloss Light Blue","L157","Ritrama","260","1","DEFAULT","","","","","0","Ri-Mark Event 157 Gloss Light Blue monomeric self-adhesive vinyl for short to medium term outdoor and indoor signage and display applications.","<html>
<head><title>Ri-Mark Event 157 Gloss Light Blue</title>

<style>
.responsive {
  width: 50%;
  height: auto;
}
</style>
</head>

<body>
<img src=""media/ecom/onpagegraphics/Fedrigoni_Logo.jpg"" alt=""Fedrigoni Logo"" class=""responsive"">
<p>Ri-Mark Event 157 Gloss Light Blue monomeric self-adhesive vinyl is designed for short to medium term outdoor and indoor signage, point of sale displays and exhibition graphics.</p>

<span style=""font-weight: bold; color: #d7328a;"">Structure:</span><br>
<ul><li>70<span>&#181;</span>m Monomeric calendered PVC</li>
<li>Transparent water based adhesive - Permanent</li>
<li>Clay coated kraft paper liner - 120gm<sup>2</sup>
</li></ul>

<span style=""font-weight: bold; color: #d7328a;"">Suitability:</span><br>
<ul><li>Suitable for application to smooth flat and 2D curved surfaces</li>
<li>Ideal for short to medium term outdoor and indoor signage, point of sale displays and exhibition graphics</li>
<li>Water based adhesive provides good dimensional stability and clean removability from most substrates</li>
<li>Suitable for dry or wet application methods (Please note that if applying wet on to glass, the adhesive may become milky but this will clear when the adhesive has dried)</li>
<li>Outdoor durability of up to 4 years</li></ul>

<span style=""font-weight: bold; color: #d7328a;"">Advantages:</span><br>
<ul><li>Event 100 Gloss White has a blue contrast kraft liner to aid weeding and application</li>
<li>Clean removability from most substrates for short term applications</li>
<li>Fire Rated to Euroclass DIN EN 13501-1:2019-05 with classification B-s1-d0</li>
<li>Available in a wide range of opaque gloss and matt colours for any project</li></ul>

<span style=""font-weight: bold; color: #d7328a;"">Technical Information:</span><br>
<ul><a href=""media/ecom/pdfs/datasheets/TDS_Ri_MarkEvent_uk_issue1_b756.pdf"" target=""_blank""><img
style=""border: 0px solid ; width: 200px; height: 60px;"" alt=""Ri-Mark Event Datasheet""
src=""media/ecom/onpagegraphics/Datasheet.png""></a>
<a href=""media/ecom/colselxl/digital_colour_card_Ri_Mark_Event.pdf"" target=""_blank""><img
style=""border: 0px solid ; width: 200px; height: 60px;"" alt=""Ri-Mark Event Colour Selector""
src=""media/ecom/onpagegraphics/Colour.png""></a></ul>
</body>
</html>","Event_157_Gloss_Light_Blue.png","Event_157_Gloss_Light_Blue.png","INVITEMS","DEFAULT-L157-DEFAULT-L157","","","0","0","0","","1","REGONLY","0","0","0","0","","","","SELECT","SELECT","0","","","","","0","0","","income-service","","","0","0","","","","","Ritrama_L_Range","Ritrama_L_Range","","","0","900EMT1220, 4075CT1220, 903C1220, Aslan_Red_Devil_Squeegee, Olfa_X_Design_Heavy_Duty_Knife, Masking_Tape_25mm, Aslan-Gold-Soft-Squeegee, Olfa_Graphic_Cutter, Swann_Morton_3_Handle, Swann_Morton_10A_Blades, Float_On","900EMT1220, 4075CT1220, 903C1220, Aslan_Red_Devil_Squeegee, Olfa_X_Design_Heavy_Duty_Knife, Masking_Tape_25mm, Aslan-Gold-Soft-Squeegee, Olfa_Graphic_Cutter, Swann_Morton_3_Handle, Swann_Morton_10A_Blades, Float_On","A","","","","","Blues, Colours","Gloss","","","","","","","","","Ri-Mark-Event-157-Gloss-Light-Blue","0","vinyl, monomeric, event, ritrama, fedrigoni, 157, L range, L series, L grade, sign, vinyl, signvinyl, gloss, l157, light, blue, lightblue, ","","","1616515283","0","","0","","CHECKBOX"
"L158","Ri-Mark Event 158 Gloss Olympic Blue","L158","Ritrama","250","1","DEFAULT","","","","","0","Ri-Mark Event 158 Gloss Olympic Blue monomeric self-adhesive vinyl for short to medium term outdoor and indoor signage and display applications.","<html>
<head><title>Ri-Mark Event 158 Gloss Olympic Blue</title>

<style>
.responsive {
  width: 50%;
  height: auto;
}
</style>
</head>

<body>
<img src=""media/ecom/onpagegraphics/Fedrigoni_Logo.jpg"" alt=""Fedrigoni Logo"" class=""responsive"">
<p>Ri-Mark Event 158 Gloss Olympic Blue monomeric self-adhesive vinyl is designed for short to medium term outdoor and indoor signage, point of sale displays and exhibition graphics.</p>

<span style=""font-weight: bold; color: #d7328a;"">Structure:</span><br>
<ul><li>70<span>&#181;</span>m Monomeric calendered PVC</li>
<li>Transparent water based adhesive - Permanent</li>
<li>Clay coated kraft paper liner - 120gm<sup>2</sup>
</li></ul>

<span style=""font-weight: bold; color: #d7328a;"">Suitability:</span><br>
<ul><li>Suitable for application to smooth flat and 2D curved surfaces</li>
<li>Ideal for short to medium term outdoor and indoor signage, point of sale displays and exhibition graphics</li>
<li>Water based adhesive provides good dimensional stability and clean removability from most substrates</li>
<li>Suitable for dry or wet application methods (Please note that if applying wet on to glass, the adhesive may become milky but this will clear when the adhesive has dried)</li>
<li>Outdoor durability of up to 4 years</li></ul>

<span style=""font-weight: bold; color: #d7328a;"">Advantages:</span><br>
<ul><li>Event 100 Gloss White has a blue contrast kraft liner to aid weeding and application</li>
<li>Clean removability from most substrates for short term applications</li>
<li>Fire Rated to Euroclass DIN EN 13501-1:2019-05 with classification B-s1-d0</li>
<li>Available in a wide range of opaque gloss and matt colours for any project</li></ul>

<span style=""font-weight: bold; color: #d7328a;"">Technical Information:</span><br>
<ul><a href=""media/ecom/pdfs/datasheets/TDS_Ri_MarkEvent_uk_issue1_b756.pdf"" target=""_blank""><img
style=""border: 0px solid ; width: 200px; height: 60px;"" alt=""Ri-Mark Event Datasheet""
src=""media/ecom/onpagegraphics/Datasheet.png""></a>
<a href=""media/ecom/colselxl/digital_colour_card_Ri_Mark_Event.pdf"" target=""_blank""><img
style=""border: 0px solid ; width: 200px; height: 60px;"" alt=""Ri-Mark Event Colour Selector""
src=""media/ecom/onpagegraphics/Colour.png""></a></ul>
</body>
</html>","Event_158_Gloss_Olympic_Blue.png","Event_158_Gloss_Olympic_Blue.png","INVITEMS","DEFAULT-L158-DEFAULT-L158","","","0","0","0","","1","REGONLY","0","0","0","0","","","","SELECT","SELECT","0","","","","","0","0","","income-service","","","0","0","","","","","Ritrama_L_Range","Ritrama_L_Range","","","0","900EMT1220, 4075CT1220, 903C1220, Aslan_Red_Devil_Squeegee, Olfa_X_Design_Heavy_Duty_Knife, Masking_Tape_25mm, Aslan-Gold-Soft-Squeegee, Olfa_Graphic_Cutter, Swann_Morton_3_Handle, Swann_Morton_10A_Blades, Float_On","900EMT1220, 4075CT1220, 903C1220, Aslan_Red_Devil_Squeegee, Olfa_X_Design_Heavy_Duty_Knife, Masking_Tape_25mm, Aslan-Gold-Soft-Squeegee, Olfa_Graphic_Cutter, Swann_Morton_3_Handle, Swann_Morton_10A_Blades, Float_On","A","","","","","Blues, Colours","Gloss","","","","","","","","","Ri-Mark-Event-158-Gloss-Olympic-Blue","0","vinyl, monomeric, event, ritrama, fedrigoni, 158, L range, L series, L grade, sign, vinyl, signvinyl, gloss, l158, olympic, blue, olympicblue, ","","","1671714410","0","","0","","CHECKBOX"
"L159","Ri-Mark Event 159 Gloss Azure Blue","L159","Ritrama","240","1","DEFAULT","","","","","0","Ri-Mark Event 159 Gloss Azure Blue monomeric self-adhesive vinyl for short to medium term outdoor and indoor signage and display applications.","<html>
<head><title>Ri-Mark Event 159 Gloss Azure Blue</title>

<style>
.responsive {
  width: 50%;
  height: auto;
}
</style>
</head>

<body>
<img src=""media/ecom/onpagegraphics/Fedrigoni_Logo.jpg"" alt=""Fedrigoni Logo"" class=""responsive"">
<p>Ri-Mark Event 159 Gloss Azure Blue monomeric self-adhesive vinyl is designed for short to medium term outdoor and indoor signage, point of sale displays and exhibition graphics.</p>

<span style=""font-weight: bold; color: #d7328a;"">Structure:</span><br>
<ul><li>70<span>&#181;</span>m Monomeric calendered PVC</li>
<li>Transparent water based adhesive - Permanent</li>
<li>Clay coated kraft paper liner - 120gm<sup>2</sup>
</li></ul>

<span style=""font-weight: bold; color: #d7328a;"">Suitability:</span><br>
<ul><li>Suitable for application to smooth flat and 2D curved surfaces</li>
<li>Ideal for short to medium term outdoor and indoor signage, point of sale displays and exhibition graphics</li>
<li>Water based adhesive provides good dimensional stability and clean removability from most substrates</li>
<li>Suitable for dry or wet application methods (Please note that if applying wet on to glass, the adhesive may become milky but this will clear when the adhesive has dried)</li>
<li>Outdoor durability of up to 4 years</li></ul>

<span style=""font-weight: bold; color: #d7328a;"">Advantages:</span><br>
<ul><li>Event 100 Gloss White has a blue contrast kraft liner to aid weeding and application</li>
<li>Clean removability from most substrates for short term applications</li>
<li>Fire Rated to Euroclass DIN EN 13501-1:2019-05 with classification B-s1-d0</li>
<li>Available in a wide range of opaque gloss and matt colours for any project</li></ul>

<span style=""font-weight: bold; color: #d7328a;"">Technical Information:</span><br>
<ul><a href=""media/ecom/pdfs/datasheets/TDS_Ri_MarkEvent_uk_issue1_b756.pdf"" target=""_blank""><img
style=""border: 0px solid ; width: 200px; height: 60px;"" alt=""Ri-Mark Event Datasheet""
src=""media/ecom/onpagegraphics/Datasheet.png""></a>
<a href=""media/ecom/colselxl/digital_colour_card_Ri_Mark_Event.pdf"" target=""_blank""><img
style=""border: 0px solid ; width: 200px; height: 60px;"" alt=""Ri-Mark Event Colour Selector""
src=""media/ecom/onpagegraphics/Colour.png""></a></ul>
</body>
</html>","Event_159_Gloss_Azure_Blue.png","Event_159_Gloss_Azure_Blue.png","INVITEMS","DEFAULT-L159-DEFAULT-L159","","","0","0","0","","1","REGONLY","0","0","0","0","","","","SELECT","SELECT","0","","","","","0","0","","income-service","","","0","0","","","","","Ritrama_L_Range","Ritrama_L_Range","","","0","900EMT1220, 4075CT1220, 903C1220, Aslan_Red_Devil_Squeegee, Olfa_X_Design_Heavy_Duty_Knife, Masking_Tape_25mm, Aslan-Gold-Soft-Squeegee, Olfa_Graphic_Cutter, Swann_Morton_3_Handle, Swann_Morton_10A_Blades, Float_On","900EMT1220, 4075CT1220, 903C1220, Aslan_Red_Devil_Squeegee, Olfa_X_Design_Heavy_Duty_Knife, Masking_Tape_25mm, Aslan-Gold-Soft-Squeegee, Olfa_Graphic_Cutter, Swann_Morton_3_Handle, Swann_Morton_10A_Blades, Float_On","A","","","","","Blues, Colours","Gloss","","","","","","","","","Ri-Mark-Event-159-Gloss-Azure-Blue","0","vinyl, monomeric, event, ritrama, fedrigoni, 159, L range, L series, L grade, sign, vinyl, signvinyl, gloss, l159, azure, blue, azureblue, ","","","1670948989","0","","0","","CHECKBOX"
"L160","Ri-Mark Event 160 Gloss Permanent Blue","L160","Ritrama","230","1","DEFAULT","","","","","0","Ri-Mark Event 160 Gloss Permanent Blue monomeric self-adhesive vinyl for short to medium term outdoor and indoor signage and display applications.","<html>
<head><title>Ri-Mark Event 160 Gloss Permanent Blue</title>

<style>
.responsive {
  width: 50%;
  height: auto;
}
</style>
</head>

<body>
<img src=""media/ecom/onpagegraphics/Fedrigoni_Logo.jpg"" alt=""Fedrigoni Logo"" class=""responsive"">
<p>Ri-Mark Event 160 Gloss Permanent Blue monomeric self-adhesive vinyl is designed for short to medium term outdoor and indoor signage, point of sale displays and exhibition graphics.</p>

<span style=""font-weight: bold; color: #d7328a;"">Structure:</span><br>
<ul><li>70<span>&#181;</span>m Monomeric calendered PVC</li>
<li>Transparent water based adhesive - Permanent</li>
<li>Clay coated kraft paper liner - 120gm<sup>2</sup>
</li></ul>

<span style=""font-weight: bold; color: #d7328a;"">Suitability:</span><br>
<ul><li>Suitable for application to smooth flat and 2D curved surfaces</li>
<li>Ideal for short to medium term outdoor and indoor signage, point of sale displays and exhibition graphics</li>
<li>Water based adhesive provides good dimensional stability and clean removability from most substrates</li>
<li>Suitable for dry or wet application methods (Please note that if applying wet on to glass, the adhesive may become milky but this will clear when the adhesive has dried)</li>
<li>Outdoor durability of up to 4 years</li></ul>

<span style=""font-weight: bold; color: #d7328a;"">Advantages:</span><br>
<ul><li>Event 100 Gloss White has a blue contrast kraft liner to aid weeding and application</li>
<li>Clean removability from most substrates for short term applications</li>
<li>Fire Rated to Euroclass DIN EN 13501-1:2019-05 with classification B-s1-d0</li>
<li>Available in a wide range of opaque gloss and matt colours for any project</li></ul>

<span style=""font-weight: bold; color: #d7328a;"">Technical Information:</span><br>
<ul><a href=""media/ecom/pdfs/datasheets/TDS_Ri_MarkEvent_uk_issue1_b756.pdf"" target=""_blank""><img
style=""border: 0px solid ; width: 200px; height: 60px;"" alt=""Ri-Mark Event Datasheet""
src=""media/ecom/onpagegraphics/Datasheet.png""></a>
<a href=""media/ecom/colselxl/digital_colour_card_Ri_Mark_Event.pdf"" target=""_blank""><img
style=""border: 0px solid ; width: 200px; height: 60px;"" alt=""Ri-Mark Event Colour Selector""
src=""media/ecom/onpagegraphics/Colour.png""></a></ul>
</body>
</html>","Event_160_Permanent_Blue.png","Event_160_Permanent_Blue.png","INVITEMS","DEFAULT-L160-DEFAULT-L160","","","0","0","0","","1","REGONLY","0","0","0","0","","","","SELECT","SELECT","0","","","","","0","0","","income-service","","","0","0","","","","","Ritrama_L_Range","Ritrama_L_Range","","","0","900EMT1220, 4075CT1220, 903C1220, Aslan_Red_Devil_Squeegee, Olfa_X_Design_Heavy_Duty_Knife, Masking_Tape_25mm, Aslan-Gold-Soft-Squeegee, Olfa_Graphic_Cutter, Swann_Morton_3_Handle, Swann_Morton_10A_Blades, Float_On","900EMT1220, 4075CT1220, 903C1220, Aslan_Red_Devil_Squeegee, Olfa_X_Design_Heavy_Duty_Knife, Masking_Tape_25mm, Aslan-Gold-Soft-Squeegee, Olfa_Graphic_Cutter, Swann_Morton_3_Handle, Swann_Morton_10A_Blades, Float_On","A","","","","","Blues, Colours","Gloss","","","","","","","","","Ri-Mark-Event-160-Gloss-Permanent-Blue","0","vinyl, monomeric, event, ritrama, fedrigoni, 160, L range, L series, L grade, sign, vinyl, signvinyl, gloss, l160, permanant, permanent, blue, permanentblue, ","","","1670950520","0","","0","","CHECKBOX"
"L161","Ri-Mark Event 161 Gloss Ultramarine Blue","L161","Ritrama","210","1","DEFAULT","","","","","0","Ri-Mark Event 161 Gloss Ultramarine Blue monomeric self-adhesive vinyl for short to medium term outdoor and indoor signage and display applications.","<html>
<head><title>Ri-Mark Event 161 Gloss Ultramarine Blue</title>

<style>
.responsive {
  width: 50%;
  height: auto;
}
</style>
</head>

<body>
<img src=""media/ecom/onpagegraphics/Fedrigoni_Logo.jpg"" alt=""Fedrigoni Logo"" class=""responsive"">
<p>Ri-Mark Event 161 Gloss Ultramarine Blue monomeric self-adhesive vinyl is designed for short to medium term outdoor and indoor signage, point of sale displays and exhibition graphics.</p>

<span style=""font-weight: bold; color: #d7328a;"">Structure:</span><br>
<ul><li>70<span>&#181;</span>m Monomeric calendered PVC</li>
<li>Transparent water based adhesive - Permanent</li>
<li>Clay coated kraft paper liner - 120gm<sup>2</sup>
</li></ul>

<span style=""font-weight: bold; color: #d7328a;"">Suitability:</span><br>
<ul><li>Suitable for application to smooth flat and 2D curved surfaces</li>
<li>Ideal for short to medium term outdoor and indoor signage, point of sale displays and exhibition graphics</li>
<li>Water based adhesive provides good dimensional stability and clean removability from most substrates</li>
<li>Suitable for dry or wet application methods (Please note that if applying wet on to glass, the adhesive may become milky but this will clear when the adhesive has dried)</li>
<li>Outdoor durability of up to 4 years</li></ul>

<span style=""font-weight: bold; color: #d7328a;"">Advantages:</span><br>
<ul><li>Event 100 Gloss White has a blue contrast kraft liner to aid weeding and application</li>
<li>Clean removability from most substrates for short term applications</li>
<li>Fire Rated to Euroclass DIN EN 13501-1:2019-05 with classification B-s1-d0</li>
<li>Available in a wide range of opaque gloss and matt colours for any project</li></ul>

<span style=""font-weight: bold; color: #d7328a;"">Technical Information:</span><br>
<ul><a href=""media/ecom/pdfs/datasheets/TDS_Ri_MarkEvent_uk_issue1_b756.pdf"" target=""_blank""><img
style=""border: 0px solid ; width: 200px; height: 60px;"" alt=""Ri-Mark Event Datasheet""
src=""media/ecom/onpagegraphics/Datasheet.png""></a>
<a href=""media/ecom/colselxl/digital_colour_card_Ri_Mark_Event.pdf"" target=""_blank""><img
style=""border: 0px solid ; width: 200px; height: 60px;"" alt=""Ri-Mark Event Colour Selector""
src=""media/ecom/onpagegraphics/Colour.png""></a></ul>
</body>
</html>","Event_161_Gloss_Ultramarine_Blue.png","Event_161_Gloss_Ultramarine_Blue.png","INVITEMS","DEFAULT-L161-DEFAULT-L161","","","0","0","0","","1","REGONLY","0","0","0","0","","","","SELECT","SELECT","0","","","","","0","0","","income-service","","","0","0","","","","","Ritrama_L_Range","Ritrama_L_Range","","","0","900EMT1220, 4075CT1220, 903C1220, Aslan_Red_Devil_Squeegee, Olfa_X_Design_Heavy_Duty_Knife, Masking_Tape_25mm, Aslan-Gold-Soft-Squeegee, Olfa_Graphic_Cutter, Swann_Morton_3_Handle, Swann_Morton_10A_Blades, Float_On","900EMT1220, 4075CT1220, 903C1220, Aslan_Red_Devil_Squeegee, Olfa_X_Design_Heavy_Duty_Knife, Masking_Tape_25mm, Aslan-Gold-Soft-Squeegee, Olfa_Graphic_Cutter, Swann_Morton_3_Handle, Swann_Morton_10A_Blades, Float_On","A","","","","","Blues, Colours","Gloss","","","","","","","","","Ri-Mark-Event-161-Gloss-Ultramarine-Blue","0","vinyl, monomeric, event, ritrama, fedrigoni, 161, L range, L series, L grade, sign, vinyl, signvinyl, gloss, l161, ultramarine, blue, ultramarineblue, ","","","1671708535","0","","0","","CHECKBOX"
"L168","Ri-Mark Event 168 Gloss Brilliant Blue","L168","Ritrama","210","1","DEFAULT","","","","","0","Ri-Mark Event 168 Gloss Brilliant Blue monomeric self-adhesive vinyl for short to medium term outdoor and indoor signage and display applications.","<html>
<head><title>Ri-Mark Event 168 Gloss Brilliant Blue</title>

<style>
.responsive {
  width: 50%;
  height: auto;
}
</style>
</head>

<body>
<img src=""media/ecom/onpagegraphics/Fedrigoni_Logo.jpg"" alt=""Fedrigoni Logo"" class=""responsive"">
<p>Ri-Mark Event 168 Gloss Brilliant Blue monomeric self-adhesive vinyl is designed for short to medium term outdoor and indoor signage, point of sale displays and exhibition graphics.</p>

<span style=""font-weight: bold; color: #d7328a;"">Structure:</span><br>
<ul><li>70<span>&#181;</span>m Monomeric calendered PVC</li>
<li>Transparent water based adhesive - Permanent</li>
<li>Clay coated kraft paper liner - 120gm<sup>2</sup>
</li></ul>

<span style=""font-weight: bold; color: #d7328a;"">Suitability:</span><br>
<ul><li>Suitable for application to smooth flat and 2D curved surfaces</li>
<li>Ideal for short to medium term outdoor and indoor signage, point of sale displays and exhibition graphics</li>
<li>Water based adhesive provides good dimensional stability and clean removability from most substrates</li>
<li>Suitable for dry or wet application methods (Please note that if applying wet on to glass, the adhesive may become milky but this will clear when the adhesive has dried)</li>
<li>Outdoor durability of up to 4 years</li></ul>

<span style=""font-weight: bold; color: #d7328a;"">Advantages:</span><br>
<ul><li>Event 100 Gloss White has a blue contrast kraft liner to aid weeding and application</li>
<li>Clean removability from most substrates for short term applications</li>
<li>Fire Rated to Euroclass DIN EN 13501-1:2019-05 with classification B-s1-d0</li>
<li>Available in a wide range of opaque gloss and matt colours for any project</li></ul>

<span style=""font-weight: bold; color: #d7328a;"">Technical Information:</span><br>
<ul><a href=""media/ecom/pdfs/datasheets/TDS_Ri_MarkEvent_uk_issue1_b756.pdf"" target=""_blank""><img
style=""border: 0px solid ; width: 200px; height: 60px;"" alt=""Ri-Mark Event Datasheet""
src=""media/ecom/onpagegraphics/Datasheet.png""></a>
<a href=""media/ecom/colselxl/digital_colour_card_Ri_Mark_Event.pdf"" target=""_blank""><img
style=""border: 0px solid ; width: 200px; height: 60px;"" alt=""Ri-Mark Event Colour Selector""
src=""media/ecom/onpagegraphics/Colour.png""></a></ul>
</body>
</html>","Event_168_Gloss_Brilliant_Blue.png","Event_168_Gloss_Brilliant_Blue.png","INVITEMS","DEFAULT-L168-DEFAULT-L168","","","0","0","0","","1","REGONLY","0","0","0","0","","","","SELECT","SELECT","0","","","","","0","0","","income-service","","","0","0","","","","","Ritrama_L_Range","Ritrama_L_Range","","","0","900EMT1220, 4075CT1220, 903C1220, Aslan_Red_Devil_Squeegee, Olfa_X_Design_Heavy_Duty_Knife, Masking_Tape_25mm, Aslan-Gold-Soft-Squeegee, Olfa_Graphic_Cutter, Swann_Morton_3_Handle, Swann_Morton_10A_Blades, Float_On","900EMT1220, 4075CT1220, 903C1220, Aslan_Red_Devil_Squeegee, Olfa_X_Design_Heavy_Duty_Knife, Masking_Tape_25mm, Aslan-Gold-Soft-Squeegee, Olfa_Graphic_Cutter, Swann_Morton_3_Handle, Swann_Morton_10A_Blades, Float_On","A","","","","","Blues, Colours","Gloss","","","","","","","","","Ri-Mark-Event-168-Gloss-Brilliant-Blue","0","vinyl, monomeric, event, ritrama, fedrigoni, 168, L range, L series, L grade, sign, vinyl, signvinyl, gloss, l168, brilliant, blue, brilliantblue, ","","","1671713795","0","","0","","CHECKBOX"
"L170","Ri-Mark Event 170 Gloss Ultra Blue","L170","Ritrama","190","1","DEFAULT","","","","","0","Ri-Mark Event 170 Gloss Ultra Blue monomeric self-adhesive vinyl for short to medium term outdoor and indoor signage and display applications.","<html>
<head><title>Ri-Mark Event 170 Gloss Ultra Blue</title>

<style>
.responsive {
  width: 50%;
  height: auto;
}
</style>
</head>

<body>
<img src=""media/ecom/onpagegraphics/Fedrigoni_Logo.jpg"" alt=""Fedrigoni Logo"" class=""responsive"">
<p>Ri-Mark Event 170 Gloss Ultra Blue monomeric self-adhesive vinyl is designed for short to medium term outdoor and indoor signage, point of sale displays and exhibition graphics.</p>

<span style=""font-weight: bold; color: #d7328a;"">Structure:</span><br>
<ul><li>70<span>&#181;</span>m Monomeric calendered PVC</li>
<li>Transparent water based adhesive - Permanent</li>
<li>Clay coated kraft paper liner - 120gm<sup>2</sup>
</li></ul>

<span style=""font-weight: bold; color: #d7328a;"">Suitability:</span><br>
<ul><li>Suitable for application to smooth flat and 2D curved surfaces</li>
<li>Ideal for short to medium term outdoor and indoor signage, point of sale displays and exhibition graphics</li>
<li>Water based adhesive provides good dimensional stability and clean removability from most substrates</li>
<li>Suitable for dry or wet application methods (Please note that if applying wet on to glass, the adhesive may become milky but this will clear when the adhesive has dried)</li>
<li>Outdoor durability of up to 4 years</li></ul>

<span style=""font-weight: bold; color: #d7328a;"">Advantages:</span><br>
<ul><li>Event 100 Gloss White has a blue contrast kraft liner to aid weeding and application</li>
<li>Clean removability from most substrates for short term applications</li>
<li>Fire Rated to Euroclass DIN EN 13501-1:2019-05 with classification B-s1-d0</li>
<li>Available in a wide range of opaque gloss and matt colours for any project</li></ul>

<span style=""font-weight: bold; color: #d7328a;"">Technical Information:</span><br>
<ul><a href=""media/ecom/pdfs/datasheets/TDS_Ri_MarkEvent_uk_issue1_b756.pdf"" target=""_blank""><img
style=""border: 0px solid ; width: 200px; height: 60px;"" alt=""Ri-Mark Event Datasheet""
src=""media/ecom/onpagegraphics/Datasheet.png""></a>
<a href=""media/ecom/colselxl/digital_colour_card_Ri_Mark_Event.pdf"" target=""_blank""><img
style=""border: 0px solid ; width: 200px; height: 60px;"" alt=""Ri-Mark Event Colour Selector""
src=""media/ecom/onpagegraphics/Colour.png""></a></ul>
</body>
</html>","Event_170_Gloss_Ultra_Blue.png","Event_170_Gloss_Ultra_Blue.png","INVITEMS","DEFAULT-L170-DEFAULT-L170","","","0","0","0","","1","REGONLY","0","0","0","0","","","","SELECT","SELECT","0","","","","","0","0","","income-service","","","0","0","","","","","Ritrama_L_Range","Ritrama_L_Range","","","0","900EMT1220, 4075CT1220, 903C1220, Aslan_Red_Devil_Squeegee, Olfa_X_Design_Heavy_Duty_Knife, Masking_Tape_25mm, Aslan-Gold-Soft-Squeegee, Olfa_Graphic_Cutter, Swann_Morton_3_Handle, Swann_Morton_10A_Blades, Float_On","900EMT1220, 4075CT1220, 903C1220, Aslan_Red_Devil_Squeegee, Olfa_X_Design_Heavy_Duty_Knife, Masking_Tape_25mm, Aslan-Gold-Soft-Squeegee, Olfa_Graphic_Cutter, Swann_Morton_3_Handle, Swann_Morton_10A_Blades, Float_On","A","","","","","Blues, Colours","Gloss","","","","","","","","","Ri-Mark-Event-170-Gloss-Ultra-Blue","0","vinyl, monomeric, event, ritrama, fedrigoni, 170, L range, L series, L grade, sign, vinyl, signvinyl, gloss, l170, ultra, blue, ultrablue, ","","","1671708239","0","","0","","CHECKBOX"
"L171","Ri-Mark Event 171 Gloss Gold","L171","Ritrama","450","1","DEFAULT","","","","","0","Ri-Mark Event 171 Gloss Gold monomeric self-adhesive vinyl for short to medium term outdoor and indoor signage and display applications.","<html>
<head><title>Ri-Mark Event 171 Gloss Gold</title>

<style>
.responsive {
  width: 50%;
  height: auto;
}
</style>
</head>

<body>
<img src=""media/ecom/onpagegraphics/Fedrigoni_Logo.jpg"" alt=""Fedrigoni Logo"" class=""responsive"">
<p>Ri-Mark Event 171 Gloss Gold monomeric self-adhesive vinyl is designed for short to medium term outdoor and indoor signage, point of sale displays and exhibition graphics.</p>

<span style=""font-weight: bold; color: #d7328a;"">Structure:</span><br>
<ul><li>70<span>&#181;</span>m Monomeric calendered PVC</li>
<li>Transparent water based adhesive - Permanent</li>
<li>Clay coated kraft paper liner - 120gm<sup>2</sup>
</li></ul>

<span style=""font-weight: bold; color: #d7328a;"">Suitability:</span><br>
<ul><li>Suitable for application to smooth flat and 2D curved surfaces</li>
<li>Ideal for short to medium term outdoor and indoor signage, point of sale displays and exhibition graphics</li>
<li>Water based adhesive provides good dimensional stability and clean removability from most substrates</li>
<li>Suitable for dry or wet application methods (Please note that if applying wet on to glass, the adhesive may become milky but this will clear when the adhesive has dried)</li>
<li>Outdoor durability of up to 3 years</li></ul>

<span style=""font-weight: bold; color: #d7328a;"">Advantages:</span><br>
<ul><li>Event 100 Gloss White has a blue contrast kraft liner to aid weeding and application</li>
<li>Clean removability from most substrates for short term applications</li>
<li>Fire Rated to Euroclass DIN EN 13501-1:2019-05 with classification B-s1-d0</li>
<li>Available in a wide range of opaque gloss and matt colours for any project</li></ul>

<span style=""font-weight: bold; color: #d7328a;"">Technical Information:</span><br>
<ul><a href=""media/ecom/pdfs/datasheets/TDS_Ri_MarkEvent_uk_issue1_b756.pdf"" target=""_blank""><img
style=""border: 0px solid ; width: 200px; height: 60px;"" alt=""Ri-Mark Event Datasheet""
src=""media/ecom/onpagegraphics/Datasheet.png""></a>
<a href=""media/ecom/colselxl/digital_colour_card_Ri_Mark_Event.pdf"" target=""_blank""><img
style=""border: 0px solid ; width: 200px; height: 60px;"" alt=""Ri-Mark Event Colour Selector""
src=""media/ecom/onpagegraphics/Colour.png""></a></ul>
</body>
</html>","Event_171_Gloss_Gold.png","Event_171_Gloss_Gold.png","INVITEMS","DEFAULT-L171-DEFAULT-L171","","","0","0","0","","1","REGONLY","0","0","0","0","","","","SELECT","SELECT","0","","","","","0","0","","income-service","","","0","0","","","","","Ritrama_L_Range","Ritrama_L_Range","","","0","900EMT1220, 4075CT1220, 903C1220, Aslan_Red_Devil_Squeegee, Olfa_X_Design_Heavy_Duty_Knife, Masking_Tape_25mm, Aslan-Gold-Soft-Squeegee, Olfa_Graphic_Cutter, Swann_Morton_3_Handle, Swann_Morton_10A_Blades, Float_On","900EMT1220, 4075CT1220, 903C1220, Aslan_Red_Devil_Squeegee, Olfa_X_Design_Heavy_Duty_Knife, Masking_Tape_25mm, Aslan-Gold-Soft-Squeegee, Olfa_Graphic_Cutter, Swann_Morton_3_Handle, Swann_Morton_10A_Blades, Float_On","A","","","","","Metallics","Gloss","","","","","","","","","Ri-Mark-Event-171-Gloss-Gold","0","vinyl, monomeric, event, ritrama, fedrigoni, 171, L range, L series, L grade, sign, vinyl, signvinyl, gloss, l171, metallic, gold, ","","","1671721032","0","","0","","CHECKBOX"
"L172","Ri-Mark Event 172 Gloss Dark Blue","L172","Ritrama","290","1","DEFAULT","","","","","0","Ri-Mark Event 172 Gloss Dark Blue monomeric self-adhesive vinyl for short to medium term outdoor and indoor signage and display applications.","<html>
<head><title>Ri-Mark Event 172 Gloss Dark Blue</title>

<style>
.responsive {
  width: 50%;
  height: auto;
}
</style>
</head>

<body>
<img src=""media/ecom/onpagegraphics/Fedrigoni_Logo.jpg"" alt=""Fedrigoni Logo"" class=""responsive"">
<p>Ri-Mark Event 172 Gloss Dark Blue monomeric self-adhesive vinyl is designed for short to medium term outdoor and indoor signage, point of sale displays and exhibition graphics.</p>

<span style=""font-weight: bold; color: #d7328a;"">Structure:</span><br>
<ul><li>70<span>&#181;</span>m Monomeric calendered PVC</li>
<li>Transparent water based adhesive - Permanent</li>
<li>Clay coated kraft paper liner - 120gm<sup>2</sup>
</li></ul>

<span style=""font-weight: bold; color: #d7328a;"">Suitability:</span><br>
<ul><li>Suitable for application to smooth flat and 2D curved surfaces</li>
<li>Ideal for short to medium term outdoor and indoor signage, point of sale displays and exhibition graphics</li>
<li>Water based adhesive provides good dimensional stability and clean removability from most substrates</li>
<li>Suitable for dry or wet application methods (Please note that if applying wet on to glass, the adhesive may become milky but this will clear when the adhesive has dried)</li>
<li>Outdoor durability of up to 4 years</li></ul>

<span style=""font-weight: bold; color: #d7328a;"">Advantages:</span><br>
<ul><li>Event 100 Gloss White has a blue contrast kraft liner to aid weeding and application</li>
<li>Clean removability from most substrates for short term applications</li>
<li>Fire Rated to Euroclass DIN EN 13501-1:2019-05 with classification B-s1-d0</li>
<li>Available in a wide range of opaque gloss and matt colours for any project</li></ul>

<span style=""font-weight: bold; color: #d7328a;"">Technical Information:</span><br>
<ul><a href=""media/ecom/pdfs/datasheets/TDS_Ri_MarkEvent_uk_issue1_b756.pdf"" target=""_blank""><img
style=""border: 0px solid ; width: 200px; height: 60px;"" alt=""Ri-Mark Event Datasheet""
src=""media/ecom/onpagegraphics/Datasheet.png""></a>
<a href=""media/ecom/colselxl/digital_colour_card_Ri_Mark_Event.pdf"" target=""_blank""><img
style=""border: 0px solid ; width: 200px; height: 60px;"" alt=""Ri-Mark Event Colour Selector""
src=""media/ecom/onpagegraphics/Colour.png""></a></ul>
</body>
</html>","Event_172_Gloss_Dark_Blue.png","Event_172_Gloss_Dark_Blue.png","INVITEMS","DEFAULT-L172-DEFAULT-L172","","","0","0","0","","1","REGONLY","0","0","0","0","","","","SELECT","SELECT","0","","","","","0","0","","income-service","","","0","0","","","","","Ritrama_L_Range","Ritrama_L_Range","","","0","900EMT1220, 4075CT1220, 903C1220, Aslan_Red_Devil_Squeegee, Olfa_X_Design_Heavy_Duty_Knife, Masking_Tape_25mm, Aslan-Gold-Soft-Squeegee, Olfa_Graphic_Cutter, Swann_Morton_3_Handle, Swann_Morton_10A_Blades, Float_On","900EMT1220, 4075CT1220, 903C1220, Aslan_Red_Devil_Squeegee, Olfa_X_Design_Heavy_Duty_Knife, Masking_Tape_25mm, Aslan-Gold-Soft-Squeegee, Olfa_Graphic_Cutter, Swann_Morton_3_Handle, Swann_Morton_10A_Blades, Float_On","A","","","","","Colours, Blues","Gloss","","","","","","","","","Ri-Mark-Event-172-Gloss-Dark-Blue","0","vinyl, monomeric, event, ritrama, fedrigoni, 172, L range, L series, L grade, sign, vinyl, signvinyl, gloss, l172, dark, blue, darkblue, ","","","1671714559","0","","0","","CHECKBOX"
"L173","Ri-Mark Event 173 Gloss Cobalt Blue","L173","Ritrama","200","1","DEFAULT","","","","","0","Ri-Mark Event 173 Gloss Cobalt Blue monomeric self-adhesive vinyl for short to medium term outdoor and indoor signage and display applications.","<html>
<head><title>Ri-Mark Event 173 Gloss Cobalt Blue</title>

<style>
.responsive {
  width: 50%;
  height: auto;
}
</style>
</head>

<body>
<img src=""media/ecom/onpagegraphics/Fedrigoni_Logo.jpg"" alt=""Fedrigoni Logo"" class=""responsive"">
<p>Ri-Mark Event 173 Gloss Cobalt Blue monomeric self-adhesive vinyl is designed for short to medium term outdoor and indoor signage, point of sale displays and exhibition graphics.</p>

<span style=""font-weight: bold; color: #d7328a;"">Structure:</span><br>
<ul><li>70<span>&#181;</span>m Monomeric calendered PVC</li>
<li>Transparent water based adhesive - Permanent</li>
<li>Clay coated kraft paper liner - 120gm<sup>2</sup>
</li></ul>

<span style=""font-weight: bold; color: #d7328a;"">Suitability:</span><br>
<ul><li>Suitable for application to smooth flat and 2D curved surfaces</li>
<li>Ideal for short to medium term outdoor and indoor signage, point of sale displays and exhibition graphics</li>
<li>Water based adhesive provides good dimensional stability and clean removability from most substrates</li>
<li>Suitable for dry or wet application methods (Please note that if applying wet on to glass, the adhesive may become milky but this will clear when the adhesive has dried)</li>
<li>Outdoor durability of up to 4 years</li></ul>

<span style=""font-weight: bold; color: #d7328a;"">Advantages:</span><br>
<ul><li>Event 100 Gloss White has a blue contrast kraft liner to aid weeding and application</li>
<li>Clean removability from most substrates for short term applications</li>
<li>Fire Rated to Euroclass DIN EN 13501-1:2019-05 with classification B-s1-d0</li>
<li>Available in a wide range of opaque gloss and matt colours for any project</li></ul>

<span style=""font-weight: bold; color: #d7328a;"">Technical Information:</span><br>
<ul><a href=""media/ecom/pdfs/datasheets/TDS_Ri_MarkEvent_uk_issue1_b756.pdf"" target=""_blank""><img
style=""border: 0px solid ; width: 200px; height: 60px;"" alt=""Ri-Mark Event Datasheet""
src=""media/ecom/onpagegraphics/Datasheet.png""></a>
<a href=""media/ecom/colselxl/digital_colour_card_Ri_Mark_Event.pdf"" target=""_blank""><img
style=""border: 0px solid ; width: 200px; height: 60px;"" alt=""Ri-Mark Event Colour Selector""
src=""media/ecom/onpagegraphics/Colour.png""></a></ul>
</body>
</html>","Event_173_Gloss_Cobalt_Blue.png","Event_173_Gloss_Cobalt_Blue.png","INVITEMS","DEFAULT-L173-DEFAULT-L173","","","0","0","0","","1","REGONLY","0","0","0","0","","","","SELECT","SELECT","0","","","","","0","0","","income-service","","","0","0","","","","","Ritrama_L_Range","Ritrama_L_Range","","","0","900EMT1220, 4075CT1220, 903C1220, Aslan_Red_Devil_Squeegee, Olfa_X_Design_Heavy_Duty_Knife, Masking_Tape_25mm, Aslan-Gold-Soft-Squeegee, Olfa_Graphic_Cutter, Swann_Morton_3_Handle, Swann_Morton_10A_Blades, Float_On","900EMT1220, 4075CT1220, 903C1220, Aslan_Red_Devil_Squeegee, Olfa_X_Design_Heavy_Duty_Knife, Masking_Tape_25mm, Aslan-Gold-Soft-Squeegee, Olfa_Graphic_Cutter, Swann_Morton_3_Handle, Swann_Morton_10A_Blades, Float_On","A","","","","","Colours, Blues","Gloss","","","","","","","","","Ri-Mark-Event-173-Gloss-Cobalt-Blue","0","vinyl, monomeric, event, ritrama, fedrigoni, 173, L range, L series, L grade, sign, vinyl, signvinyl, gloss, l173, cobalt, blue, cobaltblue, ","","","1671708422","0","","0","","CHECKBOX"
"L176","Ri-Mark Event 176 Gloss Aqua Green","L176","Ritrama","270","1","DEFAULT","","","","","0","Ri-Mark Event 176 Gloss Aqua Green monomeric self-adhesive vinyl for short to medium term outdoor and indoor signage and display applications.","<html>
<head><title>Ri-Mark Event 176 Gloss Aqua Green</title>

<style>
.responsive {
  width: 50%;
  height: auto;
}
</style>
</head>

<body>
<img src=""media/ecom/onpagegraphics/Fedrigoni_Logo.jpg"" alt=""Fedrigoni Logo"" class=""responsive"">
<p>Ri-Mark Event 176 Gloss Aqua Green monomeric self-adhesive vinyl is designed for short to medium term outdoor and indoor signage, point of sale displays and exhibition graphics.</p>

<span style=""font-weight: bold; color: #d7328a;"">Structure:</span><br>
<ul><li>70<span>&#181;</span>m Monomeric calendered PVC</li>
<li>Transparent water based adhesive - Permanent</li>
<li>Clay coated kraft paper liner - 120gm<sup>2</sup>
</li></ul>

<span style=""font-weight: bold; color: #d7328a;"">Suitability:</span><br>
<ul><li>Suitable for application to smooth flat and 2D curved surfaces</li>
<li>Ideal for short to medium term outdoor and indoor signage, point of sale displays and exhibition graphics</li>
<li>Water based adhesive provides good dimensional stability and clean removability from most substrates</li>
<li>Suitable for dry or wet application methods (Please note that if applying wet on to glass, the adhesive may become milky but this will clear when the adhesive has dried)</li>
<li>Outdoor durability of up to 4 years</li></ul>

<span style=""font-weight: bold; color: #d7328a;"">Advantages:</span><br>
<ul><li>Event 100 Gloss White has a blue contrast kraft liner to aid weeding and application</li>
<li>Clean removability from most substrates for short term applications</li>
<li>Fire Rated to Euroclass DIN EN 13501-1:2019-05 with classification B-s1-d0</li>
<li>Available in a wide range of opaque gloss and matt colours for any project</li></ul>

<span style=""font-weight: bold; color: #d7328a;"">Technical Information:</span><br>
<ul><a href=""media/ecom/pdfs/datasheets/TDS_Ri_MarkEvent_uk_issue1_b756.pdf"" target=""_blank""><img
style=""border: 0px solid ; width: 200px; height: 60px;"" alt=""Ri-Mark Event Datasheet""
src=""media/ecom/onpagegraphics/Datasheet.png""></a>
<a href=""media/ecom/colselxl/digital_colour_card_Ri_Mark_Event.pdf"" target=""_blank""><img
style=""border: 0px solid ; width: 200px; height: 60px;"" alt=""Ri-Mark Event Colour Selector""
src=""media/ecom/onpagegraphics/Colour.png""></a></ul>
</body>
</html>","Event_176_Gloss_Aqua_Green.png","Event_176_Gloss_Aqua_Green.png","INVITEMS","DEFAULT-L176-DEFAULT-L176","","","0","0","0","","1","REGONLY","0","0","0","0","","","","SELECT","SELECT","0","","","","","0","0","","income-service","","","0","0","","","","","Ritrama_L_Range","Ritrama_L_Range","","","0","900EMT1220, 4075CT1220, 903C1220, Aslan_Red_Devil_Squeegee, Olfa_X_Design_Heavy_Duty_Knife, Masking_Tape_25mm, Aslan-Gold-Soft-Squeegee, Olfa_Graphic_Cutter, Swann_Morton_3_Handle, Swann_Morton_10A_Blades, Float_On","900EMT1220, 4075CT1220, 903C1220, Aslan_Red_Devil_Squeegee, Olfa_X_Design_Heavy_Duty_Knife, Masking_Tape_25mm, Aslan-Gold-Soft-Squeegee, Olfa_Graphic_Cutter, Swann_Morton_3_Handle, Swann_Morton_10A_Blades, Float_On","A","","","","","Colours, Greens","Gloss","","","","","","","","","Ri-Mark-Event-176-Gloss-Aqua Green","0","vinyl, monomeric, event, ritrama, fedrigoni, 176, L range, L series, L grade, sign, vinyl, signvinyl, gloss, l176, aqua, green, aquagreen, ","","","1616509485","0","","0","","CHECKBOX"
"L177","Ri-Mark Event 177 Gloss Turquoise","L177","Ritrama","280","1","DEFAULT","","","","","0","Ri-Mark Event 177 Gloss Turquoise monomeric self-adhesive vinyl for short to medium term outdoor and indoor signage and display applications.","<html>
<head><title>Ri-Mark Event 177 Gloss Turquoise</title>

<style>
.responsive {
  width: 50%;
  height: auto;
}
</style>
</head>

<body>
<img src=""media/ecom/onpagegraphics/Fedrigoni_Logo.jpg"" alt=""Fedrigoni Logo"" class=""responsive"">
<p>Ri-Mark Event 177 Gloss Turquoise monomeric self-adhesive vinyl is designed for short to medium term outdoor and indoor signage, point of sale displays and exhibition graphics.</p>

<span style=""font-weight: bold; color: #d7328a;"">Structure:</span><br>
<ul><li>70<span>&#181;</span>m Monomeric calendered PVC</li>
<li>Transparent water based adhesive - Permanent</li>
<li>Clay coated kraft paper liner - 120gm<sup>2</sup>
</li></ul>

<span style=""font-weight: bold; color: #d7328a;"">Suitability:</span><br>
<ul><li>Suitable for application to smooth flat and 2D curved surfaces</li>
<li>Ideal for short to medium term outdoor and indoor signage, point of sale displays and exhibition graphics</li>
<li>Water based adhesive provides good dimensional stability and clean removability from most substrates</li>
<li>Suitable for dry or wet application methods (Please note that if applying wet on to glass, the adhesive may become milky but this will clear when the adhesive has dried)</li>
<li>Outdoor durability of up to 4 years</li></ul>

<span style=""font-weight: bold; color: #d7328a;"">Advantages:</span><br>
<ul><li>Event 100 Gloss White has a blue contrast kraft liner to aid weeding and application</li>
<li>Clean removability from most substrates for short term applications</li>
<li>Fire Rated to Euroclass DIN EN 13501-1:2019-05 with classification B-s1-d0</li>
<li>Available in a wide range of opaque gloss and matt colours for any project</li></ul>

<span style=""font-weight: bold; color: #d7328a;"">Technical Information:</span><br>
<ul><a href=""media/ecom/pdfs/datasheets/TDS_Ri_MarkEvent_uk_issue1_b756.pdf"" target=""_blank""><img
style=""border: 0px solid ; width: 200px; height: 60px;"" alt=""Ri-Mark Event Datasheet""
src=""media/ecom/onpagegraphics/Datasheet.png""></a>
<a href=""media/ecom/colselxl/digital_colour_card_Ri_Mark_Event.pdf"" target=""_blank""><img
style=""border: 0px solid ; width: 200px; height: 60px;"" alt=""Ri-Mark Event Colour Selector""
src=""media/ecom/onpagegraphics/Colour.png""></a></ul>
</body>
</html>","Event_177_Gloss_Turquoise.png","Event_177_Gloss_Turquoise.png","INVITEMS","DEFAULT-L177-DEFAULT-L177","","","0","0","0","","1","REGONLY","0","0","0","0","","","","SELECT","SELECT","0","","","","","0","0","","income-service","","","0","0","","","","","Ritrama_L_Range","Ritrama_L_Range","","","0","900EMT1220, 4075CT1220, 903C1220, Aslan_Red_Devil_Squeegee, Olfa_X_Design_Heavy_Duty_Knife, Masking_Tape_25mm, Aslan-Gold-Soft-Squeegee, Olfa_Graphic_Cutter, Swann_Morton_3_Handle, Swann_Morton_10A_Blades, Float_On","900EMT1220, 4075CT1220, 903C1220, Aslan_Red_Devil_Squeegee, Olfa_X_Design_Heavy_Duty_Knife, Masking_Tape_25mm, Aslan-Gold-Soft-Squeegee, Olfa_Graphic_Cutter, Swann_Morton_3_Handle, Swann_Morton_10A_Blades, Float_On","A","","","","","Colours, Blues, Greens","Gloss","","","","","","","","","Ri-Mark-Event-177-Gloss-Turquoise","0","vinyl, monomeric, event, ritrama, fedrigoni, 177, L range, L series, L grade, sign, vinyl, signvinyl, gloss, l177, turqoise, turqiose, turqios, turqois, blue, ","","","1616504932","0","","0","","CHECKBOX"
"L178","Ri-Mark Event 178 Gloss Apple Green","L178","Ritrama","330","1","DEFAULT","","","","","0","Ri-Mark Event 178 Gloss Apple Green monomeric self-adhesive vinyl for short to medium term outdoor and indoor signage and display applications.","<html>
<head><title>Ri-Mark Event 178 Gloss Apple Green</title>

<style>
.responsive {
  width: 50%;
  height: auto;
}
</style>
</head>

<body>
<img src=""media/ecom/onpagegraphics/Fedrigoni_Logo.jpg"" alt=""Fedrigoni Logo"" class=""responsive"">
<p>Ri-Mark Event 178 Gloss Apple Green monomeric self-adhesive vinyl is designed for short to medium term outdoor and indoor signage, point of sale displays and exhibition graphics.</p>

<span style=""font-weight: bold; color: #d7328a;"">Structure:</span><br>
<ul><li>70<span>&#181;</span>m Monomeric calendered PVC</li>
<li>Transparent water based adhesive - Permanent</li>
<li>Clay coated kraft paper liner - 120gm<sup>2</sup>
</li></ul>

<span style=""font-weight: bold; color: #d7328a;"">Suitability:</span><br>
<ul><li>Suitable for application to smooth flat and 2D curved surfaces</li>
<li>Ideal for short to medium term outdoor and indoor signage, point of sale displays and exhibition graphics</li>
<li>Water based adhesive provides good dimensional stability and clean removability from most substrates</li>
<li>Suitable for dry or wet application methods (Please note that if applying wet on to glass, the adhesive may become milky but this will clear when the adhesive has dried)</li>
<li>Outdoor durability of up to 4 years</li></ul>

<span style=""font-weight: bold; color: #d7328a;"">Advantages:</span><br>
<ul><li>Event 100 Gloss White has a blue contrast kraft liner to aid weeding and application</li>
<li>Clean removability from most substrates for short term applications</li>
<li>Fire Rated to Euroclass DIN EN 13501-1:2019-05 with classification B-s1-d0</li>
<li>Available in a wide range of opaque gloss and matt colours for any project</li></ul>

<span style=""font-weight: bold; color: #d7328a;"">Technical Information:</span><br>
<ul><a href=""media/ecom/pdfs/datasheets/TDS_Ri_MarkEvent_uk_issue1_b756.pdf"" target=""_blank""><img
style=""border: 0px solid ; width: 200px; height: 60px;"" alt=""Ri-Mark Event Datasheet""
src=""media/ecom/onpagegraphics/Datasheet.png""></a>
<a href=""media/ecom/colselxl/digital_colour_card_Ri_Mark_Event.pdf"" target=""_blank""><img
style=""border: 0px solid ; width: 200px; height: 60px;"" alt=""Ri-Mark Event Colour Selector""
src=""media/ecom/onpagegraphics/Colour.png""></a></ul>
</body>
</html>","Event_178_Gloss_Apple_Green.png","Event_178_Gloss_Apple_Green.png","INVITEMS","DEFAULT-L178-DEFAULT-L178","","","0","0","0","","1","REGONLY","0","0","0","0","","","","SELECT","SELECT","0","","","","","0","0","","income-service","","","0","0","","","","","Ritrama_L_Range","Ritrama_L_Range","","","0","900EMT1220, 4075CT1220, 903C1220, Aslan_Red_Devil_Squeegee, Olfa_X_Design_Heavy_Duty_Knife, Masking_Tape_25mm, Aslan-Gold-Soft-Squeegee, Olfa_Graphic_Cutter, Swann_Morton_3_Handle, Swann_Morton_10A_Blades, Float_On","900EMT1220, 4075CT1220, 903C1220, Aslan_Red_Devil_Squeegee, Olfa_X_Design_Heavy_Duty_Knife, Masking_Tape_25mm, Aslan-Gold-Soft-Squeegee, Olfa_Graphic_Cutter, Swann_Morton_3_Handle, Swann_Morton_10A_Blades, Float_On","A","","","","","Colours, Greens","Gloss","","","","","","","","","Ri-Mark-Event-178-Gloss-Apple-Green","0","vinyl, monomeric, event, ritrama, fedrigoni, 178, L range, L series, L grade, sign, vinyl, signvinyl, gloss, l178, apple, green, applegreen, ","","","1671719353","0","","0","","CHECKBOX"
"L179","Ri-Mark Event 179 Gloss Bright Green","L179","Ritrama","340","1","DEFAULT","","","","","0","Ri-Mark Event 179 Gloss Bright Green monomeric self-adhesive vinyl for short to medium term outdoor and indoor signage and display applications.","<html>
<head><title>Ri-Mark Event 179 Gloss Bright Green</title>

<style>
.responsive {
  width: 50%;
  height: auto;
}
</style>
</head>

<body>
<img src=""media/ecom/onpagegraphics/Fedrigoni_Logo.jpg"" alt=""Fedrigoni Logo"" class=""responsive"">
<p>Ri-Mark Event 179 Gloss Bright Green monomeric self-adhesive vinyl is designed for short to medium term outdoor and indoor signage, point of sale displays and exhibition graphics.</p>

<span style=""font-weight: bold; color: #d7328a;"">Structure:</span><br>
<ul><li>70<span>&#181;</span>m Monomeric calendered PVC</li>
<li>Transparent water based adhesive - Permanent</li>
<li>Clay coated kraft paper liner - 120gm<sup>2</sup>
</li></ul>

<span style=""font-weight: bold; color: #d7328a;"">Suitability:</span><br>
<ul><li>Suitable for application to smooth flat and 2D curved surfaces</li>
<li>Ideal for short to medium term outdoor and indoor signage, point of sale displays and exhibition graphics</li>
<li>Water based adhesive provides good dimensional stability and clean removability from most substrates</li>
<li>Suitable for dry or wet application methods (Please note that if applying wet on to glass, the adhesive may become milky but this will clear when the adhesive has dried)</li>
<li>Outdoor durability of up to 4 years</li></ul>

<span style=""font-weight: bold; color: #d7328a;"">Advantages:</span><br>
<ul><li>Event 100 Gloss White has a blue contrast kraft liner to aid weeding and application</li>
<li>Clean removability from most substrates for short term applications</li>
<li>Fire Rated to Euroclass DIN EN 13501-1:2019-05 with classification B-s1-d0</li>
<li>Available in a wide range of opaque gloss and matt colours for any project</li></ul>

<span style=""font-weight: bold; color: #d7328a;"">Technical Information:</span><br>
<ul><a href=""media/ecom/pdfs/datasheets/TDS_Ri_MarkEvent_uk_issue1_b756.pdf"" target=""_blank""><img
style=""border: 0px solid ; width: 200px; height: 60px;"" alt=""Ri-Mark Event Datasheet""
src=""media/ecom/onpagegraphics/Datasheet.png""></a>
<a href=""media/ecom/colselxl/digital_colour_card_Ri_Mark_Event.pdf"" target=""_blank""><img
style=""border: 0px solid ; width: 200px; height: 60px;"" alt=""Ri-Mark Event Colour Selector""
src=""media/ecom/onpagegraphics/Colour.png""></a></ul>
</body>
</html>","Event_179_Gloss_Bright_Green.png","Event_179_Gloss_Bright_Green.png","INVITEMS","DEFAULT-L179-DEFAULT-L179","","","0","0","0","","1","REGONLY","0","0","0","0","","","","SELECT","SELECT","0","","","","","0","0","","income-service","","","0","0","","","","","Ritrama_L_Range","Ritrama_L_Range","","","0","900EMT1220, 4075CT1220, 903C1220, Aslan_Red_Devil_Squeegee, Olfa_X_Design_Heavy_Duty_Knife, Masking_Tape_25mm, Aslan-Gold-Soft-Squeegee, Olfa_Graphic_Cutter, Swann_Morton_3_Handle, Swann_Morton_10A_Blades, Float_On","900EMT1220, 4075CT1220, 903C1220, Aslan_Red_Devil_Squeegee, Olfa_X_Design_Heavy_Duty_Knife, Masking_Tape_25mm, Aslan-Gold-Soft-Squeegee, Olfa_Graphic_Cutter, Swann_Morton_3_Handle, Swann_Morton_10A_Blades, Float_On","A","","","","","Colours, Greens","Gloss","","","","","","","","","Ri-Mark-Event-179-Gloss-Bright-Green","0","vinyl, monomeric, event, ritrama, fedrigoni, 179, L range, L series, L grade, sign, vinyl, signvinyl, gloss, l179, bright, green, brightgreen, ","","","1671719484","0","","0","","CHECKBOX"
"L180","Ri-Mark Event 180 Gloss Medium Green","L180","Ritrama","310","1","DEFAULT","","","","","0","Ri-Mark Event 180 Gloss Medium Green monomeric self-adhesive vinyl for short to medium term outdoor and indoor signage and display applications.","<html>
<head><title>Ri-Mark Event 180 Gloss Medium Green</title>

<style>
.responsive {
  width: 50%;
  height: auto;
}
</style>
</head>

<body>
<img src=""media/ecom/onpagegraphics/Fedrigoni_Logo.jpg"" alt=""Fedrigoni Logo"" class=""responsive"">
<p>Ri-Mark Event 180 Gloss Medium Green monomeric self-adhesive vinyl is designed for short to medium term outdoor and indoor signage, point of sale displays and exhibition graphics.</p>

<span style=""font-weight: bold; color: #d7328a;"">Structure:</span><br>
<ul><li>70<span>&#181;</span>m Monomeric calendered PVC</li>
<li>Transparent water based adhesive - Permanent</li>
<li>Clay coated kraft paper liner - 120gm<sup>2</sup>
</li></ul>

<span style=""font-weight: bold; color: #d7328a;"">Suitability:</span><br>
<ul><li>Suitable for application to smooth flat and 2D curved surfaces</li>
<li>Ideal for short to medium term outdoor and indoor signage, point of sale displays and exhibition graphics</li>
<li>Water based adhesive provides good dimensional stability and clean removability from most substrates</li>
<li>Suitable for dry or wet application methods (Please note that if applying wet on to glass, the adhesive may become milky but this will clear when the adhesive has dried)</li>
<li>Outdoor durability of up to 4 years</li></ul>

<span style=""font-weight: bold; color: #d7328a;"">Advantages:</span><br>
<ul><li>Event 100 Gloss White has a blue contrast kraft liner to aid weeding and application</li>
<li>Clean removability from most substrates for short term applications</li>
<li>Fire Rated to Euroclass DIN EN 13501-1:2019-05 with classification B-s1-d0</li>
<li>Available in a wide range of opaque gloss and matt colours for any project</li></ul>

<span style=""font-weight: bold; color: #d7328a;"">Technical Information:</span><br>
<ul><a href=""media/ecom/pdfs/datasheets/TDS_Ri_MarkEvent_uk_issue1_b756.pdf"" target=""_blank""><img
style=""border: 0px solid ; width: 200px; height: 60px;"" alt=""Ri-Mark Event Datasheet""
src=""media/ecom/onpagegraphics/Datasheet.png""></a>
<a href=""media/ecom/colselxl/digital_colour_card_Ri_Mark_Event.pdf"" target=""_blank""><img
style=""border: 0px solid ; width: 200px; height: 60px;"" alt=""Ri-Mark Event Colour Selector""
src=""media/ecom/onpagegraphics/Colour.png""></a></ul>
</body>
</html>","Event_180_Gloss_Medium_Green.png","Event_180_Gloss_Medium_Green.png","INVITEMS","DEFAULT-L180-DEFAULT-L180","","","0","0","0","","1","REGONLY","0","0","0","0","","","","SELECT","SELECT","0","","","","","0","0","","income-service","","","0","0","","","","","Ritrama_L_Range","Ritrama_L_Range","","","0","900EMT1220, 4075CT1220, 903C1220, Aslan_Red_Devil_Squeegee, Olfa_X_Design_Heavy_Duty_Knife, Masking_Tape_25mm, Aslan-Gold-Soft-Squeegee, Olfa_Graphic_Cutter, Swann_Morton_3_Handle, Swann_Morton_10A_Blades, Float_On","900EMT1220, 4075CT1220, 903C1220, Aslan_Red_Devil_Squeegee, Olfa_X_Design_Heavy_Duty_Knife, Masking_Tape_25mm, Aslan-Gold-Soft-Squeegee, Olfa_Graphic_Cutter, Swann_Morton_3_Handle, Swann_Morton_10A_Blades, Float_On","A","","","","","Colours, Greens","Gloss","","","","","","","","","Ri-Mark-Event-180-Gloss-Medium-Green","0","vinyl, monomeric, event, ritrama, fedrigoni, 180, L range, L series, L grade, sign, vinyl, signvinyl, gloss, l180, medium, green, mediumgreen, ","","","1671715092","0","","0","","CHECKBOX"
"L181","Ri-Mark Event 181 Gloss Silver","L181","Ritrama","440","1","DEFAULT","","","","","0","Ri-Mark Event 181 Gloss Silver monomeric self-adhesive vinyl for short to medium term outdoor and indoor signage and display applications.","<html>
<head><title>Ri-Mark Event 181 Gloss Silver</title>

<style>
.responsive {
  width: 50%;
  height: auto;
}
</style>
</head>

<body>
<img src=""media/ecom/onpagegraphics/Fedrigoni_Logo.jpg"" alt=""Fedrigoni Logo"" class=""responsive"">
<p>Ri-Mark Event 181 Gloss Silver monomeric self-adhesive vinyl is designed for short to medium term outdoor and indoor signage, point of sale displays and exhibition graphics.</p>

<span style=""font-weight: bold; color: #d7328a;"">Structure:</span><br>
<ul><li>70<span>&#181;</span>m Monomeric calendered PVC</li>
<li>Transparent water based adhesive - Permanent</li>
<li>Clay coated kraft paper liner - 120gm<sup>2</sup>
</li></ul>

<span style=""font-weight: bold; color: #d7328a;"">Suitability:</span><br>
<ul><li>Suitable for application to smooth flat and 2D curved surfaces</li>
<li>Ideal for short to medium term outdoor and indoor signage, point of sale displays and exhibition graphics</li>
<li>Water based adhesive provides good dimensional stability and clean removability from most substrates</li>
<li>Suitable for dry or wet application methods (Please note that if applying wet on to glass, the adhesive may become milky but this will clear when the adhesive has dried)</li>
<li>Outdoor durability of up to 3 years</li></ul>

<span style=""font-weight: bold; color: #d7328a;"">Advantages:</span><br>
<ul><li>Event 100 Gloss White has a blue contrast kraft liner to aid weeding and application</li>
<li>Clean removability from most substrates for short term applications</li>
<li>Fire Rated to Euroclass DIN EN 13501-1:2019-05 with classification B-s1-d0</li>
<li>Available in a wide range of opaque gloss and matt colours for any project</li></ul>

<span style=""font-weight: bold; color: #d7328a;"">Technical Information:</span><br>
<ul><a href=""media/ecom/pdfs/datasheets/TDS_Ri_MarkEvent_uk_issue1_b756.pdf"" target=""_blank""><img
style=""border: 0px solid ; width: 200px; height: 60px;"" alt=""Ri-Mark Event Datasheet""
src=""media/ecom/onpagegraphics/Datasheet.png""></a>
<a href=""media/ecom/colselxl/digital_colour_card_Ri_Mark_Event.pdf"" target=""_blank""><img
style=""border: 0px solid ; width: 200px; height: 60px;"" alt=""Ri-Mark Event Colour Selector""
src=""media/ecom/onpagegraphics/Colour.png""></a></ul>
</body>
</html>","Event_181_Gloss_Silver.png","Event_181_Gloss_Silver.png","INVITEMS","DEFAULT-L181-DEFAULT-L181","","","0","0","0","","1","REGONLY","0","0","0","0","","","","SELECT","SELECT","0","","","","","0","0","","income-service","","","0","0","","","","","Ritrama_L_Range","Ritrama_L_Range, Silver-Films","","","0","900EMT1220, 4075CT1220, 903C1220, Aslan_Red_Devil_Squeegee, Olfa_X_Design_Heavy_Duty_Knife, Masking_Tape_25mm, Aslan-Gold-Soft-Squeegee, Olfa_Graphic_Cutter, Swann_Morton_3_Handle, Swann_Morton_10A_Blades, Float_On","900EMT1220, 4075CT1220, 903C1220, Aslan_Red_Devil_Squeegee, Olfa_X_Design_Heavy_Duty_Knife, Masking_Tape_25mm, Aslan-Gold-Soft-Squeegee, Olfa_Graphic_Cutter, Swann_Morton_3_Handle, Swann_Morton_10A_Blades, Float_On","A","","","","","Metallics","Gloss","","","","","","","","","Ri-Mark-Event-181-Gloss-Silver","0","vinyl, monomeric, event, ritrama, fedrigoni, 181, L range, L series, L grade, sign, vinyl, signvinyl, gloss, l181, metallic, silver, ","","","1671720817","0","","0","","CHECKBOX"
"L183","Ri-Mark Event 183 Gloss Forest Green","L183","Ritrama","350","1","DEFAULT","","","","","0","Ri-Mark Event 183 Gloss Forest Green monomeric self-adhesive vinyl for short to medium term outdoor and indoor signage and display applications.","<html>
<head><title>Ri-Mark Event 183 Gloss Forest Green</title>

<style>
.responsive {
  width: 50%;
  height: auto;
}
</style>
</head>

<body>
<img src=""media/ecom/onpagegraphics/Fedrigoni_Logo.jpg"" alt=""Fedrigoni Logo"" class=""responsive"">
<p>Ri-Mark Event 183 Gloss Forest Green monomeric self-adhesive vinyl is designed for short to medium term outdoor and indoor signage, point of sale displays and exhibition graphics.</p>

<span style=""font-weight: bold; color: #d7328a;"">Structure:</span><br>
<ul><li>70<span>&#181;</span>m Monomeric calendered PVC</li>
<li>Transparent water based adhesive - Permanent</li>
<li>Clay coated kraft paper liner - 120gm<sup>2</sup>
</li></ul>

<span style=""font-weight: bold; color: #d7328a;"">Suitability:</span><br>
<ul><li>Suitable for application to smooth flat and 2D curved surfaces</li>
<li>Ideal for short to medium term outdoor and indoor signage, point of sale displays and exhibition graphics</li>
<li>Water based adhesive provides good dimensional stability and clean removability from most substrates</li>
<li>Suitable for dry or wet application methods (Please note that if applying wet on to glass, the adhesive may become milky but this will clear when the adhesive has dried)</li>
<li>Outdoor durability of up to 4 years</li></ul>

<span style=""font-weight: bold; color: #d7328a;"">Advantages:</span><br>
<ul><li>Event 100 Gloss White has a blue contrast kraft liner to aid weeding and application</li>
<li>Clean removability from most substrates for short term applications</li>
<li>Fire Rated to Euroclass DIN EN 13501-1:2019-05 with classification B-s1-d0</li>
<li>Available in a wide range of opaque gloss and matt colours for any project</li></ul>

<span style=""font-weight: bold; color: #d7328a;"">Technical Information:</span><br>
<ul><a href=""media/ecom/pdfs/datasheets/TDS_Ri_MarkEvent_uk_issue1_b756.pdf"" target=""_blank""><img
style=""border: 0px solid ; width: 200px; height: 60px;"" alt=""Ri-Mark Event Datasheet""
src=""media/ecom/onpagegraphics/Datasheet.png""></a>
<a href=""media/ecom/colselxl/digital_colour_card_Ri_Mark_Event.pdf"" target=""_blank""><img
style=""border: 0px solid ; width: 200px; height: 60px;"" alt=""Ri-Mark Event Colour Selector""
src=""media/ecom/onpagegraphics/Colour.png""></a></ul>
</body>
</html>","Event_183_Gloss_Forest_Green.png","Event_183_Gloss_Forest_Green.png","INVITEMS","DEFAULT-L183-DEFAULT-L183","","","0","0","0","","1","REGONLY","0","0","0","0","","","","SELECT","SELECT","0","","","","","0","0","","income-service","","","0","0","","","","","Ritrama_L_Range","Ritrama_L_Range","","","0","900EMT1220, 4075CT1220, 903C1220, Aslan_Red_Devil_Squeegee, Olfa_X_Design_Heavy_Duty_Knife, Masking_Tape_25mm, Aslan-Gold-Soft-Squeegee, Olfa_Graphic_Cutter, Swann_Morton_3_Handle, Swann_Morton_10A_Blades, Float_On","900EMT1220, 4075CT1220, 903C1220, Aslan_Red_Devil_Squeegee, Olfa_X_Design_Heavy_Duty_Knife, Masking_Tape_25mm, Aslan-Gold-Soft-Squeegee, Olfa_Graphic_Cutter, Swann_Morton_3_Handle, Swann_Morton_10A_Blades, Float_On","A","","","","","Colours, Greens","Gloss","","","","","","","","","Ri-Mark-Event-183-Gloss-Forest-Green","0","vinyl, monomeric, event, ritrama, fedrigoni, 183, L range, L series, L grade, sign, vinyl, signvinyl, gloss, l183, forest, green, forestgreen, ","","","1671719618","0","","0","","CHECKBOX"
"L184","Ri-Mark Event 184 Gloss Racing Green","L184","Ritrama","300","1","DEFAULT","","","","","0","Ri-Mark Event 184 Gloss Racing Green monomeric self-adhesive vinyl for short to medium term outdoor and indoor signage and display applications.","<html>
<head><title>Ri-Mark Event 184 Gloss Racing Green</title>

<style>
.responsive {
  width: 50%;
  height: auto;
}
</style>
</head>

<body>
<img src=""media/ecom/onpagegraphics/Fedrigoni_Logo.jpg"" alt=""Fedrigoni Logo"" class=""responsive"">
<p>Ri-Mark Event 184 Gloss Racing Green monomeric self-adhesive vinyl is designed for short to medium term outdoor and indoor signage, point of sale displays and exhibition graphics.</p>

<span style=""font-weight: bold; color: #d7328a;"">Structure:</span><br>
<ul><li>70<span>&#181;</span>m Monomeric calendered PVC</li>
<li>Transparent water based adhesive - Permanent</li>
<li>Clay coated kraft paper liner - 120gm<sup>2</sup>
</li></ul>

<span style=""font-weight: bold; color: #d7328a;"">Suitability:</span><br>
<ul><li>Suitable for application to smooth flat and 2D curved surfaces</li>
<li>Ideal for short to medium term outdoor and indoor signage, point of sale displays and exhibition graphics</li>
<li>Water based adhesive provides good dimensional stability and clean removability from most substrates</li>
<li>Suitable for dry or wet application methods (Please note that if applying wet on to glass, the adhesive may become milky but this will clear when the adhesive has dried)</li>
<li>Outdoor durability of up to 4 years</li></ul>

<span style=""font-weight: bold; color: #d7328a;"">Advantages:</span><br>
<ul><li>Event 100 Gloss White has a blue contrast kraft liner to aid weeding and application</li>
<li>Clean removability from most substrates for short term applications</li>
<li>Fire Rated to Euroclass DIN EN 13501-1:2019-05 with classification B-s1-d0</li>
<li>Available in a wide range of opaque gloss and matt colours for any project</li></ul>

<span style=""font-weight: bold; color: #d7328a;"">Technical Information:</span><br>
<ul><a href=""media/ecom/pdfs/datasheets/TDS_Ri_MarkEvent_uk_issue1_b756.pdf"" target=""_blank""><img
style=""border: 0px solid ; width: 200px; height: 60px;"" alt=""Ri-Mark Event Datasheet""
src=""media/ecom/onpagegraphics/Datasheet.png""></a>
<a href=""media/ecom/colselxl/digital_colour_card_Ri_Mark_Event.pdf"" target=""_blank""><img
style=""border: 0px solid ; width: 200px; height: 60px;"" alt=""Ri-Mark Event Colour Selector""
src=""media/ecom/onpagegraphics/Colour.png""></a></ul>
</body>
</html>","Event_184_Gloss_Racing_Green.png","Event_184_Gloss_Racing_Green.png","INVITEMS","DEFAULT-L184-DEFAULT-L184","","","0","0","0","","1","REGONLY","0","0","0","0","","","","SELECT","SELECT","0","","","","","0","0","","income-service","","","0","0","","","","","Ritrama_L_Range","Ritrama_L_Range","","","0","900EMT1220, 4075CT1220, 903C1220, Aslan_Red_Devil_Squeegee, Olfa_X_Design_Heavy_Duty_Knife, Masking_Tape_25mm, Aslan-Gold-Soft-Squeegee, Olfa_Graphic_Cutter, Swann_Morton_3_Handle, Swann_Morton_10A_Blades, Float_On","900EMT1220, 4075CT1220, 903C1220, Aslan_Red_Devil_Squeegee, Olfa_X_Design_Heavy_Duty_Knife, Masking_Tape_25mm, Aslan-Gold-Soft-Squeegee, Olfa_Graphic_Cutter, Swann_Morton_3_Handle, Swann_Morton_10A_Blades, Float_On","A","","","","","Colours, Greens","Gloss","","","","","","","","","Ri-Mark-Event-184-Gloss-Racing-Green","0","vinyl, monomeric, event, ritrama, fedrigoni, 184, L range, L series, L grade, sign, vinyl, signvinyl, gloss, l184, racing, green, racinggreen, british, ","","","1671714904","0","","0","","CHECKBOX"
"L185","Ri-Mark Event 185 Gloss Grass Green","L185","Ritrama","360","1","DEFAULT","","","","","0","Ri-Mark Event 185 Gloss Grass Green monomeric self-adhesive vinyl for short to medium term outdoor and indoor signage and display applications.","<html>
<head><title>Ri-Mark Event 185 Gloss Grass Green</title>

<style>
.responsive {
  width: 50%;
  height: auto;
}
</style>
</head>

<body>
<img src=""media/ecom/onpagegraphics/Fedrigoni_Logo.jpg"" alt=""Fedrigoni Logo"" class=""responsive"">
<p>Ri-Mark Event 185 Gloss Grass Green monomeric self-adhesive vinyl is designed for short to medium term outdoor and indoor signage, point of sale displays and exhibition graphics.</p>

<span style=""font-weight: bold; color: #d7328a;"">Structure:</span><br>
<ul><li>70<span>&#181;</span>m Monomeric calendered PVC</li>
<li>Transparent water based adhesive - Permanent</li>
<li>Clay coated kraft paper liner - 120gm<sup>2</sup>
</li></ul>

<span style=""font-weight: bold; color: #d7328a;"">Suitability:</span><br>
<ul><li>Suitable for application to smooth flat and 2D curved surfaces</li>
<li>Ideal for short to medium term outdoor and indoor signage, point of sale displays and exhibition graphics</li>
<li>Water based adhesive provides good dimensional stability and clean removability from most substrates</li>
<li>Suitable for dry or wet application methods (Please note that if applying wet on to glass, the adhesive may become milky but this will clear when the adhesive has dried)</li>
<li>Outdoor durability of up to 4 years</li></ul>

<span style=""font-weight: bold; color: #d7328a;"">Advantages:</span><br>
<ul><li>Event 100 Gloss White has a blue contrast kraft liner to aid weeding and application</li>
<li>Clean removability from most substrates for short term applications</li>
<li>Fire Rated to Euroclass DIN EN 13501-1:2019-05 with classification B-s1-d0</li>
<li>Available in a wide range of opaque gloss and matt colours for any project</li></ul>

<span style=""font-weight: bold; color: #d7328a;"">Technical Information:</span><br>
<ul><a href=""media/ecom/pdfs/datasheets/TDS_Ri_MarkEvent_uk_issue1_b756.pdf"" target=""_blank""><img
style=""border: 0px solid ; width: 200px; height: 60px;"" alt=""Ri-Mark Event Datasheet""
src=""media/ecom/onpagegraphics/Datasheet.png""></a>
<a href=""media/ecom/colselxl/digital_colour_card_Ri_Mark_Event.pdf"" target=""_blank""><img
style=""border: 0px solid ; width: 200px; height: 60px;"" alt=""Ri-Mark Event Colour Selector""
src=""media/ecom/onpagegraphics/Colour.png""></a></ul>
</body>
</html>","Event_185_Gloss_Grass_Green.png","Event_185_Gloss_Grass_Green.png","INVITEMS","DEFAULT-L185-DEFAULT-L185","","","0","0","0","","1","REGONLY","0","0","0","0","","","","SELECT","SELECT","0","","","","","0","0","","income-service","","","0","0","","","","","Ritrama_L_Range","Ritrama_L_Range","","","0","900EMT1220, 4075CT1220, 903C1220, Aslan_Red_Devil_Squeegee, Olfa_X_Design_Heavy_Duty_Knife, Masking_Tape_25mm, Aslan-Gold-Soft-Squeegee, Olfa_Graphic_Cutter, Swann_Morton_3_Handle, Swann_Morton_10A_Blades, Float_On","900EMT1220, 4075CT1220, 903C1220, Aslan_Red_Devil_Squeegee, Olfa_X_Design_Heavy_Duty_Knife, Masking_Tape_25mm, Aslan-Gold-Soft-Squeegee, Olfa_Graphic_Cutter, Swann_Morton_3_Handle, Swann_Morton_10A_Blades, Float_On","A","","","","","Colours, Greens","Gloss","","","","","","","","","Ri-Mark-Event-185-Gloss-Grass-Green","0","vinyl, monomeric, event, ritrama, fedrigoni, 185, L range, L series, L grade, sign, vinyl, signvinyl, gloss, l185, grass, green, grassgreen, ","","","1671719838","0","","0","","CHECKBOX"
"L186","Ri-Mark Event 186 Gloss Lime Green","L186","Ritrama","370","1","DEFAULT","","","","","0","Ri-Mark Event 186 Gloss Lime Green monomeric self-adhesive vinyl for short to medium term outdoor and indoor signage and display applications.","<html>
<head><title>Ri-Mark Event 186 Gloss Lime Green</title>

<style>
.responsive {
  width: 50%;
  height: auto;
}
</style>
</head>

<body>
<img src=""media/ecom/onpagegraphics/Fedrigoni_Logo.jpg"" alt=""Fedrigoni Logo"" class=""responsive"">
<p>Ri-Mark Event 186 Gloss Lime Green monomeric self-adhesive vinyl is designed for short to medium term outdoor and indoor signage, point of sale displays and exhibition graphics.</p>

<span style=""font-weight: bold; color: #d7328a;"">Structure:</span><br>
<ul><li>70<span>&#181;</span>m Monomeric calendered PVC</li>
<li>Transparent water based adhesive - Permanent</li>
<li>Clay coated kraft paper liner - 120gm<sup>2</sup>
</li></ul>

<span style=""font-weight: bold; color: #d7328a;"">Suitability:</span><br>
<ul><li>Suitable for application to smooth flat and 2D curved surfaces</li>
<li>Ideal for short to medium term outdoor and indoor signage, point of sale displays and exhibition graphics</li>
<li>Water based adhesive provides good dimensional stability and clean removability from most substrates</li>
<li>Suitable for dry or wet application methods (Please note that if applying wet on to glass, the adhesive may become milky but this will clear when the adhesive has dried)</li>
<li>Outdoor durability of up to 4 years</li></ul>

<span style=""font-weight: bold; color: #d7328a;"">Advantages:</span><br>
<ul><li>Event 100 Gloss White has a blue contrast kraft liner to aid weeding and application</li>
<li>Clean removability from most substrates for short term applications</li>
<li>Fire Rated to Euroclass DIN EN 13501-1:2019-05 with classification B-s1-d0</li>
<li>Available in a wide range of opaque gloss and matt colours for any project</li></ul>

<span style=""font-weight: bold; color: #d7328a;"">Technical Information:</span><br>
<ul><a href=""media/ecom/pdfs/datasheets/TDS_Ri_MarkEvent_uk_issue1_b756.pdf"" target=""_blank""><img
style=""border: 0px solid ; width: 200px; height: 60px;"" alt=""Ri-Mark Event Datasheet""
src=""media/ecom/onpagegraphics/Datasheet.png""></a>
<a href=""media/ecom/colselxl/digital_colour_card_Ri_Mark_Event.pdf"" target=""_blank""><img
style=""border: 0px solid ; width: 200px; height: 60px;"" alt=""Ri-Mark Event Colour Selector""
src=""media/ecom/onpagegraphics/Colour.png""></a></ul>
</body>
</html>","Event_186_Gloss_Lime.png","Event_186_Gloss_Lime.png","INVITEMS","DEFAULT-L186-DEFAULT-L186","","","0","0","0","","1","REGONLY","0","0","0","0","","","","SELECT","SELECT","0","","","","","0","0","","income-service","","","0","0","","","","","Ritrama_L_Range","Ritrama_L_Range","","","0","900EMT1220, 4075CT1220, 903C1220, Aslan_Red_Devil_Squeegee, Olfa_X_Design_Heavy_Duty_Knife, Masking_Tape_25mm, Aslan-Gold-Soft-Squeegee, Olfa_Graphic_Cutter, Swann_Morton_3_Handle, Swann_Morton_10A_Blades, Float_On","900EMT1220, 4075CT1220, 903C1220, Aslan_Red_Devil_Squeegee, Olfa_X_Design_Heavy_Duty_Knife, Masking_Tape_25mm, Aslan-Gold-Soft-Squeegee, Olfa_Graphic_Cutter, Swann_Morton_3_Handle, Swann_Morton_10A_Blades, Float_On","A","","","","","Colours, Greens","Gloss","","","","","","","","","Ri-Mark-Event-186-Gloss-Lime-Green","0","vinyl, monomeric, event, ritrama, fedrigoni, 186, L range, L series, L grade, sign, vinyl, signvinyl, gloss, l186, lime, green, limegreen, ","","","1671719949","0","","0","","CHECKBOX"
"L187","Ri-Mark Event 187 Gloss Kelly Green","L187","Ritrama","320","1","DEFAULT","","","","","0","Ri-Mark Event 187 Gloss Kelly Green monomeric self-adhesive vinyl for short to medium term outdoor and indoor signage and display applications.","<html>
<head><title>Ri-Mark Event 187 Gloss Kelly Green</title>

<style>
.responsive {
  width: 50%;
  height: auto;
}
</style>
</head>

<body>
<img src=""media/ecom/onpagegraphics/Fedrigoni_Logo.jpg"" alt=""Fedrigoni Logo"" class=""responsive"">
<p>Ri-Mark Event 187 Gloss Kelly Green monomeric self-adhesive vinyl is designed for short to medium term outdoor and indoor signage, point of sale displays and exhibition graphics.</p>

<span style=""font-weight: bold; color: #d7328a;"">Structure:</span><br>
<ul><li>70<span>&#181;</span>m Monomeric calendered PVC</li>
<li>Transparent water based adhesive - Permanent</li>
<li>Clay coated kraft paper liner - 120gm<sup>2</sup>
</li></ul>

<span style=""font-weight: bold; color: #d7328a;"">Suitability:</span><br>
<ul><li>Suitable for application to smooth flat and 2D curved surfaces</li>
<li>Ideal for short to medium term outdoor and indoor signage, point of sale displays and exhibition graphics</li>
<li>Water based adhesive provides good dimensional stability and clean removability from most substrates</li>
<li>Suitable for dry or wet application methods (Please note that if applying wet on to glass, the adhesive may become milky but this will clear when the adhesive has dried)</li>
<li>Outdoor durability of up to 4 years</li></ul>

<span style=""font-weight: bold; color: #d7328a;"">Advantages:</span><br>
<ul><li>Event 100 Gloss White has a blue contrast kraft liner to aid weeding and application</li>
<li>Clean removability from most substrates for short term applications</li>
<li>Fire Rated to Euroclass DIN EN 13501-1:2019-05 with classification B-s1-d0</li>
<li>Available in a wide range of opaque gloss and matt colours for any project</li></ul>

<span style=""font-weight: bold; color: #d7328a;"">Technical Information:</span><br>
<ul><a href=""media/ecom/pdfs/datasheets/TDS_Ri_MarkEvent_uk_issue1_b756.pdf"" target=""_blank""><img
style=""border: 0px solid ; width: 200px; height: 60px;"" alt=""Ri-Mark Event Datasheet""
src=""media/ecom/onpagegraphics/Datasheet.png""></a>
<a href=""media/ecom/colselxl/digital_colour_card_Ri_Mark_Event.pdf"" target=""_blank""><img
style=""border: 0px solid ; width: 200px; height: 60px;"" alt=""Ri-Mark Event Colour Selector""
src=""media/ecom/onpagegraphics/Colour.png""></a></ul>
</body>
</html>","Event_187_Gloss_Kelly_Green.png","Event_187_Gloss_Kelly_Green.png","INVITEMS","DEFAULT-L187-DEFAULT-L187","","","0","0","0","","1","REGONLY","0","0","0","0","","","","SELECT","SELECT","0","","","","","0","0","","income-service","","","0","0","","","","","Ritrama_L_Range","Ritrama_L_Range","","","0","900EMT1220, 4075CT1220, 903C1220, Aslan_Red_Devil_Squeegee, Olfa_X_Design_Heavy_Duty_Knife, Masking_Tape_25mm, Aslan-Gold-Soft-Squeegee, Olfa_Graphic_Cutter, Swann_Morton_3_Handle, Swann_Morton_10A_Blades, Float_On","900EMT1220, 4075CT1220, 903C1220, Aslan_Red_Devil_Squeegee, Olfa_X_Design_Heavy_Duty_Knife, Masking_Tape_25mm, Aslan-Gold-Soft-Squeegee, Olfa_Graphic_Cutter, Swann_Morton_3_Handle, Swann_Morton_10A_Blades, Float_On","A","","","","","Colours, Greens","Gloss","","","","","","","","","Ri-Mark-Event-187-Gloss-Kelly-Green","0","vinyl, monomeric, event, ritrama, fedrigoni, 187, L range, L series, L grade, sign, vinyl, signvinyl, gloss, l187, kelly, green, kellygreen, ","","","1671715763","0","","0","","CHECKBOX"
"L189","Ri-Mark Event 189 Gloss Hot Pink","L189","Ritrama","160","1","DEFAULT","","","","","0","Ri-Mark Event 189 Gloss Hot Pink monomeric self-adhesive vinyl for short to medium term outdoor and indoor signage and display applications.","<html>
<head><title>Ri-Mark Event 189 Gloss Hot Pink</title>

<style>
.responsive {
  width: 50%;
  height: auto;
}
</style>
</head>

<body>
<img src=""media/ecom/onpagegraphics/Fedrigoni_Logo.jpg"" alt=""Fedrigoni Logo"" class=""responsive"">
<p>Ri-Mark Event 189 Gloss Hot Pink monomeric self-adhesive vinyl is designed for short to medium term outdoor and indoor signage, point of sale displays and exhibition graphics.</p>

<span style=""font-weight: bold; color: #d7328a;"">Structure:</span><br>
<ul><li>70<span>&#181;</span>m Monomeric calendered PVC</li>
<li>Transparent water based adhesive - Permanent</li>
<li>Clay coated kraft paper liner - 120gm<sup>2</sup>
</li></ul>

<span style=""font-weight: bold; color: #d7328a;"">Suitability:</span><br>
<ul><li>Suitable for application to smooth flat and 2D curved surfaces</li>
<li>Ideal for short to medium term outdoor and indoor signage, point of sale displays and exhibition graphics</li>
<li>Water based adhesive provides good dimensional stability and clean removability from most substrates</li>
<li>Suitable for dry or wet application methods (Please note that if applying wet on to glass, the adhesive may become milky but this will clear when the adhesive has dried)</li>
<li>Outdoor durability of up to 4 years</li></ul>

<span style=""font-weight: bold; color: #d7328a;"">Advantages:</span><br>
<ul><li>Event 100 Gloss White has a blue contrast kraft liner to aid weeding and application</li>
<li>Clean removability from most substrates for short term applications</li>
<li>Fire Rated to Euroclass DIN EN 13501-1:2019-05 with classification B-s1-d0</li>
<li>Available in a wide range of opaque gloss and matt colours for any project</li></ul>

<span style=""font-weight: bold; color: #d7328a;"">Technical Information:</span><br>
<ul><a href=""media/ecom/pdfs/datasheets/TDS_Ri_MarkEvent_uk_issue1_b756.pdf"" target=""_blank""><img
style=""border: 0px solid ; width: 200px; height: 60px;"" alt=""Ri-Mark Event Datasheet""
src=""media/ecom/onpagegraphics/Datasheet.png""></a>
<a href=""media/ecom/colselxl/digital_colour_card_Ri_Mark_Event.pdf"" target=""_blank""><img
style=""border: 0px solid ; width: 200px; height: 60px;"" alt=""Ri-Mark Event Colour Selector""
src=""media/ecom/onpagegraphics/Colour.png""></a></ul>
</body>
</html>","Event_189_Gloss_Hot_Pink.png","Event_189_Gloss_Hot_Pink.png","INVITEMS","DEFAULT-L189-DEFAULT-L189","","","0","0","0","","1","REGONLY","0","0","0","0","","","","SELECT","SELECT","0","","","","","0","0","","income-service","","","0","0","","","","","Ritrama_L_Range","Ritrama_L_Range","","","0","900EMT1220, 4075CT1220, 903C1220, Aslan_Red_Devil_Squeegee, Olfa_X_Design_Heavy_Duty_Knife, Masking_Tape_25mm, Aslan-Gold-Soft-Squeegee, Olfa_Graphic_Cutter, Swann_Morton_3_Handle, Swann_Morton_10A_Blades, Float_On","900EMT1220, 4075CT1220, 903C1220, Aslan_Red_Devil_Squeegee, Olfa_X_Design_Heavy_Duty_Knife, Masking_Tape_25mm, Aslan-Gold-Soft-Squeegee, Olfa_Graphic_Cutter, Swann_Morton_3_Handle, Swann_Morton_10A_Blades, Float_On","A","","","","","Colours, Reds","Gloss","","","","","","","","","Ri-Mark-Event-189-Gloss-Hot-Pink","0","vinyl, monomeric, event, ritrama, fedrigoni, 189, L range, L series, L grade, sign, vinyl, signvinyl, gloss, l189, hot, pink, hotpink, ","","","1671707741","0","","0","","CHECKBOX"
"L199","Ri-Mark Event 199 Gloss Transparent","L199","Ritrama","460","1","DEFAULT","","","","","0","Ri-Mark Event 199 Gloss Transparent monomeric self-adhesive vinyl for short to medium term outdoor and indoor signage and display applications.","<html>
<head><title>Ri-Mark Event 199 Gloss Transparent</title>

<style>
.responsive {
  width: 50%;
  height: auto;
}
</style>
</head>

<body>
<img src=""media/ecom/onpagegraphics/Fedrigoni_Logo.jpg"" alt=""Fedrigoni Logo"" class=""responsive"">
<p>Ri-Mark Event 199 Gloss Transparent monomeric self-adhesive vinyl is designed for short to medium term outdoor and indoor signage, point of sale displays and exhibition graphics.</p>

<span style=""font-weight: bold; color: #d7328a;"">Structure:</span><br>
<ul><li>70<span>&#181;</span>m Monomeric calendered PVC</li>
<li>Transparent water based adhesive - Permanent</li>
<li>Clay coated kraft paper liner - 120gm<sup>2</sup>
</li></ul>

<span style=""font-weight: bold; color: #d7328a;"">Suitability:</span><br>
<ul><li>Suitable for application to smooth flat and 2D curved surfaces</li>
<li>Ideal for short to medium term outdoor and indoor signage, point of sale displays and exhibition graphics</li>
<li>Water based adhesive provides good dimensional stability and clean removability from most substrates</li>
<li>Suitable for dry or wet application methods (Please note that if applying wet on to glass, the adhesive may become milky but this will clear when the adhesive has dried)</li>
<li>Outdoor durability of up to 4 years</li></ul>

<span style=""font-weight: bold; color: #d7328a;"">Advantages:</span><br>
<ul><li>Event 100 Gloss White has a blue contrast kraft liner to aid weeding and application</li>
<li>Clean removability from most substrates for short term applications</li>
<li>Fire Rated to Euroclass DIN EN 13501-1:2019-05 with classification B-s1-d0</li>
<li>Available in a wide range of opaque gloss and matt colours for any project</li></ul>

<span style=""font-weight: bold; color: #d7328a;"">Technical Information:</span><br>
<ul><a href=""media/ecom/pdfs/datasheets/TDS_Ri_MarkEvent_uk_issue1_b756.pdf"" target=""_blank""><img
style=""border: 0px solid ; width: 200px; height: 60px;"" alt=""Ri-Mark Event Datasheet""
src=""media/ecom/onpagegraphics/Datasheet.png""></a>
<a href=""media/ecom/colselxl/digital_colour_card_Ri_Mark_Event.pdf"" target=""_blank""><img
style=""border: 0px solid ; width: 200px; height: 60px;"" alt=""Ri-Mark Event Colour Selector""
src=""media/ecom/onpagegraphics/Colour.png""></a></ul>
</body>
</html>","Event_199_Gloss_Transparent.png","Event_199_Gloss_Transparent.png","INVITEMS","DEFAULT-L199-DEFAULT-L199","","","0","0","0","","1","REGONLY","0","0","0","0","","","","SELECT","SELECT","0","","","","","0","0","","income-service","","","0","0","","","","","Ritrama_L_Range","Ritrama_L_Range","","","0","900EMT1220, 4075CT1220, 903C1220, Aslan_Red_Devil_Squeegee, Olfa_X_Design_Heavy_Duty_Knife, Masking_Tape_25mm, Aslan-Gold-Soft-Squeegee, Olfa_Graphic_Cutter, Swann_Morton_3_Handle, Swann_Morton_10A_Blades, Float_On","900EMT1220, 4075CT1220, 903C1220, Aslan_Red_Devil_Squeegee, Olfa_X_Design_Heavy_Duty_Knife, Masking_Tape_25mm, Aslan-Gold-Soft-Squeegee, Olfa_Graphic_Cutter, Swann_Morton_3_Handle, Swann_Morton_10A_Blades, Float_On","A","","","","","Clear","Gloss","","","","","","","","","Ri-Mark-Event-199-Gloss-Transparent","0","vinyl, monomeric, event, ritrama, fedrigoni, 199, L range, L series, L grade, sign, vinyl, signvinyl, gloss, l199, transparant, transparent, clear, ","","","1671721135","0","","0","","CHECKBOX"
"L2_Orangey_Red_Velvet_Grain","L2 Chilli Red","Cover Styl' L2","Cover_Styl","100","19","DEFAULT","","","","","0","Cover Styl' L2 Chilli Red self-adhesive coloured film. Buy it by the metre.

","<html>
<head>
<title>Cover Styl' L2 Chilli Red</title></head>
<body>
<p><img style=""height: 76px; width: 300px;"" alt=""Cover Styl' logo""
src=""media/ecom/onpagegraphics/Coverstyl_Logo.png""></p>
<span style=""font-weight: bold; color: #588ec6;"">SUITABILITY:</span>
<p>This product is designed for interior application only and offers exceptional resistance to water, dirt, abrasion, UV rays and wear (yellowing, cracking, scaling, delamination). </p>
<span style=""font-weight: bold; color: #588ec6;"">MATERIAL CHARACTERISTICS:</span>
<ul><li>Grade: Polymeric</li>
<li>Thickness: 250 micron</li>
<li>Adhesive: Easy Apply Air Release</li>
<li>Appearance: Matt</li>
<li>Stretchable: Yes</li>
<li>Scratch Proof: Average</li>
</ul>
<p>Prices shown are per linear metre at 1220mm wide</p>
</body>
</html>","L2_Orangey_Red_Velvet_Grain.jpg","L2_Orangey_Red_Velvet_Grain.jpg, L2_Orangey_Red_Velvet_Grain_Wall.jpg","INVITEMS","DEFAULT-L2_Orangey_Red_Velvet_Grain-DEFAULT-L2_Orangey_Red_Velvet_Grain","","","0","0","0","","1","REGONLY","0","0","0","0","","","","SELECT","SELECT","0","","","","","0","0","","income-service","","","0","0","","","","","Cover_Styl_Solid_Colour","Cover_Styl_Solid_Colour","","","0","Olfa_Graphic_Cutter, Olfa_X_Design_Heavy_Duty_Knife, Lint-Free-Gloves, Masking_Tape_25mm, Aslan_Squeegee, Swann_Morton_3_Handle, Swann_Morton_10A_Blades, Lint-Free-Cloths, Heavy-Duty-Application-Roller, Rollepro, 4075CT1220, Cover-Styl-Colour-Selector-Box","Olfa_Graphic_Cutter, Olfa_X_Design_Heavy_Duty_Knife, Lint-Free-Gloves, Masking_Tape_25mm, Aslan_Squeegee, Swann_Morton_3_Handle, Swann_Morton_10A_Blades, Lint-Free-Cloths, Heavy-Duty-Application-Roller, Rollepro, 4075CT1220, Cover-Styl-Colour-Selector-Box","A","superuser","ADHESIVE_SEMI_PERMANENT","GRADE_POLYPROPYLENE","","","","","","","","","","","","Cover-Styl-L2-Chilli-Red","0","coverstyle, cover style, cover styl, cover styl'


","","","1656004565","0","","0","","CHECKBOX"
"Laser_Thermometer","Laser Thermometer","3019","SOTT","300","51","DEFAULT","","","","","0","SOTT Infrared cordless thermometer gives you a fast and accurate reading of the surface temperature of the film that you are working on. This indespensible tool for vehicle wrappers has a digital readout and can store the last temperature setting to give an accurate indication of temperature.","<html>

<title><head>Laser Thermometer</title></head>

<body>

<p>SOTT Infrared cordless thermometer gives you a fast and accurate reading of the surface temperature of the film that you are working on.</p>
<p>This indispensable tool for vehicle wrappers has a digital readout and can store the last temperature setting to give an accurate indication of temperature.</p>

</body>

</html>","Laser_Thermometer.jpg","Laser_Thermometer.jpg","INVITEMS","DEFAULT-Laser_Thermometer-DEFAULT-Laser_Thermometer","","","0","0","0","","1","REGONLY","0","0","0","0","","","","SELECT","SELECT","0","","","","","0","0","","income-service","","","0","0","","","","","Vehicle_Wrap_Tools","Application_Tools, Vehicle_Wrap_Tools","","","0","Heat_Gun","","A","","","","","","","","","","","","","","","Infrared-Thermometer","0","laser, thermometer, wrap","","","1547654288","0","","0","","CHECKBOX"
"Lint-Free-Cloths","Lint Free Cloths","CLO2","Doro_Tape","90","22","DEFAULT","","","","","0","Totally lint and dust free microfibre cloths for perfect cleaning and polishing of any surface. Tear proof and highly absorbent. Pack of 100 cloths.","<html>

<title><head>Lint Free Cloths</title></head>

<body>

<p>Totally lint and dust free microfibre cloths for perfect cleaning and polishing of any surface.</p>
<p>The soft smooth feel gives a perfect finish and and unlike cotton not one single fibre is released while polishing.</p>
<p>Microfibre cleaning cloths are specifically designed to pick up and hold dirt and have high absorption qualities making them ideal for surface preparation prior to graphic application.</p>
<p>Can also be used for cleaning print heads and other printer components.</p>
<p>Also recommended as a wipe to remove memoboard markings.</p>
<p>Pack of 100 cloths.</p>

</body>

</html>","Lint-Free-Cloths.jpg","Lint-Free-Cloths.jpg","INVITEMS","DEFAULT-Lint-Free-Cloths-DEFAULT-Lint-Free-Cloths","","","0","0","0","","1","REGONLY","0","0","0","0","","","","SELECT","SELECT","0","","","","","0","0","","income-service","","","0","0","","","","","Vehicle_Wrap_Tools","Cleaners_Cleaning_Tools, Vehicle_Wrap_Tools","","","0","","","A","","","","","","","","","","","","","","","","0","lint, cloth, cleaning","","","1547646224","0","","0","","CHECKBOX"
"Lint-Free-Gloves","Lint Free Gloves - XL (Pack of 10 pairs)","GLO","DEFAULT","200","10","DEFAULT","","","","","0","White lint free gloves for use when handling digital media. Size - XL. Pack of 10 pairs.","<html>

<title><head>Lint Free Gloves - XL (Pack of 10 pairs)</title></head>

<body>

<p>White lint free gloves for use when handling digital media. Pack of 10 pairs.</p>

</body>

</html>","Lint_Free_Gloves.png","Lint_Free_Gloves.png","INVITEMS","DEFAULT-Lint-Free-Gloves-DEFAULT-Lint-Free-Gloves","","","0","0","0","","1","REGONLY","0","0","0","0","","","","SELECT","SELECT","0","","","","","0","0","","income-service","","","0","0","","","","","Weeding_Handling_Tools","Weeding_Handling_Tools","","","0","","","N","","","","","","","","","","","","","","","","0","lint, glove, gloves","","","1547646246","0","","0","","CHECKBOX"
"Liquid-Chalk-Pen","Liquid Chalk Pen","LIQ","DEFAULT","75","4","DEFAULT","","","","","0","Liquid chalk pen for writing on the blackboard film PremiumBlackboard ASLAN BB 910.","Liquid chalk pen for writing on the blackboard film PremiumBlackboard ASLAN BB 910.<br><br>
<ul><li>Easily removable with water</ul></li>
<ul><li>Hands stay clean compared to classic chalk</ul></li>","ASLAN_C_Pen.jpg","ASLAN_C_Pen.jpg","INVITEMS","DEFAULT-Liquid-Chalk-Pen-DEFAULT-Liquid-Chalk-Pen","","","0","0","0","","1","REGONLY","0","0","0","0","","","","SELECT","SELECT","0","","","","","0","0","","income-service","","","0","0","","","","","Blackboard_Whiteboard","","","","0","Aslan_BB910_Blackboard_Vinyl, FF5401250, BBL9201250","","A","","","","","","","","","","","","","","","","0","magnetic squeegee, chalk, pen, liquid chalk, liquid, blackboard, blackboard pen, chalk pen, ","","","1613567993","0","","0","","CHECKBOX"
"Little-Willies","Little Willies (Set of 5)","LITT","SOTT","242","6","DEFAULT","","","","","0","This alternative to the wrap glove means you can have the rest of your hand free to handle the films without the risk of catching the adhesive side of the vinyl. These finger covers have the same cut resistant properties so are perfect for installing graphic films into swages and channels. Set of 5 gloveless fingers.","<html>

<title><head>Little Willies (Set of 5)</head></title>

<body>

<p>This alternative to the wrap glove means you can have the rest of your hand free to handle the films without the risk of catching the adhesive side of the vinyl.</p>
<p>Woven from a smooth fibre, these finger covers have the same cut resistant properties as the glove and are perfect for installing graphic films into vehicle swages and channels.</p>
<p>Meets the ASTM/ANSI test: Cut level 5 which requires over 2kg of pressure to cut the material.</p>
<p>Set of 5 gloveless fingers.</p>

</body>

</html>","Little Willies.jpg","Little Willies.jpg","INVITEMS","DEFAULT-Little-Willies-DEFAULT-Little-Willies","","","0","0","0","","1","REGONLY","0","0","0","0","","","","SELECT","SELECT","0","","","","","0","0","","income-service","","","0","0","","","","","Application_Tools","Application_Tools, Vehicle_Wrap_Tools","","","0","","","A","","","","","","","","","","","","","","","","0","lint, glove, gloves","","","1687366976","0","","0","","CHECKBOX"
"Low-Tack-Rag","Low Tack Rag on a Roll","LOWT","SOTT","112","11","DEFAULT","","","","","0","Surface preparation is key to a professional finish and this slightly adhesive material is great at removing all surface dust and won't leave any residue. Can also be used to remove dust from prints before laminating and dust from metal surfaces before spraying or painting. Each roll is 300mm wide and 36m long made up of 62 sheets that are torn off individually.","<html>

<title><head>Low Tack Rag on a Roll</title></head>

<body>

<p>Surface preparation is key to a professional finish and this slightly adhesive material is great at removing all surface dust and won't leave any residue.</p>
<p>Can also be used to remove dust from prints before laminating and dust from metal surfaces before spraying or painting.</p>
<p>Each roll is 300mm wide and 36m long made up of 62 sheets that are torn off individually.</p>

</body>

</html>","Low_Tack_Rag.png","Low_Tack_Rag.png","INVITEMS","DEFAULT-Low-Tack-Rag-DEFAULT-Low-Tack-Rag","","","0","0","0","","1","REGONLY","0","0","0","0","","","","SELECT","SELECT","0","","","","","0","0","","income-service","","","0","0","","","","","Cleaners_Cleaning_Tools","Cleaners_Cleaning_Tools","","","0","Panel_Wipe, Right_Off, 4G_Cleaner, IPA_100, Anti_Static_Cleaner","","A","","","","","","","","","","","","","","","Low-Tack-Rag-on-a-Roll","0","cleaning, cloths, rags, low tack rag, surface, prepare, preparation","","","1647005659","0","","0","","CHECKBOX"
"M10_Light_Cream_Shell","M10 Oat Milk","Cover Styl' M10","Cover_Styl","190","19","DEFAULT","","","","","0","Cover Styl' M10 Oat Milk self-adhesive coloured film. Buy it by the metre.

","<html>
<head>
<title>Cover Styl' M10 Oat Milk</title></head>
<body>
<p><img style=""height: 76px; width: 300px;"" alt=""Cover Styl' logo""
src=""media/ecom/onpagegraphics/Coverstyl_Logo.png""></p>
<span style=""font-weight: bold; color: #588ec6;"">SUITABILITY:</span>
<p>This product is designed for interior application only and offers exceptional resistance to water, dirt, abrasion, UV rays and wear (yellowing, cracking, scaling, delamination). </p>
<span style=""font-weight: bold; color: #588ec6;"">MATERIAL CHARACTERISTICS:</span>
<ul><li>Grade: Polymeric</li>
<li>Thickness: 250 micron</li>
<li>Adhesive: Easy Apply Air Release</li>
<li>Appearance: Matt</li>
<li>Stretchable: Yes</li>
<li>Scratch Proof: Average</li>
</ul>
<p>Prices shown are per linear metre at 1220mm wide</p>
</body>
</html>","M10_Light_Cream_Shell.jpg","M10_Light_Cream_Shell.jpg, M10_Light_Cream_Shell_Wall.jpg","INVITEMS","DEFAULT-M10_Light_Cream_Shell-DEFAULT-M10_Light_Cream_Shell","","","0","0","0","","1","REGONLY","0","0","0","0","","","","SELECT","SELECT","0","","","","","0","0","","income-service","","","0","0","","","","","Cover_Styl_Solid_Colour","Cover_Styl_Solid_Colour","","","0","Olfa_Graphic_Cutter, Olfa_X_Design_Heavy_Duty_Knife, Lint-Free-Gloves, Masking_Tape_25mm, Aslan_Squeegee, Swann_Morton_3_Handle, Swann_Morton_10A_Blades, Lint-Free-Cloths, Heavy-Duty-Application-Roller, Rollepro, 4075CT1220, Cover-Styl-Colour-Selector-Box","Olfa_Graphic_Cutter, Olfa_X_Design_Heavy_Duty_Knife, Lint-Free-Gloves, Masking_Tape_25mm, Aslan_Squeegee, Swann_Morton_3_Handle, Swann_Morton_10A_Blades, Lint-Free-Cloths, Heavy-Duty-Application-Roller, Rollepro, 4075CT1220, Cover-Styl-Colour-Selector-Box","A","superuser","ADHESIVE_SEMI_PERMANENT","GRADE_POLYPROPYLENE","","","","","","","","","","","","Cover-Styl-M10-Oat-Milk","0","coverstyle, cover style, cover styl, cover styl'


","","","1656347875","0","","0","","CHECKBOX"
"M300","Ri-Mark Event 300 Matt White","M300","Ritrama","510","1","DEFAULT","","","","","0","Ri-Mark Event 300 Matt White monomeric self-adhesive vinyl for short to medium term outdoor and indoor signage and display applications. Coated on a blue contrast liner to aid weeding and application.","<html>
<head><title>Ri-Mark Event 300 Matt White</title>

<style>
.responsive {
  width: 50%;
  height: auto;
}
</style>
</head>

<body>
<img src=""media/ecom/onpagegraphics/Fedrigoni_Logo.jpg"" alt=""Fedrigoni Logo"" class=""responsive"">
<p>Ri-Mark Event 300 Matt White monomeric self-adhesive vinyl is designed for short to medium term outdoor and indoor signage, point of sale displays and exhibition graphics.</p>

<span style=""font-weight: bold; color: #d7328a;"">Structure:</span><br>
<ul><li>70<span>&#181;</span>m Monomeric calendered PVC</li>
<li>Transparent water based adhesive - Semi-permanent</li>
<li>Clay coated kraft paper liner - 120gm<sup>2</sup>
</li></ul>

<span style=""font-weight: bold; color: #d7328a;"">Suitability:</span><br>
<ul><li>Suitable for application to smooth flat and 2D curved surfaces</li>
<li>Ideal for short to medium term outdoor and indoor signage, point of sale displays and exhibition graphics</li>
<li>Water based adhesive provides good dimensional stability and clean removability from most substrates</li>
<li>Suitable for dry or wet application methods (Please note that if applying wet on to glass, the adhesive may become milky but this will clear when the adhesive has dried)</li>
<li>Outdoor durability of up to 5 years</li></ul>

<span style=""font-weight: bold; color: #d7328a;"">Advantages:</span><br>
<ul><li>Event 300 Matt White has a blue contrast kraft liner to aid weeding and application</li>
<li>Clean removability from most substrates for short term applications</li>
<li>Fire Rated to Euroclass DIN EN 13501-1:2019-05 with classification B-s1-d0</li>
<li>Available in a wide range of opaque gloss and matt colours for any project</li></ul>

<span style=""font-weight: bold; color: #d7328a;"">Technical Information:</span><br>
<ul><a href=""media/ecom/pdfs/datasheets/TDS_Ri_MarkEvent_uk_issue1_b756.pdf"" target=""_blank""><img
style=""border: 0px solid ; width: 200px; height: 60px;"" alt=""Ri-Mark Event Datasheet""
src=""media/ecom/onpagegraphics/Datasheet.png""></a>
<a href=""media/ecom/colselxl/digital_colour_card_Ri_Mark_Event.pdf"" target=""_blank""><img
style=""border: 0px solid ; width: 200px; height: 60px;"" alt=""Ri-Mark Event Colour Selector""
src=""media/ecom/onpagegraphics/Colour.png""></a></ul>
</body>
</html>","Event_300_Matt_White.png","Event_300_Matt_White.png","INVITEMS","DEFAULT-M300-DEFAULT-M300","","","0","0","0","","1","REGONLY","0","0","0","0","","","","SELECT","SELECT","0","","","","","0","0","","income-service","","","0","0","","","","","Ritrama_L_Range","Ritrama_L_Range","","","0","900EMT1220, 4075CT1220, 903C1220, Aslan_Red_Devil_Squeegee, Olfa_X_Design_Heavy_Duty_Knife, Masking_Tape_25mm, Aslan-Gold-Soft-Squeegee, Olfa_Graphic_Cutter, Swann_Morton_3_Handle, Swann_Morton_10A_Blades, Float_On","900EMT1220, 4075CT1220, 903C1220, Aslan_Red_Devil_Squeegee, Olfa_X_Design_Heavy_Duty_Knife, Masking_Tape_25mm, Aslan-Gold-Soft-Squeegee, Olfa_Graphic_Cutter, Swann_Morton_3_Handle, Swann_Morton_10A_Blades, Float_On","A","","","","","White","Matt","","","","","","","","","Ri-Mark-Event-300-Matt-White","0","vinyl, monomeric, event, ritrama, fedrigoni, L grade, L series, L range, M range, matt, 300, m300, white, ","","","1671721360","0","","0","","CHECKBOX"
"M301","Ri-Mark Event 301 Matt Black","M301","Ritrama","940","1","DEFAULT","","","","","0","Ri-Mark Event 301 Matt Black monomeric self-adhesive vinyl for short to medium term outdoor and indoor signage and display applications.","<html>
<head><title>Ri-Mark Event 301 Matt Black</title>

<style>
.responsive {
  width: 50%;
  height: auto;
}
</style>
</head>

<body>
<img src=""media/ecom/onpagegraphics/Fedrigoni_Logo.jpg"" alt=""Fedrigoni Logo"" class=""responsive"">
<p>Ri-Mark Event 301 Matt Black monomeric self-adhesive vinyl is designed for short to medium term outdoor and indoor signage, point of sale displays and exhibition graphics.</p>

<span style=""font-weight: bold; color: #d7328a;"">Structure:</span><br>
<ul><li>70<span>&#181;</span>m Monomeric calendered PVC</li>
<li>Transparent water based adhesive - Semi-permanent</li>
<li>Clay coated kraft paper liner - 120gm<sup>2</sup>
</li></ul>

<span style=""font-weight: bold; color: #d7328a;"">Suitability:</span><br>
<ul><li>Suitable for application to smooth flat and 2D curved surfaces</li>
<li>Ideal for short to medium term outdoor and indoor signage, point of sale displays and exhibition graphics</li>
<li>Water based adhesive provides good dimensional stability and clean removability from most substrates</li>
<li>Suitable for dry or wet application methods (Please note that if applying wet on to glass, the adhesive may become milky but this will clear when the adhesive has dried)</li>
<li>Outdoor durability of up to 4 years</li></ul>

<span style=""font-weight: bold; color: #d7328a;"">Advantages:</span><br>
<ul><li>Clean removability from most substrates for short term applications</li>
<li>Fire Rated to Euroclass DIN EN 13501-1:2019-05 with classification B-s1-d0</li>
<li>Available in a wide range of opaque gloss and matt colours for any project</li></ul>

<span style=""font-weight: bold; color: #d7328a;"">Technical Information:</span><br>
<ul><a href=""media/ecom/pdfs/datasheets/TDS_Ri_MarkEvent_uk_issue1_b756.pdf"" target=""_blank""><img
style=""border: 0px solid ; width: 200px; height: 60px;"" alt=""Ri-Mark Event Datasheet""
src=""media/ecom/onpagegraphics/Datasheet.png""></a>
<a href=""media/ecom/colselxl/digital_colour_card_Ri_Mark_Event.pdf"" target=""_blank""><img
style=""border: 0px solid ; width: 200px; height: 60px;"" alt=""Ri-Mark Event Colour Selector""
src=""media/ecom/onpagegraphics/Colour.png""></a></ul>
</body>
</html>","Event_301_Matt_Black.png","Event_301_Matt_Black.png","INVITEMS","DEFAULT-M301-DEFAULT-M301","","","0","0","0","","1","REGONLY","0","0","0","0","","","","SELECT","SELECT","0","","","","","0","0","","income-service","","","0","0","","","","","Ritrama_L_Range","Ritrama_L_Range","","","0","900EMT1220, 4075CT1220, 903C1220, Aslan_Red_Devil_Squeegee, Olfa_X_Design_Heavy_Duty_Knife, Masking_Tape_25mm, Aslan-Gold-Soft-Squeegee, Olfa_Graphic_Cutter, Swann_Morton_3_Handle, Swann_Morton_10A_Blades, Float_On","900EMT1220, 4075CT1220, 903C1220, Aslan_Red_Devil_Squeegee, Olfa_X_Design_Heavy_Duty_Knife, Masking_Tape_25mm, Aslan-Gold-Soft-Squeegee, Olfa_Graphic_Cutter, Swann_Morton_3_Handle, Swann_Morton_10A_Blades, Float_On","A","","","","","Black","Matt","","","","","","","","","Ri-Mark-Event-301-Matt-Black","0","vinyl, monomeric, event, ritrama, fedrigoni, L grade, L series, L range, M range, matt, 301, m301, black, ","","","1673863260","0","","0","","CHECKBOX"
"M303","Ri-Mark Event 303 Matt Charcoal","M303","Ritrama","900","1","DEFAULT","","","","","0","Ri-Mark Event 303 Matt Charcoal monomeric self-adhesive vinyl for short to medium term outdoor and indoor signage and display applications.","<html>
<head><title>Ri-Mark Event 303 Matt Charcoal</title>

<style>
.responsive {
  width: 50%;
  height: auto;
}
</style>
</head>

<body>
<img src=""media/ecom/onpagegraphics/Fedrigoni_Logo.jpg"" alt=""Fedrigoni Logo"" class=""responsive"">
<p>Ri-Mark Event 303 Matt Charcoal monomeric self-adhesive vinyl is designed for short to medium term outdoor and indoor signage, point of sale displays and exhibition graphics.</p>

<span style=""font-weight: bold; color: #d7328a;"">Structure:</span><br>
<ul><li>70<span>&#181;</span>m Monomeric calendered PVC</li>
<li>Transparent water based adhesive - Semi-permanent</li>
<li>Clay coated kraft paper liner - 120gm<sup>2</sup>
</li></ul>

<span style=""font-weight: bold; color: #d7328a;"">Suitability:</span><br>
<ul><li>Suitable for application to smooth flat and 2D curved surfaces</li>
<li>Ideal for short to medium term outdoor and indoor signage, point of sale displays and exhibition graphics</li>
<li>Water based adhesive provides good dimensional stability and clean removability from most substrates</li>
<li>Suitable for dry or wet application methods (Please note that if applying wet on to glass, the adhesive may become milky but this will clear when the adhesive has dried)</li>
<li>Outdoor durability of up to 3 years</li></ul>

<span style=""font-weight: bold; color: #d7328a;"">Advantages:</span><br>
<ul><li>Clean removability from most substrates for short term applications</li>
<li>Fire Rated to Euroclass DIN EN 13501-1:2019-05 with classification B-s1-d0</li>
<li>Available in a wide range of opaque gloss and matt colours for any project</li></ul>

<span style=""font-weight: bold; color: #d7328a;"">Technical Information:</span><br>
<ul><a href=""media/ecom/pdfs/datasheets/TDS_Ri_MarkEvent_uk_issue1_b756.pdf"" target=""_blank""><img
style=""border: 0px solid ; width: 200px; height: 60px;"" alt=""Ri-Mark Event Datasheet""
src=""media/ecom/onpagegraphics/Datasheet.png""></a>
<a href=""media/ecom/colselxl/digital_colour_card_Ri_Mark_Event.pdf"" target=""_blank""><img
style=""border: 0px solid ; width: 200px; height: 60px;"" alt=""Ri-Mark Event Colour Selector""
src=""media/ecom/onpagegraphics/Colour.png""></a></ul>
</body>
</html>","Event_303_Matt_Charcoal.png","Event_303_Matt_Charcoal.png","INVITEMS","DEFAULT-M303-DEFAULT-M303","","","0","0","0","","1","REGONLY","0","0","0","0","","","","SELECT","SELECT","0","","","","","0","0","","income-service","","","0","0","","","","","Ritrama_L_Range","Ritrama_L_Range","","","0","900EMT1220, 4075CT1220, 903C1220, Aslan_Red_Devil_Squeegee, Olfa_X_Design_Heavy_Duty_Knife, Masking_Tape_25mm, Aslan-Gold-Soft-Squeegee, Olfa_Graphic_Cutter, Swann_Morton_3_Handle, Swann_Morton_10A_Blades, Float_On","900EMT1220, 4075CT1220, 903C1220, Aslan_Red_Devil_Squeegee, Olfa_X_Design_Heavy_Duty_Knife, Masking_Tape_25mm, Aslan-Gold-Soft-Squeegee, Olfa_Graphic_Cutter, Swann_Morton_3_Handle, Swann_Morton_10A_Blades, Float_On","A","","","","","Colours, Metallics, Greys","Matt","","","","","","","","","Ri-Mark-Event-303-Matt-Charcoal","0","vinyl, monomeric, event, ritrama, fedrigoni, L grade, L series, L range, M range, matt, 303, m303, charcoal, grey, ","","","1673862000","0","","0","","CHECKBOX"
"M304","Ri-Mark Event 304 Matt Grey","M304","Ritrama","880","1","DEFAULT","","","","","0","Ri-Mark Event 304 Matt Grey monomeric self-adhesive vinyl for short to medium term outdoor and indoor signage and display applications.","<html>
<head><title>Ri-Mark Event 304 Matt Grey</title>

<style>
.responsive {
  width: 50%;
  height: auto;
}
</style>
</head>

<body>
<img src=""media/ecom/onpagegraphics/Fedrigoni_Logo.jpg"" alt=""Fedrigoni Logo"" class=""responsive"">
<p>Ri-Mark Event 304 Matt Grey monomeric self-adhesive vinyl is designed for short to medium term outdoor and indoor signage, point of sale displays and exhibition graphics.</p>

<span style=""font-weight: bold; color: #d7328a;"">Structure:</span><br>
<ul><li>70<span>&#181;</span>m Monomeric calendered PVC</li>
<li>Transparent water based adhesive - Semi-permanent</li>
<li>Clay coated kraft paper liner - 120gm<sup>2</sup>
</li></ul>

<span style=""font-weight: bold; color: #d7328a;"">Suitability:</span><br>
<ul><li>Suitable for application to smooth flat and 2D curved surfaces</li>
<li>Ideal for short to medium term outdoor and indoor signage, point of sale displays and exhibition graphics</li>
<li>Water based adhesive provides good dimensional stability and clean removability from most substrates</li>
<li>Suitable for dry or wet application methods (Please note that if applying wet on to glass, the adhesive may become milky but this will clear when the adhesive has dried)</li>
<li>Outdoor durability of up to 4 years</li></ul>

<span style=""font-weight: bold; color: #d7328a;"">Advantages:</span><br>
<ul><li>Clean removability from most substrates for short term applications</li>
<li>Fire Rated to Euroclass DIN EN 13501-1:2019-05 with classification B-s1-d0</li>
<li>Available in a wide range of opaque gloss and matt colours for any project</li></ul>

<span style=""font-weight: bold; color: #d7328a;"">Technical Information:</span><br>
<ul><a href=""media/ecom/pdfs/datasheets/TDS_Ri_MarkEvent_uk_issue1_b756.pdf"" target=""_blank""><img
style=""border: 0px solid ; width: 200px; height: 60px;"" alt=""Ri-Mark Event Datasheet""
src=""media/ecom/onpagegraphics/Datasheet.png""></a>
<a href=""media/ecom/colselxl/digital_colour_card_Ri_Mark_Event.pdf"" target=""_blank""><img
style=""border: 0px solid ; width: 200px; height: 60px;"" alt=""Ri-Mark Event Colour Selector""
src=""media/ecom/onpagegraphics/Colour.png""></a></ul>
</body>
</html>","Event_304_Matt_Grey.png","Event_304_Matt_Grey.png","INVITEMS","DEFAULT-M304-DEFAULT-M304","","","0","0","0","","1","REGONLY","0","0","0","0","","","","SELECT","SELECT","0","","","","","0","0","","income-service","","","0","0","","","","","Ritrama_L_Range","Ritrama_L_Range","","","0","900EMT1220, 4075CT1220, 903C1220, Aslan_Red_Devil_Squeegee, Olfa_X_Design_Heavy_Duty_Knife, Masking_Tape_25mm, Aslan-Gold-Soft-Squeegee, Olfa_Graphic_Cutter, Swann_Morton_3_Handle, Swann_Morton_10A_Blades, Float_On","900EMT1220, 4075CT1220, 903C1220, Aslan_Red_Devil_Squeegee, Olfa_X_Design_Heavy_Duty_Knife, Masking_Tape_25mm, Aslan-Gold-Soft-Squeegee, Olfa_Graphic_Cutter, Swann_Morton_3_Handle, Swann_Morton_10A_Blades, Float_On","A","","","","","Colours, Greys","Matt","","","","","","","","","Ri-Mark-Event-304-Matt-Grey","0","vinyl, monomeric, event, ritrama, fedrigoni, L grade, L series, L range, M range, matt, 304, m304, grey,","","","1670948869","0","","0","","CHECKBOX"
"M305","Ri-Mark Event 305 Matt Beige","M305","Ritrama","670","1","DEFAULT","","","","","0","Ri-Mark Event 305 Matt Beige monomeric self-adhesive vinyl for short to medium term outdoor and indoor signage and display applications.","<html>
<head><title>Ri-Mark Event 305 Matt Beige</title>

<style>
.responsive {
  width: 50%;
  height: auto;
}
</style>
</head>

<body>
<img src=""media/ecom/onpagegraphics/Fedrigoni_Logo.jpg"" alt=""Fedrigoni Logo"" class=""responsive"">
<p>Ri-Mark Event 305 Matt Beige monomeric self-adhesive vinyl is designed for short to medium term outdoor and indoor signage, point of sale displays and exhibition graphics.</p>

<span style=""font-weight: bold; color: #d7328a;"">Structure:</span><br>
<ul><li>70<span>&#181;</span>m Monomeric calendered PVC</li>
<li>Transparent water based adhesive - Semi-permanent</li>
<li>Clay coated kraft paper liner - 120gm<sup>2</sup>
</li></ul>

<span style=""font-weight: bold; color: #d7328a;"">Suitability:</span><br>
<ul><li>Suitable for application to smooth flat and 2D curved surfaces</li>
<li>Ideal for short to medium term outdoor and indoor signage, point of sale displays and exhibition graphics</li>
<li>Water based adhesive provides good dimensional stability and clean removability from most substrates</li>
<li>Suitable for dry or wet application methods (Please note that if applying wet on to glass, the adhesive may become milky but this will clear when the adhesive has dried)</li>
<li>Outdoor durability of up to 4 years</li></ul>

<span style=""font-weight: bold; color: #d7328a;"">Advantages:</span><br>
<ul><li>Clean removability from most substrates for short term applications</li>
<li>Fire Rated to Euroclass DIN EN 13501-1:2019-05 with classification B-s1-d0</li>
<li>Available in a wide range of opaque gloss and matt colours for any project</li></ul>

<span style=""font-weight: bold; color: #d7328a;"">Technical Information:</span><br>
<ul><a href=""media/ecom/pdfs/datasheets/TDS_Ri_MarkEvent_uk_issue1_b756.pdf"" target=""_blank""><img
style=""border: 0px solid ; width: 200px; height: 60px;"" alt=""Ri-Mark Event Datasheet""
src=""media/ecom/onpagegraphics/Datasheet.png""></a>
<a href=""media/ecom/colselxl/digital_colour_card_Ri_Mark_Event.pdf"" target=""_blank""><img
style=""border: 0px solid ; width: 200px; height: 60px;"" alt=""Ri-Mark Event Colour Selector""
src=""media/ecom/onpagegraphics/Colour.png""></a></ul>
</body>
</html>","Event_305_Matt_Beige.png","Event_305_Matt_Beige.png","INVITEMS","DEFAULT-M305-DEFAULT-M305","","","0","0","0","","1","REGONLY","0","0","0","0","","","","SELECT","SELECT","0","","","","","0","0","","income-service","","","0","0","","","","","Ritrama_L_Range","Ritrama_L_Range","","","0","900EMT1220, 4075CT1220, 903C1220, Aslan_Red_Devil_Squeegee, Olfa_X_Design_Heavy_Duty_Knife, Masking_Tape_25mm, Aslan-Gold-Soft-Squeegee, Olfa_Graphic_Cutter, Swann_Morton_3_Handle, Swann_Morton_10A_Blades, Float_On","900EMT1220, 4075CT1220, 903C1220, Aslan_Red_Devil_Squeegee, Olfa_X_Design_Heavy_Duty_Knife, Masking_Tape_25mm, Aslan-Gold-Soft-Squeegee, Olfa_Graphic_Cutter, Swann_Morton_3_Handle, Swann_Morton_10A_Blades, Float_On","A","","","","","Colours, Beiges","Matt","","","","","","","","","Ri-Mark-Event-305-Matt-Beige","0","vinyl, monomeric, event, ritrama, fedrigoni, L grade, L series, L range, M range, matt, 305, m305, beige,  ","","","1670945832","0","","0","","CHECKBOX"
"M307","Ri-Mark Event 307 Matt Medium Grey","M307","Ritrama","890","1","DEFAULT","","","","","0","Ri-Mark Event 307 Matt Medium Grey monomeric self-adhesive vinyl for short to medium term outdoor and indoor signage and display applications.","<html>
<head><title>Ri-Mark Event 307 Matt Medium Grey</title>

<style>
.responsive {
  width: 50%;
  height: auto;
}
</style>
</head>

<body>
<img src=""media/ecom/onpagegraphics/Fedrigoni_Logo.jpg"" alt=""Fedrigoni Logo"" class=""responsive"">
<p>Ri-Mark Event 307 Matt Medium Grey monomeric self-adhesive vinyl is designed for short to medium term outdoor and indoor signage, point of sale displays and exhibition graphics.</p>

<span style=""font-weight: bold; color: #d7328a;"">Structure:</span><br>
<ul><li>70<span>&#181;</span>m Monomeric calendered PVC</li>
<li>Transparent water based adhesive - Semi-permanent</li>
<li>Clay coated kraft paper liner - 120gm<sup>2</sup>
</li></ul>

<span style=""font-weight: bold; color: #d7328a;"">Suitability:</span><br>
<ul><li>Suitable for application to smooth flat and 2D curved surfaces</li>
<li>Ideal for short to medium term outdoor and indoor signage, point of sale displays and exhibition graphics</li>
<li>Water based adhesive provides good dimensional stability and clean removability from most substrates</li>
<li>Suitable for dry or wet application methods (Please note that if applying wet on to glass, the adhesive may become milky but this will clear when the adhesive has dried)</li>
<li>Outdoor durability of up to 4 years</li></ul>

<span style=""font-weight: bold; color: #d7328a;"">Advantages:</span><br>
<ul><li>Clean removability from most substrates for short term applications</li>
<li>Fire Rated to Euroclass DIN EN 13501-1:2019-05 with classification B-s1-d0</li>
<li>Available in a wide range of opaque gloss and matt colours for any project</li></ul>

<span style=""font-weight: bold; color: #d7328a;"">Technical Information:</span><br>
<ul><a href=""media/ecom/pdfs/datasheets/TDS_Ri_MarkEvent_uk_issue1_b756.pdf"" target=""_blank""><img
style=""border: 0px solid ; width: 200px; height: 60px;"" alt=""Ri-Mark Event Datasheet""
src=""media/ecom/onpagegraphics/Datasheet.png""></a>
<a href=""media/ecom/colselxl/digital_colour_card_Ri_Mark_Event.pdf"" target=""_blank""><img
style=""border: 0px solid ; width: 200px; height: 60px;"" alt=""Ri-Mark Event Colour Selector""
src=""media/ecom/onpagegraphics/Colour.png""></a></ul>
</body>
</html>","Event_307_Matt_Medium_Grey.png","Event_307_Matt_Medium_Grey.png","INVITEMS","DEFAULT-M307-DEFAULT-M307","","","0","0","0","","1","REGONLY","0","0","0","0","","","","SELECT","SELECT","0","","","","","0","0","","income-service","","","0","0","","","","","Ritrama_L_Range","Ritrama_L_Range","","","0","900EMT1220, 4075CT1220, 903C1220, Aslan_Red_Devil_Squeegee, Olfa_X_Design_Heavy_Duty_Knife, Masking_Tape_25mm, Aslan-Gold-Soft-Squeegee, Olfa_Graphic_Cutter, Swann_Morton_3_Handle, Swann_Morton_10A_Blades, Float_On","900EMT1220, 4075CT1220, 903C1220, Aslan_Red_Devil_Squeegee, Olfa_X_Design_Heavy_Duty_Knife, Masking_Tape_25mm, Aslan-Gold-Soft-Squeegee, Olfa_Graphic_Cutter, Swann_Morton_3_Handle, Swann_Morton_10A_Blades, Float_On","A","","","","","Colours, Greys","Matt","","","","","","","","","Ri-Mark-Event-307-Matt-Medium-Grey","0","vinyl, monomeric, event, ritrama, fedrigoni, L grade, L series, L range, M range, matt, 307, m307, medium, grey, mediumgrey, ","","","1673861888","0","","0","","CHECKBOX"
"M310","Ri-Mark Event 310 Matt Primrose","M310","Ritrama","520","1","DEFAULT","","","","","0","Ri-Mark Event 310 Matt Primrose monomeric self-adhesive vinyl for short to medium term outdoor and indoor signage and display applications.","<html>
<head><title>Ri-Mark Event 310 Matt Primrose</title>

<style>
.responsive {
  width: 50%;
  height: auto;
}
</style>
</head>

<body>
<img src=""media/ecom/onpagegraphics/Fedrigoni_Logo.jpg"" alt=""Fedrigoni Logo"" class=""responsive"">
<p>Ri-Mark Event 310 Matt Primrose monomeric self-adhesive vinyl is designed for short to medium term outdoor and indoor signage, point of sale displays and exhibition graphics.</p>

<span style=""font-weight: bold; color: #d7328a;"">Structure:</span><br>
<ul><li>70<span>&#181;</span>m Monomeric calendered PVC</li>
<li>Transparent water based adhesive - Semi-permanent</li>
<li>Clay coated kraft paper liner - 120gm<sup>2</sup>
</li></ul>

<span style=""font-weight: bold; color: #d7328a;"">Suitability:</span><br>
<ul><li>Suitable for application to smooth flat and 2D curved surfaces</li>
<li>Ideal for short to medium term outdoor and indoor signage, point of sale displays and exhibition graphics</li>
<li>Water based adhesive provides good dimensional stability and clean removability from most substrates</li>
<li>Suitable for dry or wet application methods (Please note that if applying wet on to glass, the adhesive may become milky but this will clear when the adhesive has dried)</li>
<li>Outdoor durability of up to 4 years</li></ul>

<span style=""font-weight: bold; color: #d7328a;"">Advantages:</span><br>
<ul><li>Clean removability from most substrates for short term applications</li>
<li>Fire Rated to Euroclass DIN EN 13501-1:2019-05 with classification B-s1-d0</li>
<li>Available in a wide range of opaque gloss and matt colours for any project</li></ul>

<span style=""font-weight: bold; color: #d7328a;"">Technical Information:</span><br>
<ul><a href=""media/ecom/pdfs/datasheets/TDS_Ri_MarkEvent_uk_issue1_b756.pdf"" target=""_blank""><img
style=""border: 0px solid ; width: 200px; height: 60px;"" alt=""Ri-Mark Event Datasheet""
src=""media/ecom/onpagegraphics/Datasheet.png""></a>
<a href=""media/ecom/colselxl/digital_colour_card_Ri_Mark_Event.pdf"" target=""_blank""><img
style=""border: 0px solid ; width: 200px; height: 60px;"" alt=""Ri-Mark Event Colour Selector""
src=""media/ecom/onpagegraphics/Colour.png""></a></ul>
</body>
</html>","Event_310_Matt_Primrose.png","Event_310_Matt_Primrose.png","INVITEMS","DEFAULT-M310-DEFAULT-M310","","","0","0","0","","1","REGONLY","0","0","0","0","","","","SELECT","SELECT","0","","","","","0","0","","income-service","","","0","0","","","","","Ritrama_L_Range","Ritrama_L_Range","","","0","900EMT1220, 4075CT1220, 903C1220, Aslan_Red_Devil_Squeegee, Olfa_X_Design_Heavy_Duty_Knife, Masking_Tape_25mm, Aslan-Gold-Soft-Squeegee, Olfa_Graphic_Cutter, Swann_Morton_3_Handle, Swann_Morton_10A_Blades, Float_On","900EMT1220, 4075CT1220, 903C1220, Aslan_Red_Devil_Squeegee, Olfa_X_Design_Heavy_Duty_Knife, Masking_Tape_25mm, Aslan-Gold-Soft-Squeegee, Olfa_Graphic_Cutter, Swann_Morton_3_Handle, Swann_Morton_10A_Blades, Float_On","A","","","","","Colours, Yellows","Matt","","","","","","","","","Ri-Mark-Event-310-Matt-Primrose","0","vinyl, monomeric, event, ritrama, fedrigoni, L grade, L series, L range, M range, matt, 310, m310, primrose, yellow, primroseyellow, ","","","1671721545","0","","0","","CHECKBOX"
"M311","Ri-Mark Event 311 Matt Golden Yellow","M311","Ritrama","560","1","DEFAULT","","","","","0","Ri-Mark Event 311 Matt Golden Yellow monomeric self-adhesive vinyl for short to medium term outdoor and indoor signage and display applications.","<head><title>Ri-Mark Event 311 Matt Golden Yellow</title>

<style>
.responsive {
  width: 50%;
  height: auto;
}
</style>
</head>

<body>
<img src=""media/ecom/onpagegraphics/Fedrigoni_Logo.jpg"" alt=""Fedrigoni Logo"" class=""responsive"">
<p>Ri-Mark Event 311 Matt Golden Yellow monomeric self-adhesive vinyl is designed for short to medium term outdoor and indoor signage, point of sale displays and exhibition graphics.</p>

<span style=""font-weight: bold; color: #d7328a;"">Structure:</span><br>
<ul><li>70<span>&#181;</span>m Monomeric calendered PVC
<li>Transparent water based adhesive - Semi-permanent
<li>Clay coated kraft paper liner - 120gm<sup>2</sup>
</li></ul>

<span style=""font-weight: bold; color: #d7328a;"">Suitability:</span><br>
<ul><li>Suitable for application to smooth flat and 2D curved surfaces
<li>Ideal for short to medium term outdoor and indoor signage, point of sale displays and exhibition graphics
<li>Water based adhesive provides good dimensional stability and clean removability from most substrates
<li>Suitable for dry or wet application methods (Please note that if applying wet on to glass, the adhesive may become milky but this will clear when the adhesive has dried)
<li>Outdoor durability of up to 4 years</li></ul>

<span style=""font-weight: bold; color: #d7328a;"">Advantages:</span><br>
<ul><li>Clean removability from most substrates for short term applications
<li>Fire Rated to Euroclass DIN EN 13501-1:2019-05 with classification B-s1-d0
<li>Available in a wide range of opaque gloss and matt colours for any project</li></ul>

<span style=""font-weight: bold; color: #d7328a;"">Technical Information:</span><br>
<ul><a href=""media/ecom/pdfs/datasheets/TDS_Ri_MarkEvent_uk_issue1_b756.pdf"" target=""_blank""><img
style=""border: 0px solid ; width: 200px; height: 60px;"" alt=""Ri-Mark Event Datasheet""
src=""media/ecom/onpagegraphics/Datasheet.png""></a>
<a href=""media/ecom/colselxl/digital_colour_card_Ri_Mark_Event.pdf"" target=""_blank""><img
style=""border: 0px solid ; width: 200px; height: 60px;"" alt=""Ri-Mark Event Colour Selector""
src=""media/ecom/onpagegraphics/Colour.png""></a></ul>
</body>","Event_311_Matt_Golden_Yellow.png","Event_311_Matt_Golden_Yellow.png","INVITEMS","DEFAULT-M311-DEFAULT-M311","","","0","0","0","","1","REGONLY","0","0","0","0","","","","SELECT","SELECT","0","","","","","0","0","","income-service","","","0","0","","","","","Ritrama_L_Range","Ritrama_L_Range","","","0","900EMT1220, 4075CT1220, 903C1220, Aslan_Red_Devil_Squeegee, Olfa_X_Design_Heavy_Duty_Knife, Masking_Tape_25mm, Aslan-Gold-Soft-Squeegee, Olfa_Graphic_Cutter, Swann_Morton_3_Handle, Swann_Morton_10A_Blades, Float_On","900EMT1220, 4075CT1220, 903C1220, Aslan_Red_Devil_Squeegee, Olfa_X_Design_Heavy_Duty_Knife, Masking_Tape_25mm, Aslan-Gold-Soft-Squeegee, Olfa_Graphic_Cutter, Swann_Morton_3_Handle, Swann_Morton_10A_Blades, Float_On","A","","","","","Colours, Yellows","Matt","","","","","","","","","Ri-Mark-Event-311-Matt-Golden-Yellow","0","vinyl, monomeric, event, ritrama, fedrigoni, L grade, L series, L range, M range, matt, 311, m311, golden, yellow, goldenyellow, ","","","1673546042","0","","0","","CHECKBOX"
"M312","Ri-Mark Event 312 Matt Bright Yellow","M312","Ritrama","550","1","DEFAULT","","","","","0","Ri-Mark Event 312 Matt Bright Yellow monomeric self-adhesive vinyl for short to medium term outdoor and indoor signage and display applications.","<html>
<head><title>Ri-Mark Event 312 Matt Bright Yellow</title>

<style>
.responsive {
  width: 50%;
  height: auto;
}
</style>
</head>

<body>
<img src=""media/ecom/onpagegraphics/Fedrigoni_Logo.jpg"" alt=""Fedrigoni Logo"" class=""responsive"">
<p>Ri-Mark Event 312 Matt Bright Yellow monomeric self-adhesive vinyl is designed for short to medium term outdoor and indoor signage, point of sale displays and exhibition graphics.</p>

<span style=""font-weight: bold; color: #d7328a;"">Structure:</span><br>
<ul><li>70<span>&#181;</span>m Monomeric calendered PVC</li>
<li>Transparent water based adhesive - Semi-permanent</li>
<li>Clay coated kraft paper liner - 120gm<sup>2</sup>
</li></ul>

<span style=""font-weight: bold; color: #d7328a;"">Suitability:</span><br>
<ul><li>Suitable for application to smooth flat and 2D curved surfaces</li>
<li>Ideal for short to medium term outdoor and indoor signage, point of sale displays and exhibition graphics</li>
<li>Water based adhesive provides good dimensional stability and clean removability from most substrates</li>
<li>Suitable for dry or wet application methods (Please note that if applying wet on to glass, the adhesive may become milky but this will clear when the adhesive has dried)</li>
<li>Outdoor durability of up to 4 years</li></ul>

<span style=""font-weight: bold; color: #d7328a;"">Advantages:</span><br>
<ul><li>Clean removability from most substrates for short term applications</li>
<li>Fire Rated to Euroclass DIN EN 13501-1:2019-05 with classification B-s1-d0</li>
<li>Available in a wide range of opaque gloss and matt colours for any project</li></ul>

<span style=""font-weight: bold; color: #d7328a;"">Technical Information:</span><br>
<ul><a href=""media/ecom/pdfs/datasheets/TDS_Ri_MarkEvent_uk_issue1_b756.pdf"" target=""_blank""><img
style=""border: 0px solid ; width: 200px; height: 60px;"" alt=""Ri-Mark Event Datasheet""
src=""media/ecom/onpagegraphics/Datasheet.png""></a>
<a href=""media/ecom/colselxl/digital_colour_card_Ri_Mark_Event.pdf"" target=""_blank""><img
style=""border: 0px solid ; width: 200px; height: 60px;"" alt=""Ri-Mark Event Colour Selector""
src=""media/ecom/onpagegraphics/Colour.png""></a></ul>
</body>
</html>","Event_312_Matt_Bright_Yellow.png","Event_312_Matt_Bright_Yellow.png","INVITEMS","DEFAULT-M312-DEFAULT-M312","","","0","0","0","","1","REGONLY","0","0","0","0","","","","SELECT","SELECT","0","","","","","0","0","","income-service","","","0","0","","","","","Ritrama_L_Range","Ritrama_L_Range","","","0","900EMT1220, 4075CT1220, 903C1220, Aslan_Red_Devil_Squeegee, Olfa_X_Design_Heavy_Duty_Knife, Masking_Tape_25mm, Aslan-Gold-Soft-Squeegee, Olfa_Graphic_Cutter, Swann_Morton_3_Handle, Swann_Morton_10A_Blades, Float_On","900EMT1220, 4075CT1220, 903C1220, Aslan_Red_Devil_Squeegee, Olfa_X_Design_Heavy_Duty_Knife, Masking_Tape_25mm, Aslan-Gold-Soft-Squeegee, Olfa_Graphic_Cutter, Swann_Morton_3_Handle, Swann_Morton_10A_Blades, Float_On","A","","","","","Colours, Yellows","Matt","","","","","","","","","Ri-Mark-Event-312-Matt-Bright-Yellow","0","vinyl, monomeric, event, ritrama, fedrigoni, L grade, L series, L range, M range, matt, 312, m312, bright, yellow, ","","","1673525974","0","","0","","CHECKBOX"
"M313","Ri-Mark Event 313 Matt Stone Yellow","M313","Ritrama","530","1","DEFAULT","","","","","0","Ri-Mark Event 313 Matt Stone Yellow monomeric self-adhesive vinyl for short to medium term outdoor and indoor signage and display applications.","<html>
<head><title>Ri-Mark Event 313 Matt Stone Yellow</title>

<style>
.responsive {
  width: 50%;
  height: auto;
}
</style>
</head>

<body>
<img src=""media/ecom/onpagegraphics/Fedrigoni_Logo.jpg"" alt=""Fedrigoni Logo"" class=""responsive"">
<p>Ri-Mark Event 313 Matt Stone Yellow monomeric self-adhesive vinyl is designed for short to medium term outdoor and indoor signage, point of sale displays and exhibition graphics.</p>

<span style=""font-weight: bold; color: #d7328a;"">Structure:</span><br>
<ul><li>70<span>&#181;</span>m Monomeric calendered PVC</li>
<li>Transparent water based adhesive - Semi-permanent</li>
<li>Clay coated kraft paper liner - 120gm<sup>2</sup>
</li></ul>

<span style=""font-weight: bold; color: #d7328a;"">Suitability:</span><br>
<ul><li>Suitable for application to smooth flat and 2D curved surfaces</li>
<li>Ideal for short to medium term outdoor and indoor signage, point of sale displays and exhibition graphics</li>
<li>Water based adhesive provides good dimensional stability and clean removability from most substrates</li>
<li>Suitable for dry or wet application methods (Please note that if applying wet on to glass, the adhesive may become milky but this will clear when the adhesive has dried)</li>
<li>Outdoor durability of up to 4 years</li></ul>

<span style=""font-weight: bold; color: #d7328a;"">Advantages:</span><br>
<ul><li>Clean removability from most substrates for short term applications</li>
<li>Fire Rated to Euroclass DIN EN 13501-1:2019-05 with classification B-s1-d0</li>
<li>Available in a wide range of opaque gloss and matt colours for any project</li></ul>

<span style=""font-weight: bold; color: #d7328a;"">Technical Information:</span><br>
<ul><a href=""media/ecom/pdfs/datasheets/TDS_Ri_MarkEvent_uk_issue1_b756.pdf"" target=""_blank""><img
style=""border: 0px solid ; width: 200px; height: 60px;"" alt=""Ri-Mark Event Datasheet""
src=""media/ecom/onpagegraphics/Datasheet.png""></a>
<a href=""media/ecom/colselxl/digital_colour_card_Ri_Mark_Event.pdf"" target=""_blank""><img
style=""border: 0px solid ; width: 200px; height: 60px;"" alt=""Ri-Mark Event Colour Selector""
src=""media/ecom/onpagegraphics/Colour.png""></a></ul>
</body>
</html>","Event_313_Matt_Stone_Yellow.png","Event_313_Matt_Stone_Yellow.png","INVITEMS","DEFAULT-M313-DEFAULT-M313","","","0","0","0","","1","REGONLY","0","0","0","0","","","","SELECT","SELECT","0","","","","","0","0","","income-service","","","0","0","","","","","Ritrama_L_Range","Ritrama_L_Range","","","0","900EMT1220, 4075CT1220, 903C1220, Aslan_Red_Devil_Squeegee, Olfa_X_Design_Heavy_Duty_Knife, Masking_Tape_25mm, Aslan-Gold-Soft-Squeegee, Olfa_Graphic_Cutter, Swann_Morton_3_Handle, Swann_Morton_10A_Blades, Float_On","900EMT1220, 4075CT1220, 903C1220, Aslan_Red_Devil_Squeegee, Olfa_X_Design_Heavy_Duty_Knife, Masking_Tape_25mm, Aslan-Gold-Soft-Squeegee, Olfa_Graphic_Cutter, Swann_Morton_3_Handle, Swann_Morton_10A_Blades, Float_On","A","","","","","Colours, Yellows","Matt","","","","","","","","","Ri-Mark-Event-313-Matt-Stone-Yellow","0","vinyl, monomeric, event, ritrama, fedrigoni, L grade, L series, L range, M range, matt, 313, m313, stone, yellow, stoneyellow, ","","","1671722407","0","","0","","CHECKBOX"
"M314","Ri-Mark Event 314 Matt Butter Yellow","M314","Ritrama","540","1","DEFAULT","","","","","0","Ri-Mark Event 314 Matt Butter Yellow monomeric self-adhesive vinyl for short to medium term outdoor and indoor signage and display applications.","<html>
<head><title>Ri-Mark Event 314 Matt Butter Yellow</title>

<style>
.responsive {
  width: 50%;
  height: auto;
}
</style>
</head>

<body>
<img src=""media/ecom/onpagegraphics/Fedrigoni_Logo.jpg"" alt=""Fedrigoni Logo"" class=""responsive"">
<p>Ri-Mark Event 314 Matt Butter Yellow monomeric self-adhesive vinyl is designed for short to medium term outdoor and indoor signage, point of sale displays and exhibition graphics.</p>

<span style=""font-weight: bold; color: #d7328a;"">Structure:</span><br>
<ul><li>70<span>&#181;</span>m Monomeric calendered PVC</li>
<li>Transparent water based adhesive - Semi-permanent</li>
<li>Clay coated kraft paper liner - 120gm<sup>2</sup>
</li></ul>

<span style=""font-weight: bold; color: #d7328a;"">Suitability:</span><br>
<ul><li>Suitable for application to smooth flat and 2D curved surfaces</li>
<li>Ideal for short to medium term outdoor and indoor signage, point of sale displays and exhibition graphics</li>
<li>Water based adhesive provides good dimensional stability and clean removability from most substrates</li>
<li>Suitable for dry or wet application methods (Please note that if applying wet on to glass, the adhesive may become milky but this will clear when the adhesive has dried)</li>
<li>Outdoor durability of up to 4 years</li></ul>

<span style=""font-weight: bold; color: #d7328a;"">Advantages:</span><br>
<ul><li>Clean removability from most substrates for short term applications</li>
<li>Fire Rated to Euroclass DIN EN 13501-1:2019-05 with classification B-s1-d0</li>
<li>Available in a wide range of opaque gloss and matt colours for any project</li></ul>

<span style=""font-weight: bold; color: #d7328a;"">Technical Information:</span><br>
<ul><a href=""media/ecom/pdfs/datasheets/TDS_Ri_MarkEvent_uk_issue1_b756.pdf"" target=""_blank""><img
style=""border: 0px solid ; width: 200px; height: 60px;"" alt=""Ri-Mark Event Datasheet""
src=""media/ecom/onpagegraphics/Datasheet.png""></a>
<a href=""media/ecom/colselxl/digital_colour_card_Ri_Mark_Event.pdf"" target=""_blank""><img
style=""border: 0px solid ; width: 200px; height: 60px;"" alt=""Ri-Mark Event Colour Selector""
src=""media/ecom/onpagegraphics/Colour.png""></a></ul>
</body>
</html>","Event_314_Matt_Butter_Yellow.png","Event_314_Matt_Butter_Yellow.png","INVITEMS","DEFAULT-M314-DEFAULT-M314","","","0","0","0","","1","REGONLY","0","0","0","0","","","","SELECT","SELECT","0","","","","","0","0","","income-service","","","0","0","","","","","Ritrama_L_Range","Ritrama_L_Range","","","0","900EMT1220, 4075CT1220, 903C1220, Aslan_Red_Devil_Squeegee, Olfa_X_Design_Heavy_Duty_Knife, Masking_Tape_25mm, Aslan-Gold-Soft-Squeegee, Olfa_Graphic_Cutter, Swann_Morton_3_Handle, Swann_Morton_10A_Blades, Float_On","900EMT1220, 4075CT1220, 903C1220, Aslan_Red_Devil_Squeegee, Olfa_X_Design_Heavy_Duty_Knife, Masking_Tape_25mm, Aslan-Gold-Soft-Squeegee, Olfa_Graphic_Cutter, Swann_Morton_3_Handle, Swann_Morton_10A_Blades, Float_On","A","","","","","Colours, Yellows","Matt","","","","","","","","","Ri-Mark-Event-314-Matt-Butter-Yellow","0","vinyl, monomeric, event, ritrama, fedrigoni, L grade, L series, L range, M range, matt, 314, m314, butter, yellow, butteryellow, ","","","1673525384","0","","0","","CHECKBOX"
"M315","Ri-Mark Event 315 Matt Light Orange","M315","Ritrama","570","1","DEFAULT","","","","","0","Ri-Mark Event 315 Matt Light Orange monomeric self-adhesive vinyl for short to medium term outdoor and indoor signage and display applications.","<html>
<head><title>Ri-Mark Event 315 Matt Light Orange</title>

<style>
.responsive {
  width: 50%;
  height: auto;
}
</style>
</head>

<body>
<img src=""media/ecom/onpagegraphics/Fedrigoni_Logo.jpg"" alt=""Fedrigoni Logo"" class=""responsive"">
<p>Ri-Mark Event 315 Matt Light Orange monomeric self-adhesive vinyl is designed for short to medium term outdoor and indoor signage, point of sale displays and exhibition graphics.</p>

<span style=""font-weight: bold; color: #d7328a;"">Structure:</span><br>
<ul><li>70<span>&#181;</span>m Monomeric calendered PVC</li>
<li>Transparent water based adhesive - Semi-permanent</li>
<li>Clay coated kraft paper liner - 120gm<sup>2</sup>
</li></ul>

<span style=""font-weight: bold; color: #d7328a;"">Suitability:</span><br>
<ul><li>Suitable for application to smooth flat and 2D curved surfaces</li>
<li>Ideal for short to medium term outdoor and indoor signage, point of sale displays and exhibition graphics</li>
<li>Water based adhesive provides good dimensional stability and clean removability from most substrates</li>
<li>Suitable for dry or wet application methods (Please note that if applying wet on to glass, the adhesive may become milky but this will clear when the adhesive has dried)</li>
<li>Outdoor durability of up to 4 years</li></ul>

<span style=""font-weight: bold; color: #d7328a;"">Advantages:</span><br>
<ul><li>Clean removability from most substrates for short term applications</li>
<li>Fire Rated to Euroclass DIN EN 13501-1:2019-05 with classification B-s1-d0</li>
<li>Available in a wide range of opaque gloss and matt colours for any project</li></ul>

<span style=""font-weight: bold; color: #d7328a;"">Technical Information:</span><br>
<ul><a href=""media/ecom/pdfs/datasheets/TDS_Ri_MarkEvent_uk_issue1_b756.pdf"" target=""_blank""><img
style=""border: 0px solid ; width: 200px; height: 60px;"" alt=""Ri-Mark Event Datasheet""
src=""media/ecom/onpagegraphics/Datasheet.png""></a>
<a href=""media/ecom/colselxl/digital_colour_card_Ri_Mark_Event.pdf"" target=""_blank""><img
style=""border: 0px solid ; width: 200px; height: 60px;"" alt=""Ri-Mark Event Colour Selector""
src=""media/ecom/onpagegraphics/Colour.png""></a></ul>
</body>
</html>","Event_315_Matt_Light_Orange.png","Event_315_Matt_Light_Orange.png","INVITEMS","DEFAULT-M315-DEFAULT-M315","","","0","0","0","","1","REGONLY","0","0","0","0","","","","SELECT","SELECT","0","","","","","0","0","","income-service","","","0","0","","","","","Ritrama_L_Range","Ritrama_L_Range","","","0","900EMT1220, 4075CT1220, 903C1220, Aslan_Red_Devil_Squeegee, Olfa_X_Design_Heavy_Duty_Knife, Masking_Tape_25mm, Aslan-Gold-Soft-Squeegee, Olfa_Graphic_Cutter, Swann_Morton_3_Handle, Swann_Morton_10A_Blades, Float_On","900EMT1220, 4075CT1220, 903C1220, Aslan_Red_Devil_Squeegee, Olfa_X_Design_Heavy_Duty_Knife, Masking_Tape_25mm, Aslan-Gold-Soft-Squeegee, Olfa_Graphic_Cutter, Swann_Morton_3_Handle, Swann_Morton_10A_Blades, Float_On","A","","","","","Colours, Oranges","Matt","","","","","","","","","Ri-Mark-Event-315-Matt-Light-Orange","0","vinyl, monomeric, event, ritrama, fedrigoni, L grade, L series, L range, M range, matt, 315, m315, light, orange, lightorange, ","","","1673546392","0","","0","","CHECKBOX"
"M316","Ri-Mark Event 316 Matt Shining Orange","M316","Ritrama","580","1","DEFAULT","","","","","0","Ri-Mark Event 316 Matt Shining Orange monomeric self-adhesive vinyl for short to medium term outdoor and indoor signage and display applications.","<html>
<head><title>Ri-Mark Event 316 Matt Shining Orange</title>

<style>
.responsive {
  width: 50%;
  height: auto;
}
</style>
</head>

<body>
<img src=""media/ecom/onpagegraphics/Fedrigoni_Logo.jpg"" alt=""Fedrigoni Logo"" class=""responsive"">
<p>Ri-Mark Event 316 Matt Shining Orange monomeric self-adhesive vinyl is designed for short to medium term outdoor and indoor signage, point of sale displays and exhibition graphics.</p>

<span style=""font-weight: bold; color: #d7328a;"">Structure:</span><br>
<ul><li>70<span>&#181;</span>m Monomeric calendered PVC</li>
<li>Transparent water based adhesive - Semi-permanent</li>
<li>Clay coated kraft paper liner - 120gm<sup>2</sup>
</li></ul>

<span style=""font-weight: bold; color: #d7328a;"">Suitability:</span><br>
<ul><li>Suitable for application to smooth flat and 2D curved surfaces</li>
<li>Ideal for short to medium term outdoor and indoor signage, point of sale displays and exhibition graphics</li>
<li>Water based adhesive provides good dimensional stability and clean removability from most substrates</li>
<li>Suitable for dry or wet application methods (Please note that if applying wet on to glass, the adhesive may become milky but this will clear when the adhesive has dried)</li>
<li>Outdoor durability of up to 4 years</li></ul>

<span style=""font-weight: bold; color: #d7328a;"">Advantages:</span><br>
<ul><li>Clean removability from most substrates for short term applications</li>
<li>Fire Rated to Euroclass DIN EN 13501-1:2019-05 with classification B-s1-d0</li>
<li>Available in a wide range of opaque gloss and matt colours for any project</li></ul>

<span style=""font-weight: bold; color: #d7328a;"">Technical Information:</span><br>
<ul><a href=""media/ecom/pdfs/datasheets/TDS_Ri_MarkEvent_uk_issue1_b756.pdf"" target=""_blank""><img
style=""border: 0px solid ; width: 200px; height: 60px;"" alt=""Ri-Mark Event Datasheet""
src=""media/ecom/onpagegraphics/Datasheet.png""></a>
<a href=""media/ecom/colselxl/digital_colour_card_Ri_Mark_Event.pdf"" target=""_blank""><img
style=""border: 0px solid ; width: 200px; height: 60px;"" alt=""Ri-Mark Event Colour Selector""
src=""media/ecom/onpagegraphics/Colour.png""></a></ul>
</body>
</html>","Event_316_Matt_Shining_Orange.png","Event_316_Matt_Shining_Orange.png","INVITEMS","DEFAULT-M316-DEFAULT-M316","","","0","0","0","","1","REGONLY","0","0","0","0","","","","SELECT","SELECT","0","","","","","0","0","","income-service","","","0","0","","","","","Ritrama_L_Range","Ritrama_L_Range","","","0","900EMT1220, 4075CT1220, 903C1220, Aslan_Red_Devil_Squeegee, Olfa_X_Design_Heavy_Duty_Knife, Masking_Tape_25mm, Aslan-Gold-Soft-Squeegee, Olfa_Graphic_Cutter, Swann_Morton_3_Handle, Swann_Morton_10A_Blades, Float_On","900EMT1220, 4075CT1220, 903C1220, Aslan_Red_Devil_Squeegee, Olfa_X_Design_Heavy_Duty_Knife, Masking_Tape_25mm, Aslan-Gold-Soft-Squeegee, Olfa_Graphic_Cutter, Swann_Morton_3_Handle, Swann_Morton_10A_Blades, Float_On","A","","","","","Colours, Oranges","Matt","","","","","","","","","Ri-Mark-Event-316-Matt-Shining-Orange","0","vinyl, monomeric, event, ritrama, fedrigoni, L grade, L series, L range, M range, matt, 316, m316, shining, orange, shiningorange, ","","","1673548086","0","","0","","CHECKBOX"
"M320","Ri-Mark Event 320 Matt Orange","M320","Ritrama","590","1","DEFAULT","","","","","0","Ri-Mark Event 320 Matt Orange monomeric self-adhesive vinyl for short to medium term outdoor and indoor signage and display applications.","<html>
<head><title>Ri-Mark Event 320 Matt Orange</title>

<style>
.responsive {
  width: 50%;
  height: auto;
}
</style>
</head>

<body>
<img src=""media/ecom/onpagegraphics/Fedrigoni_Logo.jpg"" alt=""Fedrigoni Logo"" class=""responsive"">
<p>Ri-Mark Event 320 Matt Orange monomeric self-adhesive vinyl is designed for short to medium term outdoor and indoor signage, point of sale displays and exhibition graphics.</p>

<span style=""font-weight: bold; color: #d7328a;"">Structure:</span><br>
<ul><li>70<span>&#181;</span>m Monomeric calendered PVC</li>
<li>Transparent water based adhesive - Semi-permanent</li>
<li>Clay coated kraft paper liner - 120gm<sup>2</sup>
</li></ul>

<span style=""font-weight: bold; color: #d7328a;"">Suitability:</span><br>
<ul><li>Suitable for application to smooth flat and 2D curved surfaces</li>
<li>Ideal for short to medium term outdoor and indoor signage, point of sale displays and exhibition graphics</li>
<li>Water based adhesive provides good dimensional stability and clean removability from most substrates</li>
<li>Suitable for dry or wet application methods (Please note that if applying wet on to glass, the adhesive may become milky but this will clear when the adhesive has dried)</li>
<li>Outdoor durability of up to 4 years</li></ul>

<span style=""font-weight: bold; color: #d7328a;"">Advantages:</span><br>
<ul><li>Clean removability from most substrates for short term applications</li>
<li>Fire Rated to Euroclass DIN EN 13501-1:2019-05 with classification B-s1-d0</li>
<li>Available in a wide range of opaque gloss and matt colours for any project</li></ul>

<span style=""font-weight: bold; color: #d7328a;"">Technical Information:</span><br>
<ul><a href=""media/ecom/pdfs/datasheets/TDS_Ri_MarkEvent_uk_issue1_b756.pdf"" target=""_blank""><img
style=""border: 0px solid ; width: 200px; height: 60px;"" alt=""Ri-Mark Event Datasheet""
src=""media/ecom/onpagegraphics/Datasheet.png""></a>
<a href=""media/ecom/colselxl/digital_colour_card_Ri_Mark_Event.pdf"" target=""_blank""><img
style=""border: 0px solid ; width: 200px; height: 60px;"" alt=""Ri-Mark Event Colour Selector""
src=""media/ecom/onpagegraphics/Colour.png""></a></ul>
</body>
</html>","Event_320_Matt_Orange.png","Event_320_Matt_Orange.png","INVITEMS","DEFAULT-M320-DEFAULT-M320","","","0","0","0","","1","REGONLY","0","0","0","0","","","","SELECT","SELECT","0","","","","","0","0","","income-service","","","0","0","","","","","Ritrama_L_Range","Ritrama_L_Range","","","0","900EMT1220, 4075CT1220, 903C1220, Aslan_Red_Devil_Squeegee, Olfa_X_Design_Heavy_Duty_Knife, Masking_Tape_25mm, Aslan-Gold-Soft-Squeegee, Olfa_Graphic_Cutter, Swann_Morton_3_Handle, Swann_Morton_10A_Blades, Float_On","900EMT1220, 4075CT1220, 903C1220, Aslan_Red_Devil_Squeegee, Olfa_X_Design_Heavy_Duty_Knife, Masking_Tape_25mm, Aslan-Gold-Soft-Squeegee, Olfa_Graphic_Cutter, Swann_Morton_3_Handle, Swann_Morton_10A_Blades, Float_On","A","","","","","Colours, Oranges","Matt","","","","","","","","","Ri-Mark-Event-320-Matt-Orange","0","vinyl, monomeric, event, ritrama, fedrigoni, L grade, L series, L range, M range, matt, 320, m320, orange, ","","","1673548424","0","","0","","CHECKBOX"
"M321","Ri-Mark Event 321 Matt Mist Grey","M321","Ritrama","910","1","DEFAULT","","","","","0","Ri-Mark Event 321 Matt Mist Grey monomeric self-adhesive vinyl for short to medium term outdoor and indoor signage and display applications.","<html>
<head><title>Ri-Mark Event 321 Matt Mist Grey</title>

<style>
.responsive {
  width: 50%;
  height: auto;
}
</style>
</head>

<body>
<img src=""media/ecom/onpagegraphics/Fedrigoni_Logo.jpg"" alt=""Fedrigoni Logo"" class=""responsive"">
<p>Ri-Mark Event 321 Matt Mist Grey monomeric self-adhesive vinyl is designed for short to medium term outdoor and indoor signage, point of sale displays and exhibition graphics.</p>

<span style=""font-weight: bold; color: #d7328a;"">Structure:</span><br>
<ul><li>70<span>&#181;</span>m Monomeric calendered PVC</li>
<li>Transparent water based adhesive - Semi-permanent</li>
<li>Clay coated kraft paper liner - 120gm<sup>2</sup>
</li></ul>

<span style=""font-weight: bold; color: #d7328a;"">Suitability:</span><br>
<ul><li>Suitable for application to smooth flat and 2D curved surfaces</li>
<li>Ideal for short to medium term outdoor and indoor signage, point of sale displays and exhibition graphics</li>
<li>Water based adhesive provides good dimensional stability and clean removability from most substrates</li>
<li>Suitable for dry or wet application methods (Please note that if applying wet on to glass, the adhesive may become milky but this will clear when the adhesive has dried)</li>
<li>Outdoor durability of up to 4 years</li></ul>

<span style=""font-weight: bold; color: #d7328a;"">Advantages:</span><br>
<ul><li>Clean removability from most substrates for short term applications</li>
<li>Fire Rated to Euroclass DIN EN 13501-1:2019-05 with classification B-s1-d0</li>
<li>Available in a wide range of opaque gloss and matt colours for any project</li></ul>

<span style=""font-weight: bold; color: #d7328a;"">Technical Information:</span><br>
<ul><a href=""media/ecom/pdfs/datasheets/TDS_Ri_MarkEvent_uk_issue1_b756.pdf"" target=""_blank""><img
style=""border: 0px solid ; width: 200px; height: 60px;"" alt=""Ri-Mark Event Datasheet""
src=""media/ecom/onpagegraphics/Datasheet.png""></a>
<a href=""media/ecom/colselxl/digital_colour_card_Ri_Mark_Event.pdf"" target=""_blank""><img
style=""border: 0px solid ; width: 200px; height: 60px;"" alt=""Ri-Mark Event Colour Selector""
src=""media/ecom/onpagegraphics/Colour.png""></a></ul>
</body>
</html>","Event_321_Matt_Mist_Grey.png","Event_321_Matt_Mist_Grey.png","INVITEMS","DEFAULT-M321-DEFAULT-M321","","","0","0","0","","1","REGONLY","0","0","0","0","","","","SELECT","SELECT","0","","","","","0","0","","income-service","","","0","0","","","","","Ritrama_L_Range","Ritrama_L_Range","","","0","900EMT1220, 4075CT1220, 903C1220, Aslan_Red_Devil_Squeegee, Olfa_X_Design_Heavy_Duty_Knife, Masking_Tape_25mm, Aslan-Gold-Soft-Squeegee, Olfa_Graphic_Cutter, Swann_Morton_3_Handle, Swann_Morton_10A_Blades, Float_On","900EMT1220, 4075CT1220, 903C1220, Aslan_Red_Devil_Squeegee, Olfa_X_Design_Heavy_Duty_Knife, Masking_Tape_25mm, Aslan-Gold-Soft-Squeegee, Olfa_Graphic_Cutter, Swann_Morton_3_Handle, Swann_Morton_10A_Blades, Float_On","A","","","","","Colours, Greys","Matt","","","","","","","","","Ri-Mark-Event-321-Matt-Mist-Grey","0","vinyl, monomeric, event, ritrama, fedrigoni, L grade, L series, L range, M range, matt, 321, m321, mist, grey, mistgrey, ","","","1673862105","0","","0","","CHECKBOX"
"M322","Ri-Mark Event 322 Matt Elephant Grey","M322","Ritrama","930","1","DEFAULT","","","","","0","Ri-Mark Event 322 Matt Elephant Grey monomeric self-adhesive vinyl for short to medium term outdoor and indoor signage and display applications.","<html>
<head><title>Ri-Mark Event 322 Matt Elephant Grey</title>

<style>
.responsive {
  width: 50%;
  height: auto;
}
</style>
</head>

<body>
<img src=""media/ecom/onpagegraphics/Fedrigoni_Logo.jpg"" alt=""Fedrigoni Logo"" class=""responsive"">
<p>Ri-Mark Event 322 Matt Elephant Grey monomeric self-adhesive vinyl is designed for short to medium term outdoor and indoor signage, point of sale displays and exhibition graphics.</p>

<span style=""font-weight: bold; color: #d7328a;"">Structure:</span><br>
<ul><li>70<span>&#181;</span>m Monomeric calendered PVC</li>
<li>Transparent water based adhesive - Semi-permanent</li>
<li>Clay coated kraft paper liner - 120gm<sup>2</sup>
</li></ul>

<span style=""font-weight: bold; color: #d7328a;"">Suitability:</span><br>
<ul><li>Suitable for application to smooth flat and 2D curved surfaces</li>
<li>Ideal for short to medium term outdoor and indoor signage, point of sale displays and exhibition graphics</li>
<li>Water based adhesive provides good dimensional stability and clean removability from most substrates</li>
<li>Suitable for dry or wet application methods (Please note that if applying wet on to glass, the adhesive may become milky but this will clear when the adhesive has dried)</li>
<li>Outdoor durability of up to 4 years</li></ul>

<span style=""font-weight: bold; color: #d7328a;"">Advantages:</span><br>
<ul><li>Clean removability from most substrates for short term applications</li>
<li>Fire Rated to Euroclass DIN EN 13501-1:2019-05 with classification B-s1-d0</li>
<li>Available in a wide range of opaque gloss and matt colours for any project</li></ul>

<span style=""font-weight: bold; color: #d7328a;"">Technical Information:</span><br>
<ul><a href=""media/ecom/pdfs/datasheets/TDS_Ri_MarkEvent_uk_issue1_b756.pdf"" target=""_blank""><img
style=""border: 0px solid ; width: 200px; height: 60px;"" alt=""Ri-Mark Event Datasheet""
src=""media/ecom/onpagegraphics/Datasheet.png""></a>
<a href=""media/ecom/colselxl/digital_colour_card_Ri_Mark_Event.pdf"" target=""_blank""><img
style=""border: 0px solid ; width: 200px; height: 60px;"" alt=""Ri-Mark Event Colour Selector""
src=""media/ecom/onpagegraphics/Colour.png""></a></ul>
</body>
</html>","Event_322_Matt_Elephant_Grey.png","Event_322_Matt_Elephant_Grey.png","INVITEMS","DEFAULT-M322-DEFAULT-M322","","","0","0","0","","1","REGONLY","0","0","0","0","","","","SELECT","SELECT","0","","","","","0","0","","income-service","","","0","0","","","","","Ritrama_L_Range","Ritrama_L_Range","","","0","900EMT1220, 4075CT1220, 903C1220, Aslan_Red_Devil_Squeegee, Olfa_X_Design_Heavy_Duty_Knife, Masking_Tape_25mm, Aslan-Gold-Soft-Squeegee, Olfa_Graphic_Cutter, Swann_Morton_3_Handle, Swann_Morton_10A_Blades, Float_On","900EMT1220, 4075CT1220, 903C1220, Aslan_Red_Devil_Squeegee, Olfa_X_Design_Heavy_Duty_Knife, Masking_Tape_25mm, Aslan-Gold-Soft-Squeegee, Olfa_Graphic_Cutter, Swann_Morton_3_Handle, Swann_Morton_10A_Blades, Float_On","A","","","","","Colours, Greys","Matt","","","","","","","","","Ri-Mark-Event-322-Matt-Elephant-Grey","0","vinyl, monomeric, event, ritrama, fedrigoni, L grade, L series, L range, M range, matt, 322, m322, elephant, grey, elephantgrey, ","","","1673863164","0","","0","","CHECKBOX"
"M323","Ri-Mark Event 323 Matt Mouse Grey","M323","Ritrama","920","1","DEFAULT","","","","","0","Ri-Mark Event 323 Matt Mouse Grey monomeric self-adhesive vinyl for short to medium term outdoor and indoor signage and display applications.","<html>
<head><title>Ri-Mark Event 323 Matt Mouse Grey</title>

<style>
.responsive {
  width: 50%;
  height: auto;
}
</style>
</head>

<body>
<img src=""media/ecom/onpagegraphics/Fedrigoni_Logo.jpg"" alt=""Fedrigoni Logo"" class=""responsive"">
<p>Ri-Mark Event 323 Matt Mouse Grey monomeric self-adhesive vinyl is designed for short to medium term outdoor and indoor signage, point of sale displays and exhibition graphics.</p>

<span style=""font-weight: bold; color: #d7328a;"">Structure:</span><br>
<ul><li>70<span>&#181;</span>m Monomeric calendered PVC</li>
<li>Transparent water based adhesive - Semi-permanent</li>
<li>Clay coated kraft paper liner - 120gm<sup>2</sup>
</li></ul>

<span style=""font-weight: bold; color: #d7328a;"">Suitability:</span><br>
<ul><li>Suitable for application to smooth flat and 2D curved surfaces</li>
<li>Ideal for short to medium term outdoor and indoor signage, point of sale displays and exhibition graphics</li>
<li>Water based adhesive provides good dimensional stability and clean removability from most substrates</li>
<li>Suitable for dry or wet application methods (Please note that if applying wet on to glass, the adhesive may become milky but this will clear when the adhesive has dried)</li>
<li>Outdoor durability of up to 4 years</li></ul>

<span style=""font-weight: bold; color: #d7328a;"">Advantages:</span><br>
<ul><li>Clean removability from most substrates for short term applications</li>
<li>Fire Rated to Euroclass DIN EN 13501-1:2019-05 with classification B-s1-d0</li>
<li>Available in a wide range of opaque gloss and matt colours for any project</li></ul>

<span style=""font-weight: bold; color: #d7328a;"">Technical Information:</span><br>
<ul><a href=""media/ecom/pdfs/datasheets/TDS_Ri_MarkEvent_uk_issue1_b756.pdf"" target=""_blank""><img
style=""border: 0px solid ; width: 200px; height: 60px;"" alt=""Ri-Mark Event Datasheet""
src=""media/ecom/onpagegraphics/Datasheet.png""></a>
<a href=""media/ecom/colselxl/digital_colour_card_Ri_Mark_Event.pdf"" target=""_blank""><img
style=""border: 0px solid ; width: 200px; height: 60px;"" alt=""Ri-Mark Event Colour Selector""
src=""media/ecom/onpagegraphics/Colour.png""></a></ul>
</body>
</html>","Event_323_Matt_Mouse_Grey.png","Event_323_Matt_Mouse_Grey.png","INVITEMS","DEFAULT-M323-DEFAULT-M323","","","0","0","0","","1","REGONLY","0","0","0","0","","","","SELECT","SELECT","0","","","","","0","0","","income-service","","","0","0","","","","","Ritrama_L_Range","Ritrama_L_Range","","","0","900EMT1220, 4075CT1220, 903C1220, Aslan_Red_Devil_Squeegee, Olfa_X_Design_Heavy_Duty_Knife, Masking_Tape_25mm, Aslan-Gold-Soft-Squeegee, Olfa_Graphic_Cutter, Swann_Morton_3_Handle, Swann_Morton_10A_Blades, Float_On","900EMT1220, 4075CT1220, 903C1220, Aslan_Red_Devil_Squeegee, Olfa_X_Design_Heavy_Duty_Knife, Masking_Tape_25mm, Aslan-Gold-Soft-Squeegee, Olfa_Graphic_Cutter, Swann_Morton_3_Handle, Swann_Morton_10A_Blades, Float_On","A","","","","","Colours, Greys","Matt","","","","","","","","","Ri-Mark-Event-323-Matt-Mouse-Grey","0","vinyl, monomeric, event, ritrama, fedrigoni, L grade, L series, L range, M range, matt, 323, m323, mouse, grey, mousegrey, ","","","1673863056","0","","0","","CHECKBOX"
"M329","Ri-Mark Event 329 Matt Light Red","M329","Ritrama","600","1","DEFAULT","","","","","0","Ri-Mark Event 329 Matt Light Red monomeric self-adhesive vinyl for short to medium term outdoor and indoor signage and display applications.","<html>
<head><title>Ri-Mark Event 329 Matt Light Red</title>

<style>
.responsive {
  width: 50%;
  height: auto;
}
</style>
</head>

<body>
<img src=""media/ecom/onpagegraphics/Fedrigoni_Logo.jpg"" alt=""Fedrigoni Logo"" class=""responsive"">
<p>Ri-Mark Event 329 Matt Light Red monomeric self-adhesive vinyl is designed for short to medium term outdoor and indoor signage, point of sale displays and exhibition graphics.</p>

<span style=""font-weight: bold; color: #d7328a;"">Structure:</span><br>
<ul><li>70<span>&#181;</span>m Monomeric calendered PVC</li>
<li>Transparent water based adhesive - Semi-permanent</li>
<li>Clay coated kraft paper liner - 120gm<sup>2</sup>
</li></ul>

<span style=""font-weight: bold; color: #d7328a;"">Suitability:</span><br>
<ul><li>Suitable for application to smooth flat and 2D curved surfaces</li>
<li>Ideal for short to medium term outdoor and indoor signage, point of sale displays and exhibition graphics</li>
<li>Water based adhesive provides good dimensional stability and clean removability from most substrates</li>
<li>Suitable for dry or wet application methods (Please note that if applying wet on to glass, the adhesive may become milky but this will clear when the adhesive has dried)</li>
<li>Outdoor durability of up to 4 years</li></ul>

<span style=""font-weight: bold; color: #d7328a;"">Advantages:</span><br>
<ul><li>Clean removability from most substrates for short term applications</li>
<li>Fire Rated to Euroclass DIN EN 13501-1:2019-05 with classification B-s1-d0</li>
<li>Available in a wide range of opaque gloss and matt colours for any project</li></ul>

<span style=""font-weight: bold; color: #d7328a;"">Technical Information:</span><br>
<ul><a href=""media/ecom/pdfs/datasheets/TDS_Ri_MarkEvent_uk_issue1_b756.pdf"" target=""_blank""><img
style=""border: 0px solid ; width: 200px; height: 60px;"" alt=""Ri-Mark Event Datasheet""
src=""media/ecom/onpagegraphics/Datasheet.png""></a>
<a href=""media/ecom/colselxl/digital_colour_card_Ri_Mark_Event.pdf"" target=""_blank""><img
style=""border: 0px solid ; width: 200px; height: 60px;"" alt=""Ri-Mark Event Colour Selector""
src=""media/ecom/onpagegraphics/Colour.png""></a></ul>
</body>
</html>","Event_329_Matt_Light_Red.png","Event_329_Matt_Light_Red.png","INVITEMS","DEFAULT-M329-DEFAULT-M329","","","0","0","0","","1","REGONLY","0","0","0","0","","","","SELECT","SELECT","0","","","","","0","0","","income-service","","","0","0","","","","","Ritrama_L_Range","Ritrama_L_Range","","","0","900EMT1220, 4075CT1220, 903C1220, Aslan_Red_Devil_Squeegee, Olfa_X_Design_Heavy_Duty_Knife, Masking_Tape_25mm, Aslan-Gold-Soft-Squeegee, Olfa_Graphic_Cutter, Swann_Morton_3_Handle, Swann_Morton_10A_Blades, Float_On","900EMT1220, 4075CT1220, 903C1220, Aslan_Red_Devil_Squeegee, Olfa_X_Design_Heavy_Duty_Knife, Masking_Tape_25mm, Aslan-Gold-Soft-Squeegee, Olfa_Graphic_Cutter, Swann_Morton_3_Handle, Swann_Morton_10A_Blades, Float_On","A","","","","","Colours, Reds","Matt","","","","","","","","","Ri-Mark-Event-329-Matt-Light-Red","0","vinyl, monomeric, event, ritrama, fedrigoni, L grade, L series, L range, M range, matt, 329, m329, light, red, lightred, ","","","1673548530","0","","0","","CHECKBOX"
"M330","Ri-Mark Event 330 Matt Red","M330","Ritrama","620","1","DEFAULT","","","","","0","Ri-Mark Event 330 Matt Red monomeric self-adhesive vinyl for short to medium term outdoor and indoor signage and display applications.","<html>
<head><title>Ri-Mark Event 330 Matt Red</title>

<style>
.responsive {
  width: 50%;
  height: auto;
}
</style>
</head>

<body>
<img src=""media/ecom/onpagegraphics/Fedrigoni_Logo.jpg"" alt=""Fedrigoni Logo"" class=""responsive"">
<p>Ri-Mark Event 330 Matt Red monomeric self-adhesive vinyl is designed for short to medium term outdoor and indoor signage, point of sale displays and exhibition graphics.</p>

<span style=""font-weight: bold; color: #d7328a;"">Structure:</span><br>
<ul><li>70<span>&#181;</span>m Monomeric calendered PVC</li>
<li>Transparent water based adhesive - Semi-permanent</li>
<li>Clay coated kraft paper liner - 120gm<sup>2</sup>
</li></ul>

<span style=""font-weight: bold; color: #d7328a;"">Suitability:</span><br>
<ul><li>Suitable for application to smooth flat and 2D curved surfaces</li>
<li>Ideal for short to medium term outdoor and indoor signage, point of sale displays and exhibition graphics</li>
<li>Water based adhesive provides good dimensional stability and clean removability from most substrates</li>
<li>Suitable for dry or wet application methods (Please note that if applying wet on to glass, the adhesive may become milky but this will clear when the adhesive has dried)</li>
<li>Outdoor durability of up to 4 years</li></ul>

<span style=""font-weight: bold; color: #d7328a;"">Advantages:</span><br>
<ul><li>Clean removability from most substrates for short term applications</li>
<li>Fire Rated to Euroclass DIN EN 13501-1:2019-05 with classification B-s1-d0</li>
<li>Available in a wide range of opaque gloss and matt colours for any project</li></ul>

<span style=""font-weight: bold; color: #d7328a;"">Technical Information:</span><br>
<ul><a href=""media/ecom/pdfs/datasheets/TDS_Ri_MarkEvent_uk_issue1_b756.pdf"" target=""_blank""><img
style=""border: 0px solid ; width: 200px; height: 60px;"" alt=""Ri-Mark Event Datasheet""
src=""media/ecom/onpagegraphics/Datasheet.png""></a>
<a href=""media/ecom/colselxl/digital_colour_card_Ri_Mark_Event.pdf"" target=""_blank""><img
style=""border: 0px solid ; width: 200px; height: 60px;"" alt=""Ri-Mark Event Colour Selector""
src=""media/ecom/onpagegraphics/Colour.png""></a></ul>
</body>
</html>","Event_330_Matt_Red.png","Event_330_Matt_Red.png","INVITEMS","DEFAULT-M330-DEFAULT-M330","","","0","0","0","","1","REGONLY","0","0","0","0","","","","SELECT","SELECT","0","","","","","0","0","","income-service","","","0","0","","","","","Ritrama_L_Range","Ritrama_L_Range","","","0","900EMT1220, 4075CT1220, 903C1220, Aslan_Red_Devil_Squeegee, Olfa_X_Design_Heavy_Duty_Knife, Masking_Tape_25mm, Aslan-Gold-Soft-Squeegee, Olfa_Graphic_Cutter, Swann_Morton_3_Handle, Swann_Morton_10A_Blades, Float_On","900EMT1220, 4075CT1220, 903C1220, Aslan_Red_Devil_Squeegee, Olfa_X_Design_Heavy_Duty_Knife, Masking_Tape_25mm, Aslan-Gold-Soft-Squeegee, Olfa_Graphic_Cutter, Swann_Morton_3_Handle, Swann_Morton_10A_Blades, Float_On","A","","","","","Colours, Reds","Matt","","","","","","","","","Ri-Mark-Event-330-Matt-Red","0","vinyl, monomeric, event, ritrama, fedrigoni, L grade, L series, L range, M range, matt, 330, m330, red, ","","","1673548738","0","","0","","CHECKBOX"
"M332","Ri-Mark Event 332 Matt Medium Red","M332","Ritrama","610","1","DEFAULT","","","","","0","Ri-Mark Event 332 Matt Medium Red monomeric self-adhesive vinyl for short to medium term outdoor and indoor signage and display applications.","<html>
<head><title>Ri-Mark Event 332 Matt Medium Red</title>

<style>
.responsive {
  width: 50%;
  height: auto;
}
</style>
</head>

<body>
<img src=""media/ecom/onpagegraphics/Fedrigoni_Logo.jpg"" alt=""Fedrigoni Logo"" class=""responsive"">
<p>Ri-Mark Event 332 Matt Medium Red monomeric self-adhesive vinyl is designed for short to medium term outdoor and indoor signage, point of sale displays and exhibition graphics.</p>

<span style=""font-weight: bold; color: #d7328a;"">Structure:</span><br>
<ul><li>70<span>&#181;</span>m Monomeric calendered PVC</li>
<li>Transparent water based adhesive - Semi-permanent</li>
<li>Clay coated kraft paper liner - 120gm<sup>2</sup>
</li></ul>

<span style=""font-weight: bold; color: #d7328a;"">Suitability:</span><br>
<ul><li>Suitable for application to smooth flat and 2D curved surfaces</li>
<li>Ideal for short to medium term outdoor and indoor signage, point of sale displays and exhibition graphics</li>
<li>Water based adhesive provides good dimensional stability and clean removability from most substrates</li>
<li>Suitable for dry or wet application methods (Please note that if applying wet on to glass, the adhesive may become milky but this will clear when the adhesive has dried)</li>
<li>Outdoor durability of up to 4 years</li></ul>

<span style=""font-weight: bold; color: #d7328a;"">Advantages:</span><br>
<ul><li>Clean removability from most substrates for short term applications</li>
<li>Fire Rated to Euroclass DIN EN 13501-1:2019-05 with classification B-s1-d0</li>
<li>Available in a wide range of opaque gloss and matt colours for any project</li></ul>

<span style=""font-weight: bold; color: #d7328a;"">Technical Information:</span><br>
<ul><a href=""media/ecom/pdfs/datasheets/TDS_Ri_MarkEvent_uk_issue1_b756.pdf"" target=""_blank""><img
style=""border: 0px solid ; width: 200px; height: 60px;"" alt=""Ri-Mark Event Datasheet""
src=""media/ecom/onpagegraphics/Datasheet.png""></a>
<a href=""media/ecom/colselxl/digital_colour_card_Ri_Mark_Event.pdf"" target=""_blank""><img
style=""border: 0px solid ; width: 200px; height: 60px;"" alt=""Ri-Mark Event Colour Selector""
src=""media/ecom/onpagegraphics/Colour.png""></a></ul>
</body>
</html>","Event_332_Matt_Medium_Red.png","Event_332_Matt_Medium_Red.png","INVITEMS","DEFAULT-M332-DEFAULT-M332","","","0","0","0","","1","REGONLY","0","0","0","0","","","","SELECT","SELECT","0","","","","","0","0","","income-service","","","0","0","","","","","Ritrama_L_Range","Ritrama_L_Range","","","0","900EMT1220, 4075CT1220, 903C1220, Aslan_Red_Devil_Squeegee, Olfa_X_Design_Heavy_Duty_Knife, Masking_Tape_25mm, Aslan-Gold-Soft-Squeegee, Olfa_Graphic_Cutter, Swann_Morton_3_Handle, Swann_Morton_10A_Blades, Float_On","900EMT1220, 4075CT1220, 903C1220, Aslan_Red_Devil_Squeegee, Olfa_X_Design_Heavy_Duty_Knife, Masking_Tape_25mm, Aslan-Gold-Soft-Squeegee, Olfa_Graphic_Cutter, Swann_Morton_3_Handle, Swann_Morton_10A_Blades, Float_On","A","","","","","Colours, Reds","Matt","","","","","","","","","Ri-Mark-Event-332-Matt-Medium-Red","0","vinyl, monomeric, event, ritrama, fedrigoni, L grade, L series, L range, M range, matt, 332, m332, medium, red, mediumred, ","","","1673548644","0","","0","","CHECKBOX"
"M333","Ri-Mark Event 333 Matt Dark Red","M333","Ritrama","630","1","DEFAULT","","","","","0","Ri-Mark Event 333 Matt Dark Red monomeric self-adhesive vinyl for short to medium term outdoor and indoor signage and display applications.","<html>
<head><title>Ri-Mark Event 333 Matt Dark Red</title>

<style>
.responsive {
  width: 50%;
  height: auto;
}
</style>
</head>

<body>
<img src=""media/ecom/onpagegraphics/Fedrigoni_Logo.jpg"" alt=""Fedrigoni Logo"" class=""responsive"">
<p>Ri-Mark Event 333 Matt Dark Red monomeric self-adhesive vinyl is designed for short to medium term outdoor and indoor signage, point of sale displays and exhibition graphics.</p>

<span style=""font-weight: bold; color: #d7328a;"">Structure:</span><br>
<ul><li>70<span>&#181;</span>m Monomeric calendered PVC</li>
<li>Transparent water based adhesive - Semi-permanent</li>
<li>Clay coated kraft paper liner - 120gm<sup>2</sup>
</li></ul>

<span style=""font-weight: bold; color: #d7328a;"">Suitability:</span><br>
<ul><li>Suitable for application to smooth flat and 2D curved surfaces</li>
<li>Ideal for short to medium term outdoor and indoor signage, point of sale displays and exhibition graphics</li>
<li>Water based adhesive provides good dimensional stability and clean removability from most substrates</li>
<li>Suitable for dry or wet application methods (Please note that if applying wet on to glass, the adhesive may become milky but this will clear when the adhesive has dried)</li>
<li>Outdoor durability of up to 4 years</li></ul>

<span style=""font-weight: bold; color: #d7328a;"">Advantages:</span><br>
<ul><li>Clean removability from most substrates for short term applications</li>
<li>Fire Rated to Euroclass DIN EN 13501-1:2019-05 with classification B-s1-d0</li>
<li>Available in a wide range of opaque gloss and matt colours for any project</li></ul>

<span style=""font-weight: bold; color: #d7328a;"">Technical Information:</span><br>
<ul><a href=""media/ecom/pdfs/datasheets/TDS_Ri_MarkEvent_uk_issue1_b756.pdf"" target=""_blank""><img
style=""border: 0px solid ; width: 200px; height: 60px;"" alt=""Ri-Mark Event Datasheet""
src=""media/ecom/onpagegraphics/Datasheet.png""></a>
<a href=""media/ecom/colselxl/digital_colour_card_Ri_Mark_Event.pdf"" target=""_blank""><img
style=""border: 0px solid ; width: 200px; height: 60px;"" alt=""Ri-Mark Event Colour Selector""
src=""media/ecom/onpagegraphics/Colour.png""></a></ul>
</body>
</html>","Event_333_Matt_Dark_Red.png","Event_333_Matt_Dark_Red.png","INVITEMS","DEFAULT-M333-DEFAULT-M333","","","0","0","0","","1","REGONLY","0","0","0","0","","","","SELECT","SELECT","0","","","","","0","0","","income-service","","","0","0","","","","","Ritrama_L_Range","Ritrama_L_Range","","","0","900EMT1220, 4075CT1220, 903C1220, Aslan_Red_Devil_Squeegee, Olfa_X_Design_Heavy_Duty_Knife, Masking_Tape_25mm, Aslan-Gold-Soft-Squeegee, Olfa_Graphic_Cutter, Swann_Morton_3_Handle, Swann_Morton_10A_Blades, Float_On","900EMT1220, 4075CT1220, 903C1220, Aslan_Red_Devil_Squeegee, Olfa_X_Design_Heavy_Duty_Knife, Masking_Tape_25mm, Aslan-Gold-Soft-Squeegee, Olfa_Graphic_Cutter, Swann_Morton_3_Handle, Swann_Morton_10A_Blades, Float_On","A","","","","","Colours, Reds","Matt","","","","","","","","","Ri-Mark-Event-333-Matt-Dark-Red","0","vinyl, monomeric, event, ritrama, fedrigoni, L grade, L series, L range, M range, matt, 333, m333, dark, red, darkred, ","","","1673548824","0","","0","","CHECKBOX"
"M334","Ri-Mark Event 334 Matt Wine Red","M334","Ritrama","640","1","DEFAULT","","","","","0","Ri-Mark Event 334 Matt Wine Red monomeric self-adhesive vinyl for short to medium term outdoor and indoor signage and display applications.","<html>
<head><title>Ri-Mark Event 334 Matt Wine Red</title>

<style>
.responsive {
  width: 50%;
  height: auto;
}
</style>
</head>

<body>
<img src=""media/ecom/onpagegraphics/Fedrigoni_Logo.jpg"" alt=""Fedrigoni Logo"" class=""responsive"">
<p>Ri-Mark Event 334 Matt Wine Red monomeric self-adhesive vinyl is designed for short to medium term outdoor and indoor signage, point of sale displays and exhibition graphics.</p>

<span style=""font-weight: bold; color: #d7328a;"">Structure:</span><br>
<ul><li>70<span>&#181;</span>m Monomeric calendered PVC</li>
<li>Transparent water based adhesive - Semi-permanent</li>
<li>Clay coated kraft paper liner - 120gm<sup>2</sup>
</li></ul>

<span style=""font-weight: bold; color: #d7328a;"">Suitability:</span><br>
<ul><li>Suitable for application to smooth flat and 2D curved surfaces</li>
<li>Ideal for short to medium term outdoor and indoor signage, point of sale displays and exhibition graphics</li>
<li>Water based adhesive provides good dimensional stability and clean removability from most substrates</li>
<li>Suitable for dry or wet application methods (Please note that if applying wet on to glass, the adhesive may become milky but this will clear when the adhesive has dried)</li>
<li>Outdoor durability of up to 4 years</li></ul>

<span style=""font-weight: bold; color: #d7328a;"">Advantages:</span><br>
<ul><li>Clean removability from most substrates for short term applications</li>
<li>Fire Rated to Euroclass DIN EN 13501-1:2019-05 with classification B-s1-d0</li>
<li>Available in a wide range of opaque gloss and matt colours for any project</li></ul>

<span style=""font-weight: bold; color: #d7328a;"">Technical Information:</span><br>
<ul><a href=""media/ecom/pdfs/datasheets/TDS_Ri_MarkEvent_uk_issue1_b756.pdf"" target=""_blank""><img
style=""border: 0px solid ; width: 200px; height: 60px;"" alt=""Ri-Mark Event Datasheet""
src=""media/ecom/onpagegraphics/Datasheet.png""></a>
<a href=""media/ecom/colselxl/digital_colour_card_Ri_Mark_Event.pdf"" target=""_blank""><img
style=""border: 0px solid ; width: 200px; height: 60px;"" alt=""Ri-Mark Event Colour Selector""
src=""media/ecom/onpagegraphics/Colour.png""></a></ul>
</body>
</html>","Event_334_Matt_Wine_Red.png","Event_334_Matt_Wine_Red.png","INVITEMS","DEFAULT-M334-DEFAULT-M334","","","0","0","0","","1","REGONLY","0","0","0","0","","","","SELECT","SELECT","0","","","","","0","0","","income-service","","","0","0","","","","","Ritrama_L_Range","Ritrama_L_Range","","","0","900EMT1220, 4075CT1220, 903C1220, Aslan_Red_Devil_Squeegee, Olfa_X_Design_Heavy_Duty_Knife, Masking_Tape_25mm, Aslan-Gold-Soft-Squeegee, Olfa_Graphic_Cutter, Swann_Morton_3_Handle, Swann_Morton_10A_Blades, Float_On","900EMT1220, 4075CT1220, 903C1220, Aslan_Red_Devil_Squeegee, Olfa_X_Design_Heavy_Duty_Knife, Masking_Tape_25mm, Aslan-Gold-Soft-Squeegee, Olfa_Graphic_Cutter, Swann_Morton_3_Handle, Swann_Morton_10A_Blades, Float_On","A","","","","","Colours, Reds","Matt","","","","","","","","","Ri-Mark-Event-334-Matt-Wine-Red","0","vinyl, monomeric, event, ritrama, fedrigoni, L grade, L series, L range, M range, matt, 334, m334, wine, red, winered, ","","","1673548948","0","","0","","CHECKBOX"
"M335","Ri-Mark Event 335 Matt Burgundy","M335","Ritrama","650","1","DEFAULT","","","","","0","Ri-Mark Event 335 Matt Burgundy monomeric self-adhesive vinyl for short to medium term outdoor and indoor signage and display applications.","<html>
<head><title>Ri-Mark Event 335 Matt Burgundy</title>

<style>
.responsive {
  width: 50%;
  height: auto;
}
</style>
</head>

<body>
<img src=""media/ecom/onpagegraphics/Fedrigoni_Logo.jpg"" alt=""Fedrigoni Logo"" class=""responsive"">
<p>Ri-Mark Event 335 Matt Burgundy monomeric self-adhesive vinyl is designed for short to medium term outdoor and indoor signage, point of sale displays and exhibition graphics.</p>

<span style=""font-weight: bold; color: #d7328a;"">Structure:</span><br>
<ul><li>70<span>&#181;</span>m Monomeric calendered PVC</li>
<li>Transparent water based adhesive - Semi-permanent</li>
<li>Clay coated kraft paper liner - 120gm<sup>2</sup>
</li></ul>

<span style=""font-weight: bold; color: #d7328a;"">Suitability:</span><br>
<ul><li>Suitable for application to smooth flat and 2D curved surfaces</li>
<li>Ideal for short to medium term outdoor and indoor signage, point of sale displays and exhibition graphics</li>
<li>Water based adhesive provides good dimensional stability and clean removability from most substrates</li>
<li>Suitable for dry or wet application methods (Please note that if applying wet on to glass, the adhesive may become milky but this will clear when the adhesive has dried)</li>
<li>Outdoor durability of up to 4 years</li></ul>

<span style=""font-weight: bold; color: #d7328a;"">Advantages:</span><br>
<ul><li>Clean removability from most substrates for short term applications</li>
<li>Fire Rated to Euroclass DIN EN 13501-1:2019-05 with classification B-s1-d0</li>
<li>Available in a wide range of opaque gloss and matt colours for any project</li></ul>

<span style=""font-weight: bold; color: #d7328a;"">Technical Information:</span><br>
<ul><a href=""media/ecom/pdfs/datasheets/TDS_Ri_MarkEvent_uk_issue1_b756.pdf"" target=""_blank""><img
style=""border: 0px solid ; width: 200px; height: 60px;"" alt=""Ri-Mark Event Datasheet""
src=""media/ecom/onpagegraphics/Datasheet.png""></a>
<a href=""media/ecom/colselxl/digital_colour_card_Ri_Mark_Event.pdf"" target=""_blank""><img
style=""border: 0px solid ; width: 200px; height: 60px;"" alt=""Ri-Mark Event Colour Selector""
src=""media/ecom/onpagegraphics/Colour.png""></a></ul>
</body>
</html>","Event_335_Matt_Burgundy.png","Event_335_Matt_Burgundy.png","INVITEMS","DEFAULT-M335-DEFAULT-M335","","","0","0","0","","1","REGONLY","0","0","0","0","","","","SELECT","SELECT","0","","","","","0","0","","income-service","","","0","0","","","","","Ritrama_L_Range","Ritrama_L_Range","","","0","900EMT1220, 4075CT1220, 903C1220, Aslan_Red_Devil_Squeegee, Olfa_X_Design_Heavy_Duty_Knife, Masking_Tape_25mm, Aslan-Gold-Soft-Squeegee, Olfa_Graphic_Cutter, Swann_Morton_3_Handle, Swann_Morton_10A_Blades, Float_On","900EMT1220, 4075CT1220, 903C1220, Aslan_Red_Devil_Squeegee, Olfa_X_Design_Heavy_Duty_Knife, Masking_Tape_25mm, Aslan-Gold-Soft-Squeegee, Olfa_Graphic_Cutter, Swann_Morton_3_Handle, Swann_Morton_10A_Blades, Float_On","A","","","","","Colours, Reds","Matt","","","","","","","","","Ri-Mark-Event-335-Matt-Burgundy","0","vinyl, monomeric, event, ritrama, fedrigoni, L grade, L series, L range, M range, matt, 335, m335, burgundy, red, ","","","1673549040","0","","0","","CHECKBOX"
"M341","Ri-Mark Event 341 Matt Pink","M341","Ritrama","690","1","DEFAULT","","","","","0","Ri-Mark Event 341 Matt Pink monomeric self-adhesive vinyl for short to medium term outdoor and indoor signage and display applications.","<html>
<head><title>Ri-Mark Event 341 Matt Pink</title>

<style>
.responsive {
  width: 50%;
  height: auto;
}
</style>
</head>

<body>
<img src=""media/ecom/onpagegraphics/Fedrigoni_Logo.jpg"" alt=""Fedrigoni Logo"" class=""responsive"">
<p>Ri-Mark Event 341 Matt Pink monomeric self-adhesive vinyl is designed for short to medium term outdoor and indoor signage, point of sale displays and exhibition graphics.</p>
<span style=""font-weight: bold; color: #d7328a;"">Structure:</span><br>
<ul><li>70<span>&#181;</span>m Monomeric calendered PVC</li>
<li>Transparent water based adhesive - Semi-permanent</li>
<li>Clay coated kraft paper liner - 120gm<sup>2</sup>
</li></ul>

<span style=""font-weight: bold; color: #d7328a;"">Suitability:</span><br>
<ul><li>Suitable for application to smooth flat and 2D curved surfaces</li>
<li>Ideal for short to medium term outdoor and indoor signage, point of sale displays and exhibition graphics</li>
<li>Water based adhesive provides good dimensional stability and clean removability from most substrates</li>
<li>Suitable for dry or wet application methods (Please note that if applying wet on to glass, the adhesive may become milky but this will clear when the adhesive has dried)</li>
<li>Outdoor durability of up to 4 years</li></ul>

<span style=""font-weight: bold; color: #d7328a;"">Advantages:</span><br>
<ul><li>Clean removability from most substrates for short term applications</li>
<li>Fire Rated to Euroclass DIN EN 13501-1:2019-05 with classification B-s1-d0</li>
<li>Available in a wide range of opaque gloss and matt colours for any project</li></ul>

<span style=""font-weight: bold; color: #d7328a;"">Technical Information:</span><br>
<ul><a href=""media/ecom/pdfs/datasheets/TDS_Ri_MarkEvent_uk_issue1_b756.pdf"" target=""_blank""><img
style=""border: 0px solid ; width: 200px; height: 60px;"" alt=""Ri-Mark Event Datasheet""
src=""media/ecom/onpagegraphics/Datasheet.png""></a>
<a href=""media/ecom/colselxl/digital_colour_card_Ri_Mark_Event.pdf"" target=""_blank""><img
style=""border: 0px solid ; width: 200px; height: 60px;"" alt=""Ri-Mark Event Colour Selector""
src=""media/ecom/onpagegraphics/Colour.png""></a></ul>
</body>
</html>","Event_341_Matt_Pink.png","Event_341_Matt_Pink.png","INVITEMS","DEFAULT-M341-DEFAULT-M341","","","0","0","0","","1","REGONLY","0","0","0","0","","","","SELECT","SELECT","0","","","","","0","0","","income-service","","","0","0","","","","","Ritrama_L_Range","Ritrama_L_Range","","","0","900EMT1220, 4075CT1220, 903C1220, Aslan_Red_Devil_Squeegee, Olfa_X_Design_Heavy_Duty_Knife, Masking_Tape_25mm, Aslan-Gold-Soft-Squeegee, Olfa_Graphic_Cutter, Swann_Morton_3_Handle, Swann_Morton_10A_Blades, Float_On","900EMT1220, 4075CT1220, 903C1220, Aslan_Red_Devil_Squeegee, Olfa_X_Design_Heavy_Duty_Knife, Masking_Tape_25mm, Aslan-Gold-Soft-Squeegee, Olfa_Graphic_Cutter, Swann_Morton_3_Handle, Swann_Morton_10A_Blades, Float_On","A","","","","","Colours, Reds","Matt","","","","","","","","","Ri-Mark-Event-341-Matt-Pink","0","vinyl, monomeric, event, ritrama, fedrigoni, L grade, L series, L range, M range, matt, 341, m341, pink, ","","","1673617816","0","","0","","CHECKBOX"
"M342","Ri-Mark Event 342 Matt Light Pink","M342","Ritrama","680","1","DEFAULT","","","","","0","Ri-Mark Event 342 Matt Light Pink monomeric self-adhesive vinyl for short to medium term outdoor and indoor signage and display applications.","<html>
<head><title>Ri-Mark Event 342 Matt Light Pink</title>

<style>
.responsive {
  width: 50%;
  height: auto;
}
</style>
</head>

<body>
<img src=""media/ecom/onpagegraphics/Fedrigoni_Logo.jpg"" alt=""Fedrigoni Logo"" class=""responsive"">
<p>Ri-Mark Event 342 Matt Light Pink monomeric self-adhesive vinyl is designed for short to medium term outdoor and indoor signage, point of sale displays and exhibition graphics.</p>

<span style=""font-weight: bold; color: #d7328a;"">Structure:</span><br>
<ul><li>70<span>&#181;</span>m Monomeric calendered PVC</li>
<li>Transparent water based adhesive - Semi-permanent</li>
<li>Clay coated kraft paper liner - 120gm<sup>2</sup>
</li></ul>

<span style=""font-weight: bold; color: #d7328a;"">Suitability:</span><br>
<ul><li>Suitable for application to smooth flat and 2D curved surfaces</li>
<li>Ideal for short to medium term outdoor and indoor signage, point of sale displays and exhibition graphics</li>
<li>Water based adhesive provides good dimensional stability and clean removability from most substrates</li>
<li>Suitable for dry or wet application methods (Please note that if applying wet on to glass, the adhesive may become milky but this will clear when the adhesive has dried)</li>
<li>Outdoor durability of up to 4 years</li></ul>

<span style=""font-weight: bold; color: #d7328a;"">Advantages:</span><br>
<ul><li>Clean removability from most substrates for short term applications</li>
<li>Fire Rated to Euroclass DIN EN 13501-1:2019-05 with classification B-s1-d0</li>
<li>Available in a wide range of opaque gloss and matt colours for any project</li></ul>

<span style=""font-weight: bold; color: #d7328a;"">Technical Information:</span><br>
<ul><a href=""media/ecom/pdfs/datasheets/TDS_Ri_MarkEvent_uk_issue1_b756.pdf"" target=""_blank""><img
style=""border: 0px solid ; width: 200px; height: 60px;"" alt=""Ri-Mark Event Datasheet""
src=""media/ecom/onpagegraphics/Datasheet.png""></a>
<a href=""media/ecom/colselxl/digital_colour_card_Ri_Mark_Event.pdf"" target=""_blank""><img
style=""border: 0px solid ; width: 200px; height: 60px;"" alt=""Ri-Mark Event Colour Selector""
src=""media/ecom/onpagegraphics/Colour.png""></a></ul>
</body>
</html>","Event_342_Matt_Light_Pink.png","Event_342_Matt_Light_Pink.png","INVITEMS","DEFAULT-M342-DEFAULT-M342","","","0","0","0","","1","REGONLY","0","0","0","0","","","","SELECT","SELECT","0","","","","","0","0","","income-service","","","0","0","","","","","Ritrama_L_Range","Ritrama_L_Range","","","0","900EMT1220, 4075CT1220, 903C1220, Aslan_Red_Devil_Squeegee, Olfa_X_Design_Heavy_Duty_Knife, Masking_Tape_25mm, Aslan-Gold-Soft-Squeegee, Olfa_Graphic_Cutter, Swann_Morton_3_Handle, Swann_Morton_10A_Blades, Float_On","900EMT1220, 4075CT1220, 903C1220, Aslan_Red_Devil_Squeegee, Olfa_X_Design_Heavy_Duty_Knife, Masking_Tape_25mm, Aslan-Gold-Soft-Squeegee, Olfa_Graphic_Cutter, Swann_Morton_3_Handle, Swann_Morton_10A_Blades, Float_On","A","","","","","Colours, Reds","Matt","","","","","","","","","Ri-Mark-Event-342-Matt-Light-Pink","0","vinyl, monomeric, event, ritrama, fedrigoni, L grade, L series, L range, M range, matt, 342, light, pink, m342, ","","","1673617698","0","","0","","CHECKBOX"
"M345","Ri-Mark Event 345 Matt Brown","M345","Ritrama","660","1","DEFAULT","","","","","0","Ri-Mark Event 345 Matt Brown monomeric self-adhesive vinyl for short to medium term outdoor and indoor signage and display applications.","<html>
<head><title>Ri-Mark Event 345 Matt Brown</title>

<style>
.responsive {
  width: 50%;
  height: auto;
}
</style>
</head>

<body>
<img src=""media/ecom/onpagegraphics/Fedrigoni_Logo.jpg"" alt=""Fedrigoni Logo"" class=""responsive"">
<p>Ri-Mark Event 345 Matt Brown monomeric self-adhesive vinyl is designed for short to medium term outdoor and indoor signage, point of sale displays and exhibition graphics.</p>

<span style=""font-weight: bold; color: #d7328a;"">Structure:</span><br>
<ul><li>70<span>&#181;</span>m Monomeric calendered PVC</li>
<li>Transparent water based adhesive - Semi-permanent</li>
<li>Clay coated kraft paper liner - 120gm<sup>2</sup>
</li></ul>

<span style=""font-weight: bold; color: #d7328a;"">Suitability:</span><br>
<ul><li>Suitable for application to smooth flat and 2D curved surfaces</li>
<li>Ideal for short to medium term outdoor and indoor signage, point of sale displays and exhibition graphics</li>
<li>Water based adhesive provides good dimensional stability and clean removability from most substrates</li>
<li>Suitable for dry or wet application methods (Please note that if applying wet on to glass, the adhesive may become milky but this will clear when the adhesive has dried)</li>
<li>Outdoor durability of up to 4 years</li></ul>

<span style=""font-weight: bold; color: #d7328a;"">Advantages:</span><br>
<ul><li>Clean removability from most substrates for short term applications</li>
<li>Fire Rated to Euroclass DIN EN 13501-1:2019-05 with classification B-s1-d0</li>
<li>Available in a wide range of opaque gloss and matt colours for any project</li></ul>

<span style=""font-weight: bold; color: #d7328a;"">Technical Information:</span><br>
<ul><a href=""media/ecom/pdfs/datasheets/TDS_Ri_MarkEvent_uk_issue1_b756.pdf"" target=""_blank""><img
style=""border: 0px solid ; width: 200px; height: 60px;"" alt=""Ri-Mark Event Datasheet""
src=""media/ecom/onpagegraphics/Datasheet.png""></a>
<a href=""media/ecom/colselxl/digital_colour_card_Ri_Mark_Event.pdf"" target=""_blank""><img
style=""border: 0px solid ; width: 200px; height: 60px;"" alt=""Ri-Mark Event Colour Selector""
src=""media/ecom/onpagegraphics/Colour.png""></a></ul>
</body>
</html>","Event_345_Matt_Brown.png","Event_345_Matt_Brown.png","INVITEMS","DEFAULT-M345-DEFAULT-M345","","","0","0","0","","1","REGONLY","0","0","0","0","","","","SELECT","SELECT","0","","","","","0","0","","income-service","","","0","0","","","","","Ritrama_L_Range","Ritrama_L_Range","","","0","900EMT1220, 4075CT1220, 903C1220, Aslan_Red_Devil_Squeegee, Olfa_X_Design_Heavy_Duty_Knife, Masking_Tape_25mm, Aslan-Gold-Soft-Squeegee, Olfa_Graphic_Cutter, Swann_Morton_3_Handle, Swann_Morton_10A_Blades, Float_On","900EMT1220, 4075CT1220, 903C1220, Aslan_Red_Devil_Squeegee, Olfa_X_Design_Heavy_Duty_Knife, Masking_Tape_25mm, Aslan-Gold-Soft-Squeegee, Olfa_Graphic_Cutter, Swann_Morton_3_Handle, Swann_Morton_10A_Blades, Float_On","A","","","","","Colours, Browns","Matt","","","","","","","","","Ri-Mark-Event-345-Matt-Brown","0","vinyl, monomeric, event, ritrama, fedrigoni, L grade, L series, L range, M range, matt, 345, m345, brown, ","","","1673549126","0","","0","","CHECKBOX"
"M350","Ri-Mark Event 350 Matt Violet","M350","Ritrama","700","1","DEFAULT","","","","","0","Ri-Mark Event 350 Matt Violet monomeric self-adhesive vinyl for short to medium term outdoor and indoor signage and display applications.","<html>
<head><title>Ri-Mark Event 350 Matt Violet</title>

<style>
.responsive {
  width: 50%;
  height: auto;
}
</style>
</head>

<body>
<img src=""media/ecom/onpagegraphics/Fedrigoni_Logo.jpg"" alt=""Fedrigoni Logo"" class=""responsive"">
<p>Ri-Mark Event 350 Matt Violet monomeric self-adhesive vinyl is designed for short to medium term outdoor and indoor signage, point of sale displays and exhibition graphics.</p>

<span style=""font-weight: bold; color: #d7328a;"">Structure:</span><br>
<ul><li>70<span>&#181;</span>m Monomeric calendered PVC</li>
<li>Transparent water based adhesive - Semi-permanent</li>
<li>Clay coated kraft paper liner - 120gm<sup>2</sup>
</li></ul>

<span style=""font-weight: bold; color: #d7328a;"">Suitability:</span><br>
<ul><li>Suitable for application to smooth flat and 2D curved surfaces</li>
<li>Ideal for short to medium term outdoor and indoor signage, point of sale displays and exhibition graphics</li>
<li>Water based adhesive provides good dimensional stability and clean removability from most substrates</li>
<li>Suitable for dry or wet application methods (Please note that if applying wet on to glass, the adhesive may become milky but this will clear when the adhesive has dried)</li>
<li>Outdoor durability of up to 4 years</li></ul>

<span style=""font-weight: bold; color: #d7328a;"">Advantages:</span><br>
<ul><li>Clean removability from most substrates for short term applications</li>
<li>Fire Rated to Euroclass DIN EN 13501-1:2019-05 with classification B-s1-d0</li>
<li>Available in a wide range of opaque gloss and matt colours for any project</li></ul>

<span style=""font-weight: bold; color: #d7328a;"">Technical Information:</span><br>
<ul><a href=""media/ecom/pdfs/datasheets/TDS_Ri_MarkEvent_uk_issue1_b756.pdf"" target=""_blank""><img
style=""border: 0px solid ; width: 200px; height: 60px;"" alt=""Ri-Mark Event Datasheet""
src=""media/ecom/onpagegraphics/Datasheet.png""></a>
<a href=""media/ecom/colselxl/digital_colour_card_Ri_Mark_Event.pdf"" target=""_blank""><img
style=""border: 0px solid ; width: 200px; height: 60px;"" alt=""Ri-Mark Event Colour Selector""
src=""media/ecom/onpagegraphics/Colour.png""></a></ul>
</body>
</html>","Event_350_Matt_Violet.png","Event_350_Matt_Violet.png","INVITEMS","DEFAULT-M350-DEFAULT-M350","","","0","0","0","","1","REGONLY","0","0","0","0","","","","SELECT","SELECT","0","","","","","0","0","","income-service","","","0","0","","","","","Ritrama_L_Range","Ritrama_L_Range","","","0","900EMT1220, 4075CT1220, 903C1220, Aslan_Red_Devil_Squeegee, Olfa_X_Design_Heavy_Duty_Knife, Masking_Tape_25mm, Aslan-Gold-Soft-Squeegee, Olfa_Graphic_Cutter, Swann_Morton_3_Handle, Swann_Morton_10A_Blades, Float_On","900EMT1220, 4075CT1220, 903C1220, Aslan_Red_Devil_Squeegee, Olfa_X_Design_Heavy_Duty_Knife, Masking_Tape_25mm, Aslan-Gold-Soft-Squeegee, Olfa_Graphic_Cutter, Swann_Morton_3_Handle, Swann_Morton_10A_Blades, Float_On","A","","","","","Colours, Reds, Blues","Matt","","","","","","","","","Ri-Mark-Event-350-Matt-Violet","0","vinyl, monomeric, event, ritrama, fedrigoni, L grade, L series, L range, M range, matt, 350, m350, violet, purple, ","","","1673617915","0","","0","","CHECKBOX"
"M356","Ri-Mark Event 356 Matt Pastel Blue","M356","Ritrama","790","1","DEFAULT","","","","","0","Ri-Mark Event 356 Matt Pastel Blue monomeric self-adhesive vinyl for short to medium term outdoor and indoor signage and display applications.","<html>
<head><title>Ri-Mark Event 356 Matt Pastel Blue</title>

<style>
.responsive {
  width: 50%;
  height: auto;
}
</style>
</head>

<body>
<img src=""media/ecom/onpagegraphics/Fedrigoni_Logo.jpg"" alt=""Fedrigoni Logo"" class=""responsive"">
<p>Ri-Mark Event 356 Matt Pastel Blue monomeric self-adhesive vinyl is designed for short to medium term outdoor and indoor signage, point of sale displays and exhibition graphics.</p>

<span style=""font-weight: bold; color: #d7328a;"">Structure:</span><br>
<ul><li>70<span>&#181;</span>m Monomeric calendered PVC</li>
<li>Transparent water based adhesive - Semi-permanent</li>
<li>Clay coated kraft paper liner - 120gm<sup>2</sup>
</li></ul>

<span style=""font-weight: bold; color: #d7328a;"">Suitability:</span><br>
<ul><li>Suitable for application to smooth flat and 2D curved surfaces</li>
<li>Ideal for short to medium term outdoor and indoor signage, point of sale displays and exhibition graphics</li>
<li>Water based adhesive provides good dimensional stability and clean removability from most substrates</li>
<li>Suitable for dry or wet application methods (Please note that if applying wet on to glass, the adhesive may become milky but this will clear when the adhesive has dried)</li>
<li>Outdoor durability of up to 4 years</li></ul>

<span style=""font-weight: bold; color: #d7328a;"">Advantages:</span><br>
<ul><li>Clean removability from most substrates for short term applications</li>
<li>Fire Rated to Euroclass DIN EN 13501-1:2019-05 with classification B-s1-d0</li>
<li>Available in a wide range of opaque gloss and matt colours for any project</li></ul>

<span style=""font-weight: bold; color: #d7328a;"">Technical Information:</span><br>
<ul><a href=""media/ecom/pdfs/datasheets/TDS_Ri_MarkEvent_uk_issue1_b756.pdf"" target=""_blank""><img
style=""border: 0px solid ; width: 200px; height: 60px;"" alt=""Ri-Mark Event Datasheet""
src=""media/ecom/onpagegraphics/Datasheet.png""></a>
<a href=""media/ecom/colselxl/digital_colour_card_Ri_Mark_Event.pdf"" target=""_blank""><img
style=""border: 0px solid ; width: 200px; height: 60px;"" alt=""Ri-Mark Event Colour Selector""
src=""media/ecom/onpagegraphics/Colour.png""></a></ul>
</body>
</html>","Event_356_Matt_Pastel_Blue.png","Event_356_Matt_Pastel_Blue.png","INVITEMS","DEFAULT-M356-DEFAULT-M356","","","0","0","0","","1","REGONLY","0","0","0","0","","","","SELECT","SELECT","0","","","","","0","0","","income-service","","","0","0","","","","","Ritrama_L_Range","Ritrama_L_Range","","","0","900EMT1220, 4075CT1220, 903C1220, Aslan_Red_Devil_Squeegee, Olfa_X_Design_Heavy_Duty_Knife, Masking_Tape_25mm, Aslan-Gold-Soft-Squeegee, Olfa_Graphic_Cutter, Swann_Morton_3_Handle, Swann_Morton_10A_Blades, Float_On","900EMT1220, 4075CT1220, 903C1220, Aslan_Red_Devil_Squeegee, Olfa_X_Design_Heavy_Duty_Knife, Masking_Tape_25mm, Aslan-Gold-Soft-Squeegee, Olfa_Graphic_Cutter, Swann_Morton_3_Handle, Swann_Morton_10A_Blades, Float_On","A","","","","","Colours, Blues","Matt","","","","","","","","","Ri-Mark-Event-356-Matt-Pastel-Blue","0","vinyl, monomeric, event, ritrama, fedrigoni, L grade, L series, L range, M range, matt, m356, 356, pastel, blue, pastelblue, ","","","1673620476","0","","0","","CHECKBOX"
"M357","Ri-Mark Event 357 Matt Light Blue","M357","Ritrama","780","1","DEFAULT","","","","","0","Ri-Mark Event 357 Matt Light Blue monomeric self-adhesive vinyl for short to medium term outdoor and indoor signage and display applications.","<html>
<head><title>Ri-Mark Event 357 Matt Light Blue</title>

<style>
.responsive {
  width: 50%;
  height: auto;
}
</style>
</head>

<body>
<img src=""media/ecom/onpagegraphics/Fedrigoni_Logo.jpg"" alt=""Fedrigoni Logo"" class=""responsive"">
<p>Ri-Mark Event 357 Matt Light Blue monomeric self-adhesive vinyl is designed for short to medium term outdoor and indoor signage, point of sale displays and exhibition graphics.</p>

<span style=""font-weight: bold; color: #d7328a;"">Structure:</span><br>
<ul><li>70<span>&#181;</span>m Monomeric calendered PVC</li>
<li>Transparent water based adhesive - Semi-permanent</li>
<li>Clay coated kraft paper liner - 120gm<sup>2</sup>
</li></ul>

<span style=""font-weight: bold; color: #d7328a;"">Suitability:</span><br>
<ul><li>Suitable for application to smooth flat and 2D curved surfaces</li>
<li>Ideal for short to medium term outdoor and indoor signage, point of sale displays and exhibition graphics</li>
<li>Water based adhesive provides good dimensional stability and clean removability from most substrates</li>
<li>Suitable for dry or wet application methods (Please note that if applying wet on to glass, the adhesive may become milky but this will clear when the adhesive has dried)</li>
<li>Outdoor durability of up to 4 years</li></ul>

<span style=""font-weight: bold; color: #d7328a;"">Advantages:</span><br>
<ul><li>Clean removability from most substrates for short term applications</li>
<li>Fire Rated to Euroclass DIN EN 13501-1:2019-05 with classification B-s1-d0</li>
<li>Available in a wide range of opaque gloss and matt colours for any project</li></ul>

<span style=""font-weight: bold; color: #d7328a;"">Technical Information:</span><br>
<ul><a href=""media/ecom/pdfs/datasheets/TDS_Ri_MarkEvent_uk_issue1_b756.pdf"" target=""_blank""><img
style=""border: 0px solid ; width: 200px; height: 60px;"" alt=""Ri-Mark Event Datasheet""
src=""media/ecom/onpagegraphics/Datasheet.png""></a>
<a href=""media/ecom/colselxl/digital_colour_card_Ri_Mark_Event.pdf"" target=""_blank""><img
style=""border: 0px solid ; width: 200px; height: 60px;"" alt=""Ri-Mark Event Colour Selector""
src=""media/ecom/onpagegraphics/Colour.png""></a></ul>
</body>
</html>","Event_357_Matt_Light_Blue.png","Event_357_Matt_Light_Blue.png","INVITEMS","DEFAULT-M357-DEFAULT-M357","","","0","0","0","","1","REGONLY","0","0","0","0","","","","SELECT","SELECT","0","","","","","0","0","","income-service","","","0","0","","","","","Ritrama_L_Range","Ritrama_L_Range","","","0","900EMT1220, 4075CT1220, 903C1220, Aslan_Red_Devil_Squeegee, Olfa_X_Design_Heavy_Duty_Knife, Masking_Tape_25mm, Aslan-Gold-Soft-Squeegee, Olfa_Graphic_Cutter, Swann_Morton_3_Handle, Swann_Morton_10A_Blades, Float_On","900EMT1220, 4075CT1220, 903C1220, Aslan_Red_Devil_Squeegee, Olfa_X_Design_Heavy_Duty_Knife, Masking_Tape_25mm, Aslan-Gold-Soft-Squeegee, Olfa_Graphic_Cutter, Swann_Morton_3_Handle, Swann_Morton_10A_Blades, Float_On","A","","","","","Colours, Blues","Matt","","","","","","","","","Ri-Mark-Event-357-Matt-Light-Blue","0","vinyl, monomeric, event, ritrama, fedrigoni, L grade, L series, L range, M range, matt, 357, m357, light, blue, lightblue, ","","","1670946030","0","","0","","CHECKBOX"
"M358","Ri-Mark Event 358 Matt Olympic Blue","M358","Ritrama","770","1","DEFAULT","","","","","0","Ri-Mark Event 358 Matt Olympic Blue monomeric self-adhesive vinyl for short to medium term outdoor and indoor signage and display applications.","<html>
<head><title>Ri-Mark Event 358 Matt Olympic Blue</title>

<style>
.responsive {
  width: 50%;
  height: auto;
}
</style>
</head>

<body>
<img src=""media/ecom/onpagegraphics/Fedrigoni_Logo.jpg"" alt=""Fedrigoni Logo"" class=""responsive"">
<p>Ri-Mark Event 358 Matt Olympic Blue monomeric self-adhesive vinyl is designed for short to medium term outdoor and indoor signage, point of sale displays and exhibition graphics.</p>

<span style=""font-weight: bold; color: #d7328a;"">Structure:</span><br>
<ul><li>70<span>&#181;</span>m Monomeric calendered PVC</li>
<li>Transparent water based adhesive - Semi-permanent</li>
<li>Clay coated kraft paper liner - 120gm<sup>2</sup>
</li></ul>

<span style=""font-weight: bold; color: #d7328a;"">Suitability:</span><br>
<ul><li>Suitable for application to smooth flat and 2D curved surfaces</li>
<li>Ideal for short to medium term outdoor and indoor signage, point of sale displays and exhibition graphics</li>
<li>Water based adhesive provides good dimensional stability and clean removability from most substrates</li>
<li>Suitable for dry or wet application methods (Please note that if applying wet on to glass, the adhesive may become milky but this will clear when the adhesive has dried)</li>
<li>Outdoor durability of up to 4 years</li></ul>

<span style=""font-weight: bold; color: #d7328a;"">Advantages:</span><br>
<ul><li>Clean removability from most substrates for short term applications</li>
<li>Fire Rated to Euroclass DIN EN 13501-1:2019-05 with classification B-s1-d0</li>
<li>Available in a wide range of opaque gloss and matt colours for any project</li></ul>

<span style=""font-weight: bold; color: #d7328a;"">Technical Information:</span><br>
<ul><a href=""media/ecom/pdfs/datasheets/TDS_Ri_MarkEvent_uk_issue1_b756.pdf"" target=""_blank""><img
style=""border: 0px solid ; width: 200px; height: 60px;"" alt=""Ri-Mark Event Datasheet""
src=""media/ecom/onpagegraphics/Datasheet.png""></a>
<a href=""media/ecom/colselxl/digital_colour_card_Ri_Mark_Event.pdf"" target=""_blank""><img
style=""border: 0px solid ; width: 200px; height: 60px;"" alt=""Ri-Mark Event Colour Selector""
src=""media/ecom/onpagegraphics/Colour.png""></a></ul>
</body>
</html>","Event_358_Matt_Olympic_Blue.png","Event_358_Matt_Olympic_Blue.png","INVITEMS","DEFAULT-M358-DEFAULT-M358","","","0","0","0","","1","REGONLY","0","0","0","0","","","","SELECT","SELECT","0","","","","","0","0","","income-service","","","0","0","","","","","Ritrama_L_Range","Ritrama_L_Range","","","0","900EMT1220, 4075CT1220, 903C1220, Aslan_Red_Devil_Squeegee, Olfa_X_Design_Heavy_Duty_Knife, Masking_Tape_25mm, Aslan-Gold-Soft-Squeegee, Olfa_Graphic_Cutter, Swann_Morton_3_Handle, Swann_Morton_10A_Blades, Float_On","900EMT1220, 4075CT1220, 903C1220, Aslan_Red_Devil_Squeegee, Olfa_X_Design_Heavy_Duty_Knife, Masking_Tape_25mm, Aslan-Gold-Soft-Squeegee, Olfa_Graphic_Cutter, Swann_Morton_3_Handle, Swann_Morton_10A_Blades, Float_On","A","","","","","Colours, Blues","Matt","","","","","","","","","Ri-Mark-Event-358-Matt-Olympic-Blue","0","vinyl, monomeric, event, ritrama, fedrigoni, L grade, L series, L range, M range, matt, 358, m358, olympic, blue, olympicblue, ","","","1673620204","0","","0","","CHECKBOX"
"M359","Ri-Mark Event 359 Matt Medium Blue","M359","Ritrama","760","1","DEFAULT","","","","","0","Ri-Mark Event 359 Matt Medium Blue monomeric self-adhesive vinyl for short to medium term outdoor and indoor signage and display applications.","<html>
<head><title>Ri-Mark Event 359 Matt Medium Blue</title>

<style>
.responsive {
  width: 50%;
  height: auto;
}
</style>
</head>

<body>
<img src=""media/ecom/onpagegraphics/Fedrigoni_Logo.jpg"" alt=""Fedrigoni Logo"" class=""responsive"">
<p>Ri-Mark Event 359 Matt Medium Blue monomeric self-adhesive vinyl is designed for short to medium term outdoor and indoor signage, point of sale displays and exhibition graphics.</p>

<span style=""font-weight: bold; color: #d7328a;"">Structure:</span><br>
<ul><li>70<span>&#181;</span>m Monomeric calendered PVC</li>
<li>Transparent water based adhesive - Semi-permanent</li>
<li>Clay coated kraft paper liner - 120gm<sup>2</sup>
</li></ul>

<span style=""font-weight: bold; color: #d7328a;"">Suitability:</span><br>
<ul><li>Suitable for application to smooth flat and 2D curved surfaces</li>
<li>Ideal for short to medium term outdoor and indoor signage, point of sale displays and exhibition graphics</li>
<li>Water based adhesive provides good dimensional stability and clean removability from most substrates</li>
<li>Suitable for dry or wet application methods (Please note that if applying wet on to glass, the adhesive may become milky but this will clear when the adhesive has dried)</li>
<li>Outdoor durability of up to 4 years</li></ul>

<span style=""font-weight: bold; color: #d7328a;"">Advantages:</span><br>
<ul><li>Clean removability from most substrates for short term applications</li>
<li>Fire Rated to Euroclass DIN EN 13501-1:2019-05 with classification B-s1-d0</li>
<li>Available in a wide range of opaque gloss and matt colours for any project</li></ul>

<span style=""font-weight: bold; color: #d7328a;"">Technical Information:</span><br>
<ul><a href=""media/ecom/pdfs/datasheets/TDS_Ri_MarkEvent_uk_issue1_b756.pdf"" target=""_blank""><img
style=""border: 0px solid ; width: 200px; height: 60px;"" alt=""Ri-Mark Event Datasheet""
src=""media/ecom/onpagegraphics/Datasheet.png""></a>
<a href=""media/ecom/colselxl/digital_colour_card_Ri_Mark_Event.pdf"" target=""_blank""><img
style=""border: 0px solid ; width: 200px; height: 60px;"" alt=""Ri-Mark Event Colour Selector""
src=""media/ecom/onpagegraphics/Colour.png""></a></ul>
</body>
</html>","Event_359_Matt_Medium_Blue.png","Event_359_Matt_Medium_Blue.png","INVITEMS","DEFAULT-M359-DEFAULT-M359","","","0","0","0","","1","REGONLY","0","0","0","0","","","","SELECT","SELECT","0","","","","","0","0","","income-service","","","0","0","","","","","Ritrama_L_Range","Ritrama_L_Range","","","0","900EMT1220, 4075CT1220, 903C1220, Aslan_Red_Devil_Squeegee, Olfa_X_Design_Heavy_Duty_Knife, Masking_Tape_25mm, Aslan-Gold-Soft-Squeegee, Olfa_Graphic_Cutter, Swann_Morton_3_Handle, Swann_Morton_10A_Blades, Float_On","900EMT1220, 4075CT1220, 903C1220, Aslan_Red_Devil_Squeegee, Olfa_X_Design_Heavy_Duty_Knife, Masking_Tape_25mm, Aslan-Gold-Soft-Squeegee, Olfa_Graphic_Cutter, Swann_Morton_3_Handle, Swann_Morton_10A_Blades, Float_On","A","","","","","Colours, Blues","Matt","","","","","","","","","Ri-Mark-Event-359-Matt-Medium-Blue","0","vinyl, monomeric, event, ritrama, fedrigoni, L grade, L series, L range, M range, matt, 359, m359, medium, blue, mediumblue, ","","","1673620089","0","","0","","CHECKBOX"
"M360","Ri-Mark Event 360 Matt Permanent Blue","M360","Ritrama","740","1","DEFAULT","","","","","0","Ri-Mark Event 360 Matt Permanent Blue monomeric self-adhesive vinyl for short to medium term outdoor and indoor signage and display applications.","<html>
<head><title>Ri-Mark Event 360 Matt Permanent Blue</title>

<style>
.responsive {
  width: 50%;
  height: auto;
}
</style>
</head>

<body>
<img src=""media/ecom/onpagegraphics/Fedrigoni_Logo.jpg"" alt=""Fedrigoni Logo"" class=""responsive"">
<p>Ri-Mark Event 360 Matt Permanent Blue monomeric self-adhesive vinyl is designed for short to medium term outdoor and indoor signage, point of sale displays and exhibition graphics.</p>

<span style=""font-weight: bold; color: #d7328a;"">Structure:</span><br>
<ul><li>70<span>&#181;</span>m Monomeric calendered PVC</li>
<li>Transparent water based adhesive - Semi-permanent</li>
<li>Clay coated kraft paper liner - 120gm<sup>2</sup>
</li></ul>

<span style=""font-weight: bold; color: #d7328a;"">Suitability:</span><br>
<ul><li>Suitable for application to smooth flat and 2D curved surfaces</li>
<li>Ideal for short to medium term outdoor and indoor signage, point of sale displays and exhibition graphics</li>
<li>Water based adhesive provides good dimensional stability and clean removability from most substrates</li>
<li>Suitable for dry or wet application methods (Please note that if applying wet on to glass, the adhesive may become milky but this will clear when the adhesive has dried)</li>
<li>Outdoor durability of up to 4 years</li></ul>

<span style=""font-weight: bold; color: #d7328a;"">Advantages:</span><br>
<ul><li>Clean removability from most substrates for short term applications</li>
<li>Fire Rated to Euroclass DIN EN 13501-1:2019-05 with classification B-s1-d0</li>
<li>Available in a wide range of opaque gloss and matt colours for any project</li></ul>

<span style=""font-weight: bold; color: #d7328a;"">Technical Information:</span><br>
<ul><a href=""media/ecom/pdfs/datasheets/TDS_Ri_MarkEvent_uk_issue1_b756.pdf"" target=""_blank""><img
style=""border: 0px solid ; width: 200px; height: 60px;"" alt=""Ri-Mark Event Datasheet""
src=""media/ecom/onpagegraphics/Datasheet.png""></a>
<a href=""media/ecom/colselxl/digital_colour_card_Ri_Mark_Event.pdf"" target=""_blank""><img
style=""border: 0px solid ; width: 200px; height: 60px;"" alt=""Ri-Mark Event Colour Selector""
src=""media/ecom/onpagegraphics/Colour.png""></a></ul>
</body>
</html>","Event_360_Matt_Permanent_Blue.png","Event_360_Matt_Permanent_Blue.png","INVITEMS","DEFAULT-M360-DEFAULT-M360","","","0","0","0","","1","REGONLY","0","0","0","0","","","","SELECT","SELECT","0","","","","","0","0","","income-service","","","0","0","","","","","Ritrama_L_Range","Ritrama_L_Range","","","0","900EMT1220, 4075CT1220, 903C1220, Aslan_Red_Devil_Squeegee, Olfa_X_Design_Heavy_Duty_Knife, Masking_Tape_25mm, Aslan-Gold-Soft-Squeegee, Olfa_Graphic_Cutter, Swann_Morton_3_Handle, Swann_Morton_10A_Blades, Float_On","900EMT1220, 4075CT1220, 903C1220, Aslan_Red_Devil_Squeegee, Olfa_X_Design_Heavy_Duty_Knife, Masking_Tape_25mm, Aslan-Gold-Soft-Squeegee, Olfa_Graphic_Cutter, Swann_Morton_3_Handle, Swann_Morton_10A_Blades, Float_On","A","","","","","Colours, Blues","Matt","","","","","","","","","Ri-Mark-Event-360-Matt-Permanent-Blue","0","vinyl, monomeric, event, ritrama, fedrigoni, L grade, L series, L range, M range, matt, 360, m360, permanent, permanant, blue, permanantblue, permanentblue, ","","","1673619854","0","","0","","CHECKBOX"
"M366","Ri-Mark Event 366 Matt Vivid Blue","M366","Ritrama","750","1","DEFAULT","","","","","0","Ri-Mark Event 366 Matt Vivid Blue monomeric self-adhesive vinyl for short to medium term outdoor and indoor signage and display applications.","<html>
<head><title>Ri-Mark Event 366 Matt Vivid Blue</title>

<style>
.responsive {
  width: 50%;
  height: auto;
}
</style>
</head>

<body>
<img src=""media/ecom/onpagegraphics/Fedrigoni_Logo.jpg"" alt=""Fedrigoni Logo"" class=""responsive"">
<p>Ri-Mark Event 366 Matt Vivid Blue monomeric self-adhesive vinyl is designed for short to medium term outdoor and indoor signage, point of sale displays and exhibition graphics.</p>

<span style=""font-weight: bold; color: #d7328a;"">Structure:</span><br>
<ul><li>70<span>&#181;</span>m Monomeric calendered PVC</li>
<li>Transparent water based adhesive - Semi-permanent</li>
<li>Clay coated kraft paper liner - 120gm<sup>2</sup>
</li></ul>

<span style=""font-weight: bold; color: #d7328a;"">Suitability:</span><br>
<ul><li>Suitable for application to smooth flat and 2D curved surfaces</li>
<li>Ideal for short to medium term outdoor and indoor signage, point of sale displays and exhibition graphics</li>
<li>Water based adhesive provides good dimensional stability and clean removability from most substrates</li>
<li>Suitable for dry or wet application methods (Please note that if applying wet on to glass, the adhesive may become milky but this will clear when the adhesive has dried)</li>
<li>Outdoor durability of up to 4 years</li></ul>

<span style=""font-weight: bold; color: #d7328a;"">Advantages:</span><br>
<ul><li>Clean removability from most substrates for short term applications</li>
<li>Fire Rated to Euroclass DIN EN 13501-1:2019-05 with classification B-s1-d0</li>
<li>Available in a wide range of opaque gloss and matt colours for any project</li></ul>

<span style=""font-weight: bold; color: #d7328a;"">Technical Information:</span><br>
<ul><a href=""media/ecom/pdfs/datasheets/TDS_Ri_MarkEvent_uk_issue1_b756.pdf"" target=""_blank""><img
style=""border: 0px solid ; width: 200px; height: 60px;"" alt=""Ri-Mark Event Datasheet""
src=""media/ecom/onpagegraphics/Datasheet.png""></a>
<a href=""media/ecom/colselxl/digital_colour_card_Ri_Mark_Event.pdf"" target=""_blank""><img
style=""border: 0px solid ; width: 200px; height: 60px;"" alt=""Ri-Mark Event Colour Selector""
src=""media/ecom/onpagegraphics/Colour.png""></a></ul>
</body>
</html>","Event_366_Matt_Vivid_Blue.png","Event_366_Matt_Vivid_Blue.png","INVITEMS","DEFAULT-M366-DEFAULT-M366","","","0","0","0","","1","REGONLY","0","0","0","0","","","","SELECT","SELECT","0","","","","","0","0","","income-service","","","0","0","","","","","Ritrama_L_Range","Ritrama_L_Range","","","0","900EMT1220, 4075CT1220, 903C1220, Aslan_Red_Devil_Squeegee, Olfa_X_Design_Heavy_Duty_Knife, Masking_Tape_25mm, Aslan-Gold-Soft-Squeegee, Olfa_Graphic_Cutter, Swann_Morton_3_Handle, Swann_Morton_10A_Blades, Float_On","900EMT1220, 4075CT1220, 903C1220, Aslan_Red_Devil_Squeegee, Olfa_X_Design_Heavy_Duty_Knife, Masking_Tape_25mm, Aslan-Gold-Soft-Squeegee, Olfa_Graphic_Cutter, Swann_Morton_3_Handle, Swann_Morton_10A_Blades, Float_On","A","","","","","Colours, Blues","Matt","","","","","","","","","Ri-Mark-Event-366-Matt-Vivid Blue","0","vinyl, monomeric, event, ritrama, fedrigoni, L grade, L series, L range, M range, matt, 366, m366, vivid, blue, vividblue, ","","","1673619993","0","","0","","CHECKBOX"
"M368","Ri-Mark Event 368 Matt Brilliant Blue","M368","Ritrama","720","1","DEFAULT","","","","","0","Ri-Mark Event 368 Matt Brilliant Blue monomeric self-adhesive vinyl for short to medium term outdoor and indoor signage and display applications.","<html>
<head><title>Ri-Mark Event 368 Matt Brilliant Blue</title>

<style>
.responsive {
  width: 50%;
  height: auto;
}
</style>
</head>

<body>
<img src=""media/ecom/onpagegraphics/Fedrigoni_Logo.jpg"" alt=""Fedrigoni Logo"" class=""responsive"">
<p>Ri-Mark Event 368 Matt Brilliant Blue monomeric self-adhesive vinyl is designed for short to medium term outdoor and indoor signage, point of sale displays and exhibition graphics.</p>

<span style=""font-weight: bold; color: #d7328a;"">Structure:</span><br>
<ul><li>70<span>&#181;</span>m Monomeric calendered PVC</li>
<li>Transparent water based adhesive - Semi-permanent</li>
<li>Clay coated kraft paper liner - 120gm<sup>2</sup>
</li></ul>

<span style=""font-weight: bold; color: #d7328a;"">Suitability:</span><br>
<ul><li>Suitable for application to smooth flat and 2D curved surfaces</li>
<li>Ideal for short to medium term outdoor and indoor signage, point of sale displays and exhibition graphics</li>
<li>Water based adhesive provides good dimensional stability and clean removability from most substrates</li>
<li>Suitable for dry or wet application methods (Please note that if applying wet on to glass, the adhesive may become milky but this will clear when the adhesive has dried)</li>
<li>Outdoor durability of up to 4 years</li></ul>

<span style=""font-weight: bold; color: #d7328a;"">Advantages:</span><br>
<ul><li>Clean removability from most substrates for short term applications</li>
<li>Fire Rated to Euroclass DIN EN 13501-1:2019-05 with classification B-s1-d0</li>
<li>Available in a wide range of opaque gloss and matt colours for any project</li></ul>

<span style=""font-weight: bold; color: #d7328a;"">Technical Information:</span><br>
<ul><a href=""media/ecom/pdfs/datasheets/TDS_Ri_MarkEvent_uk_issue1_b756.pdf"" target=""_blank""><img
style=""border: 0px solid ; width: 200px; height: 60px;"" alt=""Ri-Mark Event Datasheet""
src=""media/ecom/onpagegraphics/Datasheet.png""></a>
<a href=""media/ecom/colselxl/digital_colour_card_Ri_Mark_Event.pdf"" target=""_blank""><img
style=""border: 0px solid ; width: 200px; height: 60px;"" alt=""Ri-Mark Event Colour Selector""
src=""media/ecom/onpagegraphics/Colour.png""></a></ul>
</body>
</html>","Event_368_Matt_Brilliant_Blue.png","Event_368_Matt_Brilliant_Blue.png","INVITEMS","DEFAULT-M368-DEFAULT-M368","","","0","0","0","","1","REGONLY","0","0","0","0","","","","SELECT","SELECT","0","","","","","0","0","","income-service","","","0","0","","","","","Ritrama_L_Range","Ritrama_L_Range","","","0","900EMT1220, 4075CT1220, 903C1220, Aslan_Red_Devil_Squeegee, Olfa_X_Design_Heavy_Duty_Knife, Masking_Tape_25mm, Aslan-Gold-Soft-Squeegee, Olfa_Graphic_Cutter, Swann_Morton_3_Handle, Swann_Morton_10A_Blades, Float_On","900EMT1220, 4075CT1220, 903C1220, Aslan_Red_Devil_Squeegee, Olfa_X_Design_Heavy_Duty_Knife, Masking_Tape_25mm, Aslan-Gold-Soft-Squeegee, Olfa_Graphic_Cutter, Swann_Morton_3_Handle, Swann_Morton_10A_Blades, Float_On","A","","","","","Colours, Blues","Matt","","","","","","","","","Ri-Mark-Event-368-Matt-Brilliant-Blue","0","vinyl, monomeric, event, ritrama, fedrigoni, L grade, L series, L range, M range, matt, 368, m368, brilliant, blue, brilliantblue, ","","","1673619658","0","","0","","CHECKBOX"
"M370","Ri-Mark Event 370 Matt Ultra Blue","M370","Ritrama","730","1","DEFAULT","","","","","0","Ri-Mark Event 370 Matt Ultra Blue monomeric self-adhesive vinyl for short to medium term outdoor and indoor signage and display applications.","<html>
<head><title>Ri-Mark Event 370 Matt Ultra Blue</title>

<style>
.responsive {
  width: 50%;
  height: auto;
}
</style>
</head>

<body>
<img src=""media/ecom/onpagegraphics/Fedrigoni_Logo.jpg"" alt=""Fedrigoni Logo"" class=""responsive"">
<p>Ri-Mark Event 370 Matt Ultra Blue monomeric self-adhesive vinyl is designed for short to medium term outdoor and indoor signage, point of sale displays and exhibition graphics.</p>

<span style=""font-weight: bold; color: #d7328a;"">Structure:</span><br>
<ul><li>70<span>&#181;</span>m Monomeric calendered PVC</li>
<li>Transparent water based adhesive - Semi-permanent</li>
<li>Clay coated kraft paper liner - 120gm<sup>2</sup>
</li></ul>

<span style=""font-weight: bold; color: #d7328a;"">Suitability:</span><br>
<ul><li>Suitable for application to smooth flat and 2D curved surfaces</li>
<li>Ideal for short to medium term outdoor and indoor signage, point of sale displays and exhibition graphics</li>
<li>Water based adhesive provides good dimensional stability and clean removability from most substrates</li>
<li>Suitable for dry or wet application methods (Please note that if applying wet on to glass, the adhesive may become milky but this will clear when the adhesive has dried)</li>
<li>Outdoor durability of up to 4 years</li></ul>

<span style=""font-weight: bold; color: #d7328a;"">Advantages:</span><br>
<ul><li>Clean removability from most substrates for short term applications</li>
<li>Fire Rated to Euroclass DIN EN 13501-1:2019-05 with classification B-s1-d0</li>
<li>Available in a wide range of opaque gloss and matt colours for any project</li></ul>

<span style=""font-weight: bold; color: #d7328a;"">Technical Information:</span><br>
<ul><a href=""media/ecom/pdfs/datasheets/TDS_Ri_MarkEvent_uk_issue1_b756.pdf"" target=""_blank""><img
style=""border: 0px solid ; width: 200px; height: 60px;"" alt=""Ri-Mark Event Datasheet""
src=""media/ecom/onpagegraphics/Datasheet.png""></a>
<a href=""media/ecom/colselxl/digital_colour_card_Ri_Mark_Event.pdf"" target=""_blank""><img
style=""border: 0px solid ; width: 200px; height: 60px;"" alt=""Ri-Mark Event Colour Selector""
src=""media/ecom/onpagegraphics/Colour.png""></a></ul>
</body>
</html>","Event_370_Matt_Ultra_Blue.png","Event_370_Matt_Ultra_Blue.png","INVITEMS","DEFAULT-M370-DEFAULT-M370","","","0","0","0","","1","REGONLY","0","0","0","0","","","","SELECT","SELECT","0","","","","","0","0","","income-service","","","0","0","","","","","Ritrama_L_Range","Ritrama_L_Range","","","0","900EMT1220, 4075CT1220, 903C1220, Aslan_Red_Devil_Squeegee, Olfa_X_Design_Heavy_Duty_Knife, Masking_Tape_25mm, Aslan-Gold-Soft-Squeegee, Olfa_Graphic_Cutter, Swann_Morton_3_Handle, Swann_Morton_10A_Blades, Float_On","900EMT1220, 4075CT1220, 903C1220, Aslan_Red_Devil_Squeegee, Olfa_X_Design_Heavy_Duty_Knife, Masking_Tape_25mm, Aslan-Gold-Soft-Squeegee, Olfa_Graphic_Cutter, Swann_Morton_3_Handle, Swann_Morton_10A_Blades, Float_On","A","","","","","Colours, Blues","Matt","","","","","","","","","Ri-Mark-Event-370-Matt-Ultra-Blue","0","vinyl, monomeric, event, ritrama, fedrigoni, L grade, L series, L range, M range, matt, 370, m370, ultra, blue, ultrablue, ","","","1673619752","0","","0","","CHECKBOX"
"M371","Ri-Mark Event 371 Matt Gold","M371","Ritrama","960","1","DEFAULT","","","","","0","Ri-Mark Event 371 Matt Gold monomeric self-adhesive vinyl for short to medium term outdoor and indoor signage and display applications.","<html>
<head><title>Ri-Mark Event 371 Matt Gold</title>

<style>
.responsive {
  width: 50%;
  height: auto;
}
</style>
</head>

<body>
<img src=""media/ecom/onpagegraphics/Fedrigoni_Logo.jpg"" alt=""Fedrigoni Logo"" class=""responsive"">
<p>Ri-Mark Event 371 Matt Gold monomeric self-adhesive vinyl is designed for short to medium term outdoor and indoor signage, point of sale displays and exhibition graphics.</p>

<span style=""font-weight: bold; color: #d7328a;"">Structure:</span><br>
<ul><li>70<span>&#181;</span>m Monomeric calendered PVC</li>
<li>Transparent water based adhesive - Semi-permanent</li>
<li>Clay coated kraft paper liner - 120gm<sup>2</sup>
</li></ul>

<span style=""font-weight: bold; color: #d7328a;"">Suitability:</span><br>
<ul><li>Suitable for application to smooth flat and 2D curved surfaces</li>
<li>Ideal for short to medium term outdoor and indoor signage, point of sale displays and exhibition graphics</li>
<li>Water based adhesive provides good dimensional stability and clean removability from most substrates</li>
<li>Suitable for dry or wet application methods (Please note that if applying wet on to glass, the adhesive may become milky but this will clear when the adhesive has dried)</li>
<li>Outdoor durability of up to 3 years</li></ul>

<span style=""font-weight: bold; color: #d7328a;"">Advantages:</span><br>
<ul><li>Clean removability from most substrates for short term applications</li>
<li>Fire Rated to Euroclass DIN EN 13501-1:2019-05 with classification B-s1-d0</li>
<li>Available in a wide range of opaque gloss and matt colours for any project</li></ul>

<span style=""font-weight: bold; color: #d7328a;"">Technical Information:</span><br>
<ul><a href=""media/ecom/pdfs/datasheets/TDS_Ri_MarkEvent_uk_issue1_b756.pdf"" target=""_blank""><img
style=""border: 0px solid ; width: 200px; height: 60px;"" alt=""Ri-Mark Event Datasheet""
src=""media/ecom/onpagegraphics/Datasheet.png""></a>
<a href=""media/ecom/colselxl/digital_colour_card_Ri_Mark_Event.pdf"" target=""_blank""><img
style=""border: 0px solid ; width: 200px; height: 60px;"" alt=""Ri-Mark Event Colour Selector""
src=""media/ecom/onpagegraphics/Colour.png""></a></ul>
</body>
</html>","Event_371_Matt_Gold.png","Event_371_Matt_Gold.png","INVITEMS","DEFAULT-M371-DEFAULT-M371","","","0","0","0","","1","REGONLY","0","0","0","0","","","","SELECT","SELECT","0","","","","","0","0","","income-service","","","0","0","","","","","Ritrama_L_Range","Ritrama_L_Range","","","0","900EMT1220, 4075CT1220, 903C1220, Aslan_Red_Devil_Squeegee, Olfa_X_Design_Heavy_Duty_Knife, Masking_Tape_25mm, Aslan-Gold-Soft-Squeegee, Olfa_Graphic_Cutter, Swann_Morton_3_Handle, Swann_Morton_10A_Blades, Float_On","900EMT1220, 4075CT1220, 903C1220, Aslan_Red_Devil_Squeegee, Olfa_X_Design_Heavy_Duty_Knife, Masking_Tape_25mm, Aslan-Gold-Soft-Squeegee, Olfa_Graphic_Cutter, Swann_Morton_3_Handle, Swann_Morton_10A_Blades, Float_On","A","","","","","Metallics","Matt","","","","","","","","","Ri-Mark-Event-371-Matt-Gold","0","vinyl, monomeric, event, ritrama, fedrigoni, L grade, L series, L range, M range, matt, 371, m371, metallic, gold, ","","","1673863494","0","","0","","CHECKBOX"
"M372","Ri-Mark Event 372 Matt Dark Blue","M372","Ritrama","710","1","DEFAULT","","","","","0","Ri-Mark Event 372 Matt Dark Blue monomeric self-adhesive vinyl for short to medium term outdoor and indoor signage and display applications.","<html>
<head><title>Ri-Mark Event 372 Matt Dark Blue</title>

<style>
.responsive {
  width: 50%;
  height: auto;
}
</style>
</head>

<body>
<img src=""media/ecom/onpagegraphics/Fedrigoni_Logo.jpg"" alt=""Fedrigoni Logo"" class=""responsive"">
<p>Ri-Mark Event 372 Matt Dark Blue monomeric self-adhesive vinyl is designed for short to medium term outdoor and indoor signage, point of sale displays and exhibition graphics.</p>

<span style=""font-weight: bold; color: #d7328a;"">Structure:</span><br>
<ul><li>70<span>&#181;</span>m Monomeric calendered PVC</li>
<li>Transparent water based adhesive - Semi-permanent</li>
<li>Clay coated kraft paper liner - 120gm<sup>2</sup>
</li></ul>

<span style=""font-weight: bold; color: #d7328a;"">Suitability:</span><br>
<ul><li>Suitable for application to smooth flat and 2D curved surfaces</li>
<li>Ideal for short to medium term outdoor and indoor signage, point of sale displays and exhibition graphics</li>
<li>Water based adhesive provides good dimensional stability and clean removability from most substrates</li>
<li>Suitable for dry or wet application methods (Please note that if applying wet on to glass, the adhesive may become milky but this will clear when the adhesive has dried)</li>
<li>Outdoor durability of up to 4 years</li></ul>

<span style=""font-weight: bold; color: #d7328a;"">Advantages:</span><br>
<ul><li>Clean removability from most substrates for short term applications</li>
<li>Fire Rated to Euroclass DIN EN 13501-1:2019-05 with classification B-s1-d0</li>
<li>Available in a wide range of opaque gloss and matt colours for any project</li></ul>

<span style=""font-weight: bold; color: #d7328a;"">Technical Information:</span><br>
<ul><a href=""media/ecom/pdfs/datasheets/TDS_Ri_MarkEvent_uk_issue1_b756.pdf"" target=""_blank""><img
style=""border: 0px solid ; width: 200px; height: 60px;"" alt=""Ri-Mark Event Datasheet""
src=""media/ecom/onpagegraphics/Datasheet.png""></a>
<a href=""media/ecom/colselxl/digital_colour_card_Ri_Mark_Event.pdf"" target=""_blank""><img
style=""border: 0px solid ; width: 200px; height: 60px;"" alt=""Ri-Mark Event Colour Selector""
src=""media/ecom/onpagegraphics/Colour.png""></a></ul>
</body>
</html>","Event_372_Matt_Dark_Blue.png","Event_372_Matt_Dark_Blue.png","INVITEMS","DEFAULT-M372-DEFAULT-M372","","","0","0","0","","1","REGONLY","0","0","0","0","","","","SELECT","SELECT","0","","","","","0","0","","income-service","","","0","0","","","","","Ritrama_L_Range","Ritrama_L_Range","","","0","900EMT1220, 4075CT1220, 903C1220, Aslan_Red_Devil_Squeegee, Olfa_X_Design_Heavy_Duty_Knife, Masking_Tape_25mm, Aslan-Gold-Soft-Squeegee, Olfa_Graphic_Cutter, Swann_Morton_3_Handle, Swann_Morton_10A_Blades, Float_On","900EMT1220, 4075CT1220, 903C1220, Aslan_Red_Devil_Squeegee, Olfa_X_Design_Heavy_Duty_Knife, Masking_Tape_25mm, Aslan-Gold-Soft-Squeegee, Olfa_Graphic_Cutter, Swann_Morton_3_Handle, Swann_Morton_10A_Blades, Float_On","A","","","","","Colours, Blues","Matt","","","","","","","","","Ri-Mark-Event-372-Matt-Dark-Blue","0","vinyl, monomeric, event, ritrama, fedrigoni, L grade, L series, L range, M range, matt, 372, m372, dark, blue, darkblue, ","","","1673618157","0","","0","","CHECKBOX"
"M373","Ri-Mark Event 373 Matt Light Green","M373","Ritrama","850","1","DEFAULT","","","","","0","Ri-Mark Event 373 Matt Light Green monomeric self-adhesive vinyl for short to medium term outdoor and indoor signage and display applications.","<html>
<head><title>Ri-Mark Event 373 Matt Light Green</title>

<style>
.responsive {
  width: 50%;
  height: auto;
}
</style>
</head>

<body>
<img src=""media/ecom/onpagegraphics/Fedrigoni_Logo.jpg"" alt=""Fedrigoni Logo"" class=""responsive"">
<p>Ri-Mark Event 373 Matt Light Green monomeric self-adhesive vinyl is designed for short to medium term outdoor and indoor signage, point of sale displays and exhibition graphics.</p>

<span style=""font-weight: bold; color: #d7328a;"">Structure:</span><br>
<ul><li>70<span>&#181;</span>m Monomeric calendered PVC</li>
<li>Transparent water based adhesive - Semi-permanent</li>
<li>Clay coated kraft paper liner - 120gm<sup>2</sup>
</li></ul>

<span style=""font-weight: bold; color: #d7328a;"">Suitability:</span><br>
<ul><li>Suitable for application to smooth flat and 2D curved surfaces</li>
<li>Ideal for short to medium term outdoor and indoor signage, point of sale displays and exhibition graphics</li>
<li>Water based adhesive provides good dimensional stability and clean removability from most substrates</li>
<li>Suitable for dry or wet application methods (Please note that if applying wet on to glass, the adhesive may become milky but this will clear when the adhesive has dried)</li>
<li>Outdoor durability of up to 4 years</li></ul>

<span style=""font-weight: bold; color: #d7328a;"">Advantages:</span><br>
<ul><li>Clean removability from most substrates for short term applications</li>
<li>Fire Rated to Euroclass DIN EN 13501-1:2019-05 with classification B-s1-d0</li>
<li>Available in a wide range of opaque gloss and matt colours for any project</li></ul>

<span style=""font-weight: bold; color: #d7328a;"">Technical Information:</span><br>
<ul><a href=""media/ecom/pdfs/datasheets/TDS_Ri_MarkEvent_uk_issue1_b756.pdf"" target=""_blank""><img
style=""border: 0px solid ; width: 200px; height: 60px;"" alt=""Ri-Mark Event Datasheet""
src=""media/ecom/onpagegraphics/Datasheet.png""></a>
<a href=""media/ecom/colselxl/digital_colour_card_Ri_Mark_Event.pdf"" target=""_blank""><img
style=""border: 0px solid ; width: 200px; height: 60px;"" alt=""Ri-Mark Event Colour Selector""
src=""media/ecom/onpagegraphics/Colour.png""></a></ul>
</body>
</html>","Event_373_Matt_Light_Green.png","Event_373_Matt_Light_Green.png","INVITEMS","DEFAULT-M373-DEFAULT-M373","","","0","0","0","","1","REGONLY","0","0","0","0","","","","SELECT","SELECT","0","","","","","0","0","","income-service","","","0","0","","","","","Ritrama_L_Range","Ritrama_L_Range","","","0","900EMT1220, 4075CT1220, 903C1220, Aslan_Red_Devil_Squeegee, Olfa_X_Design_Heavy_Duty_Knife, Masking_Tape_25mm, Aslan-Gold-Soft-Squeegee, Olfa_Graphic_Cutter, Swann_Morton_3_Handle, Swann_Morton_10A_Blades, Float_On","900EMT1220, 4075CT1220, 903C1220, Aslan_Red_Devil_Squeegee, Olfa_X_Design_Heavy_Duty_Knife, Masking_Tape_25mm, Aslan-Gold-Soft-Squeegee, Olfa_Graphic_Cutter, Swann_Morton_3_Handle, Swann_Morton_10A_Blades, Float_On","A","","","","","Colours, Greens","Matt","","","","","","","","","Ri-Mark-Event-373-Matt-Light-Green","0","vinyl, monomeric, event, ritrama, fedrigoni, L grade, L series, L range, M range, matt, 373, m373, light, green, lightgreen, ","","","1673634002","0","","0","","CHECKBOX"
"M374","Ri-Mark Event 374 Matt Cactus Green","M374","Ritrama","860","1","DEFAULT","","","","","0","Ri-Mark Event 374 Matt Cactus Green monomeric self-adhesive vinyl for short to medium term outdoor and indoor signage and display applications.","<html>
<head><title>Ri-Mark Event 374 Matt Cactus Green</title>

<style>
.responsive {
  width: 50%;
  height: auto;
}
</style>
</head>

<body>
<img src=""media/ecom/onpagegraphics/Fedrigoni_Logo.jpg"" alt=""Fedrigoni Logo"" class=""responsive"">
<p>Ri-Mark Event 374 Matt Cactus Green monomeric self-adhesive vinyl is designed for short to medium term outdoor and indoor signage, point of sale displays and exhibition graphics.</p>

<span style=""font-weight: bold; color: #d7328a;"">Structure:</span><br>
<ul><li>70<span>&#181;</span>m Monomeric calendered PVC</li>
<li>Transparent water based adhesive - Semi-permanent</li>
<li>Clay coated kraft paper liner - 120gm<sup>2</sup>
</li></ul>

<span style=""font-weight: bold; color: #d7328a;"">Suitability:</span><br>
<ul><li>Suitable for application to smooth flat and 2D curved surfaces</li>
<li>Ideal for short to medium term outdoor and indoor signage, point of sale displays and exhibition graphics</li>
<li>Water based adhesive provides good dimensional stability and clean removability from most substrates</li>
<li>Suitable for dry or wet application methods (Please note that if applying wet on to glass, the adhesive may become milky but this will clear when the adhesive has dried)</li>
<li>Outdoor durability of up to 4 years</li></ul>

<span style=""font-weight: bold; color: #d7328a;"">Advantages:</span><br>
<ul><li>Clean removability from most substrates for short term applications</li>
<li>Fire Rated to Euroclass DIN EN 13501-1:2019-05 with classification B-s1-d0</li>
<li>Available in a wide range of opaque gloss and matt colours for any project</li></ul>

<span style=""font-weight: bold; color: #d7328a;"">Technical Information:</span><br>
<ul><a href=""media/ecom/pdfs/datasheets/TDS_Ri_MarkEvent_uk_issue1_b756.pdf"" target=""_blank""><img
style=""border: 0px solid ; width: 200px; height: 60px;"" alt=""Ri-Mark Event Datasheet""
src=""media/ecom/onpagegraphics/Datasheet.png""></a>
<a href=""media/ecom/colselxl/digital_colour_card_Ri_Mark_Event.pdf"" target=""_blank""><img
style=""border: 0px solid ; width: 200px; height: 60px;"" alt=""Ri-Mark Event Colour Selector""
src=""media/ecom/onpagegraphics/Colour.png""></a></ul>
</body>
</html>","Event_374_Matt_Cactus_Green.png","Event_374_Matt_Cactus_Green.png","INVITEMS","DEFAULT-M374-DEFAULT-M374","","","0","0","0","","1","REGONLY","0","0","0","0","","","","SELECT","SELECT","0","","","","","0","0","","income-service","","","0","0","","","","","Ritrama_L_Range","Ritrama_L_Range","","","0","900EMT1220, 4075CT1220, 903C1220, Aslan_Red_Devil_Squeegee, Olfa_X_Design_Heavy_Duty_Knife, Masking_Tape_25mm, Aslan-Gold-Soft-Squeegee, Olfa_Graphic_Cutter, Swann_Morton_3_Handle, Swann_Morton_10A_Blades, Float_On","900EMT1220, 4075CT1220, 903C1220, Aslan_Red_Devil_Squeegee, Olfa_X_Design_Heavy_Duty_Knife, Masking_Tape_25mm, Aslan-Gold-Soft-Squeegee, Olfa_Graphic_Cutter, Swann_Morton_3_Handle, Swann_Morton_10A_Blades, Float_On","A","","","","","Colours, Greens","Matt","","","","","","","","","Ri-Mark-Event-374-Matt-Cactus-Green","0","vinyl, monomeric, event, ritrama, fedrigoni, L grade, L series, L range, M range, matt, 374, m374, cactus, green, cactusgreen, ","","","1673634155","0","","0","","CHECKBOX"
"M376","Ri-Mark Event 376 Matt Aqua Green","M376","Ritrama","800","1","DEFAULT","","","","","0","Ri-Mark Event 376 Matt Aqua Green monomeric self-adhesive vinyl for short to medium term outdoor and indoor signage and display applications.","<html>
<head><title>Ri-Mark Event 376 Matt Aqua Green</title>

<style>
.responsive {
  width: 50%;
  height: auto;
}
</style>
</head>

<body>
<img src=""media/ecom/onpagegraphics/Fedrigoni_Logo.jpg"" alt=""Fedrigoni Logo"" class=""responsive"">
<p>Ri-Mark Event 376 Matt Aqua Green monomeric self-adhesive vinyl is designed for short to medium term outdoor and indoor signage, point of sale displays and exhibition graphics.</p>

<span style=""font-weight: bold; color: #d7328a;"">Structure:</span><br>
<ul><li>70<span>&#181;</span>m Monomeric calendered PVC</li>
<li>Transparent water based adhesive - Semi-permanent</li>
<li>Clay coated kraft paper liner - 120gm<sup>2</sup>
</li></ul>

<span style=""font-weight: bold; color: #d7328a;"">Suitability:</span><br>
<ul><li>Suitable for application to smooth flat and 2D curved surfaces</li>
<li>Ideal for short to medium term outdoor and indoor signage, point of sale displays and exhibition graphics</li>
<li>Water based adhesive provides good dimensional stability and clean removability from most substrates</li>
<li>Suitable for dry or wet application methods (Please note that if applying wet on to glass, the adhesive may become milky but this will clear when the adhesive has dried)</li>
<li>Outdoor durability of up to 4 years</li></ul>

<span style=""font-weight: bold; color: #d7328a;"">Advantages:</span><br>
<ul><li>Clean removability from most substrates for short term applications</li>
<li>Fire Rated to Euroclass DIN EN 13501-1:2019-05 with classification B-s1-d0</li>
<li>Available in a wide range of opaque gloss and matt colours for any project</li></ul>

<span style=""font-weight: bold; color: #d7328a;"">Technical Information:</span><br>
<ul><a href=""media/ecom/pdfs/datasheets/TDS_Ri_MarkEvent_uk_issue1_b756.pdf"" target=""_blank""><img
style=""border: 0px solid ; width: 200px; height: 60px;"" alt=""Ri-Mark Event Datasheet""
src=""media/ecom/onpagegraphics/Datasheet.png""></a>
<a href=""media/ecom/colselxl/digital_colour_card_Ri_Mark_Event.pdf"" target=""_blank""><img
style=""border: 0px solid ; width: 200px; height: 60px;"" alt=""Ri-Mark Event Colour Selector""
src=""media/ecom/onpagegraphics/Colour.png""></a></ul>
</body>
</html>","Event_376_Matt_Aqua_Green.png","Event_376_Matt_Aqua_Green.png","INVITEMS","DEFAULT-M376-DEFAULT-M376","","","0","0","0","","1","REGONLY","0","0","0","0","","","","SELECT","SELECT","0","","","","","0","0","","income-service","","","0","0","","","","","Ritrama_L_Range","Ritrama_L_Range","","","0","900EMT1220, 4075CT1220, 903C1220, Aslan_Red_Devil_Squeegee, Olfa_X_Design_Heavy_Duty_Knife, Masking_Tape_25mm, Aslan-Gold-Soft-Squeegee, Olfa_Graphic_Cutter, Swann_Morton_3_Handle, Swann_Morton_10A_Blades, Float_On","900EMT1220, 4075CT1220, 903C1220, Aslan_Red_Devil_Squeegee, Olfa_X_Design_Heavy_Duty_Knife, Masking_Tape_25mm, Aslan-Gold-Soft-Squeegee, Olfa_Graphic_Cutter, Swann_Morton_3_Handle, Swann_Morton_10A_Blades, Float_On","A","","","","","Colours, Greens","Matt","","","","","","","","","Ri-Mark-Event-376-Matt-Aqua-Green","0","vinyl, monomeric, event, ritrama, fedrigoni, L grade, L series, L range, M range, matt, 376, m376, aqua, green, aquagreen, ","","","1673620607","0","","0","","CHECKBOX"
"M378","Ri-Mark Event 378 Matt Apple Green","M378","Ritrama","840","1","DEFAULT","","","","","0","Ri-Mark Event 378 Matt Apple Green monomeric self-adhesive vinyl for short to medium term outdoor and indoor signage and display applications.","<html>
<head><title>Ri-Mark Event 378 Matt Apple Green</title>

<style>
.responsive {
  width: 50%;
  height: auto;
}
</style>
</head>

<body>
<img src=""media/ecom/onpagegraphics/Fedrigoni_Logo.jpg"" alt=""Fedrigoni Logo"" class=""responsive"">
<p>Ri-Mark Event 378 Matt Apple Green monomeric self-adhesive vinyl is designed for short to medium term outdoor and indoor signage, point of sale displays and exhibition graphics.</p>

<span style=""font-weight: bold; color: #d7328a;"">Structure:</span><br>
<ul><li>70<span>&#181;</span>m Monomeric calendered PVC</li>
<li>Transparent water based adhesive - Semi-permanent</li>
<li>Clay coated kraft paper liner - 120gm<sup>2</sup>
</li></ul>

<span style=""font-weight: bold; color: #d7328a;"">Suitability:</span><br>
<ul><li>Suitable for application to smooth flat and 2D curved surfaces</li>
<li>Ideal for short to medium term outdoor and indoor signage, point of sale displays and exhibition graphics</li>
<li>Water based adhesive provides good dimensional stability and clean removability from most substrates</li>
<li>Suitable for dry or wet application methods (Please note that if applying wet on to glass, the adhesive may become milky but this will clear when the adhesive has dried)</li>
<li>Outdoor durability of up to 4 years</li></ul>

<span style=""font-weight: bold; color: #d7328a;"">Advantages:</span><br>
<ul><li>Clean removability from most substrates for short term applications</li>
<li>Fire Rated to Euroclass DIN EN 13501-1:2019-05 with classification B-s1-d0</li>
<li>Available in a wide range of opaque gloss and matt colours for any project</li></ul>

<span style=""font-weight: bold; color: #d7328a;"">Technical Information:</span><br>
<ul><a href=""media/ecom/pdfs/datasheets/TDS_Ri_MarkEvent_uk_issue1_b756.pdf"" target=""_blank""><img
style=""border: 0px solid ; width: 200px; height: 60px;"" alt=""Ri-Mark Event Datasheet""
src=""media/ecom/onpagegraphics/Datasheet.png""></a>
<a href=""media/ecom/colselxl/digital_colour_card_Ri_Mark_Event.pdf"" target=""_blank""><img
style=""border: 0px solid ; width: 200px; height: 60px;"" alt=""Ri-Mark Event Colour Selector""
src=""media/ecom/onpagegraphics/Colour.png""></a></ul>
</body>
</html>","Event_378_Matt_Apple_Green.png","Event_378_Matt_Apple_Green.png","INVITEMS","DEFAULT-M378-DEFAULT-M378","","","0","0","0","","1","REGONLY","0","0","0","0","","","","SELECT","SELECT","0","","","","","0","0","","income-service","","","0","0","","","","","Ritrama_L_Range","Ritrama_L_Range","","","0","900EMT1220, 4075CT1220, 903C1220, Aslan_Red_Devil_Squeegee, Olfa_X_Design_Heavy_Duty_Knife, Masking_Tape_25mm, Aslan-Gold-Soft-Squeegee, Olfa_Graphic_Cutter, Swann_Morton_3_Handle, Swann_Morton_10A_Blades, Float_On","900EMT1220, 4075CT1220, 903C1220, Aslan_Red_Devil_Squeegee, Olfa_X_Design_Heavy_Duty_Knife, Masking_Tape_25mm, Aslan-Gold-Soft-Squeegee, Olfa_Graphic_Cutter, Swann_Morton_3_Handle, Swann_Morton_10A_Blades, Float_On","A","","","","","Colours, Greens","Matt","","","","","","","","","Ri-Mark-Event-378-Matt-Apple-Green","0","vinyl, monomeric, event, ritrama, fedrigoni, L grade, L series, L range, M range, matt, 378, m378, apple, green, applegreen, ","","","1673633842","0","","0","","CHECKBOX"
"M379","Ri-Mark Event 379 Matt Bright Green","M379","Ritrama","830","1","DEFAULT","","","","","0","Ri-Mark Event 379 Matt Bright Green monomeric self-adhesive vinyl for short to medium term outdoor and indoor signage and display applications.","<html>
<head><title>Ri-Mark Event 379 Matt Bright Green</title>

<style>
.responsive {
  width: 50%;
  height: auto;
}
</style>
</head>

<body>
<img src=""media/ecom/onpagegraphics/Fedrigoni_Logo.jpg"" alt=""Fedrigoni Logo"" class=""responsive"">
<p>Ri-Mark Event 379 Matt Bright Green monomeric self-adhesive vinyl is designed for short to medium term outdoor and indoor signage, point of sale displays and exhibition graphics.</p>

<span style=""font-weight: bold; color: #d7328a;"">Structure:</span><br>
<ul><li>70<span>&#181;</span>m Monomeric calendered PVC</li>
<li>Transparent water based adhesive - Semi-permanent</li>
<li>Clay coated kraft paper liner - 120gm<sup>2</sup>
</li></ul>

<span style=""font-weight: bold; color: #d7328a;"">Suitability:</span><br>
<ul><li>Suitable for application to smooth flat and 2D curved surfaces</li>
<li>Ideal for short to medium term outdoor and indoor signage, point of sale displays and exhibition graphics</li>
<li>Water based adhesive provides good dimensional stability and clean removability from most substrates</li>
<li>Suitable for dry or wet application methods (Please note that if applying wet on to glass, the adhesive may become milky but this will clear when the adhesive has dried)</li>
<li>Outdoor durability of up to 4 years</li></ul>

<span style=""font-weight: bold; color: #d7328a;"">Advantages:</span><br>
<ul><li>Clean removability from most substrates for short term applications</li>
<li>Fire Rated to Euroclass DIN EN 13501-1:2019-05 with classification B-s1-d0</li>
<li>Available in a wide range of opaque gloss and matt colours for any project</li></ul>

<span style=""font-weight: bold; color: #d7328a;"">Technical Information:</span><br>
<ul><a href=""media/ecom/pdfs/datasheets/TDS_Ri_MarkEvent_uk_issue1_b756.pdf"" target=""_blank""><img
style=""border: 0px solid ; width: 200px; height: 60px;"" alt=""Ri-Mark Event Datasheet""
src=""media/ecom/onpagegraphics/Datasheet.png""></a>
<a href=""media/ecom/colselxl/digital_colour_card_Ri_Mark_Event.pdf"" target=""_blank""><img
style=""border: 0px solid ; width: 200px; height: 60px;"" alt=""Ri-Mark Event Colour Selector""
src=""media/ecom/onpagegraphics/Colour.png""></a></ul>
</body>
</html>","Event_379_Matt_Bright_Green.png","Event_379_Matt_Bright_Green.png","INVITEMS","DEFAULT-M379-DEFAULT-M379","","","0","0","0","","1","REGONLY","0","0","0","0","","","","SELECT","SELECT","0","","","","","0","0","","income-service","","","0","0","","","","","Ritrama_L_Range","Ritrama_L_Range","","","0","900EMT1220, 4075CT1220, 903C1220, Aslan_Red_Devil_Squeegee, Olfa_X_Design_Heavy_Duty_Knife, Masking_Tape_25mm, Aslan-Gold-Soft-Squeegee, Olfa_Graphic_Cutter, Swann_Morton_3_Handle, Swann_Morton_10A_Blades, Float_On","900EMT1220, 4075CT1220, 903C1220, Aslan_Red_Devil_Squeegee, Olfa_X_Design_Heavy_Duty_Knife, Masking_Tape_25mm, Aslan-Gold-Soft-Squeegee, Olfa_Graphic_Cutter, Swann_Morton_3_Handle, Swann_Morton_10A_Blades, Float_On","A","","","","","Colours, Greens","Matt","","","","","","","","","Ri-Mark-Event-379-Matt-Bright-Green","0","vinyl, monomeric, event, ritrama, fedrigoni, L grade, L series, L range, M range, matt, 379, m379, bright, green, brightgreen, ","","","1673633730","0","","0","","CHECKBOX"
"M380","Ri-Mark Event 380 Matt Green","M380","Ritrama","810","1","DEFAULT","","","","","0","Ri-Mark Event 380 Matt Green monomeric self-adhesive vinyl for short to medium term outdoor and indoor signage and display applications.","<html>
<head><title>Ri-Mark Event 380 Matt Green</title>

<style>
.responsive {
  width: 50%;
  height: auto;
}
</style>
</head>

<body>
<img src=""media/ecom/onpagegraphics/Fedrigoni_Logo.jpg"" alt=""Fedrigoni Logo"" class=""responsive"">
<p>Ri-Mark Event 380 Matt Green monomeric self-adhesive vinyl is designed for short to medium term outdoor and indoor signage, point of sale displays and exhibition graphics.</p>

<span style=""font-weight: bold; color: #d7328a;"">Structure:</span><br>
<ul><li>70<span>&#181;</span>m Monomeric calendered PVC</li>
<li>Transparent water based adhesive - Semi-permanent</li>
<li>Clay coated kraft paper liner - 120gm<sup>2</sup>
</li></ul>

<span style=""font-weight: bold; color: #d7328a;"">Suitability:</span><br>
<ul><li>Suitable for application to smooth flat and 2D curved surfaces</li>
<li>Ideal for short to medium term outdoor and indoor signage, point of sale displays and exhibition graphics</li>
<li>Water based adhesive provides good dimensional stability and clean removability from most substrates</li>
<li>Suitable for dry or wet application methods (Please note that if applying wet on to glass, the adhesive may become milky but this will clear when the adhesive has dried)</li>
<li>Outdoor durability of up to 4 years</li></ul>

<span style=""font-weight: bold; color: #d7328a;"">Advantages:</span><br>
<ul><li>Clean removability from most substrates for short term applications</li>
<li>Fire Rated to Euroclass DIN EN 13501-1:2019-05 with classification B-s1-d0</li>
<li>Available in a wide range of opaque gloss and matt colours for any project</li></ul>

<span style=""font-weight: bold; color: #d7328a;"">Technical Information:</span><br>
<ul><a href=""media/ecom/pdfs/datasheets/TDS_Ri_MarkEvent_uk_issue1_b756.pdf"" target=""_blank""><img
style=""border: 0px solid ; width: 200px; height: 60px;"" alt=""Ri-Mark Event Datasheet""
src=""media/ecom/onpagegraphics/Datasheet.png""></a>
<a href=""media/ecom/colselxl/digital_colour_card_Ri_Mark_Event.pdf"" target=""_blank""><img
style=""border: 0px solid ; width: 200px; height: 60px;"" alt=""Ri-Mark Event Colour Selector""
src=""media/ecom/onpagegraphics/Colour.png""></a></ul>
</body>
</html>","Event_380_Matt_Green.png","Event_380_Matt_Green.png","INVITEMS","DEFAULT-M380-DEFAULT-M380","","","0","0","0","","1","REGONLY","0","0","0","0","","","","SELECT","SELECT","0","","","","","0","0","","income-service","","","0","0","","","","","Ritrama_L_Range","Ritrama_L_Range","","","0","900EMT1220, 4075CT1220, 903C1220, Aslan_Red_Devil_Squeegee, Olfa_X_Design_Heavy_Duty_Knife, Masking_Tape_25mm, Aslan-Gold-Soft-Squeegee, Olfa_Graphic_Cutter, Swann_Morton_3_Handle, Swann_Morton_10A_Blades, Float_On","900EMT1220, 4075CT1220, 903C1220, Aslan_Red_Devil_Squeegee, Olfa_X_Design_Heavy_Duty_Knife, Masking_Tape_25mm, Aslan-Gold-Soft-Squeegee, Olfa_Graphic_Cutter, Swann_Morton_3_Handle, Swann_Morton_10A_Blades, Float_On","A","","","","","Colours, Greens","Matt","","","","","","","","","Ri-Mark-Event-380-Matt-Green","0","vinyl, monomeric, event, ritrama, fedrigoni, L grade, L series, L range, M range, matt, 380, m380, green, ","","","1673633551","0","","0","","CHECKBOX"
"M381","Ri-Mark Event 381 Matt Silver","M381","Ritrama","950","1","DEFAULT","","","","","0","Ri-Mark Event 381 Matt Silver monomeric self-adhesive vinyl for short to medium term outdoor and indoor signage and display applications.","<html>
<head><title>Ri-Mark Event 381 Matt Silver</title>

<style>
.responsive {
  width: 50%;
  height: auto;
}
</style>
</head>

<body>
<img src=""media/ecom/onpagegraphics/Fedrigoni_Logo.jpg"" alt=""Fedrigoni Logo"" class=""responsive"">
<p>Ri-Mark Event 381 Matt Silver monomeric self-adhesive vinyl is designed for short to medium term outdoor and indoor signage, point of sale displays and exhibition graphics.</p>

<span style=""font-weight: bold; color: #d7328a;"">Structure:</span><br>
<ul><li>70<span>&#181;</span>m Monomeric calendered PVC</li>
<li>Transparent water based adhesive - Semi-permanent</li>
<li>Clay coated kraft paper liner - 120gm<sup>2</sup>
</li></ul>

<span style=""font-weight: bold; color: #d7328a;"">Suitability:</span><br>
<ul><li>Suitable for application to smooth flat and 2D curved surfaces</li>
<li>Ideal for short to medium term outdoor and indoor signage, point of sale displays and exhibition graphics</li>
<li>Water based adhesive provides good dimensional stability and clean removability from most substrates</li>
<li>Suitable for dry or wet application methods (Please note that if applying wet on to glass, the adhesive may become milky but this will clear when the adhesive has dried)</li>
<li>Outdoor durability of up to 3 years</li></ul>

<span style=""font-weight: bold; color: #d7328a;"">Advantages:</span><br>
<ul><li>Clean removability from most substrates for short term applications</li>
<li>Fire Rated to Euroclass DIN EN 13501-1:2019-05 with classification B-s1-d0</li>
<li>Available in a wide range of opaque gloss and matt colours for any project</li></ul>

<span style=""font-weight: bold; color: #d7328a;"">Technical Information:</span><br>
<ul><a href=""media/ecom/pdfs/datasheets/TDS_Ri_MarkEvent_uk_issue1_b756.pdf"" target=""_blank""><img
style=""border: 0px solid ; width: 200px; height: 60px;"" alt=""Ri-Mark Event Datasheet""
src=""media/ecom/onpagegraphics/Datasheet.png""></a>
<a href=""media/ecom/colselxl/digital_colour_card_Ri_Mark_Event.pdf"" target=""_blank""><img
style=""border: 0px solid ; width: 200px; height: 60px;"" alt=""Ri-Mark Event Colour Selector""
src=""media/ecom/onpagegraphics/Colour.png""></a></ul>
</body>
</html>","Event_381_Matt_Silver.png","Event_381_Matt_Silver.png","INVITEMS","DEFAULT-M381-DEFAULT-M381","","","0","0","0","","1","REGONLY","0","0","0","0","","","","SELECT","SELECT","0","","","","","0","0","","income-service","","","0","0","","","","","Ritrama_L_Range","Ritrama_L_Range, Silver-Films","","","0","900EMT1220, 4075CT1220, 903C1220, Aslan_Red_Devil_Squeegee, Olfa_X_Design_Heavy_Duty_Knife, Masking_Tape_25mm, Aslan-Gold-Soft-Squeegee, Olfa_Graphic_Cutter, Swann_Morton_3_Handle, Swann_Morton_10A_Blades, Float_On","900EMT1220, 4075CT1220, 903C1220, Aslan_Red_Devil_Squeegee, Olfa_X_Design_Heavy_Duty_Knife, Masking_Tape_25mm, Aslan-Gold-Soft-Squeegee, Olfa_Graphic_Cutter, Swann_Morton_3_Handle, Swann_Morton_10A_Blades, Float_On","A","","","","","Metallics","Matt","","","","","","","","","Ri-Mark-Event-381-Matt-Silver","0","vinyl, monomeric, event, ritrama, fedrigoni, L grade, L series, L range, M range, matt, 381, m381, silver, metallic, ","","","1673863410","0","","0","","CHECKBOX"
"M382","Ri-Mark Event 382 Matt Leaf Green","M382","Ritrama","820","1","DEFAULT","","","","","0","Ri-Mark Event 382 Matt Leaf Green monomeric self-adhesive vinyl for short to medium term outdoor and indoor signage and display applications.","<html>
<head><title>Ri-Mark Event 382 Matt Leaf Green</title>

<style>
.responsive {
  width: 50%;
  height: auto;
}
</style>
</head>

<body>
<img src=""media/ecom/onpagegraphics/Fedrigoni_Logo.jpg"" alt=""Fedrigoni Logo"" class=""responsive"">
<p>Ri-Mark Event 382 Matt Leaf Green monomeric self-adhesive vinyl is designed for short to medium term outdoor and indoor signage, point of sale displays and exhibition graphics.</p>

<span style=""font-weight: bold; color: #d7328a;"">Structure:</span><br>
<ul><li>70<span>&#181;</span>m Monomeric calendered PVC</li>
<li>Transparent water based adhesive - Semi-permanent</li>
<li>Clay coated kraft paper liner - 120gm<sup>2</sup>
</li></ul>

<span style=""font-weight: bold; color: #d7328a;"">Suitability:</span><br>
<ul><li>Suitable for application to smooth flat and 2D curved surfaces</li>
<li>Ideal for short to medium term outdoor and indoor signage, point of sale displays and exhibition graphics</li>
<li>Water based adhesive provides good dimensional stability and clean removability from most substrates</li>
<li>Suitable for dry or wet application methods (Please note that if applying wet on to glass, the adhesive may become milky but this will clear when the adhesive has dried)</li>
<li>Outdoor durability of up to 4 years</li></ul>

<span style=""font-weight: bold; color: #d7328a;"">Advantages:</span><br>
<ul><li>Clean removability from most substrates for short term applications</li>
<li>Fire Rated to Euroclass DIN EN 13501-1:2019-05 with classification B-s1-d0</li>
<li>Available in a wide range of opaque gloss and matt colours for any project</li></ul>

<span style=""font-weight: bold; color: #d7328a;"">Technical Information:</span><br>
<ul><a href=""media/ecom/pdfs/datasheets/TDS_Ri_MarkEvent_uk_issue1_b756.pdf"" target=""_blank""><img
style=""border: 0px solid ; width: 200px; height: 60px;"" alt=""Ri-Mark Event Datasheet""
src=""media/ecom/onpagegraphics/Datasheet.png""></a>
<a href=""media/ecom/colselxl/digital_colour_card_Ri_Mark_Event.pdf"" target=""_blank""><img
style=""border: 0px solid ; width: 200px; height: 60px;"" alt=""Ri-Mark Event Colour Selector""
src=""media/ecom/onpagegraphics/Colour.png""></a></ul>
</body>
</html>","Event_382_Matt_Leaf_Green.png","Event_382_Matt_Leaf_Green.png","INVITEMS","DEFAULT-M382-DEFAULT-M382","","","0","0","0","","1","REGONLY","0","0","0","0","","","","SELECT","SELECT","0","","","","","0","0","","income-service","","","0","0","","","","","Ritrama_L_Range","Ritrama_L_Range","","","0","900EMT1220, 4075CT1220, 903C1220, Aslan_Red_Devil_Squeegee, Olfa_X_Design_Heavy_Duty_Knife, Masking_Tape_25mm, Aslan-Gold-Soft-Squeegee, Olfa_Graphic_Cutter, Swann_Morton_3_Handle, Swann_Morton_10A_Blades, Float_On","900EMT1220, 4075CT1220, 903C1220, Aslan_Red_Devil_Squeegee, Olfa_X_Design_Heavy_Duty_Knife, Masking_Tape_25mm, Aslan-Gold-Soft-Squeegee, Olfa_Graphic_Cutter, Swann_Morton_3_Handle, Swann_Morton_10A_Blades, Float_On","A","","","","","Colours, Greens","Matt","","","","","","","","","Ri-Mark-Event-382-Matt-Leaf-Green","0","vinyl, monomeric, event, ritrama, fedrigoni, L grade, L series, L range, M range, matt, 382, m382, leaf, green, leafgreen, ","","","1673633640","0","","0","","CHECKBOX"
"M383","Ri-Mark Event 383 Matt Forest Green","M383","Ritrama","870","1","DEFAULT","","","","","0","Ri-Mark Event 383 Matt Forest Green monomeric self-adhesive vinyl for short to medium term outdoor and indoor signage and display applications.","<html>
<head><title>Ri-Mark Event 383 Matt Forest Green</title>

<style>
.responsive {
  width: 50%;
  height: auto;
}
</style>
</head>

<body>
<img src=""media/ecom/onpagegraphics/Fedrigoni_Logo.jpg"" alt=""Fedrigoni Logo"" class=""responsive"">
<p>Ri-Mark Event 383 Matt Forest Green monomeric self-adhesive vinyl is designed for short to medium term outdoor and indoor signage, point of sale displays and exhibition graphics.</p>

<span style=""font-weight: bold; color: #d7328a;"">Structure:</span><br>
<ul><li>70<span>&#181;</span>m Monomeric calendered PVC</li>
<li>Transparent water based adhesive - Semi-permanent</li>
<li>Clay coated kraft paper liner - 120gm<sup>2</sup>
</li></ul>

<span style=""font-weight: bold; color: #d7328a;"">Suitability:</span><br>
<ul><li>Suitable for application to smooth flat and 2D curved surfaces</li>
<li>Ideal for short to medium term outdoor and indoor signage, point of sale displays and exhibition graphics</li>
<li>Water based adhesive provides good dimensional stability and clean removability from most substrates</li>
<li>Suitable for dry or wet application methods (Please note that if applying wet on to glass, the adhesive may become milky but this will clear when the adhesive has dried)</li>
<li>Outdoor durability of up to 4 years</li></ul>

<span style=""font-weight: bold; color: #d7328a;"">Advantages:</span><br>
<ul><li>Clean removability from most substrates for short term applications</li>
<li>Fire Rated to Euroclass DIN EN 13501-1:2019-05 with classification B-s1-d0</li>
<li>Available in a wide range of opaque gloss and matt colours for any project</li></ul>

<span style=""font-weight: bold; color: #d7328a;"">Technical Information:</span><br>
<ul><a href=""media/ecom/pdfs/datasheets/TDS_Ri_MarkEvent_uk_issue1_b756.pdf"" target=""_blank""><img
style=""border: 0px solid ; width: 200px; height: 60px;"" alt=""Ri-Mark Event Datasheet""
src=""media/ecom/onpagegraphics/Datasheet.png""></a>
<a href=""media/ecom/colselxl/digital_colour_card_Ri_Mark_Event.pdf"" target=""_blank""><img
style=""border: 0px solid ; width: 200px; height: 60px;"" alt=""Ri-Mark Event Colour Selector""
src=""media/ecom/onpagegraphics/Colour.png""></a></ul>
</body>
</html>","Event_383_Matt_Forest_Green.png","Event_383_Matt_Forest_Green.png","INVITEMS","DEFAULT-M383-DEFAULT-M383","","","0","0","0","","1","REGONLY","0","0","0","0","","","","SELECT","SELECT","0","","","","","0","0","","income-service","","","0","0","","","","","Ritrama_L_Range","Ritrama_L_Range","","","0","900EMT1220, 4075CT1220, 903C1220, Aslan_Red_Devil_Squeegee, Olfa_X_Design_Heavy_Duty_Knife, Masking_Tape_25mm, Aslan-Gold-Soft-Squeegee, Olfa_Graphic_Cutter, Swann_Morton_3_Handle, Swann_Morton_10A_Blades, Float_On","900EMT1220, 4075CT1220, 903C1220, Aslan_Red_Devil_Squeegee, Olfa_X_Design_Heavy_Duty_Knife, Masking_Tape_25mm, Aslan-Gold-Soft-Squeegee, Olfa_Graphic_Cutter, Swann_Morton_3_Handle, Swann_Morton_10A_Blades, Float_On","A","","","","","Colours, Greens","Matt","","","","","","","","","Ri-Mark-Event-383-Matt-Forest-Green","0","vinyl, monomeric, event, ritrama, fedrigoni, L grade, L series, L range, M range, matt, 383, m383, forest, green, forestgreen, ","","","1673634247","0","","0","","CHECKBOX"
"M4_Solid_Pale_Blue","M4 Pale Blue","Cover Styl' M4","Cover_Styl","130","19","DEFAULT","","","","","0","Cover Styl' M4 Pale Blue self-adhesive coloured film. Buy it by the metre.

","<html>
<head>
<title>Cover Styl' M4 Pale Blue</title></head>
<body>
<p><img style=""height: 76px; width: 300px;"" alt=""Cover Styl' logo""
src=""media/ecom/onpagegraphics/Coverstyl_Logo.png""></p>
<span style=""font-weight: bold; color: #588ec6;"">SUITABILITY:</span>
<p>This product is designed for interior application only and offers exceptional resistance to water, dirt, abrasion, UV rays and wear (yellowing, cracking, scaling, delamination). </p>
<span style=""font-weight: bold; color: #588ec6;"">MATERIAL CHARACTERISTICS:</span>
<ul><li>Grade: Polymeric</li>
<li>Thickness: 250 micron</li>
<li>Adhesive: Easy Apply Air Release</li>
<li>Appearance: Matt</li>
<li>Stretchable: Yes</li>
<li>Scratch Proof: Average</li>
</ul>
<p>Prices shown are per linear metre at 1220mm wide</p>
</body>
</html>","M4_Solid_Pale_Blue.jpg","M4_Solid_Pale_Blue.jpg, M4_Solid_Pale_Blue_Wall.jpg","INVITEMS","DEFAULT-M4_Solid_Pale_Blue-DEFAULT-M4_Solid_Pale_Blue","","","0","0","0","","1","REGONLY","0","0","0","0","","","","SELECT","SELECT","0","","","","","0","0","","income-service","","","0","0","","","","","Cover_Styl_Solid_Colour","Cover_Styl_Solid_Colour","","","0","Olfa_Graphic_Cutter, Olfa_X_Design_Heavy_Duty_Knife, Lint-Free-Gloves, Masking_Tape_25mm, Aslan_Squeegee, Swann_Morton_3_Handle, Swann_Morton_10A_Blades, Lint-Free-Cloths, Heavy-Duty-Application-Roller, Rollepro, 4075CT1220, Cover-Styl-Colour-Selector-Box","Olfa_Graphic_Cutter, Olfa_X_Design_Heavy_Duty_Knife, Lint-Free-Gloves, Masking_Tape_25mm, Aslan_Squeegee, Swann_Morton_3_Handle, Swann_Morton_10A_Blades, Lint-Free-Cloths, Heavy-Duty-Application-Roller, Rollepro, 4075CT1220, Cover-Styl-Colour-Selector-Box","A","superuser","ADHESIVE_SEMI_PERMANENT","GRADE_POLYPROPYLENE","","","","","","","","","","","","Cover-Styl-M4-Pale-Blue","0","coverstyle, cover style, cover styl, cover styl'


","","","1656005074","0","","0","","CHECKBOX"
"M6_Steel_Blue","M6 Steel Blue","Cover Styl' M6","Cover_Styl","150","19","DEFAULT","","","","","0","Cover Styl' M6 Steel Blue self-adhesive coloured film. Buy it by the metre.

","<html>
<head>
<title>Cover Styl' M6 Steel Blue</title></head>
<body>
<p><img style=""height: 76px; width: 300px;"" alt=""Cover Styl' logo""
src=""media/ecom/onpagegraphics/Coverstyl_Logo.png""></p>
<span style=""font-weight: bold; color: #588ec6;"">SUITABILITY:</span>
<p>This product is designed for interior application only and offers exceptional resistance to water, dirt, abrasion, UV rays and wear (yellowing, cracking, scaling, delamination). </p>
<span style=""font-weight: bold; color: #588ec6;"">MATERIAL CHARACTERISTICS:</span>
<ul><li>Grade: Polymeric</li>
<li>Thickness: 250 micron</li>
<li>Adhesive: Easy Apply Air Release</li>
<li>Appearance: Matt</li>
<li>Stretchable: Yes</li>
<li>Scratch Proof: Average</li>
</ul>
<p>Prices shown are per linear metre at 1220mm wide</p>
</body>
</html>","M6_Steel_Blue.jpg","M6_Steel_Blue.jpg, M6_Steel_Blue_Wall.jpg","INVITEMS","DEFAULT-M6_Steel_Blue-DEFAULT-M6_Steel_Blue","","","0","0","0","","1","REGONLY","0","0","0","0","","","","SELECT","SELECT","0","","","","","0","0","","income-service","","","0","0","","","","","Cover_Styl_Solid_Colour","Cover_Styl_Solid_Colour","","","0","Olfa_Graphic_Cutter, Olfa_X_Design_Heavy_Duty_Knife, Lint-Free-Gloves, Masking_Tape_25mm, Aslan_Squeegee, Swann_Morton_3_Handle, Swann_Morton_10A_Blades, Lint-Free-Cloths, Heavy-Duty-Application-Roller, Rollepro, 4075CT1220, Cover-Styl-Colour-Selector-Box","Olfa_Graphic_Cutter, Olfa_X_Design_Heavy_Duty_Knife, Lint-Free-Gloves, Masking_Tape_25mm, Aslan_Squeegee, Swann_Morton_3_Handle, Swann_Morton_10A_Blades, Lint-Free-Cloths, Heavy-Duty-Application-Roller, Rollepro, 4075CT1220, Cover-Styl-Colour-Selector-Box","A","superuser","ADHESIVE_SEMI_PERMANENT","GRADE_POLYPROPYLENE","","","","","","","","","","","","Cover-Styl-M6-Steel-Blue","0","coverstyle, cover style, cover styl, cover styl'


","","","1656005277","0","","0","","CHECKBOX"
"M7_Brio_Cream_Velvet","M7 Sand Beach","Cover Styl' M7","Cover_Styl","160","19","DEFAULT","","","","","0","Cover Styl' M7 Sand Beach self-adhesive coloured film. Buy it by the metre.

","<html>
<head>
<title>Cover Styl' M7 Sand Beach</title></head>
<body>
<p><img style=""height: 76px; width: 300px;"" alt=""Cover Styl' logo""
src=""media/ecom/onpagegraphics/Coverstyl_Logo.png""></p>
<span style=""font-weight: bold; color: #588ec6;"">SUITABILITY:</span>
<p>This product is designed for interior application only and offers exceptional resistance to water, dirt, abrasion, UV rays and wear (yellowing, cracking, scaling, delamination). </p>
<span style=""font-weight: bold; color: #588ec6;"">MATERIAL CHARACTERISTICS:</span>
<ul><li>Grade: Polymeric</li>
<li>Thickness: 250 micron</li>
<li>Adhesive: Easy Apply Air Release</li>
<li>Appearance: Matt</li>
<li>Stretchable: Yes</li>
<li>Scratch Proof: Average</li>
</ul>
<p>Prices shown are per linear metre at 1220mm wide</p>
</body>
</html>","M7_Brio_Cream_Velvet.jpg","M7_Brio_Cream_Velvet.jpg, M7_Brio_Cream_Velvet_Wall.jpg","INVITEMS","DEFAULT-M7_Brio_Cream_Velvet-DEFAULT-M7_Brio_Cream_Velvet","","","0","0","0","","1","REGONLY","0","0","0","0","","","","SELECT","SELECT","0","","","","","0","0","","income-service","","","0","0","","","","","Cover_Styl_Solid_Colour","Cover_Styl_Solid_Colour","","","0","Olfa_Graphic_Cutter, Olfa_X_Design_Heavy_Duty_Knife, Lint-Free-Gloves, Masking_Tape_25mm, Aslan_Squeegee, Swann_Morton_3_Handle, Swann_Morton_10A_Blades, Lint-Free-Cloths, Heavy-Duty-Application-Roller, Rollepro, 4075CT1220, Cover-Styl-Colour-Selector-Box","Olfa_Graphic_Cutter, Olfa_X_Design_Heavy_Duty_Knife, Lint-Free-Gloves, Masking_Tape_25mm, Aslan_Squeegee, Swann_Morton_3_Handle, Swann_Morton_10A_Blades, Lint-Free-Cloths, Heavy-Duty-Application-Roller, Rollepro, 4075CT1220, Cover-Styl-Colour-Selector-Box","A","superuser","ADHESIVE_SEMI_PERMANENT","GRADE_POLYPROPYLENE","","","","","","","","","","","","Cover-Styl-M7-Sand-Beach","0","coverstyle, cover style, cover styl, cover styl'


","","","1656005379","0","","0","","CHECKBOX"
"M8_Bright_Yellow","M8 Bright Yellow","Cover Styl' M87","Cover_Styl","170","19","DEFAULT","","","","","0","Cover Styl' M8 Bright Yellow self-adhesive coloured film. Buy it by the metre.

","<html>
<head>
<title>Cover Styl' M8 Bright Yellowt</title></head>
<body>
<p><img style=""height: 76px; width: 300px;"" alt=""Cover Styl' logo""
src=""media/ecom/onpagegraphics/Coverstyl_Logo.png""></p>
<span style=""font-weight: bold; color: #588ec6;"">SUITABILITY:</span>
<p>This product is designed for interior application only and offers exceptional resistance to water, dirt, abrasion, UV rays and wear (yellowing, cracking, scaling, delamination). </p>
<span style=""font-weight: bold; color: #588ec6;"">MATERIAL CHARACTERISTICS:</span>
<ul><li>Grade: Polymeric</li>
<li>Thickness: 250 micron</li>
<li>Adhesive: Easy Apply Air Release</li>
<li>Appearance: Matt</li>
<li>Stretchable: Yes</li>
<li>Scratch Proof: Average</li>
</ul>
<p>Prices shown are per linear metre at 1220mm wide</p>
</body>
</html>","M8_Bright_Yellow.jpg","M8_Bright_Yellow.jpg, M8_Bright_Yellow_Cupboards.jpg","INVITEMS","DEFAULT-M8_Bright_Yellow-DEFAULT-M8_Bright_Yellow","","","0","0","0","","1","REGONLY","0","0","0","0","","","","SELECT","SELECT","0","","","","","0","0","","income-service","","","0","0","","","","","Cover_Styl_Solid_Colour","Cover_Styl_Solid_Colour","","","0","Olfa_Graphic_Cutter, Olfa_X_Design_Heavy_Duty_Knife, Lint-Free-Gloves, Masking_Tape_25mm, Aslan_Squeegee, Swann_Morton_3_Handle, Swann_Morton_10A_Blades, Lint-Free-Cloths, Heavy-Duty-Application-Roller, Rollepro, 4075CT1220, Cover-Styl-Colour-Selector-Box","Olfa_Graphic_Cutter, Olfa_X_Design_Heavy_Duty_Knife, Lint-Free-Gloves, Masking_Tape_25mm, Aslan_Squeegee, Swann_Morton_3_Handle, Swann_Morton_10A_Blades, Lint-Free-Cloths, Heavy-Duty-Application-Roller, Rollepro, 4075CT1220, Cover-Styl-Colour-Selector-Box","A","superuser","ADHESIVE_SEMI_PERMANENT","GRADE_POLYPROPYLENE","","","","","","","","","","","","Cover-Styl-M8-Bright-Yellow","0","coverstyle, cover style, cover styl, cover styl'


","","","1656347618","0","","0","","CHECKBOX"
"M9_Dark_Ash_Grey_Velvet_Grain","M9 Midnight Blue","Cover Styl' M9","Cover_Styl","180","19","DEFAULT","","","","","0","Cover Styl' M9 Midnight Blue self-adhesive coloured film. Buy it by the metre.

","<html>
<head>
<title>Cover Styl' M9 Midnight Blue</title></head>
<body>
<p><img style=""height: 76px; width: 300px;"" alt=""Cover Styl' logo""
src=""media/ecom/onpagegraphics/Coverstyl_Logo.png""></p>
<span style=""font-weight: bold; color: #588ec6;"">SUITABILITY:</span>
<p>This product is designed for interior application only and offers exceptional resistance to water, dirt, abrasion, UV rays and wear (yellowing, cracking, scaling, delamination). </p>
<span style=""font-weight: bold; color: #588ec6;"">MATERIAL CHARACTERISTICS:</span>
<ul><li>Grade: Polymeric</li>
<li>Thickness: 250 micron</li>
<li>Adhesive: Easy Apply Air Release</li>
<li>Appearance: Matt</li>
<li>Stretchable: Yes</li>
<li>Scratch Proof: Average</li>
</ul>
<p>Prices shown are per linear metre at 1220mm wide</p>
</body>
</html>","M9_Dark_Ash_Grey_Velvet_Grain.jpg","M9_Dark_Ash_Grey_Velvet_Grain.jpg, M9_Dark_Ash_Grey_Velvet_Grain_Cupboards.jpg","INVITEMS","DEFAULT-M9_Dark_Ash_Grey_Velvet_Grain-DEFAULT-M9_Dark_Ash_Grey_Velvet_Grain","","","0","0","0","","1","REGONLY","0","0","0","0","","","","SELECT","SELECT","0","","","","","0","0","","income-service","","","0","0","","","","","Cover_Styl_Solid_Colour","Cover_Styl_Solid_Colour","","","0","Olfa_Graphic_Cutter, Olfa_X_Design_Heavy_Duty_Knife, Lint-Free-Gloves, Masking_Tape_25mm, Aslan_Squeegee, Swann_Morton_3_Handle, Swann_Morton_10A_Blades, Lint-Free-Cloths, Heavy-Duty-Application-Roller, Rollepro, 4075CT1220, Cover-Styl-Colour-Selector-Box","Olfa_Graphic_Cutter, Olfa_X_Design_Heavy_Duty_Knife, Lint-Free-Gloves, Masking_Tape_25mm, Aslan_Squeegee, Swann_Morton_3_Handle, Swann_Morton_10A_Blades, Lint-Free-Cloths, Heavy-Duty-Application-Roller, Rollepro, 4075CT1220, Cover-Styl-Colour-Selector-Box","A","superuser","ADHESIVE_SEMI_PERMANENT","GRADE_POLYPROPYLENE","","","","","","","","","","","","Cover-Styl-M9-Midnight-Blue","0","coverstyle, cover style, cover styl, cover styl'


","","","1656347762","0","","0","","CHECKBOX"
"Magnetic_Squeegee","Magnetic Squeegee","S.10","iSEE2","75","9","DEFAULT","","","","","0","A Squeegee and a Magnet in one!  Holds your graphics in place, eliminating the need for tape and is on hand when you want to start squeegeeing.","<html>

<title><head>Magnetic Squeegee</title></head>

<body>

<p>A Squeegee and a Magnet in one!  Holds your graphics in place, eliminating the need for tape and is on hand when you want to start squeegeeing.</p>

</body>

</html>","Magnetic_Squeegee.jpg","Magnetic_Squeegee.jpg","INVITEMS","DEFAULT-Magnetic_Squeegee-DEFAULT-Magnetic_Squeegee","","","0","0","0","","1","REGONLY","0","0","0","0","","","","SELECT","SELECT","0","","","","","0","0","","income-service","","","0","0","","","","","Vehicle_Wrap_Tools","Application_Tools, Vehicle_Wrap_Tools","","","0","Self_Adhesive_Alcantara","","A","","","","","","","","","","","","","","","","0","magnetic squeegee,","","","1519307908","0","","0","","CHECKBOX"
"Magnetic_Tape","Magnetic Tape","MT","Doro_Tape","160","0","DEFAULT","","","","","0","Self-adhesive magnetic tape for use with Pop-Up displays and other exhibition systems. Choose from two sizes with either Type A or Type B polarity.  Roll length: 30m
","<html><head><title>Magnetic Tape</title></head>
<body>
<p>Self-adhesive magnetic tape for use with Pop-Up displays and other exhibition systems.</p>
<p>Choose from two sizes with either Type A or Type B polarity.
<p>For perfect magnetic alignment, make sure that Type A and Type B are used together as two Type A's or two Type B's will always align off centre.</p>
<p>Both Type A and Type B will attract to ferromagnetic metals such as iron as well as common magnetic alloys such as steel and stainless steel.</p>
<img style=""margin: 5px 5px 5px 5px; width: 500px; height: 500px;"" alt=""Magnetic Polarity""
src=""media/ecom/onpagegraphics/Magnetic-Polarity.jpg"">
<p> Roll length: 30m</p>
</body></html>

","Magnetic-Tape.jpg","Magnetic-Tape.jpg","INVITEMS","DEFAULT-Magnetic_Tape-DEFAULT-Magnetic_Tape","","","0","0","0","","1","REGONLY","0","0","0","0","","","","SELECT","SELECT","0","","","","","0","0","","income-service","","","0","0","","","","","Tapes","Tapes","","","0","","","A","","","","","","","","","","","","","","","Magnetic-Tape","0","magnetic, tape, mag tape, type a, type b, mag, magnet



","","","1561549205","0","","0","","CHECKBOX"
"Masking_Tape_25mm","Masking Tape :: 25mm x 50m","MT1","Doro_Tape","5","0","DEFAULT","","","","","0","Easy tear low tack masking tape useful when lining up jobs prior to application as well as for preventing spoil when paint spraying.  Easily removable after use.Roll Size: 25mm x 50m.","<html>

<head><title>Masking Tape</title></head>

<body>

<p>Easy tear low tack masking tape useful when lining up jobs prior to application as well as for preventing spoil when paint spraying.</p>

<span style=""font-weight: bold; color: #d7328a;"">Structure:</span><br>
<ul><li>White Paper</li>
<li>Clear synthetic rubber adhesive
</li></ul>

<span style=""font-weight: bold; color: #d7328a;"">Suitability:</span><br>
<ul><li>Perfect for lining up jobs before application</li>
<li>Ideal for preventing spoil when paint spraying
</li></ul>

<span style=""font-weight: bold; color: #d7328a;"">Advantages:</span><br>
<ul>
<li>Easy to tear by hand</li>
<li>Low tack adhesive for quick, clean removal
</li></ul>

<span style=""font-weight: bold; color: #d7328a;"">Technical Information:</span>
<ul><a href=""media/ecom/pdfs/datasheets/MT.pdf"" target=""_blank""><img style=""border: 0px solid ; width: 200px; height: 60px;"" alt=""Masking Tape Datasheet""
src=""media/ecom/onpagegraphics/Datasheet.png""></a></ul>

<p><b>Prices are per 25mm x 50m roll</b></p>
</body>
</html>","Masking-Tape.jpg","Masking-Tape.jpg","INVITEMS","DEFAULT-Masking_Tape_25mm-DEFAULT-Masking_Tape_25mm","","","0","0","0","","1","REGONLY","0","0","0","0","","","","SELECT","SELECT","0","","","","","0","0","","income-service","","","0","0","","","","","Tapes","Tapes","","","0","","","A","","","","","","","","","","","","","","","","0","masking, tape, mask, masking tape, tab tape, tabbing tape, ","","","1513860039","0","","0","","CHECKBOX"
"Masking_Tape_50mm","Masking Tape :: 50mm x 50m","MT2","Doro_Tape","10","0","DEFAULT","","","","","0","Easy tear low tack masking tape useful when lining up jobs prior to application as well as for preventing spoil when paint spraying.  Easily removable after use.  Roll Size: 50mm x 50m","<html>

<head><title>Masking Tape</title></head>

<body>

<p>Easy tear low tack masking tape useful when lining up jobs prior to application as well as for preventing spoil when paint spraying.</p>

<span style=""font-weight: bold; color: #d7328a;"">Structure:</span><br>
<ul><li>White Paper</li>
<li>Clear synthetic rubber adhesive
</li></ul>

<span style=""font-weight: bold; color: #d7328a;"">Suitability:</span><br>
<ul><li>Perfect for lining up jobs before application</li>
<li>Ideal for preventing spoil when paint spraying
</li></ul>

<span style=""font-weight: bold; color: #d7328a;"">Advantages:</span><br>
<ul>
<li>Easy to tear by hand</li>
<li>Low tack adhesive for quick, clean removal
</li></ul>

<span style=""font-weight: bold; color: #d7328a;"">Technical Information:</span>
<ul><a href=""media/ecom/pdfs/datasheets/MT.pdf"" target=""_blank""><img style=""border: 0px solid ; width: 200px; height: 60px;"" alt=""Masking Tape Datasheet""
src=""media/ecom/onpagegraphics/Datasheet.png""></a></ul>

<p><b>Prices are per 50mm x 50m roll</b></p>
</body>
</html>","Masking-Tape.jpg","Masking-Tape.jpg","INVITEMS","DEFAULT-Masking_Tape_50mm-DEFAULT-Masking_Tape_50mm","","","0","0","0","","1","REGONLY","0","0","0","0","","","","SELECT","SELECT","0","","","","","0","0","","income-service","","","0","0","","","","","Tapes","Tapes","","","0","","","A","","","","","","","","","","","","","","","","0","masking, tape, mask, 50mm, 5cm, ","","","1513860047","0","","0","","CHECKBOX"
"Mesh","Digi-Mesh","DIGI-MESH","DEFAULT","4","0","DEFAULT","","","","","0","This is an open weave mesh material that is both light weight, ripproof
and dramatically reduces wind resistance therefore reducing the chance of damage. It has a PVC liner to prevent surplus ink spoil.








","<html>

<head><title>Digi Mesh</title></head>

<body>

<p>Digi Mesh banner is an open weave mesh material that is both light weight, rip proof and dramatically reduces wind resistance therefore reducing the chance
of damage.</p>

<span style=""font-weight: bold; color: #d7328a;"">Structure:</span><br>
<ul><li>270gsm polyester with PVC liner
</li></ul>

<span style=""font-weight: bold; color: #d7328a;"">Suitability:</span><br>
<ul><li>Ideal for producing external printed banners and building drapes as well as theatrical backdrops
</li></ul>

<span style=""font-weight: bold; color: #d7328a;"">Advantages:</span><br>
<ul><li>PVC liner to prevent surplus ink spoil
</li></ul>

<span style=""font-weight: bold; color: #d7328a;"">Ink Compatibility:</span><br>
<ul><img style=""margin: 0px 5px 0px 0px; width: 15px; height: 25px;"" alt=""Eco-Sol Ink""
src=""media/ecom/onpagegraphics/Ink-EcoSol.png"">Eco-solvent &nbsp;&nbsp;
<img style=""margin: 0px 5px 0px 0px; width: 15px; height: 25px;"" alt=""Latex""
src=""media/ecom/onpagegraphics/Ink-Latex.png"">Latex &nbsp;&nbsp;
<img style=""margin: 0px 5px 0px 0px; width: 15px; height: 25px;"" alt=""UV Ink""
src=""media/ecom/onpagegraphics/Ink-UV.png"">UV &nbsp;&nbsp</ul>

<span style=""font-weight: bold; color: #d7328a;"">Technical Information:</span>
<ul>
<a href=""media/ecom/pdfs/datasheets/Digi-Mesh.pdf"" target=""_blank""><img
style=""border: 0px solid ; width: 200px; height: 60px;"" alt=""Digi-Mesh Datasheet""
src=""media/ecom/onpagegraphics/Datasheet.png""></a>
<a href=""https://www.dorotape.co.uk/Print-Profiles-User-Guide""
target=""_blank""><img style=""width: 200px; height: 60px;"" alt=""printing profile guide""
src=""media/ecom/onpagegraphics/Profile.png""></a><br></ul>

<p><b>Prices shown are per 30 metre roll</b></p>

</body>

</html>","Digi-Mesh.jpg","Digi-Mesh.jpg","INVITEMS","DEFAULT-Mesh-DEFAULT-Mesh","","","0","0","0","","1","REGONLY","0","0","0","0","","","","SELECT","SELECT","0","","","","","0","0","","income-service","","","0","0","","","","","Digital_Print_Banner","Digital_Print_Banner","","","0","Banner_Bungees, Banner_Hemming_Tape, Banner_Rope, Edge_Tabs, Power_Punch, Power_Tabs, Power_Tape, Eyelet_Press, Eyelet_Kit, Double-Sided-Edge-It-Tape","Banner_Bungees, Banner_Hemming_Tape, Banner_Rope, Edge_Tabs, Power_Punch, Power_Tabs, Power_Tape, Eyelet_Press, Eyelet_Kit, Double-Sided-Edge-It-Tape","A","superuser","","GRADE_SCRIM","SUITABILITY_FIRE, SUITABILITY_OUTDOOR_LONG","","","","","","","","","","","Digi-Mesh","0","mesh, digital mesh, printable mesh, digitally printable mesh, large format printable mesh, frontlit mesh, laminated mesh, 340gsm mesh

































","","","1489932364","0","","0","","CHECKBOX"
"Micro_Tac","Micro Tac Clear - Glue Free Adhesion","MICRO-TACC1370","DEFAULT","20","0","DEFAULT","","","","","0","Micro-Tac Clear is a 140 micron ultra clear polyester film with a clear micro-porous sucker adhesive technology for interior use onto glass or any flat smooth surfaces. The adhesive is repositionable many times without the loss of adhesion value and removal is residue free even after 2-3 years.











","<html>

<head><title>Micro-Tac Clear</title></head>

<body>

<p>Micro-Tac Clear is a 140 micron ultra clear polyester film with clear micro-porous adhesive technology for interior use onto glass or any flat smooth surfaces.</p>
<a><img style=""border: 0px solid ; width: 75px; height: 75px; float: right;"" alt=""pvc free""
src=""media/ecom/onpagegraphics/PVC_free_logo.png""></a>
<span style=""font-weight: bold; color: #d7328a;"">Structure:</span><br>
<ul><li>140<span>&#181;</span>m Polyester film</li>
<li>Micro suction adherent layer</li>
<li>PET Film - 50<span>&#181;</span>m
</li></ul>


<span style=""font-weight: bold; color: #d7328a;"">Suitability:</span><br>
<ul><li>Perfect for creating high impact window displays or other flat smooth surfaces</li>
<li>Internal application only</li>
<li>Compatible with Eco Solvent, Latex, UV and HP Latex inks</li>
<li>Unsuitable for surfaces containing plasticised PVC, copper and aluminium as the active compounds can cause a more permanent level of adhesion</li>
<li>Micro-Tac White can also be difficult to remove from plastic materials such as PE and PP when the surfaces have been pre-treated with chemicals or corona</li></ul>

<span style=""font-weight: bold; color: #d7328a;"">Advantages:</span><br>
<ul><li>PVC free for environmentally friendly solutions</li>
<li>Repositionable many times without loss of adhesion</li>
<li>Removes residue free even after 2-3 years
</li></ul>

<span style=""font-weight: bold; color: #d7328a;"">Ink Compatibility:</span>
<ul>
<img style=""margin: 0px 5px 0px 0px; width: 15px; height: 25px;"" alt=""Eco-Sol Ink""
src=""media/ecom/onpagegraphics/Ink-EcoSol.png"">Eco-solvent &nbsp;&nbsp;
<img style=""margin: 0px 5px 0px 0px; width: 15px; height: 25px;"" alt=""Latex""
src=""media/ecom/onpagegraphics/Ink-Latex.png"">Latex &nbsp;&nbsp;
<img style=""margin: 0px 5px 0px 0px; width: 15px; height: 25px;"" alt=""UV Ink""
src=""media/ecom/onpagegraphics/Ink-UV.png"">UV &nbsp;&nbsp;<br>
<img style=""width: 100px; height: 48px;"" alt=""HP Latex Certified""
src=""https://www.dorotape.co.uk/media/ecom/onpagegraphics/HP-Latex-Certified.jpg""><font color= ""#0096d6""; font size=""2"">(Search Neschen Window Grip Ultra Clear)</font></ul>

<span style=""font-weight: bold; color: #d7328a;"">Technical Information:</span>
<ul><a href=""media/ecom/pdfs/datasheets/Micro-Tac-Clear.pdf"" target=""_blank""><img
style=""border: 0px solid ; width: 200px; height: 60px;"" alt=""Micro-Tac Clear Datasheet""
src=""media/ecom/onpagegraphics/Datasheet.png""></a>
<a href=""https://www.dorotape.co.uk/Print-Profiles-User-Guide""
target=""_blank""><img style=""width: 200px; height: 60px;"" alt=""printing profile guide""
src=""media/ecom/onpagegraphics/Profile.png""></a></ul>

<a ><img style=""border: 0px solid ; width: 50px; height: 50px;"" alt=""fyi""
src=""media/ecom/onpagegraphics/FYI.png""></a>
<p style=""color:rgb(84,84,84)""><b>Want to know what makes this different to Static Cling?</b></p>
<p style=""color:rgb(244,7,138)""><i>Static Cling Vinyl is completely free of adhesive.  It is the static electrical charge within the film that attracts (clings) it to a surface that has an opposite charge.<br>
 Our Glue Free Adhesion films work in a completely different way using something called 'van der Waals force'.  The surface of these films comprise of a microporous layer of carbon nanotubes that expand the surface area of the film and gives it a grip like feel.  When the film is applied to a smooth surface this layer aligns itself to the surface forming a strong 'grip' but when peeled off at an angle this grip is broken</i></p>
<br>
<p style=""font-weight: bold; font-size: 1.0em;"">Prices shown are per roll at 1370mm wide</p>
</body>
</html>","Micro_Tac.jpg","Micro_Tac.jpg","INVITEMS","DEFAULT-Micro_Tac-DEFAULT-Micro_Tac","","","0","0","0","","1","REGONLY","0","0","0","0","","","","SELECT","SELECT","0","","","","","0","0","","income-service","","","0","0","","","","","PVC_Free_Media","Digital_Print_Window_Film, PVC_Free_Media, HP-Latex-Compatible-Media, Low_Tack_Digital_Print_Vinyl","","","0","Micro_Tac_White, Blue_Max, Fusion_5, Olfa_Graphic_Cutter, Olfa_X_Design_Heavy_Duty_Knife, Lint-Free-Gloves, Masking_Tape_25mm, Aslan_Squeegee, Swann_Morton_3_Handle, Swann_Morton_10A_Blades, Float_On, IPA_100, Anti_Static_Cleaner,","Blue_Max, Fusion_5, Olfa_Graphic_Cutter, Olfa_X_Design_Heavy_Duty_Knife, Lint-Free-Gloves, Masking_Tape_25mm, Aslan_Squeegee, Swann_Morton_3_Handle, Swann_Morton_10A_Blades, Float_On, IPA_100, Anti_Static_Cleaner,","A","superuser","ADHESIVE_REMOVABLE, ADHESIVE_REPOSITIONABLE","GRADE_POLYESTER","SUITABILITY_INDOOR, SUITABILITY_WINDOW","","","","","","","","","","","Micro-Tac-Clear","0","madico, wondertack, yupo, yupo tako, cling, microtack, microtac, micro-tack, micro-tac







































","Micro Tac","Micro-Tac Clear is a 140 micron ultra clear polyester film with a clear micro-porous sucker adhesive technology for interior use onto glass or any flat smooth surfaces. The adhesive is repositionable many times without the loss of adhesion value and removal is residue free even after 2-3 years. Available for free next day delivery.","1489747271","0","","0","","CHECKBOX"
"Micro_Tac_White","Micro Tac White - Glue Free Adhesion","MICRO-TACW1370","DEFAULT","30","0","DEFAULT","","","","","0","Micro-Tac White is a 160 micron matt white PP film with glue free adhesion for interior use onto glass and most flat smooth surfaces. The adhesive is re-positional many times without the loss of adhesion value.  











","<html>

<head><title>Micro-Tac White</title></head>

<body>

<p>Micro-Tac White is a 160 micron white polypropylene film with clear micro-porous adhesive technology for interior use onto glass or any flat smooth surfaces.</p>
<a><img style=""border: 0px solid ; width: 75px; height: 75px; float: right;"" alt=""pvc free""
src=""media/ecom/onpagegraphics/PVC_free_logo.png""></a>
<span style=""font-weight: bold; color: #d7328a;"">Structure:</span><br>
<ul><li>160<span>&#181;</span>m Polpropylene film</li>
<li>Micro suction adherent layer</li>
<li>Polypropylene Film - 80<span>&#181;</span>m
</li></ul>


<span style=""font-weight: bold; color: #d7328a;"">Suitability:</span><br>
<ul><li>Perfect for creating high impact window displays or other flat smooth surfaces</li>
<li>Internal application only</li>
<li>Compatible with Eco Solvent, Latex and UV inks</li>
<li>Unsuitable for surfaces containing plasticised PVC, copper and aluminium as the active compounds can cause a more permanent level of adhesion</li>
<li>Micro-Tac White can also be difficult to remove from plastic materials such as PE and PP when the surfaces have been pre-treated with chemicals or corona</li></ul>

<span style=""font-weight: bold; color: #d7328a;"">Advantages:</span><br>
<ul><li>PVC free for environmentally friendly solutions</li>
<li>High opacity, semi-matt white finish for stand out displays</li>
<li>Repositionable many times without loss of adhesion</li>
<li>Removes residue free even after 2-3 years
</li></ul>

<span style=""font-weight: bold; color: #d7328a;"">Ink Compatability:</span>
<ul>
<img style=""margin: 0px 5px 0px 0px; width: 15px; height: 25px;"" alt=""Eco-Sol Ink""
src=""media/ecom/onpagegraphics/Ink-EcoSol.png"">Eco-solvent &nbsp;&nbsp;
<img style=""margin: 0px 5px 0px 0px; width: 15px; height: 25px;"" alt=""Latex""
src=""media/ecom/onpagegraphics/Ink-Latex.png"">Latex &nbsp;&nbsp;
<img style=""margin: 0px 5px 0px 0px; width: 15px; height: 25px;"" alt=""UV Ink""
src=""media/ecom/onpagegraphics/Ink-UV.png"">UV &nbsp;&nbsp;
</ul>

<span style=""font-weight: bold; color: #d7328a;"">Technical Information:</span>
<ul><a href=""media/ecom/pdfs/datasheets/Micro-Tac-White.pdf"" target=""_blank""><img
style=""border: 0px solid ; width: 200px; height: 60px;"" alt=""Micro-Tac White Datasheet""
src=""media/ecom/onpagegraphics/Datasheet.png""></a>
<a href=""https://www.dorotape.co.uk/Print-Profiles-User-Guide""
target=""_blank""><img style=""width: 200px; height: 60px;"" alt=""printing profile guide""
src=""media/ecom/onpagegraphics/Profile.png""></a></ul>

<a><img style=""border: 0px solid ; width: 50px; height: 50px;"" alt=""fyi""
src=""media/ecom/onpagegraphics/FYI.png""></a>
<p style=""color:rgb(84,84,84)""><b>Want to know what makes this different to Static Cling?</b></p>
<p style=""color:rgb(244,7,138)""><i>Static Cling Vinyl is completely free of adhesive.  It is the static electrical charge within the film that attracts (clings) it to a surface that has an opposite charge.<br>
 Our Glue Free Adhesion films work in a completely different way using something called 'van der Waals force'.  The surface of these films comprise of a microporous layer of carbon nanotubes that expand the surface area of the film and gives it a grip like feel.  When the film is applied to a smooth surface this layer aligns itself to the surface forming a strong 'grip' but when peeled off at an angle this grip is broken</i></p>
<br>
<p style=""font-weight: bold; font-size: 1.0em;"">Prices shown are per roll at 1370mm wide</p>
</body>
</html>



","Micro_Tac_White.jpg","Micro_Tac_White.jpg","INVITEMS","DEFAULT-Micro_Tac_White-DEFAULT-Micro_Tac_White","","","0","0","0","","1","REGONLY","0","0","0","0","","","","SELECT","SELECT","0","","","","","0","0","","income-service","","","0","0","","","","","PVC_Free_Media","Digital_Print_Window_Film, Digital_Vinyl_Short_Term, PVC_Free_Media, Low_Tack_Digital_Print_Vinyl","","","0","Micro_Tac, Blue_Max, Fusion_5, Olfa_Graphic_Cutter, Olfa_X_Design_Heavy_Duty_Knife, Lint-Free-Gloves, Masking_Tape_25mm, Aslan_Squeegee, Swann_Morton_3_Handle, Swann_Morton_10A_Blades, Float_On, IPA_100, Anti_Static_Cleaner,","Blue_Max, Fusion_5, Olfa_Graphic_Cutter, Olfa_X_Design_Heavy_Duty_Knife, Lint-Free-Gloves, Masking_Tape_25mm, Aslan_Squeegee, Swann_Morton_3_Handle, Swann_Morton_10A_Blades, Float_On, IPA_100, Anti_Static_Cleaner,","A","superuser","ADHESIVE_REMOVABLE, ADHESIVE_REPOSITIONABLE","GRADE_POLYPROPYLENE","SUITABILITY_FLAT, SUITABILITY_INDOOR, SUITABILITY_WINDOW","","","","","","","","","","","","0","madico, wondertack, yupo, yupo tako, cling, micro, micro tac, micro-tac, window films, window graphics, window, white window, white, micro porous, microporous, porous, micro-porous, 

































","Micro Tac","","1489747334","0","","0","","CHECKBOX"
"Mimaki_Plotter_Blade","Mimaki Plotter Cutting Blade","MD300V","DEFAULT","110","13","DEFAULT","","","","","0","The MD300V cutting blade is suitable for cutting all standard vinyl films using all types of Mimaki cutters.","<html>

<title><head>Mimaki Plotter Cutting Blade</title></head>

<body>

<p>The MD300V cutting blade is suitable for cutting all standard vinyl films using all types of Mimaki cutters.</p>
<p>Manufactured to a high specification in the UK from quality Swiss tungsten carbide.</p>

</body>

</html>","MD300V.jpg","MD300V.jpg","INVITEMS","DEFAULT-Mimaki_Plotter_Blade-DEFAULT-Mimaki_Plotter_Blade","","","0","0","0","","1","REGONLY","0","0","0","0","","","","SELECT","SELECT","0","","","","","0","0","","income-service","","","0","0","","","","","Plotter_Blades","Plotter_Blades","","","0","","","A","","","","","","","","","","","","","","","Mimaki-Plotter-Cutting-Blades","0","mimaki, plotter, blade, cut, cutting, plotting","","","1706699891","0","","0","","CHECKBOX"
"Mimaki_Smart_Knives","Mimaki Smart Knives","MSK","DEFAULT","20","0","DEFAULT","","","","","0","Smart Knives for all Mimaki cutters. These cost effective alternative to traditional plotter blades arrive pre-set in their own blade holder ready for use. When the blade eventually blunts just order an Exchange unit and return the original in the jiffy bag provided. These blades will also fit DGI Omega plotters.
","<html><head><title>Mimaki Smart Knives</title></head>
<body>
<p>Smart Knives for all the Mimaki Plotters. These cost effective alternative to traditional plotter blades arrive pre-set in their own blade holder ready for use. When the blade eventually blunts just order an Exchange unit and return the original in the jiffy bag provided. </p>
<p>Choice of blade for different cutting options.</p>
<ul>
<li>Swiss tungsten carbide blade preset for safety, accuracy and longer life</li>
<li>Comes in its own holder, preset for immediate use</li>
<li>No need to fit, adjust or change the blade</li>
<li>They cut all common materials (and many unusual ones too)</li>
<li>Exchange units contain a brand new blade</li>
<li>Used Knives are exchanged for half the price offering significant long term cost savings</li>
<li>Simply return the complete unit including the clear dorotape branded case</li>
<li>These blades will also fit DGI Omega plotters</li></ul>
</body></html>
","MSK300V.jpg","MSK300V.jpg, MSK500V.jpg, MSK500F.jpg, MSK750F.jpg","INVITEMS","DEFAULT-Mimaki_Smart_Knives-DEFAULT-Mimaki_Smart_Knives","","","0","0","0","","1","REGONLY","0","0","0","0","","","","SELECT","SELECT","0","","","","","0","0","","income-service","","","0","0","","","","","Smart-Knives","Smart-Knives","","","0","PLOTPEN, GERSTD, GERFST, GEREMT, GERENV, GERODY, ROLAND, GRAPHT, IOLINE, SUMMA, MUTOH, MIMAKI, SIGNPAL","","A","","","","","","","","","","","","","","","Mimaki-Smart-Knives","0","smart, knife, knives, mimaki

","","","1638526612","0","","0","","CHECKBOX"
"Mini_Power_Tabs","Mini Power Tabs","21004","Doro_Tape","160","19","DEFAULT","","","","","0","Mini PowerTabs® are strong white self-adhesive corner tabs for banner finishing.  Use instead of eyelets.  Code: BAN012. Pack size - 100","<html>

<title><head>Mini Power Tabs</title></head>

<body>


<p>Made of high strength white composite film, these Mini PowerTabs® are stronger and less conspicuous than eyelets.</p>
<p>Instantly turn your digital image into a super-strong outdoor banner. No sewing, grommeting or special tools required!</p>

<p>Pack size - 100</p>

</body>

</html>","Power-Tabs-Mini-(BAN012).jpg","Power-Tabs-Mini-(BAN012).jpg","INVITEMS","DEFAULT-Mini_Power_Tabs-DEFAULT-Mini_Power_Tabs","","","0","0","0","","1","REGONLY","0","0","0","0","","","","SELECT","SELECT","0","","","","","0","0","","income-service","","","0","0","","","","","Banner_Ups","Banner_Fixings, Banner_Ups","","","0","Edge_Tabs, Power_Punch, Power_Tape","","A","","","","","","","","","","","","","","","Banner_Ups_Mini_Power_Tabs","0","mini power tabs,mini powertabs,banner ups,bannerups,Mini Power Tabs,Mini PowerTabs,","","","1546515899","0","","0","","CHECKBOX"
"MK13_Light_Mat_Grey_Marble","MK13 Imperial White","Cover Styl' MK13","Cover_Styl","20","25","DEFAULT","","","","","0","Cover Styl' MK13 Imperial White self-adhesive stone effect film. Buy it by the metre.

","<html>
<head>
<title>Cover Styl' MK13 Imperial White</title></head>
<body>
<p><img style=""height: 76px; width: 300px;"" alt=""Cover Styl' logo""
src=""media/ecom/onpagegraphics/Coverstyl_Logo.png""></p>
<span style=""font-weight: bold; color: #588ec6;"">SUITABILITY:</span>
<p>This product is designed for interior application only and offers exceptional resistance to water, dirt, abrasion, UV rays and wear (yellowing, cracking, scaling, delamination). </p>
<span style=""font-weight: bold; color: #588ec6;"">MATERIAL CHARACTERISTICS:</span>
<ul><li>Grade: Polymeric</li>
<li>Thickness: 250 micron</li>
<li>Adhesive: Easy Apply Air Release</li>
<li>Appearance: Matt</li>
<li>Stretchable: Yes</li>
<li>Scratch Proof: Average</li>
</ul>
<p>Prices shown are per linear metre at 1220mm wide</p>
</body>
</html>","MK13_Light_Mat_Grey_Marble.jpg","MK13_Light_Mat_Grey_Marble.jpg, MK13_Light_Mat_Grey_Marble_Light.jpg","INVITEMS","DEFAULT-MK13_Light_Mat_Grey_Marble-DEFAULT-MK13_Light_Mat_Grey_Marble","","","0","0","0","","1","REGONLY","0","0","0","0","","","","SELECT","SELECT","0","","","","","0","0","","income-service","","","0","0","","","","","Cover_Styl_Marble","Cover_Styl_Marble","","","0","Olfa_Graphic_Cutter, Olfa_X_Design_Heavy_Duty_Knife, Lint-Free-Gloves, Masking_Tape_25mm, Aslan_Squeegee, Swann_Morton_3_Handle, Swann_Morton_10A_Blades, Lint-Free-Cloths, Heavy-Duty-Application-Roller, Rollepro, 4075CT1220, Cover-Styl-Colour-Selector-Box","Olfa_Graphic_Cutter, Olfa_X_Design_Heavy_Duty_Knife, Lint-Free-Gloves, Masking_Tape_25mm, Aslan_Squeegee, Swann_Morton_3_Handle, Swann_Morton_10A_Blades, Lint-Free-Cloths, Heavy-Duty-Application-Roller, Rollepro, 4075CT1220, Cover-Styl-Colour-Selector-Box","A","superuser","ADHESIVE_SEMI_PERMANENT","GRADE_POLYPROPYLENE","","","","","","","","","","","","Cover-Styl-MK13-Imperial-White","0","coverstyle, cover style, cover styl, cover styl', mk13, imperial, white, 


","","","1647365963","0","","0","","CHECKBOX"
"MK14_Mat_Ash_Black_Marble","MK14 Griogio Marquina","Cover Styl' MK14","Cover_Styl","30","25","DEFAULT","","","","","0","Cover Styl' MK14 Griogio Marquina self-adhesive stone effect film. Buy it by the metre.

","<html>
<head>
<title>Cover Styl' MK14 Griogio Marquina</title></head>
<body>
<p><img style=""height: 76px; width: 300px;"" alt=""Cover Styl' logo""
src=""media/ecom/onpagegraphics/Coverstyl_Logo.png""></p>
<span style=""font-weight: bold; color: #588ec6;"">SUITABILITY:</span>
<p>This product is designed for interior application only and offers exceptional resistance to water, dirt, abrasion, UV rays and wear (yellowing, cracking, scaling, delamination). </p>
<span style=""font-weight: bold; color: #588ec6;"">MATERIAL CHARACTERISTICS:</span>
<ul><li>Grade: Polymeric</li>
<li>Thickness: 250 micron</li>
<li>Adhesive: Easy Apply Air Release</li>
<li>Appearance: Matt</li>
<li>Stretchable: Yes</li>
<li>Scratch Proof: Average</li>
</ul>
<p>Prices shown are per linear metre at 1220mm wide</p>
</body>
</html>","MK14_Mat_Ash_Black_Marble.jpg","MK14_Mat_Ash_Black_Marble.jpg, MK14_Mat_Ash_Black_Marble_Kitchen.jpg","INVITEMS","DEFAULT-MK14_Mat_Ash_Black_Marble-DEFAULT-MK14_Mat_Ash_Black_Marble","","","0","0","0","","1","REGONLY","0","0","0","0","","","","SELECT","SELECT","0","","","","","0","0","","income-service","","","0","0","","","","","Cover_Styl_Marble","Cover_Styl_Marble","","","0","Olfa_Graphic_Cutter, Olfa_X_Design_Heavy_Duty_Knife, Lint-Free-Gloves, Masking_Tape_25mm, Aslan_Squeegee, Swann_Morton_3_Handle, Swann_Morton_10A_Blades, Lint-Free-Cloths, Heavy-Duty-Application-Roller, Rollepro, 4075CT1220, Cover-Styl-Colour-Selector-Box","Olfa_Graphic_Cutter, Olfa_X_Design_Heavy_Duty_Knife, Lint-Free-Gloves, Masking_Tape_25mm, Aslan_Squeegee, Swann_Morton_3_Handle, Swann_Morton_10A_Blades, Lint-Free-Cloths, Heavy-Duty-Application-Roller, Rollepro, 4075CT1220, Cover-Styl-Colour-Selector-Box","A","superuser","ADHESIVE_SEMI_PERMANENT","GRADE_POLYPROPYLENE","","","","","","","","","","","","Cover-Styl-MK14-Griogio-Marquina","0","coverstyle, cover style, cover styl, cover styl'


","","","1647366695","0","","0","","CHECKBOX"
"MK15_Cream_Concrete","MK15 Raw Travertine","Cover Styl' MK15","Cover_Styl","10","33","DEFAULT","","","","","0","Cover Styl' MK15 Raw Travertine self-adhesive stone effect film. Buy it by the metre.

","<html>
<head>
<title>Cover Styl' MK15 Raw Travertine</title></head>
<body>
<p><img style=""height: 76px; width: 300px;"" alt=""Cover Styl' logo""
src=""media/ecom/onpagegraphics/Coverstyl_Logo.png""></p>
<span style=""font-weight: bold; color: #588ec6;"">SUITABILITY:</span>
<p>This product is designed for interior application only and offers exceptional resistance to water, dirt, abrasion, UV rays and wear (yellowing, cracking, scaling, delamination). </p>
<span style=""font-weight: bold; color: #588ec6;"">MATERIAL CHARACTERISTICS:</span>
<ul><li>Grade: Polymeric</li>
<li>Thickness: 250 micron</li>
<li>Adhesive: Easy Apply Air Release</li>
<li>Appearance: Matt</li>
<li>Stretchable: Yes</li>
<li>Scratch Proof: Average</li>
</ul>
<p>Prices shown are per linear metre at 1220mm wide</p>
</body>
</html>","MK15_Cream_Concrete.jpg","MK15_Cream_Concrete.jpg, MK15_Cream_Concrete_Wall.jpg","INVITEMS","DEFAULT-MK15_Cream_Concrete-DEFAULT-MK15_Cream_Concrete","","","0","0","0","","1","REGONLY","0","0","0","0","","","","SELECT","SELECT","0","","","","","0","0","","income-service","","","0","0","","","","","Cover_Styl_Marble","Cover_Styl_Marble","","","0","Olfa_Graphic_Cutter, Olfa_X_Design_Heavy_Duty_Knife, Lint-Free-Gloves, Masking_Tape_25mm, Aslan_Squeegee, Swann_Morton_3_Handle, Swann_Morton_10A_Blades, Lint-Free-Cloths, Heavy-Duty-Application-Roller, Rollepro, 4075CT1220, Cover-Styl-Colour-Selector-Box","Olfa_Graphic_Cutter, Olfa_X_Design_Heavy_Duty_Knife, Lint-Free-Gloves, Masking_Tape_25mm, Aslan_Squeegee, Swann_Morton_3_Handle, Swann_Morton_10A_Blades, Lint-Free-Cloths, Heavy-Duty-Application-Roller, Rollepro, 4075CT1220, Cover-Styl-Colour-Selector-Box","A","superuser","ADHESIVE_SEMI_PERMANENT","GRADE_POLYPROPYLENE","","","","","","","","","","","","Cover-Styl-MK15-Raw-Travertine","0","coverstyle, cover style, cover styl, cover styl', mk15, raw, travertine, 


","","","1647454816","0","","0","","CHECKBOX"
"Mount-Film","General Purpose Mount Film","MOUNT1300","Doro_Tape","1","132","DEFAULT","","","","","0","General purpose Mount Film with an aqueous permanent adhesive.  Roll size 1300mm x 50m






















","<html>

<head><title>Mount Film</title></head>
<body>
<p>Premium quality general purpose Mount Film with an aqueous permanent adhesive.</p>
<p>Otherwise known as glue on a roll this 12 micron adhesive film is perfect for mounting photographic and paper based prints onto various substrates such as foamboard, alupanel, card and rigid PVC.
</p>

<span style=""font-weight: bold; color: #d7328a;"">Structure:</span><br>
<ul><li>Kraft paper release liner - 120gsm. PE coated on both sides</li>
<li>Permanent adhesive</li>
<li>12<span>&#181;</span>m Polyester - Clear</li>
<li>Permanent adhesive
</li></ul>

<span style=""font-weight: bold; color: #d7328a;"">Suitability:</span><br>
<ul><li>Mounting photographic and paper based prints to a foamed board, alupanel, card and rigid PVC
</li></ul>

<span style=""font-weight: bold; color: #d7328a;"">Advantages:</span><br>
<ul><li>Universal application</li>
<li>Good adhesion to a wide variety of substrates</li>
<li>Moisture stable release liner</li>
<li>Manageable 50m rolls
</li><br>
<img style=""border: 0px solid ; width: 50px; height: 50px; alt=""reward points logo""
src=""media/ecom/onpagegraphics/Reward_Logo.png""><span style=""font-weight: bold; color: #ef7d00;"">Earn Reward Points every time you buy this product</span></ul>

<span style=""font-weight: bold; color: #d7328a;"">Technical Information:</span><br>
<ul>
<a href=""media/ecom/pdfs/datasheets/950A-Mounting-Adhesive.pdf"" target=""_blank""><img style=""border: 0px solid ; width: 200px; height: 60px;"" alt=""950A Mount Film Datasheet""
src=""media/ecom/onpagegraphics/Datasheet.png""></a></ul>

<p style=""font-weight: bold; font-size: 0.9em;"">Prices shown are per 50 metre roll at 1300mm wide</p>
</body>

</html>","950A.jpg","950A.jpg","INVITEMS","DEFAULT-Mount-Film-DEFAULT-Mount-Film","","","0","0","0","","1","REGONLY","0","0","0","0","","","","SELECT","SELECT","0","","","","","0","0","","income-service","","","0","0","","FREESHIPPING","","","Mount_Films","Mount_Films","","","0","Olfa_Graphic_Cutter, Olfa_X_Design_Heavy_Duty_Knife, Lint-Free-Gloves, Masking_Tape_25mm, Aslan_Squeegee, Swann_Morton_3_Handle, Swann_Morton_10A_Blades, Lint-Free-Cloths, Heavy-Duty-Application-Roller, 4075CT1220,","Olfa_Graphic_Cutter, Olfa_X_Design_Heavy_Duty_Knife, Lint-Free-Gloves, Masking_Tape_25mm, Aslan_Squeegee, Swann_Morton_3_Handle, Swann_Morton_10A_Blades, Lint-Free-Cloths, Heavy-Duty-Application-Roller, 4075CT1220,","A","","","","","","","","","","","","","","","","0","mount, mount film, mounting, laminate, laminating







xerox,d-jet 100,






























","","","1719417575","0","","0","","CHECKBOX"
"Mounting_Magnet","Mounting Magnet","MM","Doro_Tape","200","3","DEFAULT","","","","","0","Long handled, easy to grip mounting magnets specially designed to hold vinyl films and graphics onto the substrate during the application. The soft rubber base protects against damage or scratching of the film or substrate. A must have accessory for vehicle wrapping and signmakers.","<html>

<head><title>Mounting Magnet</head></title>

<body>

<p>Easy to grip mounting magnets specially designed to hold vinyl films and graphics onto the substrate during the application.</p>
<p>The soft rubber base protects against damage or scratching of the film or substrate and the long handle offers easy leverage and positioning.</p>
<p>A must have accessory for vehicle wrapping and signmakers.</p>

</body>

</html>","Mounting_Magnets.jpg","Mounting_Magnets.jpg","INVITEMS","DEFAULT-Mounting_Magnet-DEFAULT-Mounting_Magnet","","","0","0","0","","1","REGONLY","0","0","0","0","","","","SELECT","SELECT","0","","","","","0","0","","income-service","","","0","0","","","","","Vehicle_Wrap_Tools","Application_Tools, Vehicle_Wrap_Tools","","","0","","","A","","","","","","","","","","","","","","","","0","magnet,mounting,wrap,vehicle,","","","1547654850","0","","0","","CHECKBOX"
"MP330","ASLAN MP330 Floor Protect Laminate","MP330","Aslan","90","557","DEFAULT","","","","","0","ASLAN MP330 Floor graphic laminate is designed for the protection of permanently wet floor graphics both outdoors and indoors. The 170 micron film is textured and slip resistant according DIN 16165 R11. Buy it by the roll.




","<html>

<head><title>ASLAN MP330</title></head>
<style>
.responsive {
  width: 50%;
  height: auto;
}
</style>

<img style=""width: 250px; height: 53px;"" alt=""Aslan Logo"" src=""media/ecom/onpagegraphics/ASLAN_Logo_New.jpg"" class=""responsive""><br><br>

<body>

<p>ASLAN MP330 Floor graphic laminate has a textured anti-slip surface and is designed for the protection of floor graphics both outdoors and indoors.</p>

<span style=""font-weight: bold; color: #d7328a;"">Structure:</span><br>
<ul><li>170<span>&#181;</span>m Transparent polymeric textured PVC</li>
<li>Water based acrylic adhesive (solvent free) - Permanent</li>
<li>Silicone paper liner, PE coated on both sides - 63g/m<sup>2</sup>
</li></ul>

<span style=""font-weight: bold; color: #d7328a;"">Suitability:</span><br>
<ul><li>Meets anti-slip class R11 according to DIN 16165. <a href=""https://www.dorotape.co.uk/Slip-Resistance-Ratings"" target=""_blank""><font color=""#d7328a""><b>Learn more about slip ratings</b></font></a></li>

<li>Can be used indoors and outdoors</li>
<li>Perfect for use in damp/wet areas such as swimming pools, showers, saunas and outdoor staircases</li>
<li>Ideal solution for floor graphics in public areas such as retail environments, hotels as well as industrial areas</li>
<li>All ASLAN Floor graphics materials are designed for promotional use i.e. 6 months outdoor durability depending on mechanical load</li></ul>

<span style=""font-weight: bold; color: #d7328a;"">Advantages:</span><br>
<ul><li>Rough textured surface for use on wet and damp areas</li>
<li>Water resistant, high quality adhesive for outdoor use</li>
<li>Ideal for plotting</li>
</ul><ul>
<img style=""border: 0px solid ; width: 50px; height: 50px; alt=""reward points logo""
src=""media/ecom/onpagegraphics/Reward_Logo.png""><span style=""font-weight: bold; color: #ef7d00;"">Earn Reward Points every time you buy this product</span></ul>


<span style=""font-weight: bold; color: #d7328a;"">Technical Information:</span><br>
<ul>
<a href=""media/ecom/pdfs/datasheets/TDS_FloorProtect_R11_ASLAN_MP_330_EN.pdf"" target=""_blank""><img
style=""border: 0px solid ; width: 200px; height: 60px;"" alt=""Aslan MP330 Datasheet""
src=""media/ecom/onpagegraphics/Datasheet.png""></a>

<a href=""media/ecom/pdfs/slipcertificates/ASLAN_MP_330.pdf"" target=""_blank"">
<img style=""border: 0px solid ; width: 200px; height: 60px;"" alt=""Aslan MP330 Slip Resistance Certificate"" src=""media/ecom/onpagegraphics/Slip.png""></a>

<a href=""media/ecom/pdfs/firecertificates/FloorProtect_ASLAN_MP_330.pdf"" target=""_blank"">
<img style=""border: 0px solid ; width: 200px; height: 60px;"" alt=""Aslan MP330 Fire Certificate"" src=""media/ecom/onpagegraphics/Fire.png""></a></ul>

<p style=""font-weight: bold; font-size: 0.9em;"">Prices shown are per linear metre at 1370mm wide</p>
</body>

</html>","ASLAN_MP_330.jpg","ASLAN_MP_330.jpg","INVITEMS","DEFAULT-MP330-DEFAULT-MP330","","","0","0","0","","1","REGONLY","0","0","0","0","","","","SELECT","SELECT","0","","","","","0","0","","income-service","","","0","0","","FREESHIPPING","","","Textured_laminate","Floor_laminate, Textured_laminate, Covid_Kit, Floor_Laminate_October_Offers","","","0","DFP_46, DFP_47, DFP_49, RJ75HG, Olfa_Graphic_Cutter, Olfa_X_Design_Heavy_Duty_Knife, Lint-Free-Gloves, Masking_Tape_25mm, Aslan_Squeegee, Swann_Morton_3_Handle, Swann_Morton_10A_Blades, Lint-Free-Cloths, Heavy-Duty-Application-Roller, 4075CT1220, Rollepro,","Olfa_Graphic_Cutter, Olfa_X_Design_Heavy_Duty_Knife, Lint-Free-Gloves, Masking_Tape_25mm, Aslan_Squeegee, Swann_Morton_3_Handle, Swann_Morton_10A_Blades, Lint-Free-Cloths, Heavy-Duty-Application-Roller, 4075CT1220, Rollepro,","A","superuser","ADHESIVE_PERMANENT","FloorLam","SUITABILITY_FIRE, SUITABILITY_FLOOR_GRAPHICS, SUITABILITY_OUTDOOR_SHORT","","R12","","","","","","","","","ASLAN-MP330","0","aslan, mp330, floor graphic, floor, floor vinyl, outdoor floor graphics, aslan mp330, r11 certificate, slip resistant, anti slip, anti-slip, r11, textured, textured laminate, textured vinyl, textured vinyl laminate, laminate, floor laminate, wet floo","","","1742898042","0","","0","","CHECKBOX"
"MP_326","ASLAN MP326 Floor Protect Laminate","MP326","Aslan","90","200","DEFAULT","","","","","0","ASLAN MP326 Floor graphic laminate is designed for the protection of floor graphics both outdoors and indoors. The 125 micron film is textured and slip resistant according DIN 51130 R9.  Fire Rated to Euroclass DIN EN 13501-1:2018 with classification Bfl-s1 when used in conjuction with the DFP46, DFP47 & DFP49.

","<html>


<head><title>ASLAN MP326</title></head>
<style>
.responsive {
  width: 50%;
  height: auto;
}
</style>



<img style=""width: 250px; height: 53px;"" alt=""Aslan Logo"" src=""media/ecom/onpagegraphics/ASLAN_Logo_New.jpg"" class=""responsive""><br><br>


<body>
<p>ASLAN MP326 Floor graphic laminate is designed for the protection of floor graphics both outdoors and indoors.</p>

<span style=""font-weight: bold; color: #d7328a;"">Structure:</span><br>
<ul><li>125<span>&#181;</span>m Transparent  embossed PVC</li>
<li>Water based acrylic adhesive (solvent free) - Permanent</li>
<li>Silicone paper liner - 63g/m<sup>2</sup>
</li></ul>

<span style=""font-weight: bold; color: #d7328a;"">Suitability:</span><br>
<ul><li>Meets anti-slip class R9 according to DIN 51130. <a href=""https://www.dorotape.co.uk/Slip-Resistance-Ratings"" target=""_blank""><font color=""#d7328a""><b>Learn more about slip ratings.</b></font></a></li>
<li>Can be used indoors and outdoors</li>
<li>Floor graphic advertising in the retail sector as well as sports events and exhibitions</li>
<li>Fire Rated to Euroclass DIN EN 13501-1:2018 with classification Bfl-s1 when used in conjunction with the DFP46, DFP47 & DFP49</li>
<li>All ASLAN Floor graphics materials are designed for promotional use i.e. 6 months outdoor durability depending on mechanical load</li></ul>

<span style=""font-weight: bold; color: #d7328a;"">Advantages:</span><br>
<ul><li>Textured surface</li>
<li>Water resistant adhesive</li>
<li>Insurance cover against potential personal injury</li><br>


<img style=""border: 0px solid ; width: 50px; height: 50px; alt=""reward points logo""
src=""media/ecom/onpagegraphics/Reward_Logo.png""><span style=""font-weight: bold; color: #ef7d00;"">Earn Reward Points every time you buy this product</span></ul>

<span style=""font-weight: bold; color: #d7328a;"">Technical Information:</span><br>
<ul>
<a href=""media/ecom/pdfs/datasheets/Outdoor_FloorProtect_ASLAN_MP326_e.pdf"" target=""_blank"">
<img style=""border: 0px solid ; width: 200px; height: 60px;"" alt=""Aslan MP326 Data Sheet"" src=""media/ecom/onpagegraphics/Datasheet.png""></a>
<a href=""media/ecom/pdfs/firecertificates/Certificate DIN EN_13501-1_Aslan_Floor_Graphic_Films.pdf"" target=""_blank"">
<img style=""border: 0px solid ; width: 200px; height: 60px;"" alt=""Aslan MP326 Fire Certificate"" src=""media/ecom/onpagegraphics/Fire.png""></a>
<a href=""media/ecom/pdfs/slipcertificates/MP326-Slip-Test.pdf"" target=""_blank"">
<img style=""border: 0px solid ; width: 200px; height: 60px;"" alt=""Aslan MP326 R Rating"" src=""media/ecom/onpagegraphics/Slip.png""></a>
<a href=""media/ecom/pdfs/slipcertificates/MP326_Pendulum_Test.pdf"" target=""_blank"">
<img style=""border: 0px solid ; width: 200px; height: 60px;"" alt=""Aslan MP326 Pendulum Test"" src=""media/ecom/onpagegraphics/Slip.png""></a></ul>

<p style=""font-weight: bold; font-size: 0.9em;"">Prices shown are per linear metre at 1370mm wide</p>
</body>

</html>","ASLAN_MP326.jpg","ASLAN_MP326.jpg","INVITEMS","DEFAULT-MP_326-DEFAULT-MP_326","","","0","0","0","","1","REGONLY","0","0","0","0","","","","SELECT","SELECT","0","","","","","0","0","","income-service","","","0","0","","FREESHIPPING","","","Textured_laminate","Floor_laminate, Textured_laminate, Covid_Kit, Floor_Laminate_October_Offers","","","0","DFP_46, DFP_47, DFP_49, RJ75HG, Olfa_Graphic_Cutter, Olfa_X_Design_Heavy_Duty_Knife, Lint-Free-Gloves, Masking_Tape_25mm, Aslan_Squeegee, Swann_Morton_3_Handle, Swann_Morton_10A_Blades, Lint-Free-Cloths, Heavy-Duty-Application-Roller, 4075CT1220, Rollepro,","Olfa_Graphic_Cutter, Olfa_X_Design_Heavy_Duty_Knife, Lint-Free-Gloves, Masking_Tape_25mm, Aslan_Squeegee, Swann_Morton_3_Handle, Swann_Morton_10A_Blades, Lint-Free-Cloths, Heavy-Duty-Application-Roller, 4075CT1220, Rollepro,","A","superuser","ADHESIVE_PERMANENT","FloorLam","SUITABILITY_FIRE, SUITABILITY_FLOOR_GRAPHICS, SUITABILITY_OUTDOOR_SHORT","","R9","","","","","","","","","ASLAN-MP326-Floor-Laminate","0","aslan, mp326, floor graphic, floor, floor vinyl, outdoor floor graphics, anti slip, slip resistance







xerox,d-jet 100,











































","","","1489930826","0","","0","","CHECKBOX"
"MS-M322","Matt Elephant Grey Craft Vinyl","M322","DEFAULT","890","0","CRAFTSTICK","","","","","0","Matt Elephant Grey Vinyl. Cut and stick for craft decorations","<p>This is perfect for all you crafters and hobbyists out there. Simply design and produce stickers for virtually anything with our self-adhesive vinyl.</p>
<p>Compatible with all craft cutters such as the Cameo, Cricut, Stika and Skycut plus signmaking plotter cutters from Roland, Graphtec, Mimaki and Mutoh.</p>
<p>You can even cut this material using scissors or on a cutting mat with a scalpel too.</p>
<p>Either way you will be able to make stickers that are long lasting and durable, suitable for use onto glassware, windows, mugs, water bottles, cards, gift tags, invitations, wooden giftware, interior walls etc.</p>
<p>So get designing those beautiful creations then just cut, peel and stick to make them come alive!</p>
<b><p>•	3-5 year outdoor durability </p>
<p>•	Semi-permanent clear adhesive </p>
<p>•	Suitable for smooth flat or slightly curved surfaces</p></b>
","Event_322_Matt_Elephant_Grey.png","Event_322_Matt_Elephant_Grey.png","INVITEMS","DEFAULT-MS-M322-DEFAULT-CS-M322","","","0","0","0","","1","REGONLY","0","0","0","0","","","","SELECT","SELECT","0","","","","","0","0","","income-service","","","0","0","","","","","CS-SAV-COL","CS-SAV-COL","","","0","CS-Plastic_Squeegee, CS-Olfa_Art_Knife, CS-Olfa_Premium_Art_Knife, CS-Olfa_Cutting_Matt_A3, CS-Olfa_Cutting_Matt_A4, CS-Easy_Cutter, CS-Bubble_Pen, CS-Aslan_Squeegee, CS-Aslan_Red_Devil_Squeegee, CS-Weeding_Hook, CS-Weeding_Tweezers, CS-PAPER-APP-TAPE, CS-CLEAR-APP-TAPE","CS-Plastic_Squeegee, CS-Olfa_Art_Knife, CS-Olfa_Premium_Art_Knife, CS-Olfa_Cutting_Matt_A3, CS-Olfa_Cutting_Matt_A4, CS-Easy_Cutter, CS-Bubble_Pen, CS-Aslan_Squeegee, CS-Aslan_Red_Devil_Squeegee, CS-Weeding_Hook, CS-Weeding_Tweezers,CS-PAPER-APP-TAPE, CS-CLEAR-APP-TAPE","A","","","","","","Matt","","","","","","","","","","0","vinyl, monomeric","","","1722602776","0","","0","","CHECKBOX"
"Mutoh_Plotter_Blade","Mutoh Plotter Cutting Blades","V500V / MSC500V","DEFAULT","100","0","DEFAULT","","","","","0","These plotter cutting blades are for use with Mutoh plotters. Select the blade suitable for the type of vinyl or film that you are cutting.","<html>

<title><head>Mutoh Plotter Cutting Blades</title></head>

<body>

<p>These plotter cutting blades are for use with Mutoh plotters. Select the blade suitable for the type of vinyl or film that you are cutting.</p>
<p>Manufactured to a high specification in the UK from quality Swiss tungsten carbide.</p>

</body>

</html>","V500V.jpg","V500V.jpg","INVITEMS","DEFAULT-Mutoh_Plotter_Blade-DEFAULT-Mutoh_Plotter_Blade","","","0","0","0","","1","REGONLY","0","0","0","0","","","","SELECT","SELECT","0","","","","","0","0","","income-service","","","0","0","","","","","Plotter_Blades","Plotter_Blades","","","0","","","A","","","","","","","","","","","","","","","Mutoh-Plotter-Cutting-Blades","0","mutoh, plotter, blade, cut, cutting, plotting","","","1706700072","0","","0","","CHECKBOX"
"Mutoh_Smart_Knives","Mutoh Smart Knives","MSK","DEFAULT","40","0","DEFAULT","","","","","0","Smart Knives for all Mutoh cutters. These cost effective alternative to traditional plotter blades arrive pre-set in their own blade holder ready for use. When the blade eventually blunts just order an Exchange unit and return the original in the jiffy bag provided. 
","<html><head><title>Mutoh Smart Knives</title></head>
<body>
<p>Smart Knives for all the Mutoh Plotters. These cost effective alternative to traditional plotter blades arrive pre-set in their own blade holder ready for use. When the blade eventually blunts just order an Exchange unit and return the original in the jiffy bag provided. </p>
<p>Choice of blade for different cutting options.</p>
<ul>
<li>Swiss tungsten carbide blade preset for safety, accuracy and longer life</li>
<li>Comes in its own holder, preset for immediate use</li>
<li>No need to fit, adjust or change the blade</li>
<li>They cut all common materials (and many unusual ones too)</li>
<li>Exchange units contain a brand new blade</li>
<li>Used Knives are exchanged for half the price offering significant long term cost savings</li>
<li>Simply return the complete unit including the clear dorotape branded case</li></ul>
</body></html>
","MSK500V.jpg","MSK500V.jpg, MSK500F.jpg, MSK750F.jpg","INVITEMS","DEFAULT-Mutoh_Smart_Knives-DEFAULT-Mutoh_Smart_Knives","","","0","0","0","","1","REGONLY","0","0","0","0","","","","SELECT","SELECT","0","","","","","0","0","","income-service","","","0","0","","","","","Smart-Knives","Smart-Knives","","","0","PLOTPEN, GERSTD, GERFST, GEREMT, GERENV, GERODY, ROLAND, GRAPHT, IOLINE, SUMMA, MUTOH, MIMAKI, SIGNPAL","","A","","","","","","","","","","","","","","","Mutoh-Smart-Knives","0","smart, knife, knives, mutoh

","","","1638529618","0","","0","","CHECKBOX"
"NE24_Light_Grey_Concrete_Plaster","NE24 Raw Grey","Cover Styl' NE24","Cover_Styl","30","33","DEFAULT","","","","","0","Cover Styl' NE24 Raw Grey self-adhesive concrete effect film. Buy it by the metre.

","<html>
<head>
<title>Cover Styl' NE24 Raw Grey</title></head>
<body>
<p><img style=""height: 76px; width: 300px;"" alt=""Cover Styl' logo""
src=""media/ecom/onpagegraphics/Coverstyl_Logo.png""></p>
<span style=""font-weight: bold; color: #588ec6;"">SUITABILITY:</span>
<p>This product is designed for interior application only and offers exceptional resistance to water, dirt, abrasion, UV rays and wear (yellowing, cracking, scaling, delamination). </p>
<span style=""font-weight: bold; color: #588ec6;"">MATERIAL CHARACTERISTICS:</span>
<ul><li>Grade: Polymeric</li>
<li>Thickness: 250 micron</li>
<li>Adhesive: Easy Apply Air Release</li>
<li>Appearance: Matt</li>
<li>Stretchable: Yes</li>
<li>Scratch Proof: Average</li>
</ul>
<p>Prices shown are per linear metre at 1220mm wide</p>
</body>
</html>","NE24_Light_Grey_Concrete_Plaster.jpg","NE24_Light_Grey_Concrete_Plaster.jpg, NE24_Light_Grey_Concrete_Plaster_Kitchen.jpg","INVITEMS","DEFAULT-NE24_Light_Grey_Concrete_Plaster-DEFAULT-NE24_Light_Grey_Concrete_Plaster","","","0","0","0","","1","REGONLY","0","0","0","0","","","","SELECT","SELECT","0","","","","","0","0","","income-service","","","0","0","","","","","Cover_Styl_Natural_Stone","Cover_Styl_Natural_Stone","","","0","Olfa_Graphic_Cutter, Olfa_X_Design_Heavy_Duty_Knife, Lint-Free-Gloves, Masking_Tape_25mm, Aslan_Squeegee, Swann_Morton_3_Handle, Swann_Morton_10A_Blades, Lint-Free-Cloths, Heavy-Duty-Application-Roller, Rollepro, 4075CT1220, Cover-Styl-Colour-Selector-Box","Olfa_Graphic_Cutter, Olfa_X_Design_Heavy_Duty_Knife, Lint-Free-Gloves, Masking_Tape_25mm, Aslan_Squeegee, Swann_Morton_3_Handle, Swann_Morton_10A_Blades, Lint-Free-Cloths, Heavy-Duty-Application-Roller, Rollepro, 4075CT1220, Cover-Styl-Colour-Selector-Box","A","superuser","ADHESIVE_SEMI_PERMANENT","GRADE_POLYPROPYLENE","","","","","","","","","","","","Cover-Styl-NE24-Raw-Grey","0","coverstyle, cover style, cover styl, cover styl', ne24, raw, grey,


","","","1647455366","0","","0","","CHECKBOX"
"NE26_Dark_Grey_Concrete_Plaster","NE26 Raw Dark","Cover Styl' NE26","Cover_Styl","40","33","DEFAULT","","","","","0","Cover Styl' NE26 Raw Dark self-adhesive concrete effect film. Buy it by the metre.

","<html>
<head>
<title>Cover Styl' NE26 Raw Dark</title></head>
<body>
<p><img style=""height: 76px; width: 300px;"" alt=""Cover Styl' logo""
src=""media/ecom/onpagegraphics/Coverstyl_Logo.png""></p>
<span style=""font-weight: bold; color: #588ec6;"">SUITABILITY:</span>
<p>This product is designed for interior application only and offers exceptional resistance to water, dirt, abrasion, UV rays and wear (yellowing, cracking, scaling, delamination). </p>
<span style=""font-weight: bold; color: #588ec6;"">MATERIAL CHARACTERISTICS:</span>
<ul><li>Grade: Polymeric</li>
<li>Thickness: 250 micron</li>
<li>Adhesive: Easy Apply Air Release</li>
<li>Appearance: Matt</li>
<li>Stretchable: Yes</li>
<li>Scratch Proof: Average</li>
</ul>
<p>Prices shown are per linear metre at 1220mm wide</p>
</body>
</html>","NE26_Dark-Grey_Concrete_Plaster.jpg","NE26_Dark-Grey_Concrete_Plaster.jpg, NE26_Dark-Grey_Concrete_Plaster_Sofa.jpg","INVITEMS","DEFAULT-NE26_Dark_Grey_Concrete_Plaster-DEFAULT-NE26_Dark_Grey_Concrete_Plaster","","","0","0","0","","1","REGONLY","0","0","0","0","","","","SELECT","SELECT","0","","","","","0","0","","income-service","","","0","0","","","","","Cover_Styl_Natural_Stone","Cover_Styl_Natural_Stone","","","0","Olfa_Graphic_Cutter, Olfa_X_Design_Heavy_Duty_Knife, Lint-Free-Gloves, Masking_Tape_25mm, Aslan_Squeegee, Swann_Morton_3_Handle, Swann_Morton_10A_Blades, Lint-Free-Cloths, Heavy-Duty-Application-Roller, Rollepro, 4075CT1220, Cover-Styl-Colour-Selector-Box","Olfa_Graphic_Cutter, Olfa_X_Design_Heavy_Duty_Knife, Lint-Free-Gloves, Masking_Tape_25mm, Aslan_Squeegee, Swann_Morton_3_Handle, Swann_Morton_10A_Blades, Lint-Free-Cloths, Heavy-Duty-Application-Roller, Rollepro, 4075CT1220, Cover-Styl-Colour-Selector-Box","A","superuser","ADHESIVE_SEMI_PERMANENT","GRADE_POLYPROPYLENE","","","","","","","","","","","","Cover-Styl-NE26-Raw-Dark","0","coverstyle, cover style, cover styl, cover styl'


","","","1647455522","0","","0","","CHECKBOX"
"NE29_White_Multicoloured_Stone","NE29 Multicolored","Cover Styl' NE29","Cover_Styl","60","33","DEFAULT","","","","","0","Cover Styl' NE29 Multicolored self-adhesive stone effect film. Buy it by the metre.

","<html>
<head>
<title>Cover Styl' NE29 Multicolored</title></head>
<body>
<p><img style=""height: 76px; width: 300px;"" alt=""Cover Styl' logo""
src=""media/ecom/onpagegraphics/Coverstyl_Logo.png""></p>
<span style=""font-weight: bold; color: #588ec6;"">SUITABILITY:</span>
<p>This product is designed for interior application only and offers exceptional resistance to water, dirt, abrasion, UV rays and wear (yellowing, cracking, scaling, delamination). </p>
<span style=""font-weight: bold; color: #588ec6;"">MATERIAL CHARACTERISTICS:</span>
<ul><li>Grade: Polymeric</li>
<li>Thickness: 250 micron</li>
<li>Adhesive: Easy Apply Air Release</li>
<li>Appearance: Matt</li>
<li>Stretchable: Yes</li>
<li>Scratch Proof: Average</li>
</ul>
<p>Prices shown are per linear metre at 1220mm wide</p>
</body>
</html>","NE29_White_Multicoloured_Stone.jpg","NE29_White_Multicoloured_Stone.jpg, NE29_White_Multicoloured_Stone_Counter.jpg","INVITEMS","DEFAULT-NE29_White_Multicoloured_Stone-DEFAULT-NE29_White_Multicoloured_Stone","","","0","0","0","","1","REGONLY","0","0","0","0","","","","SELECT","SELECT","0","","","","","0","0","","income-service","","","0","0","","","","","Cover_Styl_Marble","Cover_Styl_Marble","","","0","Olfa_Graphic_Cutter, Olfa_X_Design_Heavy_Duty_Knife, Lint-Free-Gloves, Masking_Tape_25mm, Aslan_Squeegee, Swann_Morton_3_Handle, Swann_Morton_10A_Blades, Lint-Free-Cloths, Heavy-Duty-Application-Roller, Rollepro, 4075CT1220, Cover-Styl-Colour-Selector-Box","Olfa_Graphic_Cutter, Olfa_X_Design_Heavy_Duty_Knife, Lint-Free-Gloves, Masking_Tape_25mm, Aslan_Squeegee, Swann_Morton_3_Handle, Swann_Morton_10A_Blades, Lint-Free-Cloths, Heavy-Duty-Application-Roller, Rollepro, 4075CT1220, Cover-Styl-Colour-Selector-Box","A","superuser","ADHESIVE_SEMI_PERMANENT","GRADE_POLYPROPYLENE","","","","","","","","","","","","Cover-Styl-NE29-Multicolored","0","coverstyle, cover style, cover styl, cover styl'


","","","1654866077","0","","0","","CHECKBOX"
"NE31_Mat_White_Marble","NE31 Statuary White","Cover Styl' NE31","Cover_Styl","40","25","DEFAULT","","","","","0","Cover Styl' NE31 Statuary White self-adhesive stone effect film. Buy it by the metre.

","<html>
<head>
<title>Cover Styl' NE31 Statuary White</title></head>
<body>
<p><img style=""height: 76px; width: 300px;"" alt=""Cover Styl' logo""
src=""media/ecom/onpagegraphics/Coverstyl_Logo.png""></p>
<span style=""font-weight: bold; color: #588ec6;"">SUITABILITY:</span>
<p>This product is designed for interior application only and offers exceptional resistance to water, dirt, abrasion, UV rays and wear (yellowing, cracking, scaling, delamination). </p>
<span style=""font-weight: bold; color: #588ec6;"">MATERIAL CHARACTERISTICS:</span>
<ul><li>Grade: Polymeric</li>
<li>Thickness: 250 micron</li>
<li>Adhesive: Easy Apply Air Release</li>
<li>Appearance: Matt</li>
<li>Stretchable: Yes</li>
<li>Scratch Proof: Average</li>
</ul>
<p>Prices shown are per linear metre at 1220mm wide</p>
</body>
</html>","NE31_Mat_White_Marble.jpg","NE31_Mat_White_Marble.jpg, NE31_Mat_White_Marble_Wall.jpg","INVITEMS","DEFAULT-NE31_Mat_White_Marble-DEFAULT-NE31_Mat_White_Marble","","","0","0","0","","1","REGONLY","0","0","0","0","","","","SELECT","SELECT","0","","","","","0","0","","income-service","","","0","0","","","","","Cover_Styl_Marble","Cover_Styl_Marble","","","0","Olfa_Graphic_Cutter, Olfa_X_Design_Heavy_Duty_Knife, Lint-Free-Gloves, Masking_Tape_25mm, Aslan_Squeegee, Swann_Morton_3_Handle, Swann_Morton_10A_Blades, Lint-Free-Cloths, Heavy-Duty-Application-Roller, Rollepro, 4075CT1220, Cover-Styl-Colour-Selector-Box","Olfa_Graphic_Cutter, Olfa_X_Design_Heavy_Duty_Knife, Lint-Free-Gloves, Masking_Tape_25mm, Aslan_Squeegee, Swann_Morton_3_Handle, Swann_Morton_10A_Blades, Lint-Free-Cloths, Heavy-Duty-Application-Roller, Rollepro, 4075CT1220, Cover-Styl-Colour-Selector-Box","A","superuser","ADHESIVE_SEMI_PERMANENT","GRADE_POLYPROPYLENE","","","","","","","","","","","","Cover-Styl-NE31-Statuary-White","0","coverstyle, cover style, cover styl, cover styl'


","","","1647367456","0","","0","","CHECKBOX"
"NE40_Truffle","NE40 Truffle Leather","Cover Styl' NE40","Cover_Styl","20","37","DEFAULT","","","","","0","Cover Styl' NE40 Truffle self-adhesive leather effect film. Buy it by the metre.

","<html>
<head>
<title>Cover Styl' NE40 Truffle Leather</title></head>
<body>
<p><img style=""height: 76px; width: 300px;"" alt=""Cover Styl' logo""
src=""media/ecom/onpagegraphics/Coverstyl_Logo.png""></p>
<span style=""font-weight: bold; color: #588ec6;"">SUITABILITY:</span>
<p>This product is designed for interior application only and offers exceptional resistance to water, dirt, abrasion, UV rays and wear (yellowing, cracking, scaling, delamination). </p>
<span style=""font-weight: bold; color: #588ec6;"">MATERIAL CHARACTERISTICS:</span>
<ul><li>Grade: Polymeric</li>
<li>Thickness: 250 micron</li>
<li>Adhesive: Easy Apply Air Release</li>
<li>Appearance: Matt</li>
<li>Stretchable: Yes</li>
<li>Scratch Proof: Average</li>
</ul>
<p>Prices shown are per linear metre at 1220mm wide</p>
</body>
</html>","NE40_Truffle.jpg","NE40_Truffle.jpg","INVITEMS","DEFAULT-NE40_Truffle-DEFAULT-NE40_Truffle","","","0","0","0","","1","REGONLY","0","0","0","0","","","","SELECT","SELECT","0","","","","","0","0","","income-service","","","0","0","","","","","Cover_Styl_Fabric","Cover_Styl_Fabric","","","0","Olfa_Graphic_Cutter, Olfa_X_Design_Heavy_Duty_Knife, Lint-Free-Gloves, Masking_Tape_25mm, Aslan_Squeegee, Swann_Morton_3_Handle, Swann_Morton_10A_Blades, Lint-Free-Cloths, Heavy-Duty-Application-Roller, Rollepro, 4075CT1220, Cover-Styl-Colour-Selector-Box","Olfa_Graphic_Cutter, Olfa_X_Design_Heavy_Duty_Knife, Lint-Free-Gloves, Masking_Tape_25mm, Aslan_Squeegee, Swann_Morton_3_Handle, Swann_Morton_10A_Blades, Lint-Free-Cloths, Heavy-Duty-Application-Roller, Rollepro, 4075CT1220, Cover-Styl-Colour-Selector-Box","A","superuser","ADHESIVE_SEMI_PERMANENT","GRADE_POLYPROPYLENE","","","","","","","","","","","","Cover-Styl-NE40-Truffle","0","coverstyle, cover style, cover styl, cover styl', ne40, truffle, 


","","","1709550526","0","","0","","CHECKBOX"
"NE41_Grigio","NE41 Grigio Leather","Cover Styl' NE41","Cover_Styl","20","37","DEFAULT","","","","","0","Cover Styl' NE41 Grigio self-adhesive leather effect film. Buy it by the metre.

","<html>
<head>
<title>Cover Styl' NE41 Grigio Leather</title></head>
<body>
<p><img style=""height: 76px; width: 300px;"" alt=""Cover Styl' logo""
src=""media/ecom/onpagegraphics/Coverstyl_Logo.png""></p>
<span style=""font-weight: bold; color: #588ec6;"">SUITABILITY:</span>
<p>This product is designed for interior application only and offers exceptional resistance to water, dirt, abrasion, UV rays and wear (yellowing, cracking, scaling, delamination). </p>
<span style=""font-weight: bold; color: #588ec6;"">MATERIAL CHARACTERISTICS:</span>
<ul><li>Grade: Polymeric</li>
<li>Thickness: 250 micron</li>
<li>Adhesive: Easy Apply Air Release</li>
<li>Appearance: Matt</li>
<li>Stretchable: Yes</li>
<li>Scratch Proof: Average</li>
</ul>
<p>Prices shown are per linear metre at 1220mm wide</p>
</body>
</html>","NE41_Grigio.jpg","NE41_Grigio.jpg","INVITEMS","DEFAULT-NE41_Grigio-DEFAULT-NE41_Grigio","","","0","0","0","","1","REGONLY","0","0","0","0","","","","SELECT","SELECT","0","","","","","0","0","","income-service","","","0","0","","","","","Cover_Styl_Fabric","Cover_Styl_Fabric","","","0","Olfa_Graphic_Cutter, Olfa_X_Design_Heavy_Duty_Knife, Lint-Free-Gloves, Masking_Tape_25mm, Aslan_Squeegee, Swann_Morton_3_Handle, Swann_Morton_10A_Blades, Lint-Free-Cloths, Heavy-Duty-Application-Roller, Rollepro, 4075CT1220, Cover-Styl-Colour-Selector-Box","Olfa_Graphic_Cutter, Olfa_X_Design_Heavy_Duty_Knife, Lint-Free-Gloves, Masking_Tape_25mm, Aslan_Squeegee, Swann_Morton_3_Handle, Swann_Morton_10A_Blades, Lint-Free-Cloths, Heavy-Duty-Application-Roller, Rollepro, 4075CT1220, Cover-Styl-Colour-Selector-Box","A","superuser","ADHESIVE_SEMI_PERMANENT","GRADE_POLYPROPYLENE","","","","","","","","","","","","Cover-Styl-NE41-Grigio","0","coverstyle, cover style, cover styl, cover styl', ne41, grigio, 


","","","1709550692","0","","0","","CHECKBOX"
"NE42_Cashmere","NE42 Cashmere Leather","Cover Styl' NE42","Cover_Styl","20","37","DEFAULT","","","","","0","Cover Styl' NE42 Cashmere self-adhesive leather effect film. Buy it by the metre.

","<html>
<head>
<title>Cover Styl' NE42 Cashmere Leather</title></head>
<body>
<p><img style=""height: 76px; width: 300px;"" alt=""Cover Styl' logo""
src=""media/ecom/onpagegraphics/Coverstyl_Logo.png""></p>
<span style=""font-weight: bold; color: #588ec6;"">SUITABILITY:</span>
<p>This product is designed for interior application only and offers exceptional resistance to water, dirt, abrasion, UV rays and wear (yellowing, cracking, scaling, delamination). </p>
<span style=""font-weight: bold; color: #588ec6;"">MATERIAL CHARACTERISTICS:</span>
<ul><li>Grade: Polymeric</li>
<li>Thickness: 250 micron</li>
<li>Adhesive: Easy Apply Air Release</li>
<li>Appearance: Matt</li>
<li>Stretchable: Yes</li>
<li>Scratch Proof: Average</li>
</ul>
<p>Prices shown are per linear metre at 1220mm wide</p>
</body>
</html>","NE42_Cashmere.jpg","NE42_Cashmere.jpg","INVITEMS","DEFAULT-NE42_Cashmere-DEFAULT-NE42_Cashmere","","","0","0","0","","1","REGONLY","0","0","0","0","","","","SELECT","SELECT","0","","","","","0","0","","income-service","","","0","0","","","","","Cover_Styl_Fabric","Cover_Styl_Fabric","","","0","Olfa_Graphic_Cutter, Olfa_X_Design_Heavy_Duty_Knife, Lint-Free-Gloves, Masking_Tape_25mm, Aslan_Squeegee, Swann_Morton_3_Handle, Swann_Morton_10A_Blades, Lint-Free-Cloths, Heavy-Duty-Application-Roller, Rollepro, 4075CT1220, Cover-Styl-Colour-Selector-Box","Olfa_Graphic_Cutter, Olfa_X_Design_Heavy_Duty_Knife, Lint-Free-Gloves, Masking_Tape_25mm, Aslan_Squeegee, Swann_Morton_3_Handle, Swann_Morton_10A_Blades, Lint-Free-Cloths, Heavy-Duty-Application-Roller, Rollepro, 4075CT1220, Cover-Styl-Colour-Selector-Box","A","superuser","ADHESIVE_SEMI_PERMANENT","GRADE_POLYPROPYLENE","","","","","","","","","","","","Cover-Styl-NE42-Cashmere","0","coverstyle, cover style, cover styl, cover styl', ne42, cashmere, 


","","","1709550835","0","","0","","CHECKBOX"
"NE47_Soft_Brushed_Gold","NE47 Soft Gold","Cover Styl' NE47","Cover_Styl","30","33","DEFAULT","","","","","0","Cover Styl' NE47 Soft Gold self-adhesive metal effect film. Buy it by the metre.

","<html>
<head>
<title>Cover Styl' NE47 Soft Gold</title></head>
<body>
<p><img style=""height: 76px; width: 300px;"" alt=""Cover Styl' logo""
src=""media/ecom/onpagegraphics/Coverstyl_Logo.png""></p>
<span style=""font-weight: bold; color: #588ec6;"">SUITABILITY:</span>
<p>This product is designed for interior application only and offers exceptional resistance to water, dirt, abrasion, UV rays and wear (yellowing, cracking, scaling, delamination). </p>
<span style=""font-weight: bold; color: #588ec6;"">MATERIAL CHARACTERISTICS:</span>
<ul><li>Grade: Polymeric</li>
<li>Thickness: 250 micron</li>
<li>Adhesive: Easy Apply Air Release</li>
<li>Appearance: Matt</li>
<li>Stretchable: Yes</li>
<li>Scratch Proof: Average</li>
</ul>
<p>Prices shown are per linear metre at 1220mm wide</p>
</body>
</html>","NE47_Soft_Brushed_Gold.jpg","NE47_Soft_Brushed_Gold.jpg, NE47_Soft_Brushed_Gold_Lounge.jpg","INVITEMS","DEFAULT-NE47_Soft_Brushed_Gold-DEFAULT-NE47_Soft_Brushed_Gold","","","0","0","0","","1","REGONLY","0","0","0","0","","","","SELECT","SELECT","0","","","","","0","0","","income-service","","","0","0","","","","","Cover_Styl_Metallic","Cover_Styl_Metallic","","","0","Olfa_Graphic_Cutter, Olfa_X_Design_Heavy_Duty_Knife, Lint-Free-Gloves, Masking_Tape_25mm, Aslan_Squeegee, Swann_Morton_3_Handle, Swann_Morton_10A_Blades, Lint-Free-Cloths, Heavy-Duty-Application-Roller, Rollepro, 4075CT1220, Cover-Styl-Colour-Selector-Box","Olfa_Graphic_Cutter, Olfa_X_Design_Heavy_Duty_Knife, Lint-Free-Gloves, Masking_Tape_25mm, Aslan_Squeegee, Swann_Morton_3_Handle, Swann_Morton_10A_Blades, Lint-Free-Cloths, Heavy-Duty-Application-Roller, Rollepro, 4075CT1220, Cover-Styl-Colour-Selector-Box","A","superuser","ADHESIVE_SEMI_PERMANENT","GRADE_POLYPROPYLENE","","","","","","","","","","","","Cover-Styl-NE47-Soft-Gold","0","coverstyle, cover style, cover styl, cover styl', ne47, soft, gold, 


","","","1647536485","0","","0","","CHECKBOX"
"NE49_Soft_Brushed_Dark_Silver","NE49 Dark Silver","Cover Styl' NE49","Cover_Styl","60","33","DEFAULT","","","","","0","Cover Styl' NE49 Dark Silver self-adhesive metal effect film. Buy it by the metre.

","<html>
<head>
<title>Cover Styl' NE49 Dark Silver</title></head>
<body>
<p><img style=""height: 76px; width: 300px;"" alt=""Cover Styl' logo""
src=""media/ecom/onpagegraphics/Coverstyl_Logo.png""></p>
<span style=""font-weight: bold; color: #588ec6;"">SUITABILITY:</span>
<p>This product is designed for interior application only and offers exceptional resistance to water, dirt, abrasion, UV rays and wear (yellowing, cracking, scaling, delamination). </p>
<span style=""font-weight: bold; color: #588ec6;"">MATERIAL CHARACTERISTICS:</span>
<ul><li>Grade: Polymeric</li>
<li>Thickness: 250 micron</li>
<li>Adhesive: Easy Apply Air Release</li>
<li>Appearance: Matt</li>
<li>Stretchable: Yes</li>
<li>Scratch Proof: Average</li>
</ul>
<p>Prices shown are per linear metre at 1220mm wide</p>
</body>
</html>","NE49_Soft_Brushed_Dark_Silver.jpg","NE49_Soft_Brushed_Dark_Silver.jpg, NE49_Soft_Brushed_Dark_Silver_Kitchen.jpg","INVITEMS","DEFAULT-NE49_Soft_Brushed_Dark_Silver-DEFAULT-NE49_Soft_Brushed_Dark_Silver","","","0","0","0","","1","REGONLY","0","0","0","0","","","","SELECT","SELECT","0","","","","","0","0","","income-service","","","0","0","","","","","Cover_Styl_Metallic","Cover_Styl_Metallic, Silver-Films","","","0","Olfa_Graphic_Cutter, Olfa_X_Design_Heavy_Duty_Knife, Lint-Free-Gloves, Masking_Tape_25mm, Aslan_Squeegee, Swann_Morton_3_Handle, Swann_Morton_10A_Blades, Lint-Free-Cloths, Heavy-Duty-Application-Roller, Rollepro, 4075CT1220, Cover-Styl-Colour-Selector-Box","Olfa_Graphic_Cutter, Olfa_X_Design_Heavy_Duty_Knife, Lint-Free-Gloves, Masking_Tape_25mm, Aslan_Squeegee, Swann_Morton_3_Handle, Swann_Morton_10A_Blades, Lint-Free-Cloths, Heavy-Duty-Application-Roller, Rollepro, 4075CT1220, Cover-Styl-Colour-Selector-Box","A","superuser","ADHESIVE_SEMI_PERMANENT","GRADE_POLYPROPYLENE","","","","","","","","","","","","Cover-Styl-NE49-Dark-Silver","0","coverstyle, cover style, cover styl, cover styl'


","","","1657008843","0","","0","","CHECKBOX"
"NE51_Soft_Brushed_Silver","NE51 Champagne Silver","Cover Styl' NE51","Cover_Styl","70","33","DEFAULT","","","","","0","Cover Styl' NE51 Champagne Silver self-adhesive metal effect film. Buy it by the metre.

","<html>
<head>
<title>Cover Styl' NE51 Champagne Silver</title></head>
<body>
<p><img style=""height: 76px; width: 300px;"" alt=""Cover Styl' logo""
src=""media/ecom/onpagegraphics/Coverstyl_Logo.png""></p>
<span style=""font-weight: bold; color: #588ec6;"">SUITABILITY:</span>
<p>This product is designed for interior application only and offers exceptional resistance to water, dirt, abrasion, UV rays and wear (yellowing, cracking, scaling, delamination). </p>
<span style=""font-weight: bold; color: #588ec6;"">MATERIAL CHARACTERISTICS:</span>
<ul><li>Grade: Polymeric</li>
<li>Thickness: 250 micron</li>
<li>Adhesive: Easy Apply Air Release</li>
<li>Appearance: Matt</li>
<li>Stretchable: Yes</li>
<li>Scratch Proof: Average</li>
</ul>
<p>Prices shown are per linear metre at 1220mm wide</p>
</body>
</html>","NE51_Soft_Brushed_Silver.jpg","NE51_Soft_Brushed_Silver.jpg, NE51_Soft_Brushed_Silver_Headboard.jpg","INVITEMS","DEFAULT-NE51_Soft_Brushed_Silver-DEFAULT-NE51_Soft_Brushed_Silver","","","0","0","0","","1","REGONLY","0","0","0","0","","","","SELECT","SELECT","0","","","","","0","0","","income-service","","","0","0","","","","","Cover_Styl_Metallic","Cover_Styl_Metallic, Silver-Films","","","0","Olfa_Graphic_Cutter, Olfa_X_Design_Heavy_Duty_Knife, Lint-Free-Gloves, Masking_Tape_25mm, Aslan_Squeegee, Swann_Morton_3_Handle, Swann_Morton_10A_Blades, Lint-Free-Cloths, Heavy-Duty-Application-Roller, Rollepro, 4075CT1220, Cover-Styl-Colour-Selector-Box","Olfa_Graphic_Cutter, Olfa_X_Design_Heavy_Duty_Knife, Lint-Free-Gloves, Masking_Tape_25mm, Aslan_Squeegee, Swann_Morton_3_Handle, Swann_Morton_10A_Blades, Lint-Free-Cloths, Heavy-Duty-Application-Roller, Rollepro, 4075CT1220, Cover-Styl-Colour-Selector-Box","A","superuser","ADHESIVE_SEMI_PERMANENT","GRADE_POLYPROPYLENE","","","","","","","","","","","","Cover-Styl-NE51-Champagne-Silver","0","coverstyle, cover style, cover styl, cover styl'


","","","1657009183","0","","0","","CHECKBOX"
"NE54_Clean_Mint","NE54 Clean Mint","Cover Styl' NE54","Cover_Styl","220","19","DEFAULT","","","","","0","Cover Styl' NE54 Clean Mint self-adhesive coloured film. Buy it by the metre.

","<html>
<head>
<title>Cover Styl' NE54 Clean Mint</title></head>
<body>
<p><img style=""height: 76px; width: 300px;"" alt=""Cover Styl' logo""
src=""media/ecom/onpagegraphics/Coverstyl_Logo.png""></p>
<span style=""font-weight: bold; color: #588ec6;"">SUITABILITY:</span>
<p>This product is designed for interior application only and offers exceptional resistance to water, dirt, abrasion, UV rays and wear (yellowing, cracking, scaling, delamination). </p>
<span style=""font-weight: bold; color: #588ec6;"">MATERIAL CHARACTERISTICS:</span>
<ul><li>Grade: Polymeric</li>
<li>Thickness: 250 micron</li>
<li>Adhesive: Easy Apply Air Release</li>
<li>Appearance: Matt</li>
<li>Stretchable: Yes</li>
<li>Scratch Proof: Average</li>
</ul>
<p>Prices shown are per linear metre at 1220mm wide</p>
</body>
</html>","NE54_Clean_Mint.jpg","NE54_Clean_Mint.jpg, NE54_Clean_Mint_Wall.jpg","INVITEMS","DEFAULT-NE54_Clean_Mint-DEFAULT-NE54_Clean_Mint","","","0","0","0","","1","REGONLY","0","0","0","0","","","","SELECT","SELECT","0","","","","","0","0","","income-service","","","0","0","","","","","Cover_Styl_Solid_Colour","Cover_Styl_Solid_Colour","","","0","Olfa_Graphic_Cutter, Olfa_X_Design_Heavy_Duty_Knife, Lint-Free-Gloves, Masking_Tape_25mm, Aslan_Squeegee, Swann_Morton_3_Handle, Swann_Morton_10A_Blades, Lint-Free-Cloths, Heavy-Duty-Application-Roller, Rollepro, 4075CT1220, Cover-Styl-Colour-Selector-Box","Olfa_Graphic_Cutter, Olfa_X_Design_Heavy_Duty_Knife, Lint-Free-Gloves, Masking_Tape_25mm, Aslan_Squeegee, Swann_Morton_3_Handle, Swann_Morton_10A_Blades, Lint-Free-Cloths, Heavy-Duty-Application-Roller, Rollepro, 4075CT1220, Cover-Styl-Colour-Selector-Box","A","superuser","ADHESIVE_SEMI_PERMANENT","GRADE_POLYPROPYLENE","","","","","","","","","","","","Cover-Styl-NE54-Clean-Mint","0","coverstyle, cover style, cover styl, cover styl'


","","","1656348214","0","","0","","CHECKBOX"
"NE70_Matt_Beige_Marble","NE70 Onyx Gold","Cover Styl' NE70","Cover_Styl","60","25","DEFAULT","","","","","0","Cover Styl' NE70 Onyx Gold self-adhesive stone effect film. Buy it by the metre.

","<html>
<head>
<title>Cover Styl' NE70 Onyx Gold</title></head>
<body>
<p><img style=""height: 76px; width: 300px;"" alt=""Cover Styl' logo""
src=""media/ecom/onpagegraphics/Coverstyl_Logo.png""></p>
<span style=""font-weight: bold; color: #588ec6;"">SUITABILITY:</span>
<p>This product is designed for interior application only and offers exceptional resistance to water, dirt, abrasion, UV rays and wear (yellowing, cracking, scaling, delamination). </p>
<span style=""font-weight: bold; color: #588ec6;"">MATERIAL CHARACTERISTICS:</span>
<ul><li>Grade: Polymeric</li>
<li>Thickness: 250 micron</li>
<li>Adhesive: Easy Apply Air Release</li>
<li>Appearance: Matt</li>
<li>Stretchable: Yes</li>
<li>Scratch Proof: Average</li>
</ul>
<p>Prices shown are per linear metre at 1220mm wide</p>
</body>
</html>","NE70_Matt_Beige_Marble.jpg","NE70_Matt_Beige_Marble.jpg, NE70_Matt_Beige_Marble_Kitchen.jpg","INVITEMS","DEFAULT-NE70_Matt_Beige_Marble-DEFAULT-NE70_Matt_Beige_Marble","","","0","0","0","","1","REGONLY","0","0","0","0","","","","SELECT","SELECT","0","","","","","0","0","","income-service","","","0","0","","","","","Cover_Styl_Marble","Cover_Styl_Marble","","","0","Olfa_Graphic_Cutter, Olfa_X_Design_Heavy_Duty_Knife, Lint-Free-Gloves, Masking_Tape_25mm, Aslan_Squeegee, Swann_Morton_3_Handle, Swann_Morton_10A_Blades, Lint-Free-Cloths, Heavy-Duty-Application-Roller, Rollepro, 4075CT1220, Cover-Styl-Colour-Selector-Box","Olfa_Graphic_Cutter, Olfa_X_Design_Heavy_Duty_Knife, Lint-Free-Gloves, Masking_Tape_25mm, Aslan_Squeegee, Swann_Morton_3_Handle, Swann_Morton_10A_Blades, Lint-Free-Cloths, Heavy-Duty-Application-Roller, Rollepro, 4075CT1220, Cover-Styl-Colour-Selector-Box","A","superuser","ADHESIVE_SEMI_PERMANENT","GRADE_POLYPROPYLENE","","","","","","","","","","","","Cover-Styl-NE70-Onyx-Gold","0","coverstyle, cover style, cover styl, cover styl'


","","","1654018141","0","","0","","CHECKBOX"
"NE72_Black_Stripes_White_Marble","NE72 Arabesque","Cover Styl' NE72","Cover_Styl","70","25","DEFAULT","","","","","0","Cover Styl' NE72 Arabesque self-adhesive stone effect film. Buy it by the metre.

","<html>
<head>
<title>Cover Styl' NE72 Arabesque</title></head>
<body>
<p><img style=""height: 76px; width: 300px;"" alt=""Cover Styl' logo""
src=""media/ecom/onpagegraphics/Coverstyl_Logo.png""></p>
<span style=""font-weight: bold; color: #588ec6;"">SUITABILITY:</span>
<p>This product is designed for interior application only and offers exceptional resistance to water, dirt, abrasion, UV rays and wear (yellowing, cracking, scaling, delamination). </p>
<span style=""font-weight: bold; color: #588ec6;"">MATERIAL CHARACTERISTICS:</span>
<ul><li>Grade: Polymeric</li>
<li>Thickness: 250 micron</li>
<li>Adhesive: Easy Apply Air Release</li>
<li>Appearance: Matt</li>
<li>Stretchable: Yes</li>
<li>Scratch Proof: Average</li>
</ul>
<p>Prices shown are per linear metre at 1220mm wide</p>
</body>
</html>","NE72_Black_Stripes_White_Marble.jpg","NE72_Black_Stripes_White_Marble.jpg, NE72_Black_Stripes_White_Marble_Wall.jpg","INVITEMS","DEFAULT-NE72_Black_Stripes_White_Marble-DEFAULT-NE72_Black_Stripes_White_Marble","","","0","0","0","","1","REGONLY","0","0","0","0","","","","SELECT","SELECT","0","","","","","0","0","","income-service","","","0","0","","","","","Cover_Styl_Marble","Cover_Styl_Marble","","","0","Olfa_Graphic_Cutter, Olfa_X_Design_Heavy_Duty_Knife, Lint-Free-Gloves, Masking_Tape_25mm, Aslan_Squeegee, Swann_Morton_3_Handle, Swann_Morton_10A_Blades, Lint-Free-Cloths, Heavy-Duty-Application-Roller, Rollepro, 4075CT1220, Cover-Styl-Colour-Selector-Box","Olfa_Graphic_Cutter, Olfa_X_Design_Heavy_Duty_Knife, Lint-Free-Gloves, Masking_Tape_25mm, Aslan_Squeegee, Swann_Morton_3_Handle, Swann_Morton_10A_Blades, Lint-Free-Cloths, Heavy-Duty-Application-Roller, Rollepro, 4075CT1220, Cover-Styl-Colour-Selector-Box","A","superuser","ADHESIVE_SEMI_PERMANENT","GRADE_POLYPROPYLENE","","","","","","","","","","","","Cover-Styl-NE72-Arabesque","0","coverstyle, cover style, cover styl, cover styl'


","","","1654018267","0","","0","","CHECKBOX"
"Neschen_Easy_Dot","Neschen Easy Dot - Digital Print Vinyl","EASYDOT","Neschen","10","192","DEFAULT","","","","","0","Neschen Easy Dot is an innovative wide format print vinyl that will save time and money when creating and installing wall and window graphics. Special dot patterned adhesive creates air channels that allow for a bubble and wrinkle free installation. Fire Rated to Euroclass DIN EN 13501-1 with classification B-s1-d0. Available in Matt White & Clear Matt.  Prices shown are per 1370mm x 50m roll.
























","<html>
<head>
<title>Neschen Easy Dot</title>
</head>
<body>
<img style=""height: 105px; width: 200px;"" alt=""Neschen logo""
src=""media/ecom/onpagegraphics/Neschen-Logo.png""><br><br>
<p>Neschen Easy Dot is an innovative wide format print vinyl that will save time and money when creating and installing wall and window graphics. The key to its ease of use is the special dot patterned adhesive which creates air channels that allow for a bubble and wrinkle free installation.</p>

<span style=""font-weight: bold; color: #d7328a;"">Structure:</span><br>
<ul><li>100<span>&#181;</span>m PVC</li>
<li>Monomeric face film available in two different finishes - Matt White and Matt Clear</li>
<li>Water based (Solvent free) adhesive in a dot pattern</li>
<li>PE release liner
</li></ul>

<span style=""font-weight: bold; color: #d7328a;"">Suitability:</span><br>
<ul><li>Wall and window graphics that are easy to apply without bubbles</li>
<li>Designed for short term indoor applications</li>
<li>Repositionable and residue free removal</li>
<li>The Matt Clear has a translucent frosted effect when printed and applied</li>
<li>Up to 2 years durability (unprinted)
</li></ul>

<span style=""font-weight: bold; color: #d7328a;"">Advantages:</span><br>
<ul><li>Easy to apply and bubble free</li>
<li>No specialist tools needed for application or removal</li>
<li>All Easy Dot products are dry apply only</li>
<li>Reduce installation costs</li>
<li>Fire Rated to Euroclass DIN EN 13501-1 with classification B-s1-d0</li><br>
<img style=""border: 0px solid ; width: 50px; height: 50px; alt=""reward points logo""
src=""media/ecom/onpagegraphics/Reward_Logo.png""><span style=""font-weight: bold; color: #ef7d00;"">Earn Reward Points every time you buy this product</span></ul>


<a href=""https://www.dorotape.co.uk/Article/Easy-On-Easy-Off-No-Residue"" target=""_blank""><img style=""border: 0px solid ; width: 50px; height: 50px;"" alt=""link to our blog""
src=""media/ecom/onpagegraphics/Blog.png"">
<span style=""color:#d7328a""><b>Learn more about Neschen Easy Dot by reading about it in our Blog</b></span></a>

<span style=""font-weight: bold; color: #d7328a;"">Ink Compatibility:</span><br>
<ul>
<img style=""margin: 0px 5px 0px 0px; width: 15px; height: 25px;"" alt=""Eco-Sol Ink""
src=""media/ecom/onpagegraphics/Ink-EcoSol.png"">Eco-solvent &nbsp;&nbsp;
<img style=""margin: 0px 5px 0px 0px; width: 15px; height: 25px;"" alt=""Latex""
src=""media/ecom/onpagegraphics/Ink-Latex.png"">Latex &nbsp;&nbsp;
<img style=""margin: 0px 5px 0px 0px; width: 15px; height: 25px;"" alt=""UV Ink""
src=""media/ecom/onpagegraphics/Ink-UV.png"">UV<br>
<img style=""width: 100px; height: 48px;"" alt=""HP Latex Certified""
src=""https://www.dorotape.co.uk/media/ecom/onpagegraphics/HP-Latex-Certified.jpg""></ul>


<span style=""font-weight: bold; color: #d7328a;"">Technical Information:</span><br>
<ul>
<a href=""media/ecom/pdfs/datasheets/Neschen-Easy-Dot.pdf"" target=""_blank""><img
style=""border: 0px solid ; width: 200px; height: 60px;"" alt=""Neschen Easy Dot Data Sheet""
src=""media/ecom/onpagegraphics/Datasheet.png""></a>
<a href=""media/ecom/pdfs/firecertificates/Easy-Dot EN-13501-B-s1-d0.pdf"" target=""_blank""><img
style=""border: 0px solid ; width: 200px; height: 60px;"" alt=""Easy Dot Fire Certificate""
src=""media/ecom/onpagegraphics/Fire.png""></a>
<a href=""https://www.dorotape.co.uk/Print-Profiles-User-Guide""
target=""_blank""><img style=""width: 200px; height: 60px;"" alt=""printing profile guide""
src=""media/ecom/onpagegraphics/Profile.png"">
</a></ul>
<p style=""font-weight: bold; font-size: 0.9em;"">Prices shown are per 50 metre roll at 1370mm wide</p>
</body>
</html>





","Easy-Dot.png","Easy-Dot.png","INVITEMS","DEFAULT-Neschen_Easy_Dot-DEFAULT-Neschen_Easy_Dot","","","0","0","0","","1","REGONLY","0","0","0","0","","","","SELECT","SELECT","0","","","","","0","0","","income-service","","","0","0","","FREESHIPPING","https://www.youtube.com/embed/Uon_1kAvw0g","","Digital_Vinyl_Short_Term","Digital_Vinyl_Short_Term, Low_Tack_Digital_Print_Vinyl, Digital_Print_Window_Film","","","0","Neschen_Easy_Dot_Clear, Aslan_Red_Devil_Squeegee, Olfa_X_Design_Heavy_Duty_Knife, Lint-Free-Gloves, Masking_Tape_25mm, Aslan-Gold-Soft-Squeegee, Olfa_Graphic_Cutter, Swann_Morton_3_Handle, Swann_Morton_10A_Blades, Aslan_Squeegee,","Aslan_Red_Devil_Squeegee, Olfa_X_Design_Heavy_Duty_Knife, Lint-Free-Gloves, Masking_Tape_25mm, Aslan-Gold-Soft-Squeegee, Olfa_Graphic_Cutter, Swann_Morton_3_Handle, Swann_Morton_10A_Blades, Aslan_Squeegee,","A","superuser","ADHESIVE_AIRFLOW","GRADE_MONOMERIC","SUITABILITY_FLAT, SUITABILITY_INDOOR","","","","","","","","","","","Neschen-Easy-Dot","0","air free, air release, easy apply, quick apply, bubble free, easy dot, neschen, easy-dot







xerox,d-jet 100,



































","","Neschen Easy Dot is an innovative wide format print vinyl that will save time and money when creating and installing wall and window graphics. Special dot patterned adhesive creates air channels that allow for a bubble and wrinkle free installation. B1 & M1 Fire Rated. Compatible with eco solvent,  UV curable and Latex digital inks.  Available in Matt White, Gloss White & Clear Matt.  In stock for next day delivery.
","1565966663","0","","0","","CHECKBOX"
"Neschen_Easy_Dot_PP","Neschen UVprint Easy Dot PP - Digital Print Vinyl","EASYDOTPP","Neschen","12","240","DEFAULT","","","","","0","Neschen Easy Dot PP is an innovative wide format print vinyl that will save time and money when creating and installing wall and window graphics. Special dot patterned adhesive creates air channels that allow for a bubble and wrinkle free installation. Fire Rated to Euroclass DIN EN 13501-1:2018 with classification B-s1-d0. Compatible with UV curable, UV LED and UV Gel inks.  Available in Matt White and Transparent.  Prices shown are per 1370mm x 50m roll.
























","<html>
<head>
<title>Neschen UVprint Easy Dot PP</title></head>
<body>
<img style=""height: 105px; width: 200px;"" alt=""Neschen logo""
src=""media/ecom/onpagegraphics/Neschen-Logo.png""><br><br>

<a><img style=""margin: 5px; width: 75px; height: 75px; float: right;"" alt=""pvc free""
src=""media/ecom/onpagegraphics/PVC_free_logo.png""></a>
<p>Neschen UVprint Easy Dot PP is an environmentally friendly PVC FREE self-adhesive digital print film vinyl that will save time and money when creating and installing wall and window graphics. Special dot patterned adhesive creates air channels that allow for a bubble and wrinkle free installation. EN 13501 Fire Rated. Compatible with UV curable, UV LED and UV Gel inks.  Available in Matt White and Transparent.</p>

<span style=""font-weight: bold; color: #d7328a;"">Structure:</span><br>
<ul><li>90<span>&#181;</span>m Polypropylene face film</li>
<li>Water based (Solvent free) adhesive in a dot pattern</li>
<li>PE release liner
</li></ul>

<span style=""font-weight: bold; color: #d7328a;"">Suitability:</span><br>
<ul><li>Designed for bubble free, short term indoor applications</li>
<li>Ideal for exhibitions, events and anywhere else where removability is a key requirement</li>
<li>Available in Matt White for solid surfaces and Transparent for window displays</li>
<li>Up to 4 years durability (unprinted)</li></ul>

<span style=""font-weight: bold; color: #d7328a;"">Advantages:</span><br>
<ul><li>Easy to apply and bubble free</li>
<li>Reduce installation costs</li>
<li>Easy to re-position and apply correctly without bubbles</li>
<li>Residue-free and damage free removal</li>
<li>No specialist tools needed for application or removal</li>
<li>Non-PVC so free of harmful chlorine and phthalates</li>
<li>Fire Rated to Euroclass DIN EN 13501-1:2018 with classification B-s1-d0</li><br>
<img style=""border: 0px solid ; width: 50px; height: 50px; alt=""reward points logo""
src=""media/ecom/onpagegraphics/Reward_Logo.png""><span style=""font-weight: bold; color: #ef7d00;"">Earn Reward Points every time you buy this product</span></ul>

<span style=""font-weight: bold; color: #d7328a;"">Ink Compatibility:</span><br>
<ul><img style=""margin: 0px 5px 0px 0px; width: 15px; height: 25px;"" alt=""UV Ink""
src=""media/ecom/onpagegraphics/Ink-UV.png"">UV</ul>

<p><a href=""https://www.dorotape.co.uk/Article/Easy-On-Easy-Off-No-Residue"" target=""_blank""><img style=""border: 0px solid ; width: 50px; height: 50px;"" alt=""link to our blog""
src=""media/ecom/onpagegraphics/Blog.png"">
<span style=""color:#d7328a""><b>Learn more about Neschen Easy Dot by reading about it in our Blog</b></a></span></p>

<span style=""font-weight: bold; color: #d7328a;"">Technical Information:</span><br>
<ul><a href=""media/ecom/pdfs/datasheets/Neschen-UVprint-PP-Easy-Dot.pdf"" target=""_blank""><img
style=""border: 0px solid ; width: 200px; height: 60px;"" alt=""Neschen UVprint Easy Dot Data Sheet""
src=""media/ecom/onpagegraphics/Datasheet.png""></a>
<a href=""media/ecom/pdfs/firecertificates/Klasse-B-s1d0-für-UVprint-PP-easy-dot-matt.pdf"" target=""_blank""><img
style=""border: 0px solid ; width: 200px; height: 60px;"" alt=""Neschen UVprint Easy Dot Fire Certificate""
src=""media/ecom/onpagegraphics/Fire.png""></a>
<a href=""media/ecom/pdfs/firecertificates/EN-13501-PP-easy-dot®-transparent_EN.pdf"" target=""_blank""><img
style=""border: 0px solid ; width: 200px; height: 60px;"" alt=""Neschen UVprint Easy Dot Fire Certificate""
src=""media/ecom/onpagegraphics/Fire.png""></a>
<a href=""https://www.dorotape.co.uk/Print-Profiles-User-Guide""
target=""_blank""><img style=""width: 200px; height: 60px;"" alt=""printing profile guide""
src=""media/ecom/onpagegraphics/Profile.png""></a></ul>

<p style=""font-weight: bold; font-size: 0.9em;"">Prices shown are per 50 metre roll at 1370mm wide</p>
</body>
</html>





","Easy_Dot_UV.jpg","Easy_Dot_UV.jpg","INVITEMS","DEFAULT-Neschen_Easy_Dot_PP-DEFAULT-Neschen_Easy_Dot_PP","","","0","0","0","","1","REGONLY","0","0","0","0","","","","SELECT","SELECT","0","","","","","0","0","","income-service","","","0","0","","FREESHIPPING","https://www.youtube.com/embed/Uon_1kAvw0g","","Digital_Vinyl_Short_Term","Digital_Vinyl_Short_Term, Low_Tack_Digital_Print_Vinyl, PVC_Free_Media, Digital_Print_Window_Film","","","0","Neschen_Easy_Dot_Clear, Aslan_Red_Devil_Squeegee, Olfa_X_Design_Heavy_Duty_Knife, Lint-Free-Gloves, Masking_Tape_25mm, Aslan-Gold-Soft-Squeegee, Olfa_Graphic_Cutter, Swann_Morton_3_Handle, Swann_Morton_10A_Blades, Aslan_Squeegee,","Aslan_Red_Devil_Squeegee, Olfa_X_Design_Heavy_Duty_Knife, Lint-Free-Gloves, Masking_Tape_25mm, Aslan-Gold-Soft-Squeegee, Olfa_Graphic_Cutter, Swann_Morton_3_Handle, Swann_Morton_10A_Blades, Aslan_Squeegee,","A","superuser","ADHESIVE_AIRFLOW","GRADE_MONOMERIC","SUITABILITY_FLAT, SUITABILITY_INDOOR","","","","","","","","","","","","0","air free, air release, easy apply, quick apply, bubble free, easy dot, neschen, easy-dot







xerox,d-jet 100,



































","","Neschen Easy Dot is an innovative wide format print vinyl that will save time and money when creating and installing wall and window graphics. Special dot patterned adhesive creates air channels that allow for a bubble and wrinkle free installation. B1 & M1 Fire Rated. Compatible with eco solvent,  UV curable and Latex digital inks.  Available in Matt White, Gloss White & Clear Matt.  In stock for next day delivery.
","1653316930","0","","0","","CHECKBOX"
"NF06_Blues","NF06 Blues","Cover Styl' NF06","Cover_Styl","230","19","DEFAULT","","","","","0","Cover Styl' NF06 Blues self-adhesive coloured film. Buy it by the metre.

","<html>
<head>
<title>Cover Styl' NF06 Blues</title></head>
<body>
<p><img style=""height: 76px; width: 300px;"" alt=""Cover Styl' logo""
src=""media/ecom/onpagegraphics/Coverstyl_Logo.png""></p>
<span style=""font-weight: bold; color: #588ec6;"">SUITABILITY:</span>
<p>This product is designed for interior application only and offers exceptional resistance to water, dirt, abrasion, UV rays and wear (yellowing, cracking, scaling, delamination). </p>
<span style=""font-weight: bold; color: #588ec6;"">MATERIAL CHARACTERISTICS:</span>
<ul><li>Grade: Polymeric</li>
<li>Thickness: 250 micron</li>
<li>Adhesive: Easy Apply Air Release</li>
<li>Appearance: Matt</li>
<li>Stretchable: Yes</li>
<li>Scratch Proof: Average</li>
</ul>
<p>Prices shown are per linear metre at 1220mm wide</p>
</body>
</html>","NF06_Blues.jpg","NF06_Blues.jpg, NF06_Blues_Wall.jpg","INVITEMS","DEFAULT-NF06_Blues-DEFAULT-NF06_Blues","","","0","0","0","","1","REGONLY","0","0","0","0","","","","SELECT","SELECT","0","","","","","0","0","","income-service","","","0","0","","","","","Cover_Styl_Solid_Colour","Cover_Styl_Solid_Colour","","","0","Olfa_Graphic_Cutter, Olfa_X_Design_Heavy_Duty_Knife, Lint-Free-Gloves, Masking_Tape_25mm, Aslan_Squeegee, Swann_Morton_3_Handle, Swann_Morton_10A_Blades, Lint-Free-Cloths, Heavy-Duty-Application-Roller, Rollepro, 4075CT1220, Cover-Styl-Colour-Selector-Box","Olfa_Graphic_Cutter, Olfa_X_Design_Heavy_Duty_Knife, Lint-Free-Gloves, Masking_Tape_25mm, Aslan_Squeegee, Swann_Morton_3_Handle, Swann_Morton_10A_Blades, Lint-Free-Cloths, Heavy-Duty-Application-Roller, Rollepro, 4075CT1220, Cover-Styl-Colour-Selector-Box","A","superuser","ADHESIVE_SEMI_PERMANENT","GRADE_POLYPROPYLENE","","","","","","","","","","","","Cover-Styl-NF06-Blues","0","coverstyle, cover style, cover styl, cover styl'


","","","1656349370","0","","0","","CHECKBOX"
"NF99_Natural_Marble_Grey","NF99 Lombarda Grigio","Cover Styl' NF99","Cover_Styl","90","25","DEFAULT","","","","","0","Cover Styl' NF99 Lombarda Grigio self-adhesive stone effect film. Buy it by the metre.

","<html>
<head>
<title>Cover Styl' NF99 Lombarda Grigio</title></head>
<body>
<p><img style=""height: 76px; width: 300px;"" alt=""Cover Styl' logo""
src=""media/ecom/onpagegraphics/Coverstyl_Logo.png""></p>
<span style=""font-weight: bold; color: #588ec6;"">SUITABILITY:</span>
<p>This product is designed for interior application only and offers exceptional resistance to water, dirt, abrasion, UV rays and wear (yellowing, cracking, scaling, delamination). </p>
<span style=""font-weight: bold; color: #588ec6;"">MATERIAL CHARACTERISTICS:</span>
<ul><li>Grade: Polymeric</li>
<li>Thickness: 250 micron</li>
<li>Adhesive: Easy Apply Air Release</li>
<li>Appearance: Matt</li>
<li>Stretchable: Yes</li>
<li>Scratch Proof: Average</li>
</ul>
<p>Prices shown are per linear metre at 1220mm wide</p>
</body>
</html>","NF99_Natural_Marble_Grey.jpg","NF99_Natural_Marble_Grey.jpg, NF99_Natural_Marble_Grey_Wall.jpg","INVITEMS","DEFAULT-NF99_Natural_Marble_Grey-DEFAULT-NF99_Natural_Marble_Grey","","","0","0","0","","1","REGONLY","0","0","0","0","","","","SELECT","SELECT","0","","","","","0","0","","income-service","","","0","0","","","","","Cover_Styl_Marble","Cover_Styl_Marble","","","0","Olfa_Graphic_Cutter, Olfa_X_Design_Heavy_Duty_Knife, Lint-Free-Gloves, Masking_Tape_25mm, Aslan_Squeegee, Swann_Morton_3_Handle, Swann_Morton_10A_Blades, Lint-Free-Cloths, Heavy-Duty-Application-Roller, Rollepro, 4075CT1220, Cover-Styl-Colour-Selector-Box","Olfa_Graphic_Cutter, Olfa_X_Design_Heavy_Duty_Knife, Lint-Free-Gloves, Masking_Tape_25mm, Aslan_Squeegee, Swann_Morton_3_Handle, Swann_Morton_10A_Blades, Lint-Free-Cloths, Heavy-Duty-Application-Roller, Rollepro, 4075CT1220, Cover-Styl-Colour-Selector-Box","A","superuser","ADHESIVE_SEMI_PERMANENT","GRADE_POLYPROPYLENE","","","","","","","","","","","","Cover-Styl-NF99-Lombarda-Grigio","0","coverstyle, cover style, cover styl, cover styl'


","","","1654018536","0","","0","","CHECKBOX"
"NG01_Lombarda_Bianco","NG01 Lombarda Bianco","Cover Styl' NG01","Cover_Styl","120","25","DEFAULT","","","","","0","Cover Styl' NG01 Lombarda Bianco self-adhesive stone effect film. Buy it by the metre.

","<html>
<head>
<title>Cover Styl' NG01 Lombarda Bianco</title></head>
<body>
<p><img style=""height: 76px; width: 300px;"" alt=""Cover Styl' logo""
src=""media/ecom/onpagegraphics/Coverstyl_Logo.png""></p>
<span style=""font-weight: bold; color: #588ec6;"">SUITABILITY:</span>
<p>This product is designed for interior application only and offers exceptional resistance to water, dirt, abrasion, UV rays and wear (yellowing, cracking, scaling, delamination). </p>
<span style=""font-weight: bold; color: #588ec6;"">MATERIAL CHARACTERISTICS:</span>
<ul><li>Grade: Polymeric</li>
<li>Thickness: 250 micron</li>
<li>Adhesive: Easy Apply Air Release</li>
<li>Appearance: Matt</li>
<li>Stretchable: Yes</li>
<li>Scratch Proof: Average</li>
</ul>
<p>Prices shown are per linear metre at 1220mm wide</p>
</body>
</html>","NG01_Lombardo_Bianco.jpg","NG01_Lombardo_Bianco.jpg","INVITEMS","DEFAULT-NG01_Lombarda_Bianco-DEFAULT-NG01_Lombarda_Bianco","","","0","0","0","","1","REGONLY","0","0","0","0","","","","SELECT","SELECT","0","","","","","0","0","","income-service","","","0","0","","","","","Cover_Styl_Marble","Cover_Styl_Marble","","","0","Olfa_Graphic_Cutter, Olfa_X_Design_Heavy_Duty_Knife, Lint-Free-Gloves, Masking_Tape_25mm, Aslan_Squeegee, Swann_Morton_3_Handle, Swann_Morton_10A_Blades, Lint-Free-Cloths, Heavy-Duty-Application-Roller, Rollepro, 4075CT1220, Cover-Styl-Colour-Selector-Box","Olfa_Graphic_Cutter, Olfa_X_Design_Heavy_Duty_Knife, Lint-Free-Gloves, Masking_Tape_25mm, Aslan_Squeegee, Swann_Morton_3_Handle, Swann_Morton_10A_Blades, Lint-Free-Cloths, Heavy-Duty-Application-Roller, Rollepro, 4075CT1220, Cover-Styl-Colour-Selector-Box","A","superuser","ADHESIVE_SEMI_PERMANENT","GRADE_POLYPROPYLENE","","","","","","","","","","","","Cover-Styl-NG01-Lombarda-Bianco","0","coverstyle, cover style, cover styl, cover styl'


","","","1709554151","0","","0","","CHECKBOX"
"NG02_Spotted_Cement","NG02 Spotted Grey","Cover Styl' NG02","Cover_Styl","70","33","DEFAULT","","","","","0","Cover Styl' NG02 Spotted Grey self-adhesive stone effect film. Buy it by the metre.

","<html>
<head>
<title>Cover Styl' NG02 Spotted Grey</title></head>
<body>
<p><img style=""height: 76px; width: 300px;"" alt=""Cover Styl' logo""
src=""media/ecom/onpagegraphics/Coverstyl_Logo.png""></p>
<span style=""font-weight: bold; color: #588ec6;"">SUITABILITY:</span>
<p>This product is designed for interior application only and offers exceptional resistance to water, dirt, abrasion, UV rays and wear (yellowing, cracking, scaling, delamination). </p>
<span style=""font-weight: bold; color: #588ec6;"">MATERIAL CHARACTERISTICS:</span>
<ul><li>Grade: Polymeric</li>
<li>Thickness: 250 micron</li>
<li>Adhesive: Easy Apply Air Release</li>
<li>Appearance: Matt</li>
<li>Stretchable: Yes</li>
<li>Scratch Proof: Average</li>
</ul>
<p>Prices shown are per linear metre at 1220mm wide</p>
</body>
</html>","NG02_Spotted_Cement.jpg","NG02_Spotted_Cement.jpg, NG02_Wall.jpg","INVITEMS","DEFAULT-NG02_Spotted_Cement-DEFAULT-NG02_Spotted_Cement","","","0","0","0","","1","REGONLY","0","0","0","0","","","","SELECT","SELECT","0","","","","","0","0","","income-service","","","0","0","","","","","Cover_Styl_Marble","Cover_Styl_Marble","","","0","Olfa_Graphic_Cutter, Olfa_X_Design_Heavy_Duty_Knife, Lint-Free-Gloves, Masking_Tape_25mm, Aslan_Squeegee, Swann_Morton_3_Handle, Swann_Morton_10A_Blades, Lint-Free-Cloths, Heavy-Duty-Application-Roller, Rollepro, 4075CT1220, Cover-Styl-Colour-Selector-Box","Olfa_Graphic_Cutter, Olfa_X_Design_Heavy_Duty_Knife, Lint-Free-Gloves, Masking_Tape_25mm, Aslan_Squeegee, Swann_Morton_3_Handle, Swann_Morton_10A_Blades, Lint-Free-Cloths, Heavy-Duty-Application-Roller, Rollepro, 4075CT1220, Cover-Styl-Colour-Selector-Box","A","superuser","ADHESIVE_SEMI_PERMANENT","GRADE_POLYPROPYLENE","","","","","","","","","","","","Cover-Styl-NG02-Spotted-Grey","0","coverstyle, cover style, cover styl, cover styl'


","","","1655455333","0","","0","","CHECKBOX"
"NG04_Cream_Marble","NG04 Crema","Cover Styl' NG04","Cover_Styl","100","25","DEFAULT","","","","","0","Cover Styl' NG04 Crema self-adhesive stone effect film. Buy it by the metre.

","<html>
<head>
<title>Cover Styl' NG04 Crema</title></head>
<body>
<p><img style=""height: 76px; width: 300px;"" alt=""Cover Styl' logo""
src=""media/ecom/onpagegraphics/Coverstyl_Logo.png""></p>
<span style=""font-weight: bold; color: #588ec6;"">SUITABILITY:</span>
<p>This product is designed for interior application only and offers exceptional resistance to water, dirt, abrasion, UV rays and wear (yellowing, cracking, scaling, delamination). </p>
<span style=""font-weight: bold; color: #588ec6;"">MATERIAL CHARACTERISTICS:</span>
<ul><li>Grade: Polymeric</li>
<li>Thickness: 250 micron</li>
<li>Adhesive: Easy Apply Air Release</li>
<li>Appearance: Matt</li>
<li>Stretchable: Yes</li>
<li>Scratch Proof: Average</li>
</ul>
<p>Prices shown are per linear metre at 1220mm wide</p>
</body>
</html>","NG04_Cream_Marble.jpg","NG04_Cream_Marble.jpg, NG04_Cream_Marble_Wall.jpg","INVITEMS","DEFAULT-NG04_Cream_Marble-DEFAULT-NG04_Cream_Marble","","","0","0","0","","1","REGONLY","0","0","0","0","","","","SELECT","SELECT","0","","","","","0","0","","income-service","","","0","0","","","","","Cover_Styl_Marble","Cover_Styl_Marble","","","0","Olfa_Graphic_Cutter, Olfa_X_Design_Heavy_Duty_Knife, Lint-Free-Gloves, Masking_Tape_25mm, Aslan_Squeegee, Swann_Morton_3_Handle, Swann_Morton_10A_Blades, Lint-Free-Cloths, Heavy-Duty-Application-Roller, Rollepro, 4075CT1220, Cover-Styl-Colour-Selector-Box","Olfa_Graphic_Cutter, Olfa_X_Design_Heavy_Duty_Knife, Lint-Free-Gloves, Masking_Tape_25mm, Aslan_Squeegee, Swann_Morton_3_Handle, Swann_Morton_10A_Blades, Lint-Free-Cloths, Heavy-Duty-Application-Roller, Rollepro, 4075CT1220, Cover-Styl-Colour-Selector-Box","A","superuser","ADHESIVE_SEMI_PERMANENT","GRADE_POLYPROPYLENE","","","","","","","","","","","","Cover-Styl-NG04-Crema","0","coverstyle, cover style, cover styl, cover styl'


","","","1654018665","0","","0","","CHECKBOX"
"NG31_Gloss_White_Marble","NG31 Polished White","Cover Styl' NG31","Cover_Styl","110","25","DEFAULT","","","","","0","Cover Styl' NG31 Polished White self-adhesive stone effect film. Buy it by the metre.

","<html>
<head>
<title>Cover Styl' NG31 Polished White</title></head>
<body>
<p><img style=""height: 76px; width: 300px;"" alt=""Cover Styl' logo""
src=""media/ecom/onpagegraphics/Coverstyl_Logo.png""></p>
<span style=""font-weight: bold; color: #588ec6;"">SUITABILITY:</span>
<p>This product is designed for interior application only and offers exceptional resistance to water, dirt, abrasion, UV rays and wear (yellowing, cracking, scaling, delamination). </p>
<span style=""font-weight: bold; color: #588ec6;"">MATERIAL CHARACTERISTICS:</span>
<ul><li>Grade: Polymeric</li>
<li>Thickness: 250 micron</li>
<li>Adhesive: Easy Apply Air Release</li>
<li>Appearance: Gloss</li>
<li>Stretchable: Yes</li>
<li>Scratch Proof: Average</li>
</ul>
<p>Prices shown are per linear metre at 1220mm wide</p>
</body>
</html>","NG31_Gloss_White_Marble.jpg","NG31_Gloss_White_Marble.jpg, NG31_Gloss_White_Marble_Kitchen.jpg","INVITEMS","DEFAULT-NG31_Gloss_White_Marble-DEFAULT-NG31_Gloss_White_Marble","","","0","0","0","","1","REGONLY","0","0","0","0","","","","SELECT","SELECT","0","","","","","0","0","","income-service","","","0","0","","","","","Cover_Styl_Marble","Cover_Styl_Marble","","","0","Olfa_Graphic_Cutter, Olfa_X_Design_Heavy_Duty_Knife, Lint-Free-Gloves, Masking_Tape_25mm, Aslan_Squeegee, Swann_Morton_3_Handle, Swann_Morton_10A_Blades, Lint-Free-Cloths, Heavy-Duty-Application-Roller, Rollepro, 4075CT1220, Cover-Styl-Colour-Selector-Box","Olfa_Graphic_Cutter, Olfa_X_Design_Heavy_Duty_Knife, Lint-Free-Gloves, Masking_Tape_25mm, Aslan_Squeegee, Swann_Morton_3_Handle, Swann_Morton_10A_Blades, Lint-Free-Cloths, Heavy-Duty-Application-Roller, Rollepro, 4075CT1220, Cover-Styl-Colour-Selector-Box","A","superuser","ADHESIVE_SEMI_PERMANENT","GRADE_POLYPROPYLENE","","","","","","","","","","","","Cover-Styl-NG31-Polished-White","0","coverstyle, cover style, cover styl, cover styl'


","","","1654018774","0","","0","","CHECKBOX"
"NH10_Terrazzo_Mixed_Blue","NH10 Terrazzo Mixed Blue","Cover Styl' NH10","Cover_Styl","120","25","DEFAULT","","","","","0","Cover Styl' NH10 Terrazzo Mixed Blue self-adhesive stone effect film. Buy it by the metre.

","<html>
<head>
<title>Cover Styl' NH10 Terrazzo Mixed Blue</title></head>
<body>
<p><img style=""height: 76px; width: 300px;"" alt=""Cover Styl' logo""
src=""media/ecom/onpagegraphics/Coverstyl_Logo.png""></p>
<span style=""font-weight: bold; color: #588ec6;"">SUITABILITY:</span>
<p>This product is designed for interior application only and offers exceptional resistance to water, dirt, abrasion, UV rays and wear (yellowing, cracking, scaling, delamination). </p>
<span style=""font-weight: bold; color: #588ec6;"">MATERIAL CHARACTERISTICS:</span>
<ul><li>Grade: Polymeric</li>
<li>Thickness: 250 micron</li>
<li>Adhesive: Easy Apply Air Release</li>
<li>Appearance: Matt</li>
<li>Stretchable: Yes</li>
<li>Scratch Proof: Average</li>
</ul>
<p>Prices shown are per linear metre at 1220mm wide</p>
</body>
</html>","NH10_Terrazzo_Mixed_Blue.jpg","NH10_Terrazzo_Mixed_Blue.jpg","INVITEMS","DEFAULT-NH10_Terrazzo_Mixed_Blue-DEFAULT-NH10_Terrazzo_Mixed_Blue","","","0","0","0","","1","REGONLY","0","0","0","0","","","","SELECT","SELECT","0","","","","","0","0","","income-service","","","0","0","","","","","Cover_Styl_Marble","Cover_Styl_Marble","","","0","Olfa_Graphic_Cutter, Olfa_X_Design_Heavy_Duty_Knife, Lint-Free-Gloves, Masking_Tape_25mm, Aslan_Squeegee, Swann_Morton_3_Handle, Swann_Morton_10A_Blades, Lint-Free-Cloths, Heavy-Duty-Application-Roller, Rollepro, 4075CT1220, Cover-Styl-Colour-Selector-Box","Olfa_Graphic_Cutter, Olfa_X_Design_Heavy_Duty_Knife, Lint-Free-Gloves, Masking_Tape_25mm, Aslan_Squeegee, Swann_Morton_3_Handle, Swann_Morton_10A_Blades, Lint-Free-Cloths, Heavy-Duty-Application-Roller, Rollepro, 4075CT1220, Cover-Styl-Colour-Selector-Box","A","superuser","ADHESIVE_SEMI_PERMANENT","GRADE_POLYPROPYLENE","","","","","","","","","","","","Cover-Styl-NH10-Terrazzo-Mixed-Blue","0","coverstyle, cover style, cover styl, cover styl'


","","","1709554276","0","","0","","CHECKBOX"
"NH33_Off_White_Cement","NH33 Off White Cement","Cover Styl' NH33","Cover_Styl","30","33","DEFAULT","","","","","0","Cover Styl' NH33 Off White Cement self-adhesive concrete effect film. Buy it by the metre.

","<html>
<head>
<title>Cover Styl' NH33 Off White Cement</title></head>
<body>
<p><img style=""height: 76px; width: 300px;"" alt=""Cover Styl' logo""
src=""media/ecom/onpagegraphics/Coverstyl_Logo.png""></p>
<span style=""font-weight: bold; color: #588ec6;"">SUITABILITY:</span>
<p>This product is designed for interior application only and offers exceptional resistance to water, dirt, abrasion, UV rays and wear (yellowing, cracking, scaling, delamination). </p>
<span style=""font-weight: bold; color: #588ec6;"">MATERIAL CHARACTERISTICS:</span>
<ul><li>Grade: Polymeric</li>
<li>Thickness: 250 micron</li>
<li>Adhesive: Easy Apply Air Release</li>
<li>Appearance: Matt</li>
<li>Stretchable: Yes</li>
<li>Scratch Proof: Average</li>
</ul>
<p>Prices shown are per linear metre at 1220mm wide</p>
</body>
</html>","NH33_Off_White_Cement.jpg","NH33_Off_White_Cement.jpg","INVITEMS","DEFAULT-NH33_Off_White_Cement-DEFAULT-NH33_Off_White_Cement","","","0","0","0","","1","REGONLY","0","0","0","0","","","","SELECT","SELECT","0","","","","","0","0","","income-service","","","0","0","","","","","Cover_Styl_Natural_Stone","Cover_Styl_Natural_Stone","","","0","Olfa_Graphic_Cutter, Olfa_X_Design_Heavy_Duty_Knife, Lint-Free-Gloves, Masking_Tape_25mm, Aslan_Squeegee, Swann_Morton_3_Handle, Swann_Morton_10A_Blades, Lint-Free-Cloths, Heavy-Duty-Application-Roller, Rollepro, 4075CT1220, Cover-Styl-Colour-Selector-Box","Olfa_Graphic_Cutter, Olfa_X_Design_Heavy_Duty_Knife, Lint-Free-Gloves, Masking_Tape_25mm, Aslan_Squeegee, Swann_Morton_3_Handle, Swann_Morton_10A_Blades, Lint-Free-Cloths, Heavy-Duty-Application-Roller, Rollepro, 4075CT1220, Cover-Styl-Colour-Selector-Box","A","superuser","ADHESIVE_SEMI_PERMANENT","GRADE_POLYPROPYLENE","","","","","","","","","","","","Cover-Styl-NH33-Off-White-Cement","0","coverstyle, cover style, cover styl, cover styl'


","","","1709546525","0","","0","","CHECKBOX"
"NH36_Bronze_Patina","NH36 Bronze patina","Cover Styl' NH36","Cover_Styl","30","33","DEFAULT","","","","","0","Cover Styl' NH36 Bronze Patina self-adhesive metal effect film. Buy it by the metre.

","<html>
<head>
<title>Cover Styl' NH36 Bronze Patina</title></head>
<body>
<p><img style=""height: 76px; width: 300px;"" alt=""Cover Styl' logo""
src=""media/ecom/onpagegraphics/Coverstyl_Logo.png""></p>
<span style=""font-weight: bold; color: #588ec6;"">SUITABILITY:</span>
<p>This product is designed for interior application only and offers exceptional resistance to water, dirt, abrasion, UV rays and wear (yellowing, cracking, scaling, delamination). </p>
<span style=""font-weight: bold; color: #588ec6;"">MATERIAL CHARACTERISTICS:</span>
<ul><li>Grade: Polymeric</li>
<li>Thickness: 250 micron</li>
<li>Adhesive: Easy Apply Air Release</li>
<li>Appearance: Matt</li>
<li>Stretchable: Yes</li>
<li>Scratch Proof: Average</li>
</ul>
<p>Prices shown are per linear metre at 1220mm wide</p>
</body>
</html>","NH36_Bronze_Patina.jpg","NH36_Bronze_Patina.jpg","INVITEMS","DEFAULT-NH36_Bronze_Patina-DEFAULT-NH36_Bronze_Patina","","","0","0","0","","1","REGONLY","0","0","0","0","","","","SELECT","SELECT","0","","","","","0","0","","income-service","","","0","0","","","","","Cover_Styl_Metallic","Cover_Styl_Metallic","","","0","","","A","superuser","ADHESIVE_SEMI_PERMANENT","GRADE_POLYPROPYLENE","","","","","","","","","","","","Cover-Styl-NH36-Bronze-Patina","0","coverstyle, cover style, cover styl, cover styl'


","","","1709553280","0","","0","","CHECKBOX"
"NH37_Anthracite_Patina","NH37 Anthracite Patina","Cover Styl' NH37","Cover_Styl","30","33","DEFAULT","","","","","0","Cover Styl' NH37 Anthracite Patina self-adhesive metal effect film. Buy it by the metre.

","<html>
<head>
<title>Cover Styl' NH37 Anthracite Patina</title></head>
<body>
<p><img style=""height: 76px; width: 300px;"" alt=""Cover Styl' logo""
src=""media/ecom/onpagegraphics/Coverstyl_Logo.png""></p>
<span style=""font-weight: bold; color: #588ec6;"">SUITABILITY:</span>
<p>This product is designed for interior application only and offers exceptional resistance to water, dirt, abrasion, UV rays and wear (yellowing, cracking, scaling, delamination). </p>
<span style=""font-weight: bold; color: #588ec6;"">MATERIAL CHARACTERISTICS:</span>
<ul><li>Grade: Polymeric</li>
<li>Thickness: 250 micron</li>
<li>Adhesive: Easy Apply Air Release</li>
<li>Appearance: Matt</li>
<li>Stretchable: Yes</li>
<li>Scratch Proof: Average</li>
</ul>
<p>Prices shown are per linear metre at 1220mm wide</p>
</body>
</html>","NH37_Anthracite_Patina.jpg","NH37_Anthracite_Patina.jpg","INVITEMS","DEFAULT-NH37_Anthracite_Patina-DEFAULT-NH37_Anthracite_Patina","","","0","0","0","","1","REGONLY","0","0","0","0","","","","SELECT","SELECT","0","","","","","0","0","","income-service","","","0","0","","","","","Cover_Styl_Metallic","Cover_Styl_Metallic","","","0","Olfa_Graphic_Cutter, Olfa_X_Design_Heavy_Duty_Knife, Lint-Free-Gloves, Masking_Tape_25mm, Aslan_Squeegee, Swann_Morton_3_Handle, Swann_Morton_10A_Blades, Lint-Free-Cloths, Heavy-Duty-Application-Roller, Rollepro, 4075CT1220, Cover-Styl-Colour-Selector-Box","Olfa_Graphic_Cutter, Olfa_X_Design_Heavy_Duty_Knife, Lint-Free-Gloves, Masking_Tape_25mm, Aslan_Squeegee, Swann_Morton_3_Handle, Swann_Morton_10A_Blades, Lint-Free-Cloths, Heavy-Duty-Application-Roller, Rollepro, 4075CT1220, Cover-Styl-Colour-Selector-Box","A","superuser","ADHESIVE_SEMI_PERMANENT","GRADE_POLYPROPYLENE","","","","","","","","","","","","Cover-Styl-NH37-Anthracite-Patina","0","coverstyle, cover style, cover styl, cover styl'


","","","1709553427","0","","0","","CHECKBOX"
"NH40_Terrazzo_Grey","NH40 Terrazzo Grey","Cover Styl' NH40","Cover_Styl","120","25","DEFAULT","","","","","0","Cover Styl' NH40 Terrazzo Grey self-adhesive stone effect film. Buy it by the metre.

","<html>
<head>
<title>Cover Styl' NH40 Terrazzo Grey</title></head>
<body>
<p><img style=""height: 76px; width: 300px;"" alt=""Cover Styl' logo""
src=""media/ecom/onpagegraphics/Coverstyl_Logo.png""></p>
<span style=""font-weight: bold; color: #588ec6;"">SUITABILITY:</span>
<p>This product is designed for interior application only and offers exceptional resistance to water, dirt, abrasion, UV rays and wear (yellowing, cracking, scaling, delamination). </p>
<span style=""font-weight: bold; color: #588ec6;"">MATERIAL CHARACTERISTICS:</span>
<ul><li>Grade: Polymeric</li>
<li>Thickness: 250 micron</li>
<li>Adhesive: Easy Apply Air Release</li>
<li>Appearance: Matt</li>
<li>Stretchable: Yes</li>
<li>Scratch Proof: Average</li>
</ul>
<p>Prices shown are per linear metre at 1220mm wide</p>
</body>
</html>","NH40_Terrazzo_Grey.jpg","NH40_Terrazzo_Grey.jpg","INVITEMS","DEFAULT-NH40_Terrazzo_Grey-DEFAULT-NH40_Terrazzo_Grey","","","0","0","0","","1","REGONLY","0","0","0","0","","","","SELECT","SELECT","0","","","","","0","0","","income-service","","","0","0","","","","","Cover_Styl_Marble","Cover_Styl_Marble","","","0","Olfa_Graphic_Cutter, Olfa_X_Design_Heavy_Duty_Knife, Lint-Free-Gloves, Masking_Tape_25mm, Aslan_Squeegee, Swann_Morton_3_Handle, Swann_Morton_10A_Blades, Lint-Free-Cloths, Heavy-Duty-Application-Roller, Rollepro, 4075CT1220, Cover-Styl-Colour-Selector-Box","Olfa_Graphic_Cutter, Olfa_X_Design_Heavy_Duty_Knife, Lint-Free-Gloves, Masking_Tape_25mm, Aslan_Squeegee, Swann_Morton_3_Handle, Swann_Morton_10A_Blades, Lint-Free-Cloths, Heavy-Duty-Application-Roller, Rollepro, 4075CT1220, Cover-Styl-Colour-Selector-Box","A","superuser","ADHESIVE_SEMI_PERMANENT","GRADE_POLYPROPYLENE","","","","","","","","","","","","Cover-Styl-Terrazzo-Grey","0","coverstyle, cover style, cover styl, cover styl'


","","","1709554425","0","","0","","CHECKBOX"
"Olfa-Acrylic-Cutter","OLFA® PCS Acrylic Cutter","PCS","Olfa","121","5","DEFAULT","","","","","0","OLFA® PCS Acrylic cutter will cut acrylics and other sheet plastics.
","<html>

<title><head>OLFA® PCS Acrylic Cutter</title></head>
<body>
<p>OLFA® PCS Acrylic cutter will cut acrylics and other sheet plastics.</p>
<p>Simply score break lines for a quick, easy solution.</p>
<p>Wheel lock mechanism.</p>
<p>Storage for apare blades in the handle.</p>
<p>Takes OLFA® PB450 blades.</p>
</body>
</html>","Olfa_PCS.jpg","Olfa_PCS.jpg","INVITEMS","DEFAULT-Olfa-Acrylic-Cutter-DEFAULT-Olfa-Acrylic-Cutter","","","0","0","0","","1","REGONLY","0","0","0","0","","","","SELECT","SELECT","0","","","","","0","0","","income-service","","","0","0","","","","","Knives_Cutting_Tools","Knives_Cutting_Tools","","","0","Olfa_Graphic_Cutter_Blades, Sharps_Box, Sharpsguard","","A","","","","","","","","","","","","","","","","0","Olfa, knife, graphic, cutter, blade, precision, sac1

","","","1653662168","0","","0","","CHECKBOX"
"Olfa-Acrylic-Cutter-Blades","Blades for OLFA® PCS Acrylic Cutter","PB450","Olfa","122","3","DEFAULT","","","","","0","Pack of 5 replacement blades for OLFA® PCS Acrylic cutter.","<html>

<title><head>Blades for OLFA® PCS Acrylic Cutter</title></head>
<body>
<p>Pack of 5 replacement blades for OLFA® PCS Acrylic cutter.</p>
</body>
</html>","Olfa_PB450.jpg","Olfa_PB450.jpg","INVITEMS","DEFAULT-Olfa-Acrylic-Cutter-Blades-DEFAULT-Olfa-Acrylic-Cutter-Blades","","","0","0","0","","1","REGONLY","0","0","0","0","","","","SELECT","SELECT","0","","","","","0","0","","income-service","","","0","0","","","","","Knives_Cutting_Tools","Knives_Cutting_Tools","","","0","Olfa-Acrylic-Cutter, Olfa_Cutting_Matt_A3, Olfa_Cutting_Matt_A4, Olfa_DC2, Sharps_Box, Olfa-DC5-Blade-Disposal-Holster, Olfa-DC6-Desktop-Blade-Disposal","Olfa-Acrylic-Cutter, Olfa_Cutting_Matt_A3, Olfa_Cutting_Matt_A4, Olfa_DC2, Sharps_Box, Olfa-DC5-Blade-Disposal-Holster, Olfa-DC6-Desktop-Blade-Disposal","A","","","","","","","","","","","","","","","","0","olfa, blades, pro, ab-10, snap-off","","","1653662415","0","","0","","CHECKBOX"
"Olfa-DC5-Blade-Disposal-Holster","OLFA® DC5 Blade Disposal Holster","DC5","Olfa","222","5","DEFAULT","","","","","0","OLFA® DC5 Blade Disposal Holster is designed to make the life of a professional installer easier, faster and safer.","<html>

<title><head>OLFA® DC5 Blade Disposal Holster</title></head>

<body>

<p>OLFA® DC5 Blade Disposal Holster is designed to make the life of a professional installer easier, faster and safer.</p>
<p>Belt clip attachment.</p>
<p>Metal slots to help break standard and heavy duty blades.</p>
<p>Blades are securely stored and easy to empty.</p>

</body>

</html>


","Olfa_DC5.jpg","Olfa_DC5.jpg, Olfa_DC5_Knife.jpg, Olfa_DC5_Blades.jpg","INVITEMS","DEFAULT-Olfa-DC5-Blade-Disposal-Holster-DEFAULT-Olfa-DC5-Blade-Disposal-Holster","","","0","0","0","","1","REGONLY","0","0","0","0","","","","SELECT","SELECT","0","","","","","0","0","","income-service","","","0","0","","","","","Knives_Cutting_Tools","Knives_Cutting_Tools, Stencil-Film-Accessories","","","0","","","A","","","","","","","","","","","","","","","","0","Olfa,sharps,box,disposal,","","","1653655930","0","","0","","CHECKBOX"
"Olfa-DC6-Desktop-Blade-Disposal","OLFA® DC6 Desktop Blade Disposal System","DC6","Olfa","224","10","DEFAULT","","","","","0","OLFA® DC6 Desktop Blade Disposal System is a 3-in-1 product, blade snapper, disposal case and knife stand.","<html>

<title><head>OLFA® DC6 Desktop Blade Disposal System</title></head>

<body>

<p>OLFA® DC6 Desktop Blade Disposal System is a 3-in-1 product, blade snapper, disposal case and knife stand.</p>
<p>Works with all OLFA® 9mm and 18mm blades.</p>

</body>

</html>
","Olfa_DC6.jpg","Olfa_DC6.jpg","INVITEMS","DEFAULT-Olfa-DC6-Desktop-Blade-Disposal-DEFAULT-Olfa-DC6-Desktop-Blade-Disposal","","","0","0","0","","1","REGONLY","0","0","0","0","","","","SELECT","SELECT","0","","","","","0","0","","income-service","","","0","0","","","","","Knives_Cutting_Tools","Knives_Cutting_Tools","","","0","","","A","","","","","","","","","","","","","","","","0","Olfa,sharps,box,disposal,","","","1653656705","0","","0","","CHECKBOX"
"Olfa-Designers-Art-Knife","OLFA® Designers Art Knife","AK5","Olfa","148","5","DEFAULT","","","","","0","The OLFA® AK5 Designers art knife offers advanced features including a spatula end for smoothing out cut vinyl, a needlepoint for weeding as well as 30 spare blades.","<html><head><title>Olfa AK5 Designers Art Knife</title></head>
<body>
<p>The OLFA® AK5 Designers art knife offers advanced features including a spatula end for smoothing out cut vinyl and a needlepoint for weeding.</p>
<p>Changing the blade is simple - just spin the shaft to release it, fit the new blade and spin again to lock in the new one.</p>
<p>Comes with 30 KB5 all-purpose art blades.</p>
</body></html>","Olfa_AK5.jpg","Olfa_AK5.jpg","INVITEMS","DEFAULT-Olfa-Designers-Art-Knife-DEFAULT-Olfa-Designers-Art-Knife","","","0","0","0","","1","REGONLY","0","0","0","0","","","","SELECT","SELECT","0","","","","","0","0","","income-service","","","0","0","","","","","Knives_Cutting_Tools","Knives_Cutting_Tools","","","0","Sharps_Box, Sharpsguard","","A","","","","","","","","","","","","","","","","0","olfa, ak-1, art knife","","","1653657245","0","","0","","CHECKBOX"
"Olfa-Heavy-Duty-Knife-Speedblades","Snap-Off Speed Blades for OLFA® BNAL, L5AL & MXPAL Heavy Duty Knives","LFB5B","Olfa","110","4","DEFAULT","","","","","0","Pack of 5 18mm fluorine coated speed blades with 8 snap off segments for OLFA® BNAL, L5AL & MXPAL Heavy Duty Knives.","<html>

<title><head>Snap-Off Speed Blades for OLFA® BNAL, L5AL & MXPAL Heavy Duty Knives</title></head>

<body>

<p>Pack of 5 18mm fluorine coated speed blades with 8 snap off segments for OLFA® BNAL, L5AL & MXPAL Heavy Duty Knives.</p>
<p>These blades are 25% sharper than silver HD blades.</p>
<p>Fluorine coating reduces resistance for a better cut.</p>
<p>Glides through cardboard, vinyl, corex, foamed pvc boards and aluminium composite panels.</p>

</body>
</html>","Olfa_LFB5B.jpg","Olfa_LFB5B.jpg","INVITEMS","DEFAULT-Olfa-Heavy-Duty-Knife-Speedblades-DEFAULT-Olfa-Heavy-Duty-Knife-Speedblades","","","0","0","0","","1","REGONLY","0","0","0","0","","","","SELECT","SELECT","0","","","","","0","0","","income-service","","","0","0","","","","","Knives_Cutting_Tools","Knives_Cutting_Tools","","","0","Olfa-MXP-AL-Metal-Heavy-Duty-Knife, Olfa_Heavy_Duty_Knife, Sharps_Box, Olfa_DC2","Olfa-MXP-AL-Metal-Heavy-Duty-Knife, Olfa_Heavy_Duty_Knife, Sharps_Box, Olfa_DC2","A","","","","","","","","","","","","","","","Olfa-LFB5B-Heavy-Duty-Knife-Speedblades","0","olfa,blades,","","","1653412779","0","","0","","CHECKBOX"
"Olfa-MXP-AL-Metal-Heavy-Duty-Knife","Olfa MXP-AL Metal Heavy Duty Knife","MXPAL","Olfa","105","16","DEFAULT","","","","","0","The OLFA® MXP-AL X-Design metal heavy duty knife features an 18mm auto locking blade and a die cast handle with rubber grip. Takes LB-10 blades and LFB5B speed blades.","<html>

<title><head>Olfa MXP-AL Metal Heavy Duty Knife</title></head>

<body>

<p>The OLFA® MXP-AL X-Design metal heavy duty knife features an 18mm auto locking blade and a die cast handle with rubber grip.</p>
<p>Takes LB-10 blades and LFB5B speed blades.</p>

</body>

</html>","Olfa_MXPAL.jpg","Olfa_MXPAL.jpg","INVITEMS","DEFAULT-Olfa-MXP-AL-Metal-Heavy-Duty-Knife-DEFAULT-Olfa-MXP-AL-Metal-Heavy-Duty-Knife","","","0","0","0","","1","REGONLY","0","0","0","0","","","","SELECT","SELECT","0","","","","","0","0","","income-service","","","0","0","","","","","Knives_Cutting_Tools","Knives_Cutting_Tools","","","0","Olfa_Heavy_Duty_Knife_Blades, Sharps_Box, Sharpsguard, Olfa-Heavy-Duty-Knife-Speedblades","Olfa_Heavy_Duty_Knife_Blades, Sharps_Box, Sharpsguard, Olfa-Heavy-Duty-Knife-Speedblades","A","","","","","","","","","","","","","","","Olfa-MXP-AL-Metal-Heavy-Duty-Knife","0","olfa, heavy, duty, knife, MXP-AL snap-off","","","1653411118","0","","0","","CHECKBOX"
"Olfa-Stainless-Steel-Pro-Knife-Blades","Snap-Off Stainless Steel Blades for OLFA® SVR2 & XA1 Precision Knives","AB-10S","Olfa","90","4","DEFAULT","","","","","0","Pack of 10 Stainless Steel 9mm blades with 13 snap off segments for OLFA® SVR2 & XA1 Precision Knifes.","<html>

<title><head>Snap-Off Stainless Steel Blades for OLFA® SVR2 & XA1 Precision Knives</title></head>

<body>

<p>Pack of 10 Stainless Steel 9mm blades with 13 snap off segments for OLFA® SVR2 & XA1 Precision Knifes.</p>
<p>These blades are sharper than most other snap-off blades.</p>
<p>Great for trimming down window films or graphics while wet applying as they will not scratch the glass and are rust proof.</p>
<p>The plastic pack has a useful section which you can use to snap off and safely store used blade segments.</p>

</body>

</html>","OLFA_AB-10.jpg","OLFA_AB-10.jpg","INVITEMS","DEFAULT-Olfa-Stainless-Steel-Pro-Knife-Blades-DEFAULT-Olfa-Stainless-Steel-Pro-Knife-Blades","","","0","0","0","","1","REGONLY","0","0","0","0","","","","SELECT","SELECT","0","","","","","0","0","","income-service","","","0","0","","","","","Knives_Cutting_Tools","Knives_Cutting_Tools","","","0","Olfa_Pro_Knife, Sharps_Box, Sharpsguard","","A","","","","","","","","","","","","","","","Olfa-Stainless-Steel-Precision-Knives","0","olfa, blades, pro, ab-10, snap-off","","","1653576292","0","","0","","CHECKBOX"
"Olfa-Thick-Material-Cutter","OLFA® SK16 Thick Material Cutter","SK16","Olfa","123","9","DEFAULT","","","","","0","OLFA® SK16 thick material cutter has a twin concealed blade that makes light work of heavy paper and card materials, packaging, shrink wrap and even carpet.
","<html>

<head><title>OLFA® SK16 Thick Material Cutter</head></title>

<body>

<p>OLFA® SK16 thick material cutter has a twin concealed blade that makes light work of heavy paper and card materials, packaging, shrink wrap and even carpet.</p>
<p>Minimum blade exposure with plastic guards.</p>
<p>Metal tip for tape slitting.</p>
<p>Simple blade change system using the red button.</p>
<p>Takes OLFA® SKB1610 blades.</p>

</body>

</html>","Olfa_SK16.jpg","Olfa_SK16.jpg","INVITEMS","DEFAULT-Olfa-Thick-Material-Cutter-DEFAULT-Olfa-Thick-Material-Cutter","","","0","0","0","","1","REGONLY","0","0","0","0","","","","SELECT","SELECT","0","","","","","0","0","","income-service","","","0","0","","","","","Knives_Cutting_Tools","Knives_Cutting_Tools","","","0","Olfa_Graphic_Cutter_Blades, Sharps_Box, Sharpsguard","","A","","","","","","","","","","","","","","","","0","Olfa, knife, graphic, cutter, blade, precision, sac1

","","","1653662974","0","","0","","CHECKBOX"
"Olfa-Thick-Material-Cutter-Blades","Blades for OLFA® SK16 Thick Material Cutter","SKB1610","Olfa","123","16","DEFAULT","","","","","0","Pack of 10 replacement blades for OLFA® SK16 thick material cutter.","<html>

<head><title>Blades for OLFA® SK16 Thick Material Cutter</head></title>

<body>

<p>Pack of 10 replacement blades for OLFA® SK16 thick material cutter.</p>

</body>

</html>","Olfa_SKB1610.jpg","Olfa_SKB1610.jpg","INVITEMS","DEFAULT-Olfa-Thick-Material-Cutter-Blades-DEFAULT-Olfa-Thick-Material-Cutter-Blades","","","0","0","0","","1","REGONLY","0","0","0","0","","","","SELECT","SELECT","0","","","","","0","0","","income-service","","","0","0","","","","","Knives_Cutting_Tools","Knives_Cutting_Tools","","","0","Olfa-Thick-Material-Cutter","Olfa-Thick-Material-Cutter","A","","","","","","","","","","","","","","","","0","olfa, blades, pro, ab-10, snap-off","","","1653663568","0","","0","","CHECKBOX"
"Olfa_Art_Knife","OLFA® Art Knife","AK-1","Olfa","150","5","DEFAULT","","","","","0","The OLFA® AK-1 art knife is designed to be held just like a pen to feel natural and comfortable in the hand, and cuts with exact precision. Comes with 25 KB all-purpose art blades.","<html><head><title>Olfa AK-1 Art Knife</title></head>
<body>
<p>The OLFA® AK-1 art knife is designed to be held just like a pen to feel natural and comfortable in the hand, and cuts with exact precision.</p>
<p>Changing the blade is simple - just spin the shaft to release it, fit the new blade and spin again to lock in the new one.</p>
<p>Comes with 25 KB all-purpose art blades.</p>
</body></html>","Olfa_AK1.jpg","Olfa_AK1.jpg","INVITEMS","DEFAULT-Olfa_Art_Knife-DEFAULT-Olfa_Art_Knife","","","0","0","0","","1","REGONLY","0","0","0","0","","","","SELECT","SELECT","0","","","","","0","0","","income-service","","","0","0","","","","","Knives_Cutting_Tools","Knives_Cutting_Tools","","","0","Sharps_Box, Sharpsguard, Olfa_KB_Art_Blades","","A","","","","","","","","","","","","","","","Olfa-AK1-Art-Knife","0","olfa, ak-1, art knife","","","1627316525","0","","0","","CHECKBOX"
"Olfa_Comfort_Grip_Knife","OLFA® XA1 X-Design Comfort Grip Precision Knife","XA1","Olfa","90","4","DEFAULT","","","","","0","The OLFA® XA1 Comfort Grip Precision Knife has an anti-slip handle and an auto lock blade so is safe and comfortable to use. ","<html>

<title><head>OLFA® XA1 X-Design Comfort Grip Precision Knife</title></head>

<body>

<p>The OLFA® XA1 Comfort Grip Precision Knife has an anti-slip handle and an auto lock blade so is safe and comfortable to use.</p>
<p>Re-inforced with fibreglass for ultimate durability.</p>
<p>Takes OLFA® AB-10, AB10S & ABB-50 'Excel Black' ultra Sharp blades.</p>

</body>

</html>

","Olfa_XA1.jpg","Olfa_XA1.jpg","INVITEMS","DEFAULT-Olfa_Comfort_Grip_Knife-DEFAULT-Olfa_Comfort_Grip_Knife","","","0","0","0","","1","REGONLY","0","0","0","0","","","","SELECT","SELECT","0","","","","","0","0","","income-service","","","0","0","","","","","Knives_Cutting_Tools","Knives_Cutting_Tools, Stencil-Film-Accessories","","","0","Olfa_Pro_Knife_Blades, Olfa_Pro_Knife_Blades_50, Sharps_Box, Olfa-Stainless-Steel-Pro-Knife-Blades","Olfa_Pro_Knife_Blades, Olfa_Pro_Knife_Blades_50, Sharps_Box","A","","","","","","","","","","","","","","","Olfa-XA1-Comfort-Grip-Precision-Knife","0","olfa, comfort, grip, knife, xa-1, xa1, precision","","","1500459762","0","","0","","CHECKBOX"
"Olfa_Cutting_Matt_A3","OLFA®  Self Healing Double Sided A3 Cutting Matt","CMA3","Olfa","130","12","DEFAULT","","","","","0","OLFA® double sided self healing cutting matt. A3 size suitable for small intricate work.","<html><head><title>Olfa A3 Cutting Matt</title></head>
<body>
<p>OLFA® double sided self healing cutting matt. A3 size suitable for craft and hobby work.</p>
<p>The cutting surface is self-healing and soft enough to protect the blade and firm enough to prevent deep incision and allow for self-healing.</p>
<p><ul><li>Matt Size: 43cm x 30cm x 2mm</li>
<li>Double sided - Metric measurements on one side with Imperial and Angle guide on the other side</li>
<li>Perfect for use with OLFA® standard, heavy duty and art cutting knives as well as OLFA® rotary cutters</li>
<li>Suitable for cutting self-adhesive vinyl and films, fabrics, paper, card etc...</li></ul></p>
<p>OLFA® cutting mats are resistant to splitting and cracking, when correctly used the OLFA® cutting mats are a quality product and ensure a longer life.</p>
</body></html>
","Olfa_Cutting_Matt_A3.jpg","Olfa_Cutting_Matt_A3.jpg, Olfa_Cutting_Matt_A3_Reverse.jpg","INVITEMS","DEFAULT-Olfa_Cutting_Matt_A3-DEFAULT-Olfa_Cutting_Matt_A3","","","0","0","0","","1","REGONLY","0","0","0","0","","","","SELECT","SELECT","0","","","","","0","0","","income-service","","","0","0","","","","","Knives_Cutting_Tools","Knives_Cutting_Tools","","","0","Olfa_Pro_Knife_Blades, Olfa_Pro_Knife_Blades_50, Sharps_Box, Sharpsguard","","A","","","","","","","","","","","","","","","","0","cutting matt, self healing","","","1627382071","0","","0","","CHECKBOX"
"Olfa_Cutting_Matt_A4","OLFA®  Self Healing Double Sided A4 Cutting Matt","CMA4","Olfa","135","8","DEFAULT","","","","","0","OLFA® double sided self healing cutting matt. A4 size suitable for small intricate work.","<html><head><title>Olfa A4 Cutting Matt</title></head>
<body>
<p>OLFA® double sided self healing cutting matt. A4 size suitable for craft and hobby work.</p>
<p>The cutting surface is self-healing and soft enough to protect the blade and firm enough to prevent deep incision and allow for self-healing.</p>
<p><ul><li>Matt Size: 30cm x 22.5cm x 2mm</li>
<li>Double sided - Metric measurements on one side with Imperial and Angle guide on the other side</li>
<li>Perfect for use with OLFA® standard, heavy duty and art cutting knives as well as OLFA® rotary cutters</li>
<li>Suitable for cutting self-adhesive vinyl and films, fabrics, paper, card etc...</li></ul></p>
<p>OLFA® cutting mats are resistant to splitting and cracking, when correctly used the OLFA® cutting mats are a quality product and ensure a longer life.</p>
</body></html>
","Olfa_Cutting_Matt_A4.jpg","Olfa_Cutting_Matt_A4.jpg, Olfa_Cutting_Matt_A4_Reverse.jpg","INVITEMS","DEFAULT-Olfa_Cutting_Matt_A4-DEFAULT-Olfa_Cutting_Matt_A4","","","0","0","0","","1","REGONLY","0","0","0","0","","","","SELECT","SELECT","0","","","","","0","0","","income-service","","","0","0","","","","","Knives_Cutting_Tools","Knives_Cutting_Tools","","","0","Olfa_Pro_Knife_Blades, Olfa_Pro_Knife_Blades_50, Sharps_Box, Sharpsguard","","A","","","","","","","","","","","","","","","","0","cutting matt, self healing","","","1627398092","0","","0","","CHECKBOX"
"Olfa_DC2","OLFA®  DC2 Blade Disposal Case","DC2","Olfa","220","5","DEFAULT","","","","","0","OLFA® DC2 Blade Disposal Case is a safe, simple solution to have around the workshop.","<html>

<title><head>OLFA® DC2 Blade Disposal Case</title></head>

<body>

<p>OLFA® DC2 Blade Disposal Case is a safe, simple solution to have around the workshop.</p>
<p>Metal slot to help break standard and heavy duty blades.</p>
<p>Removable lid.</p>

</body>

</html>


","Olfa_DC2.jpg","Olfa_DC2.jpg","INVITEMS","DEFAULT-Olfa_DC2-DEFAULT-Olfa_DC2_Blade_Disposal_Case","","","0","0","0","","1","REGONLY","0","0","0","0","","","","SELECT","SELECT","0","","","","","0","0","","income-service","","","0","0","","","","","Knives_Cutting_Tools","Knives_Cutting_Tools, Stencil-Film-Accessories","","","0","","","A","","","","","","","","","","","","","","","","0","Olfa,sharps,box,disposal,","","","1628687938","0","","0","","CHECKBOX"
"Olfa_Glass_Scraper","OLFA® GSR2 Glass Scraper","GSR2","Olfa","250","9","DEFAULT","","","","","0","The OLFA® GSR2 glass scraper has a durable stainless steel blade for excellent result with no scratching. Includes safety cover and  allows you to cut the top sheet only without damaging the layer below.  Comes with  6 spare blades but you can also buy them in packs of 6.","<html><head><title>Olfa GSR2 Glass Scraper</title></head>
<body>
<p>The OLFA® GSR2 glass scraper has a durable stainless steel blade for excellent result with no scratching.</p>
<p>Includes safety cover and  allows you to cut the top sheet only without damaging the layer below.</p>
<p>Comes with  6 spare blades but you can also buy them in packs of 6.</p>
</body></html>","Olfa_GSR2_Glass_Scraper.jpg","Olfa_GSR2_Glass_Scraper.jpg","INVITEMS","DEFAULT-Olfa_Glass_Scraper-DEFAULT-Olfa_Glass_Scraper","","","0","0","0","","1","REGONLY","0","0","0","0","","","","SELECT","SELECT","0","","","","","0","0","","income-service","","","0","0","","","","","Cleaners_Cleaning_Tools","Cleaners_Cleaning_Tools","","","0","Lint-Free-Cloths, Easy-Wipe, Olfa_Glass_Scraper_Blades","","A","","","","","","","","","","","","","","","","0","olfa, ts-1, ts1, top sheet cutter, glass, scraper, glassscraper, window, gsr2, gsr, ","","","1628695516","0","","0","","CHECKBOX"
"Olfa_Glass_Scraper_Blades","Replacement blades for OLFA® GSR2 Glass Scraper","GSB2S6B","Olfa","255","4","DEFAULT","","","","","0","Pack of 6 replacement blades for the OLFA® GSR2 Glass Scraper.","<html>

<title><head>Replacement blades for OLFA® GSR2 Glass Scraper</title></head>

<body>

<p>Pack of 6 replacement blades for the OLFA® GSR2 Glass Scraper.</p>

</body>

</html>
","Olfa_Glass_Scraper_Blades.jpg","Olfa_Glass_Scraper_Blades.jpg","INVITEMS","DEFAULT-Olfa_Glass_Scraper_Blades-DEFAULT-Olfa_Glass_Scraper_Blades","","","0","0","0","","1","REGONLY","0","0","0","0","","","","SELECT","SELECT","0","","","","","0","0","","income-service","","","0","0","","","","","Cleaners_Cleaning_Tools","Cleaners_Cleaning_Tools","","","0","Olfa_Glass_Scraper","","A","","","","","","","","","","","","","","","","0","olfa, ts-1, ts1, top sheet cutter","","","1628701212","0","","0","","CHECKBOX"
"Olfa_Graphic_Cutter","OLFA® SAC1 Graphic Precision Knife","SAC-1","Olfa","80","7","DEFAULT","","","","","0","OLFA® SAC1 Graphic Precision Knife features a stainless steel handle and a 30 degree cutting blade.
","<html>

<title><head>OLFA® SAC1 Graphic Precision Knife</title></head>

<body>

<p>OLFA® SAC1 Graphic Precision Knife features a stainless steel handle and a 30 degree cutting blade.</p>
<p>Popular in graphic studios for it's accuracy.</p>
<p>Takes OLFA® SAB10 blades.</p>

</body>

</html>","OLFA_SAC-1.jpg","OLFA_SAC-1.jpg","INVITEMS","DEFAULT-Olfa_Graphic_Cutter-DEFAULT-Olfa_Graphic_Cutter","","","0","0","0","","1","REGONLY","0","0","0","0","","","","SELECT","SELECT","0","","","","","0","0","","income-service","","","0","0","","","","","Knives_Cutting_Tools","Knives_Cutting_Tools","","","0","Olfa_Graphic_Cutter_Blades, Sharps_Box, Sharpsguard","","A","","","","","","","","","","","","","","","Olfa-Graphic-Precision-Knife","0","Olfa, knife, graphic, cutter, blade, precision, sac1

","","","1500459860","0","","0","","CHECKBOX"
"Olfa_Graphic_Cutter_Blades","Snap Off Blades for OLFA®  SAC1 Graphic Precision Knife","SAB-10","Olfa","82","4","DEFAULT","","","","","0","Pack of 10 Snap-off 30 degree blades for OLFA®  SAC1 Graphic Precision Knife.","<html>

<title><head>Snap Off Blades for OLFA® SAC1 Graphic Precision Knife</title></head>

<body>

<p>Pack of 10 Snap-off 30 degree blades for OLFA®  SAC1 Graphic Precision Knife.</p>

</body>

</html>","OLFA_SAB-10.jpg","OLFA_SAB-10.jpg","INVITEMS","DEFAULT-Olfa_Graphic_Cutter_Blades-DEFAULT-Olfa_Graphic_Cutter_Blades","","","0","0","0","","1","REGONLY","0","0","0","0","","","","SELECT","SELECT","0","","","","","0","0","","income-service","","","0","0","","","","","Knives_Cutting_Tools","Knives_Cutting_Tools","","","0","Olfa_Graphic_Cutter, Sharps_Box, Sharpsguard","","A","","","","","","","","","","","","","","","Olfa-Graphic-Precision-Knife-Blades","0","Olfa, blades, sab10","","","1500459906","0","","0","","CHECKBOX"
"Olfa_Heavy_Duty_Glass_Scraper","OLFA®  Heavy Duty Glass Scraper","XSR200","Olfa","260","23","DEFAULT","","","","","0","The OLFA® XSR200 heavy duty glass scraper comes equipped with a 0.8mm thick blade to make light work of tough jobs. The elastomeric grip and re-inforced body make this an essential tool for professional work. Spare blades are available in packs of 10.","<html><head><title>Olfa XSR200 Heavy Duty Glass Scraper</title></head>
<body>
<p>The OLFA® XSR200 heavy duty glass scraper comes equipped with a 0.8mm thick blade to make light work of tough jobs.</p>
<p>The elastomeric grip and re-inforced body make this an essential tool for professional work.</p>
<p>Easy, tool free blade change.</p>
<p>Somes with safety cover.</p>
<p>Spare blades are available in packs of 10.</p>
</body></html>","Olfa_XSR200_Heavy_Duty_Glass_Scraper.jpg","Olfa_XSR200_Heavy_Duty_Glass_Scraper.jpg","INVITEMS","DEFAULT-Olfa_Heavy_Duty_Glass_Scraper-DEFAULT-Olfa_Heavy_Duty_Glass_Scraper","","","0","0","0","","1","REGONLY","0","0","0","0","","","","SELECT","SELECT","0","","","","","0","0","","income-service","","","0","0","","","","","Cleaners_Cleaning_Tools","Cleaners_Cleaning_Tools","","","0","Lint-Free-Cloths, Easy-Wipe","","A","","","","","","","","","","","","","","","","0","olfa, ts-1, ts1, top sheet cutter","","","1628696981","0","","0","","CHECKBOX"
"Olfa_Heavy_Duty_Glass_Scraper_Blades","Replacement blades for OLFA® XSR200 Heavy Duty Glass Scraper","BS10B","Olfa","265","5","DEFAULT","","","","","0","Pack of 10 replacement blades for the OLFA® XSR200 Heavy Duty Glass Scraper.","<html>

<title><head>Replacement blades for OLFA® XSR200 Heavy Duty Glass Scraper</title></head>

<body>

<p>Pack of 10 replacement blades for the OLFA® XSR200 Heavy Duty Glass Scraper.</p>

</body>

</html>","Olfa_Heavy_Duty_Glass_Scraper_Blades.jpg","Olfa_Heavy_Duty_Glass_Scraper_Blades.jpg","INVITEMS","DEFAULT-Olfa_Heavy_Duty_Glass_Scraper_Blades-DEFAULT-Olfa_Heavy_Duty_Glass_Scraper_Blades","","","0","0","0","","1","REGONLY","0","0","0","0","","","","SELECT","SELECT","0","","","","","0","0","","income-service","","","0","0","","","","","Cleaners_Cleaning_Tools","Cleaners_Cleaning_Tools","","","0","Olfa_Glass_Scraper","","A","","","","","","","","","","","","","","","","0","olfa, ts-1, ts1, top sheet cutter","","","1628701422","0","","0","","CHECKBOX"
"Olfa_Heavy_Duty_Knife_Blades","Snap-Off Blades for OLFA® BNAL, L5AL & MXPAL Heavy Duty Knives","LB10","Olfa","105","4","DEFAULT","","","","","0","Pack of 10 18mm blades with 8 snap off segments for OLFA® BNAL, L5AL & MXPAL Heavy Duty Knives.","<html>

<title><head>Snap-Off Blades for OLFA® BNAL, L5AL & MXPAL Heavy Duty Knives</title></head>

<body>

<p>Pack of 10 18mm blades with 8 snap off segments for OLFA® BNAL, L5AL & MXPAL Heavy Duty Knives.</p>

</body>

</html>","OLFA_LB-10.jpg","OLFA_LB-10.jpg","INVITEMS","DEFAULT-Olfa_Heavy_Duty_Knife_Blades-DEFAULT-Olfa_Heavy_Duty_Knife_Blades","","","0","0","0","","1","REGONLY","0","0","0","0","","","","SELECT","SELECT","0","","","","","0","0","","income-service","","","0","0","","","","","Knives_Cutting_Tools","Knives_Cutting_Tools","","","0","Olfa_Heavy_Duty_Knife, Sharps_Box, Sharpsguard","","A","","","","","","","","","","","","","","","OLFA-LB10-Heavy-Duty-Knife-Blades","0","olfa, blades, heavy duty, lb10","","","1500459988","0","","0","","CHECKBOX"
"Olfa_KB4_Art_Blades","OLFA®  KB4 Art Blades","KB4S5","Olfa","165","3","DEFAULT","","","","","0","Pack of 5 OLFA® KB4 Art blades compatible with AK-4 Art Knives and suitable for a wide variety of uses.","<html><head><title>Olfa KB4 Art Blades</title></head>
<body>
<p>Pack of 5 OLFA® KB Art blades compatible with AK-4 Art Knives and suitable for a wide variety of uses.</p>
<p>Made from high quality Japanese carbon tool steel.</p>
<p><ul><li>8mm blade width</li>
<li>6mm shank</li>
<li>23 degree angle</li>
<li>20mm cutting edge</li>
<li>0.5mm blade thickness</li></ul></p>
</body></html>","Olfa_KB4.jpg","Olfa_KB4.jpg","INVITEMS","DEFAULT-Olfa_KB4_Art_Blades-DEFAULT-Olfa_KB4_Art_Blades","","","0","0","0","","1","REGONLY","0","0","0","0","","","","SELECT","SELECT","0","","","","","0","0","","income-service","","","0","0","","","","","Knives_Cutting_Tools","Knives_Cutting_Tools","","","0","Sharps_Box, Sharpsguard","","A","","","","","","","","","","","","","","","","0","olfa, ak-1, art knife","","","1627397493","0","","0","","CHECKBOX"
"Olfa_KB_Art_Blades","OLFA®  KB Art Blades","KB","Olfa","160","3","DEFAULT","","","","","0","Pack of 25 OLFA® KB Art blades compatible with AK-1 and AK-4 Art Knives and suitable for a wide variety of uses.","<html><head><title>Olfa KB Art Blades</title></head>
<body>
<p>Pack of 25 OLFA® KB Art blades compatible with AK-1 and AK-4 Art Knives and suitable for a wide variety of uses.</p>
<p>Made from high quality Japanese carbon tool steel.</p>
<p><ul><li>6mm blade width</li>
<li>32.8 degree angle</li>
<li>11mm cutting edge</li>
<li>0.45mm blade thickness</li></ul></p>
</body></html>","Olfa_KB.jpg","Olfa_KB.jpg","INVITEMS","DEFAULT-Olfa_KB_Art_Blades-DEFAULT-Olfa_KB_Art_Blades","","","0","0","0","","1","REGONLY","0","0","0","0","","","","SELECT","SELECT","0","","","","","0","0","","income-service","","","0","0","","","","","Knives_Cutting_Tools","Knives_Cutting_Tools","","","0","Sharps_Box, Sharpsguard","","A","","","","","","","","","","","","","","","","0","olfa, ak-1, art knife","","","1627393715","0","","0","","CHECKBOX"
"Olfa_Premium_Art_Knife","OLFA®  Premium Art Knife","AK-4","Olfa","155","11","DEFAULT","","","","","0","The OLFA® AK-4 premium art knife offers exact cutting precision and feels natural and comfortable in the hand just like a pen. This knifes weight is distributed throughout its body for a balanced feel and the cushioned rubber grip absorbs pressure, reducing fatique over prolonged use. Comes with 4 blades.","<html><head><title>Olfa AK-4 Premium Art Knife</title></head>
<body>
<p>The OLFA® AK-4 premium art knife offers exact cutting precision and feels natural and comfortable in the hand just like a pen.</p>
<p>This knifes weight is distributed throughout its body for a balanced feel and the cushioned rubber grip absorbs pressure, reducing fatique over prolonged use.</p>
<p>Changing the blade is simple - just spin the shaft to release it, fit the new blade and spin again to lock in the new one.</p>
<p>Comes with 2 precision art blades, a chisel art blade and a curved carving blade.</p>
</body></html>","Olfa_AK4.jpg","Olfa_AK4.jpg","INVITEMS","DEFAULT-Olfa_Premium_Art_Knife-DEFAULT-Olfa_Premium_Art_Knife","","","0","0","0","","1","REGONLY","0","0","0","0","","","","SELECT","SELECT","0","","","","","0","0","","income-service","","","0","0","","","","","Knives_Cutting_Tools","Knives_Cutting_Tools","","","0","Sharps_Box, Sharpsguard, Olfa_KB4_Art_Blades","","A","","","","","","","","","","","","","","","","0","olfa, ak-4, premium art knife","","","1627390065","0","","0","","CHECKBOX"
"Olfa_Pro_Knife","OLFA® SVR2 Precision Knife","SVR-2","Olfa","85","6","DEFAULT","","","","","0","OLFA® SVR-2 Stainless steel knife handle with auto-locking function.","<html>

<title><head>OLFA® SVR2 Precision Knife</title></head>

<body>

<p>OLFA® SVR2 Precision Knife. Stainless steel knife handle with auto-locking function.</p>
<p>Uses OLFA® AB10, AB10S and ABB50 blades.</p>

</body>

</html>","OLFA_SVR-2.jpg","OLFA_SVR-2.jpg","INVITEMS","DEFAULT-Olfa_Pro_Knife-DEFAULT-Olfa_Pro_Knife","","","0","0","0","","1","REGONLY","0","0","0","0","","","","SELECT","SELECT","0","","","","","0","0","","income-service","","","0","0","","","","","Knives_Cutting_Tools","Knives_Cutting_Tools, Stencil-Film-Accessories","","","0","Olfa_Pro_Knife_Blades, Olfa_Pro_Knife_Blades_50, Sharps_Box, Sharpsguard","","A","","","","","","","","","","","","","","","Olfa-SVR2- Precision-Knife","0","olfa, pro, knife, precision, svr-2","","","1500460023","0","","0","","CHECKBOX"
"Olfa_Pro_Knife_Blades","Snap-Off Blades for OLFA® SVR2 & XA1 Precision Knives","AB-10","Olfa","88","4","DEFAULT","","","","","0","Pack of 10 Snap Off blades for OLFA® SVR2 and XA1 Precision Knives.","<html>

<title><head>Snap-Off Blades for OLFA® SVR2 & XA1 Precision Knives</title></head>

<body>

<p>Pack of 10 Snap Off blades for OLFA® SVR2 and XA1 Precision Knives.</p>

</body>

</html>
","OLFA_AB-10.jpg","OLFA_AB-10.jpg","INVITEMS","DEFAULT-Olfa_Pro_Knife_Blades-DEFAULT-Olfa_Pro_Knife_Blades","","","0","0","0","","1","REGONLY","0","0","0","0","","","","SELECT","SELECT","0","","","","","0","0","","income-service","","","0","0","","","","","Knives_Cutting_Tools","Knives_Cutting_Tools","","","0","Olfa_Pro_Knife, Sharps_Box, Sharpsguard","","A","","","","","","","","","","","","","","","Olfa-Pro-Knife-Blades","0","olfa, blades, pro, ab-10, snap-off","","","1500460088","0","","0","","CHECKBOX"
"Olfa_Pro_Knife_Blades_50","Snap-Off Ultra Sharp Blades for OLFA® SVR2 & XA1 Precision Knives","ABB-50","Olfa","95","11","DEFAULT","","","","","0","Pack of 50 Black Ultra Sharp 9mm blades with 13 snap off segments for OLFA® SVR2 & XA1 Precision Knifes.","<html>

<title><head>Snap-Off Ultra Sharp Blades for OLFA® SVR2 & XA1 Precision Knives</title></head>

<body>

<p>Pack of 50 Black Ultra Sharp 9mm blades with 13 snap off segments for OLFA® SVR2 & XA1 Precision Knifes..</p>
<p>These blades are sharper than most other snap-off blades.</p>
<p>Great for use with self-adhesive materials.</p>

</body>

</html>","Olfa_ABB-50.jpg","Olfa_ABB-50.jpg","INVITEMS","DEFAULT-Olfa_Pro_Knife_Blades_50-DEFAULT-Olfa_Pro_Knife_Blades_50","","","0","0","0","","1","REGONLY","0","0","0","0","","","","SELECT","SELECT","0","","","","","0","0","","income-service","","","0","0","","","","","Knives_Cutting_Tools","Knives_Cutting_Tools","","","0","Sharps_Box, Olfa_Comfort_Grip_Knife, Olfa_Pro_Knife, Sharpsguard","Olfa_Comfort_Grip_Knife, Sharps_Box","A","","","","","","","","","","","","","","","Olfa-ABB50-Precision-Knife-Blades","0","olfa, blades, abb50, precision","","","1500460128","0","","0","","CHECKBOX"
"Olfa_Rotary_Knife","OLFA® RTY2DX Rotary Knife","RTY-2/DX","Olfa","110","15","DEFAULT","","","","","0","The OLFA® RTY2DX Rotary Knife from Olfa is pefect for cutting paper, textiles, canvas and leather. Ergonic comfort grip handle that retracts the blade for safety. Uses OLFA® RB-45 blades.","<html><head><title>Olfa RTY-2/DX Rotary Cutter</title></head>
<body>
<p>The OLFA® RTY2DX Rotary Knife is designed with comfort in mind.</p>
<p>Ergonomic comfort grip handle that absorbs pressure as you cut through the material.</p>
<p>Dual action safety lock button that allows you to retract and expose the blade by squeezing the lower part of the handle.</p>
<p>Pefect for cutting paper, textiles, canvas and leather.</p>
<p>Comes with one blade but replacement blades are available.</p>
</body></html>
","OLFA_RTY2DX.jpg","OLFA_RTY2DX.jpg","INVITEMS","DEFAULT-Olfa_Rotary_Knife-DEFAULT-Olfa_Rotary_Knife","","","0","0","0","","1","REGONLY","0","0","0","0","","","","SELECT","SELECT","0","","","","","0","0","","income-service","","","0","0","","","","","Knives_Cutting_Tools","Knives_Cutting_Tools","","","0","Olfa_Rotary_Knife_Blade","","A","","","","","","","","","","","","","","","Olfa-RTY2DX-Rotary-Cutter","0","olfa, rotary, knife, cutter, rty2dx","","","1500460176","0","","0","","CHECKBOX"
"Olfa_Rotary_Knife_Blade","Rotary Blades for OLFA® RTY2DX Rotary Knife","RB-45","Olfa","115","34","DEFAULT","","","","","0","Pack of 10 Rotary blades for OLFA® RTY2DX Rotary Knife.","<html>

<title><head>Rotary Blades for OLFA® RTY2DX Rotary Knife</title></head>

<body>

<p>Pack of 10 Rotary blades for OLFA® RTY2DX Rotary Knife.</p>

</body>

</html>","OLFA_RB45.jpg","OLFA_RB45.jpg","INVITEMS","DEFAULT-Olfa_Rotary_Knife_Blade-DEFAULT-Olfa_Rotary_Knife_Blade","","","0","0","0","","1","REGONLY","0","0","0","0","","","","SELECT","SELECT","0","","","","","0","0","","income-service","","","0","0","","","","","Knives_Cutting_Tools","Knives_Cutting_Tools","","","0","Olfa_Rotary_Knife","","A","","","","","","","","","","","","","","","","0","olfa,blades,","","","1500460318","0","","0","","CHECKBOX"
"Olfa_Top_Sheet_Cutter","OLFA®  Top Sheet Cutter","TS1","Olfa","250","7","DEFAULT","","","","","0","Precision blade depth adjustments means that the OLFA® TS1 allows you to cut the top sheet only without damaging the layer below.  Comes with  2 spare blades but you can also buy them in packs of 5.","<html><head><title>Olfa TS1 Tope Sheet Cutter</title></head>
<body>
<p>Precision blade depth adjustments means that the OLFA® TS1 allows you to cut the top sheet only without damaging the layer below.</p>
<p>Easily control the depth of cutting using the MIN - MAX slider to enable damage free cutting of self-adhesive vinyl and films as well as tape, paper and card.</p>
<p> Comes with  2 spare blades but you can also buy them in packs of 5.</p>
</body></html>","Olfa_TS1.jpg","Olfa_TS1.jpg","INVITEMS","DEFAULT-Olfa_Top_Sheet_Cutter-DEFAULT-Olfa_Top_Sheet_Cutter","","","0","0","0","","1","REGONLY","0","0","0","0","","","","SELECT","SELECT","0","","","","","0","0","","income-service","","","0","0","","","","","Knives_Cutting_Tools","Knives_Cutting_Tools, Stencil-Film-Accessories","","","0","Sharps_Box, Sharpsguard","","A","","","","","","","","","","","","","","","","0","olfa, ts-1, ts1, top sheet cutter","","","1628685861","0","","0","","CHECKBOX"
"Olfa_Top_Sheet_Cutter_Blades","OLFA®  Top Sheet Cutter Blades (Pack of 5)","TSB1","Olfa","260","2","DEFAULT","","","","","0","Pack of 5 replacement blades for the OLFA® Top Sheet Cutter.","<html><head><title>OLFA® TSB1 Top Sheet Cutter Blades</title></head>
<body>
<p>Pack of 5 replacement blades for the OLFA® Top Sheet Cutter.</p>
</body></html>","Olfa_TSB1.jpg","Olfa_TSB1.jpg","INVITEMS","DEFAULT-Olfa_Top_Sheet_Cutter_Blades-DEFAULT-Olfa_Top_Sheet_Cutter_Blades","","","0","0","0","","1","REGONLY","0","0","0","0","","","","SELECT","SELECT","0","","","","","0","0","","income-service","","","0","0","","","","","Knives_Cutting_Tools","Knives_Cutting_Tools","","","0","Sharps_Box, Sharpsguard","","A","","","","","","","","","","","","","","","","0","olfa, ts-1, ts1, top sheet cutter","","","1628686503","0","","0","","CHECKBOX"
"Olfa_X_Design_Heavy_Duty_Knife","OLFA®  X-Design L5AL Heavy Duty Knife","L5AL","Olfa","100","7","DEFAULT","","","","","0","The OLFA® X-Design L5AL heavy duty knife features an 18mm auto locking blade, an ABS handle and a built in metal pick for opening boxes and cans. Takes LB-10 and LFB5B blades.","<html>

<title><head>OLFA®  X-Design L5AL Heavy Duty Knife</title></head>

<body>

<p>The OLFA® X-Design L5AL heavy duty knife features an 18mm auto locking blade, an ABS handle and a built in metal pick for opening boxes and cans.</p>
<p>Takes LB-10 and LFB5B blades.</p>

</body>

</html>","Olfa_L5AL.jpg","Olfa_L5AL.jpg, Olfa_L5AL_Box.jpg, Olfa_L5AL_Paint.jpg","INVITEMS","DEFAULT-Olfa_X_Design_Heavy_Duty_Knife-DEFAULT-Olfa_X_Design_Heavy_Duty_Knife","","","0","0","0","","1","REGONLY","0","0","0","0","","","","SELECT","SELECT","0","","","","","0","0","","income-service","","","0","0","","","","","Knives_Cutting_Tools","Knives_Cutting_Tools, Stencil-Film-Accessories","","","0","Olfa_Heavy_Duty_Knife_Blades, Sharps_Box, Sharpsguard, Olfa-Heavy-Duty-Knife-Speedblades","","A","","","","","","","","","","","","","","","","0","olfa,heavy,duty,knife,","","","1695203724","0","","0","","CHECKBOX"
"Omega_Squeegee","Omega Squeegee","S.6","SOTT","70","1","DEFAULT","","","","","0","Extra wide 130mm durable squeegee made from a rubber / plastic composite with a medium - hard feel for good power squeegeeing!","<html>

<title><head>Omega Squeegee</title></head>

<body>

<p>Extra wide 130mm durable squeegee made from a rubber / plastic composite with a medium - hard feel for good power squeegeeing!</p>

</body>

</html>","Omega_Squeegee.jpg","Omega_Squeegee.jpg","INVITEMS","DEFAULT-Omega_Squeegee-DEFAULT-Omega_Squeegee","","","0","0","0","","1","REGONLY","0","0","0","0","","","","SELECT","SELECT","0","","","","","0","0","","income-service","","","0","0","","","","","Application_Tools","Application_Tools","","","0","","","A","","","","","","","","","","","","","","","Omega-Squeegee","0","omega, squeegee","","","1547726008","0","","0","","CHECKBOX"
"Orajet_3162","Orajet 3162 - 4 Year Removable Digital Vinyl","DJ100R","Orafol","20","52","DEFAULT","","","","","0","Orajet 3162 is a German made quality 4 year digital print vinyl with a removable adhesive. Perfect for creating short to medium term graphics, indoor graphics and signs as well as outdoor graphics and signage on flat or slightly curved surfaces. Available in three different finishes, all fire Rated to Euroclass DIN EN 13501-1:2019-05 with classification B-s2-d0

","<html> 

<head><title>Orajet 3162</title></head>
<body>
<img style=""height: 98px; width: 225px;"" alt=""Orafol logo""
src=""media/ecom/onpagegraphics/Orafol_Logo.png""><br>

<p>Orajet 3162 is a top quality monomeric grade gloss white 4 year digital print vinyl with a removable adhesive, available in Gloss White, Matt White and Clear Gloss.</p>


<span style=""font-weight: bold; color: #d7328a;"">Structure:</span><br>
<ul><li>100<span>&#181;</span>m monomeric soft PVC</li>
<li>Acrylic adhesive - Removable</li>
<li>Silicone coated paper liner - 135g/m<sup>2</sup>
</li></ul>

<span style=""font-weight: bold; color: #d7328a;"">Suitability:</span><br>
<ul><li>Perfect for creating short to medium term graphics on flat or slightly curved surfaces</li>
<li>Suitable for indoor and outdoor signage, exhibition and event graphics</li>
<li>Suitable for dry and wet application</li>
<li>Up to 4 years durability (unprinted)
</li></ul>

<span style=""font-weight: bold; color: #d7328a;"">Advantages:</span><br>
<ul><li>Soft face film means easy weeding</li>
<li>Excellent lay flat properties</li>
<li>Consistantly high quality from top name German manufacturer Orafol</li>
<li>Fire Rated to Euroclass DIN EN 13501-1:2019-05 with classification B-s2-d0</li><br>
<img style=""border: 0px solid ; width: 50px; height: 50px; alt=""reward points logo""
src=""media/ecom/onpagegraphics/Reward_Logo.png""><span style=""font-weight: bold; color: #ef7d00;"">Earn Reward Points every time you buy this product</span></ul>

<span style=""font-weight: bold; color: #d7328a;"">Ink Compatibility:</span><br>
<ul>
<img style=""margin: 0px 5px 0px 0px; width: 15px; height: 25px;"" alt=""Eco-Sol Ink""
src=""media/ecom/onpagegraphics/Ink-EcoSol.png"">Eco-solvent &nbsp;&nbsp;
<img style=""margin: 0px 5px 0px 0px; width: 15px; height: 25px;"" alt=""Latex""
src=""media/ecom/onpagegraphics/Ink-Latex.png"">Latex &nbsp;&nbsp;
<img style=""margin: 0px 5px 0px 0px; width: 15px; height: 25px;"" alt=""UV Ink""
src=""media/ecom/onpagegraphics/Ink-UV.png"">UV<br>
<img style=""width: 100px; height: 48px;"" alt=""HP Latex Certified""
src=""https://www.dorotape.co.uk/media/ecom/onpagegraphics/HP-Latex-Certified.jpg""></ul>


<span style=""font-weight: bold; color: #d7328a;"">Technical Information:</span><br>
<ul>
<a href=""media/ecom/pdfs/datasheets/ORAJET_3162.pdf"" target=""_blank""><img
style=""border: 0px solid ; width: 200px; height: 60px;"" alt=""pdf""
src=""media/ecom/onpagegraphics/Datasheet.png""></a>
<a href=""media/ecom/pdfs/firecertificates/ORAJET_3162_Fire_Certificate.pdf"" target=""_blank""><img
style=""border: 0px solid ; width: 200px; height: 60px;"" alt=""pdf""
src=""media/ecom/onpagegraphics/Fire.png""></a>
<a href=""https://www.dorotape.co.uk/ecom-catshow/printingprofiles.html""
target=""_blank""><img style=""width: 200px; height: 60px;"" alt=""ICC Profile""
src=""media/ecom/onpagegraphics/Profile.png""></a></ul>

<p style=""font-weight: bold; font-size: 1.0em;"">Prices shown are per 50 metre roll</p>
</body>

</html>



","Orajet_3162.jpg","Orajet_3162.jpg","INVITEMS","DEFAULT-Orajet_3162-DEFAULT-Orajet_3162","","","0","0","0","","1","REGONLY","0","0","0","0","","","","SELECT","SELECT","0","","","","","0","0","","income-service","","","0","0","","","","","Digital_Vinyl_Medium_Term","Digital_Vinyl_Medium_Term","","","0","CM100C1020, DFP_40, Aslan_Red_Devil_Squeegee, Olfa_X_Design_Heavy_Duty_Knife, Lint-Free-Gloves, Masking_Tape_25mm, Aslan-Gold-Soft-Squeegee, Olfa_Graphic_Cutter, Swann_Morton_3_Handle, Swann_Morton_10A_Blades, Aslan_Squeegee, Float_On","Aslan_Red_Devil_Squeegee, Olfa_X_Design_Heavy_Duty_Knife, Lint-Free-Gloves, Masking_Tape_25mm, Aslan-Gold-Soft-Squeegee, Olfa_Graphic_Cutter, Swann_Morton_3_Handle, Swann_Morton_10A_Blades, Aslan_Squeegee, Float_On","A","superuser","ADHESIVE_REMOVABLE","GRADE_MONOMERIC","SUITABILITY_INDOOR, SUITABILITY_WALL_DECORATION, SUITABILITY_FIRE, SUITABILITY_OUTDOOR_SHORT, SUITABILITY_FLAT","","","","","","","","","","","Orajet-3162","0","orajet 3162, oracal, orafol, 3162






xerox,d-jet 100,













































","","","1498208810","0","","0","","CHECKBOX"
"Orajet_3164","Orajet 3164 - 4 Year Digital Vinyl","DJ100","Orafol","10","52","DEFAULT","","","","","0","Orajet 3164 is a German made quality 4 year digital print vinyl, perfect for creating short to medium term graphics, indoor graphics and signs as well as outdoor graphics and signage on flat or slightly curved surfaces. Available in three different finishes, all fire Rated to Euroclass DIN EN 13501-1:2019-05 with classification B-s1-d0


","<html>

<head><title>Orajet 3164</title></head>
<body>
<img style=""height: 98px; width: 225px;"" alt=""Orafol logo""
src=""media/ecom/onpagegraphics/Orafol_Logo.png""><br>
<p>Orajet 3164 is a top quality monomeric 4 year digital print vinyl with a permanent adhesive, available in Gloss White, Matt White (both with grey adhesive) as well as Clear Gloss.</p>


<span style=""font-weight: bold; color: #d7328a;"">Structure:</span><br>
<ul><li>100<span>&#181;</span>m monomeric soft PVC</li>
<li>Acrylic adhesive - Permanent</li>
<li>Silicone coated paper liner - 135g/m<sup>2</sup>
</li></ul>

<span style=""font-weight: bold; color: #d7328a;"">Suitability:</span><br>
<ul><li>Perfect for creating short to medium term graphics on flat or slightly curved surfaces</li>
<li>Suitable for indoor and outdoor signage, exhibition and event graphics as well as for short term vehicle graphics</li>
<li>Suitable for dry and wet application</li>
<li>Up to 4 years durability (unprinted)
</li></ul>

<span style=""font-weight: bold; color: #d7328a;"">Advantages:</span><br>
<ul><li>Soft face film means easy weeding</li>
<li>Excellent lay flat properties</li>
<li>Consistantly high quality from top name German manufacturer Orafol</li>
<li>Fire Rated to Euroclass DIN EN 13501-1:2019-05 with classification B-s1-d0</li><br>
<img style=""border: 0px solid ; width: 50px; height: 50px; alt=""reward points logo""
src=""media/ecom/onpagegraphics/Reward_Logo.png""><span style=""font-weight: bold; color: #ef7d00;"">Earn Reward Points every time you buy this product</span></ul>

<span style=""font-weight: bold; color: #d7328a;"">Ink Compatibility:</span><br>
<ul>
<img style=""margin: 0px 5px 0px 0px; width: 15px; height: 25px;"" alt=""Eco-Sol Ink""
src=""media/ecom/onpagegraphics/Ink-EcoSol.png"">Eco-solvent &nbsp;&nbsp;
<img style=""margin: 0px 5px 0px 0px; width: 15px; height: 25px;"" alt=""Latex""
src=""media/ecom/onpagegraphics/Ink-Latex.png"">Latex &nbsp;&nbsp;
<img style=""margin: 0px 5px 0px 0px; width: 15px; height: 25px;"" alt=""UV Ink""
src=""media/ecom/onpagegraphics/Ink-UV.png"">UV<br>
<img style=""width: 100px; height: 48px;"" alt=""HP Latex Certified""
src=""https://www.dorotape.co.uk/media/ecom/onpagegraphics/HP-Latex-Certified.jpg""></ul>


<span style=""font-weight: bold; color: #d7328a;"">Technical Information:</span><br>
<ul>
<a href=""media/ecom/pdfs/datasheets/ORAJET_3164.pdf"" target=""_blank""><img
style=""border: 0px solid; width: 200px; height: 60px;"" alt=""Orajet 3164 Datasheet""
src=""media/ecom/onpagegraphics/Datasheet.png""></a>
<a href=""media/ecom/pdfs/firecertificates/ORAJET_3164_Fire_Certificate.pdf"" target=""_blank""><img
style=""border: 0px solid; width: 200px; height: 60px;"" alt=""Orajet 3164 Fire Certificate""
src=""media/ecom/onpagegraphics/Fire.png""></a>
<a href=""https://www.dorotape.co.uk/ecom-catshow/printingprofiles.html""
target=""_blank""><img style=""width: 200px; height: 60px;"" alt=""ICC Profile""
src=""media/ecom/onpagegraphics/Profile.png""></a></ul>

<p style=""font-weight: bold; font-size: 1.0em;"">Prices shown are per 50 metre roll</p>

</body>

</html>","Orajet_3164.jpg","Orajet_3164.jpg","INVITEMS","DEFAULT-Orajet_3164-DEFAULT-Orajet_3164","","","0","0","0","","1","REGONLY","0","0","0","0","","","","SELECT","SELECT","0","","","","","0","0","","income-service","","","0","0","","","","","Digital_Vinyl_Medium_Term","Digital_Vinyl_Medium_Term, HP-Latex-Compatible-Media","","","0","CM100C1020, DFP_40, Aslan_Red_Devil_Squeegee, Olfa_X_Design_Heavy_Duty_Knife, Lint-Free-Gloves, Masking_Tape_25mm, Aslan-Gold-Soft-Squeegee, Olfa_Graphic_Cutter, Swann_Morton_3_Handle, Swann_Morton_10A_Blades, Aslan_Squeegee, Float_On","Aslan_Red_Devil_Squeegee, Olfa_X_Design_Heavy_Duty_Knife, Lint-Free-Gloves, Masking_Tape_25mm, Aslan-Gold-Soft-Squeegee, Olfa_Graphic_Cutter, Swann_Morton_3_Handle, Swann_Morton_10A_Blades, Aslan_Squeegee, Float_On","A","superuser","ADHESIVE_PERMANENT","GRADE_MONOMERIC","SUITABILITY_FIRE, SUITABILITY_OUTDOOR_MEDIUM, SUITABILITY_FLAT, SUITABILITY_VEHICLE","","","","","","","","","","","Orajet-3164","0","orajet 3164, orafol, 3164






xerox,d-jet 100,













































","","","1498144355","0","","0","","CHECKBOX"
"Orajet_3268","Orajet 3268 Ultra Removable Matt Vinyl","3268","Orafol","50","27","DEFAULT","","","","","0","Orajet 3268 is a 150 micron matt vinyl with an ultra removable adhesive that is specifically designed for interior wall graphics, stickers, promotions and advertising. 


","<html>

<head><title>Orajet 3268 Ultra Removable Matt Vinyl</title></head>
<body>


<style>
.responsive {
  width: 50%;
  height: auto;
}
</style>

<img style=""height: 98px; width: 225px;"" alt=""Orafol logo"" src=""media/ecom/onpagegraphics/Orafol_Logo.png"" class=""responsive"">

<p>Orajet 3268 is a 150 micron matt vinyl with an ultra removable adhesive that is specifically designed for interior wall graphics, stickers, promotions and advertising.</p>

<span style=""font-weight: bold; color: #d7328a;"">Structure:</span><br>
<ul><li>150<span>&#181;</span>m Extra soft PVC film</li>
<li>Water based acrylic adhesive - Removable</li>
<li>One sided silicone paper liner - 135g/m<sup>2</sup>
</li></ul>

<span style=""font-weight: bold; color: #d7328a;"">Suitability:</span><br>
<ul><li>Ideal for interior wall graphics, stickers, promotions and advertising</li>
<li>Perfect for use on any smooth painted or varnished surface</li>
<li>Indoor durability of 2 years</li>
<li>Suitable for glass and acrylic applications
</li></ul>

<span style=""font-weight: bold; color: #d7328a;"">Advantages:</span><br>
<ul><li>Removable adhesive for residue-free removal from most surfaces</li>
<li>150<span>&#181;</span> so easy to apply</li>
<li>Similar to Mactac WW200</li>
<li>Fire Rated to Euroclass DIN EN 13501-1:2010 with classification C-s2-d0
</li></ul>

<span style=""font-weight: bold; color: #d7328a;"">Ink Compatibility:</span>
<ul>
<img style=""margin: 0px 5px 0px 0px; width: 15px; height: 25px;"" alt=""Eco-Sol Ink""
src=""media/ecom/onpagegraphics/Ink-EcoSol.png"">Eco-solvent &nbsp;&nbsp;
<img style=""margin: 0px 5px 0px 0px; width: 15px; height: 25px;"" alt=""Latex""
src=""media/ecom/onpagegraphics/Ink-Latex.png"">Latex &nbsp;&nbsp;
<img style=""margin: 0px 5px 0px 0px; width: 15px; height: 25px;"" alt=""UV Ink""
src=""media/ecom/onpagegraphics/Ink-UV.png"">UV</ul>

<span style=""font-weight: bold; color: #d7328a;"">Technical Information:</span>
<ul><a href=""media/ecom/pdfs/datasheets/orajet-3268-eu-en.pdf"" target=""_blank""><img
style=""border: 0px solid ; width: 200px; height: 60px;"" alt=""Orajet 3268 data sheet""
src=""media/ecom/onpagegraphics/Datasheet.png""></a>
<a href=""media/ecom/pdfs/firecertificates/3268M-010 C-s2_d0 Mineralischer_Untergrund Klassifizierung nach DIN EN 13501-1 - en.pdf"" target=""_blank""><img
style=""border: 0px solid ; width: 200px; height: 60px;"" alt=""orajet 3268 fire certificate""
src=""media/ecom/onpagegraphics/Fire.png""></a>
<a href=""media/ecom/pdfs/applicationguidelines/ORAFOL_DIGITAL_PRINTING_GUIDE.pdf"" target=""_blank""><img
style=""border: 0px solid ; width: 200px; height: 60px;"" alt=""orafol digital printing guide""
src=""media/ecom/onpagegraphics/Hand.png""></a>
<a href=""https://www.dorotape.co.uk/Print-Profiles-User-Guide""
target=""_blank""><img style=""width: 200px; height: 60px;"" alt=""printing profile guide""
src=""media/ecom/onpagegraphics/Profile.png""></a></ul>

<p style=""font-weight: bold; font-size: 1.0em;"">Prices shown are per roll at 1370mm wide</p>

</body>

</html>","Orajet-3268.jpg","Orajet-3268.jpg","INVITEMS","DEFAULT-Orajet_3268-DEFAULT-Orajet_3268","","","0","0","0","","1","REGONLY","0","0","0","0","","","","SELECT","SELECT","0","","","","","0","0","","income-service","","","0","0","","","","","Digital_Vinyl_Short_Term","Digital_Vinyl_Short_Term, Low_Tack_Digital_Print_Vinyl, Digital-Print-Wall-Graphic-Films","","","0","CM100C1020, DFP_40, Aslan_Red_Devil_Squeegee, Olfa_X_Design_Heavy_Duty_Knife, Lint-Free-Gloves, Masking_Tape_25mm, Aslan-Gold-Soft-Squeegee, Olfa_Graphic_Cutter, Swann_Morton_3_Handle, Swann_Morton_10A_Blades, Aslan_Squeegee,","Aslan_Red_Devil_Squeegee, Olfa_X_Design_Heavy_Duty_Knife, Lint-Free-Gloves, Masking_Tape_25mm, Aslan-Gold-Soft-Squeegee, Olfa_Graphic_Cutter, Swann_Morton_3_Handle, Swann_Morton_10A_Blades, Aslan_Squeegee,","A","superuser","ADHESIVE_REPOSITIONABLE","GRADE_MONOMERIC","SUITABILITY_INDOOR, SUITABILITY_WALL_DECORATION","","","","","","","","","","","Orajet-3268","0","orajet, orafol, oracal, 3268, removable, white matt vinyl, removable vinyl, wall stickers, white wall stickers, oracal wall vinyl, gf226, gf 226, wallmark, wall mark







xerox,d-jet 100,

























","","","1489748703","0","","0","","CHECKBOX"
"P800","F-Sign Platinum 800 White","P800","Ritrama","610","5","DEFAULT","","","","","0","F-Sign Platinum 800 White polymeric self-adhesive vinyl designed for long term vehicle graphics and exterior signage with an outdoor durability of 10 years.","<html>
<head><title>Platinum 800 White Gloss</title>

<style>
.responsive {
  width: 50%;
  height: auto;
}
</style>
</head>

<body>
<img src=""media/ecom/onpagegraphics/Fedrigoni_Logo.jpg"" alt=""Fedrigoni Logo"" class=""responsive"">
<p>F-Sign Platinum 800 White polymeric self-adhesive vinyl is designed for long term vehicle graphics and exterior signage.</p>

<span style=""font-weight: bold; color: #d7328a;"">Structure:</span><br>
<ul><li>65<span>&#181;</span>m Polymeric calendered PVC</li>
<li>Transparent solvent based adhesive - Permanent</li>
<li>Clay coated kraft paper liner - 120gm<sup>2</sup> or Micro embossed PE coated kraft paper liner - 140gm<sup>2</sup>
</li></ul>

<span style=""font-weight: bold; color: #d7328a;"">Suitability:</span><br>
<ul><li>Excellent conformability to 3D curved surfaces (for extremely curved surfaces or corrugations this vinyl should be cut and applied with an overlap)</li>
<li>This high performance vinyl is designed for branding on vehicles, window graphics and all exterior or interior signage and displays</li>
<li>The high gloss face film has a high level of opacity and is engineered to enhance corporate branding projects</li>
<li>Outdoor durability of up to 10 years</li></ul>

<span style=""font-weight: bold; color: #d7328a;"">Advantages:</span><br>
<ul><li>Very cohesive solvent based adhesive provides excellent dimensional stability and water resistance for long term durability</li>
<li>This film is available with both the standard kraft liner that allows for wet or dry application as well as the Airflow liner for dry, easy to apply and bubble free application</li>
<li>Colour referencing for colour system swatches and competitor matching - see below</li>
<li>Fire Rated to Euroclass DIN EN 13501-1:2019-05 with classification B-s1-d0</li>
<li>REACH & RoHS compliant</li></ul>

<span style=""font-weight: bold; color: #d7328a;"">Technical Information:</span><br>
<ul>
<a href=""media/ecom/pdfs/datasheets/TDS_Ri_MarkPlatinum_uk_issue1_4983.pdf"" target=""_blank""><img
style=""border: 0px solid ; width: 200px; height: 60px;"" alt=""Ri-Mark Platinum Datasheet""
src=""media/ecom/onpagegraphics/Datasheet.png""></a>
<a href=""media/ecom/pdfs/firecertificates/EN 13501-1_Ri-Mark Platinum series_class B-s1 d0.pdf"" target=""_blank""><img
style=""border: 0px solid ; width: 200px; height: 60px;"" alt=""Ri-Mark Platinum Fire Certificate""
src=""media/ecom/onpagegraphics/Fire.png""></a>
<a href=""media/ecom/colselxl/digital_colour_card_Ri_Mark_Platinum.pdf"" target=""_blank""><img
style=""border: 0px solid ; width: 200px; height: 60px;"" alt=""Ri-Mark Platinum Colour Selector""
src=""media/ecom/onpagegraphics/Colour.png""></a></ul>
</body>
</html>","Platinum_800_White.png","Platinum_800_White.png","INVITEMS","DEFAULT-P800-DEFAULT-P800","","","0","0","0","","1","REGONLY","0","0","0","0","","","","SELECT","SELECT","0","","","","","0","0","","income-service","","","0","0","","","","","Ritrama-Platinum-Range","Ritrama-Platinum-Range","","","0","900EMT1220, 4075CT1220, 903C1220, Aslan_Red_Devil_Squeegee, Olfa_X_Design_Heavy_Duty_Knife, Masking_Tape_25mm, Aslan-Gold-Soft-Squeegee, Olfa_Graphic_Cutter, Swann_Morton_3_Handle, Swann_Morton_10A_Blades, Float_On","900EMT1220, 4075CT1220, 903C1220, Aslan_Red_Devil_Squeegee, Olfa_X_Design_Heavy_Duty_Knife, Masking_Tape_25mm, Aslan-Gold-Soft-Squeegee, Olfa_Graphic_Cutter, Swann_Morton_3_Handle, Swann_Morton_10A_Blades, Float_On","A","","ADHESIVE_STANDARD_LINER, ADHESIVE_AIRFLOW","","","White","Gloss","Colour References","<style>

table {

margin: 0 auto 0 auto;
}

table, th, td {
  
  border-collapse: collapse;
padding: 5px;
}
th, td {
  padding: 5px;
  text-align: center; 
  width: 160px;
  height: 30px;
  background-color:#009ee3;
  color: white;
  border-left: 5px solid white;
  border-right: 5px solid white;
}

th {
  border-top-color: white;
  font-size: 14px;
}

td {

padding-bottom: 1em;
border-bottom: 5px solid white;
font-size: 14px;
  
</style>



<table id=""data"">
  <tbody><tr>
    <th>Pantone</th>
<th>RAL</th>
<th>Avery 700</th>
<th>Mactac 9800 Pro</th>
<th>Oracal 551</th>
<th>Metamark M7</th>
  </tr>
  <tr>
    <td>-</td>
<td>&#177; 9003</td>
<td>= 700</td>
<td>= 9829-00</td>
<td>= 10</td>
<td>M7-100</td>
  </tr>

  </tbody></table>","","","","","","","F-Sign-Platinum-P800-White","0","vinyl, polymeric, platinum, ritrama, fedrigoni, p800, airflow, ral 9003, avery 700, mactac 9829-00, oracal 551 10, metamark m7-100, F-Sign, f sign, f, sign, ","","","1686329213","0","","0","","CHECKBOX"
"P801","F-Sign Platinum 801 Black","P801","Ritrama","510","5","DEFAULT","","","","","0","F-Sign Platinum 801 Black polymeric self-adhesive vinyl designed for long term vehicle graphics and exterior signage with an outdoor durability of 8 years.","<html>
<head><title>Platinum 801 Black Gloss</title>

<style>
.responsive {
  width: 50%;
  height: auto;
}
</style>
</head>

<body>
<img src=""media/ecom/onpagegraphics/Fedrigoni_Logo.jpg"" alt=""Fedrigoni Logo"" class=""responsive"">
<p>F-Sign Platinum 801 Black polymeric self-adhesive vinyl is designed for long term vehicle graphics and exterior signage.</p>

<span style=""font-weight: bold; color: #d7328a;"">Structure:</span><br>
<ul><li>65<span>&#181;</span>m Polymeric calendered PVC</li>
<li>Transparent solvent based adhesive - Permanent</li>
<li>Clay coated kraft paper liner - 120gm<sup>2</sup> or Micro embossed PE coated kraft paper liner - 140gm<sup>2</sup>
</li></ul>

<span style=""font-weight: bold; color: #d7328a;"">Suitability:</span><br>
<ul><li>Excellent conformability to 3D curved surfaces (for extremely curved surfaces or corrugations this vinyl should be cut and applied with an overlap)</li>
<li>This high performance vinyl is designed for branding on vehicles, window graphics and all exterior or interior signage and displays</li>
<li>The high gloss face film has a high level of opacity and is engineered to enhance corporate branding projects</li>
<li>Outdoor durability of up to 8 years</li></ul>

<span style=""font-weight: bold; color: #d7328a;"">Advantages:</span><br>
<ul><li>Very cohesive solvent based adhesive provides excellent dimensional stability and water resistance for long term durability</li>
<li>This film is available with both the standard kraft liner that allows for wet or dry application as well as the Airflow liner for dry, easy to apply and bubble free application</li>
<li>Colour referencing for colour system swatches and competitor matching - see below</li>
<li>Fire Rated to Euroclass DIN EN 13501-1:2019-05 with classification B-s1-d0</li>
<li>REACH & RoHS compliant</li></ul>

<span style=""font-weight: bold; color: #d7328a;"">Technical Information:</span><br>
<ul>
<a href=""media/ecom/pdfs/datasheets/TDS_Ri_MarkPlatinum_uk_issue1_4983.pdf"" target=""_blank""><img
style=""border: 0px solid ; width: 200px; height: 60px;"" alt=""Ri-Mark Platinum Datasheet""
src=""media/ecom/onpagegraphics/Datasheet.png""></a>
<a href=""media/ecom/pdfs/firecertificates/EN 13501-1_Ri-Mark Platinum series_class B-s1 d0.pdf"" target=""_blank""><img
style=""border: 0px solid ; width: 200px; height: 60px;"" alt=""Ri-Mark Platinum Fire Certificate""
src=""media/ecom/onpagegraphics/Fire.png""></a>
<a href=""media/ecom/colselxl/digital_colour_card_Ri_Mark_Platinum.pdf"" target=""_blank""><img
style=""border: 0px solid ; width: 200px; height: 60px;"" alt=""Ri-Mark Platinum Colour Selector""
src=""media/ecom/onpagegraphics/Colour.png""></a></ul>
</body>
</html>","Platinum_801_Black.png","Platinum_801_Black.png","INVITEMS","DEFAULT-P801-DEFAULT-P801","","","0","0","0","","1","REGONLY","0","0","0","0","","","","SELECT","SELECT","0","","","","","0","0","","income-service","","","0","0","","","","","Ritrama-Platinum-Range","Ritrama-Platinum-Range","","","0","900EMT1220, 4075CT1220, 903C1220, Aslan_Red_Devil_Squeegee, Olfa_X_Design_Heavy_Duty_Knife, Masking_Tape_25mm, Aslan-Gold-Soft-Squeegee, Olfa_Graphic_Cutter, Swann_Morton_3_Handle, Swann_Morton_10A_Blades, Float_On","900EMT1220, 4075CT1220, 903C1220, Aslan_Red_Devil_Squeegee, Olfa_X_Design_Heavy_Duty_Knife, Masking_Tape_25mm, Aslan-Gold-Soft-Squeegee, Olfa_Graphic_Cutter, Swann_Morton_3_Handle, Swann_Morton_10A_Blades, Float_On","A","","ADHESIVE_STANDARD_LINER, ADHESIVE_AIRFLOW","","","Black","Gloss","Colour References","<style>

table {

margin: 0 auto 0 auto;
}

table, th, td {
  
  border-collapse: collapse;
padding: 5px;
}
th, td {
  padding: 5px;
  text-align: center; 
  width: 160px;
  height: 30px;
  background-color:#009ee3;
  color: white;
  border-left: 5px solid white;
  border-right: 5px solid white;
}

th {
  border-top-color: white;
  font-size: 14px;
}

td {

padding-bottom: 1em;
border-bottom: 5px solid white;
font-size: 14px;
  
</style>



<table id=""data"">
  <tbody><tr>
    <th>Pantone</th>
<th>RAL</th>
<th>Avery 700</th>
<th>Mactac 9800 Pro</th>
<th>Oracal 551</th>
<th>Metamark M7</th>
  </tr>
  <tr>
    <td>&#177; Black C</td>
<td>&#177; 9005</td>
<td>= 701</td>
<td>= 9889-00</td>
<td>= 701</td>
<td>M7-110</td>
  </tr>

  </tbody></table>","","","","","","","F-Sign-Platinum-P801-Black","0","vinyl, polymeric, platinum, ritrama, fedrigoni, pantone black c, ral 9005, avery 701, mactac 9889-00, oracal 551 701, metamark m7-110, F-Sign, f sign, f, sign,","","","1686327458","0","","0","","CHECKBOX"
"P802","F-Sign Platinum 802 White Matt","P802","Ritrama","690","6","DEFAULT","","","","","0","F-Sign Platinum 802 White Matt polymeric self-adhesive vinyl designed for long term vehicle graphics and exterior signage with an outdoor durability of 10 years.","<html>
<head><title>Platinum 802 White Matt AIRFLOW </title>

<style>
.responsive {
  width: 50%;
  height: auto;
}
</style>
</head>

<body>
<img src=""media/ecom/onpagegraphics/Fedrigoni_Logo.jpg"" alt=""Fedrigoni Logo"" class=""responsive"">
<p>F-Sign Platinum 802 Matt White polymeric self-adhesive vinyl is designed for long term vehicle graphics and exterior signage.</p>

<span style=""font-weight: bold; color: #d7328a;"">Structure:</span><br>
<ul><li>65<span>&#181;</span>m Polymeric calendered PVC</li>
<li>Transparent solvent based adhesive - Permanent</li>
<li>Clay coated kraft paper liner - 120gm<sup>2</sup> or Micro embossed PE coated kraft paper liner - 140gm<sup>2</sup>
</li></ul>

<span style=""font-weight: bold; color: #d7328a;"">Suitability:</span><br>
<ul><li>Excellent conformability to 3D curved surfaces (for extremely curved surfaces or corrugations this vinyl should be cut and applied with an overlap)</li>
<li>This high performance vinyl is designed for branding on vehicles, window graphics and all exterior or interior signage and displays</li>
<li>The true matt face film has a high level of opacity and is engineered to enhance corporate branding projects</li>
<li>Outdoor durability of up to 10 years</li></ul>

<span style=""font-weight: bold; color: #d7328a;"">Advantages:</span><br>
<ul><li>Very cohesive solvent based adhesive provides excellent dimensional stability and water resistance for long term durability</li>
<li>This film is available with both the standard kraft liner that allows for wet or dry application as well as the Airflow liner for dry, easy to apply and bubble free application</li>
<li>Colour referencing for colour system swatches and competitor matching - see below</li>
<li>Fire Rated to Euroclass DIN EN 13501-1:2019-05 with classification B-s1-d0</li>
<li>REACH & RoHS compliant</li></ul>

<span style=""font-weight: bold; color: #d7328a;"">Technical Information:</span><br>
<ul>
<a href=""media/ecom/pdfs/datasheets/TDS_Ri_MarkPlatinum_uk_issue1_4983.pdf"" target=""_blank""><img
style=""border: 0px solid ; width: 200px; height: 60px;"" alt=""Ri-Mark Platinum Datasheet""
src=""media/ecom/onpagegraphics/Datasheet.png""></a>
<a href=""media/ecom/pdfs/firecertificates/EN 13501-1_Ri-Mark Platinum series_class B-s1 d0.pdf"" target=""_blank""><img
style=""border: 0px solid ; width: 200px; height: 60px;"" alt=""Ri-Mark Platinum Fire Certificate""
src=""media/ecom/onpagegraphics/Fire.png""></a>
<a href=""media/ecom/colselxl/digital_colour_card_Ri_Mark_Platinum.pdf"" target=""_blank""><img
style=""border: 0px solid ; width: 200px; height: 60px;"" alt=""Ri-Mark Platinum Colour Selector""
src=""media/ecom/onpagegraphics/Colour.png""></a></ul>
</body>
</html>","Platinum_802_White_Matt.png","Platinum_802_White_Matt.png","INVITEMS","DEFAULT-P802-DEFAULT-P802","","","0","0","0","","1","REGONLY","0","0","0","0","","","","SELECT","SELECT","0","","","","","0","0","","income-service","","","0","0","","","","","Ritrama-Platinum-Range","Ritrama-Platinum-Range","","","0","900EMT1220, 4075CT1220, 903C1220, Aslan_Red_Devil_Squeegee, Olfa_X_Design_Heavy_Duty_Knife, Masking_Tape_25mm, Aslan-Gold-Soft-Squeegee, Olfa_Graphic_Cutter, Swann_Morton_3_Handle, Swann_Morton_10A_Blades, Float_On","900EMT1220, 4075CT1220, 903C1220, Aslan_Red_Devil_Squeegee, Olfa_X_Design_Heavy_Duty_Knife, Masking_Tape_25mm, Aslan-Gold-Soft-Squeegee, Olfa_Graphic_Cutter, Swann_Morton_3_Handle, Swann_Morton_10A_Blades, Float_On","A","","ADHESIVE_AIRFLOW, ADHESIVE_STANDARD_LINER","","","White","Matt","Colour References","<style>

table {

margin: 0 auto 0 auto;
}

table, th, td {
  
  border-collapse: collapse;
padding: 5px;
}
th, td {
  padding: 5px;
  text-align: center; 
  width: 160px;
  height: 30px;
  background-color:#009ee3;
  color: white;
  border-left: 5px solid white;
  border-right: 5px solid white;
}

th {
  border-top-color: white;
  font-size: 14px;
}

td {

padding-bottom: 1em;
border-bottom: 5px solid white;
font-size: 14px;
  
</style>



<table id=""data"">
  <tbody><tr>
    <th>Pantone</th>
<th>RAL</th>
<th>Avery 700</th>
<th>Mactac 9800 Pro</th>
<th>Oracal 551</th>
<th>Metamark M7</th>
  </tr>
  <tr>
    <td>-</td>
<td>-</td>
<td>= 730</td>
<td>= 9828-00</td>
<td>&#177;  102</td>
<td>M7-101M</td>
  </tr>

  </tbody></table>","","","","","","","F-Sign-Platinum-802-White","0","vinyl, polymeric, platinum, ritrama, fedrigoni, p802, airflow, avery 730, mactac 9828-00, oracal 551 102, metamark m7-101m, F-Sign, f sign, f, sign","","","1686331456","0","","0","","CHECKBOX"
"P803","F-Sign Platinum 803 Black Matt","P803","Ritrama","650","6","DEFAULT","","","","","0","F-Sign Platinum 803 Black Matt polymeric self-adhesive vinyl designed for long term vehicle graphics and exterior signage with an outdoor durability of 8 years.","<html>
<head><title>Platinum 803 Black Matt AIRFLOW </title>

<style>
.responsive {
  width: 50%;
  height: auto;
}
</style>
</head>

<body>
<img src=""media/ecom/onpagegraphics/Fedrigoni_Logo.jpg"" alt=""Fedrigoni Logo"" class=""responsive"">
<p>F-Sign Platinum 803 Matt Black polymeric self-adhesive vinyl is designed for long term vehicle graphics and exterior signage.</p>

<span style=""font-weight: bold; color: #d7328a;"">Structure:</span><br>
<ul><li>65<span>&#181;</span>m Polymeric calendered PVC
<li>Transparent solvent based adhesive - Permanent
<li>Clay coated kraft paper liner - 120gm<sup>2</sup> or Micro embossed PE coated kraft paper liner - 140gm<sup>2</sup>
</li></ul>

<span style=""font-weight: bold; color: #d7328a;"">Suitability:</span><br>
<ul><li>Excellent conformability to 3D curved surfaces (for extremely curved surfaces or corrugations this vinyl should be cut and applied with an overlap)
<li>This high performance vinyl is designed for branding on vehicles, window graphics and all exterior or interior signage and displays
<li>The true matt face film has a high level of opacity and is engineered to enhance corporate branding projects
<li>Outdoor durability of up to 8 years</li></ul>

<span style=""font-weight: bold; color: #d7328a;"">Advantages:</span><br>
<ul><li>Very cohesive solvent based adhesive provides excellent dimensional stability and water resisitance for long term durability
<li>This film is available with both the standard kraft liner that allows for wet or dry application as well as the Airflow liner for dry, easy to apply and bubble free application
<li>Colour referencing for colour system swatches and competitor matching - see below
<li>Fire Rated to Euroclass DIN EN 13501-1:2019-05 with classification B-s1-d0
<li>REACH & RoHS compliant</li></ul>

<span style=""font-weight: bold; color: #d7328a;"">Technical Information:</span><br>
<ul>
<a href=""media/ecom/pdfs/datasheets/TDS_Ri_MarkPlatinum_uk_issue1_4983.pdf"" target=""_blank""><img
style=""border: 0px solid ; width: 200px; height: 60px;"" alt=""Ri-Mark Platinum Datasheet""
src=""media/ecom/onpagegraphics/Datasheet.png""></a>
<a href=""media/ecom/pdfs/firecertificates/EN 13501-1_Ri-Mark Platinum series_class B-s1 d0.pdf"" target=""_blank""><img
style=""border: 0px solid ; width: 200px; height: 60px;"" alt=""Ri-Mark Platinum Fire Certificate""
src=""media/ecom/onpagegraphics/Fire.png""></a>
<a href=""media/ecom/colselxl/digital_colour_card_Ri_Mark_Platinum.pdf"" target=""_blank""><img
style=""border: 0px solid ; width: 200px; height: 60px;"" alt=""Ri-Mark Platinum Colour Selector""
src=""media/ecom/onpagegraphics/Colour.png""></a></ul>
</body>
</html>","Platinum_803_Black_Matt.png","Platinum_803_Black_Matt.png","INVITEMS","DEFAULT-P803-DEFAULT-P803","","","0","0","0","","1","REGONLY","0","0","0","0","","","","SELECT","SELECT","0","","","","","0","0","","income-service","","","0","0","","","","","Ritrama-Platinum-Range","Ritrama-Platinum-Range","","","0","900EMT1220, 4075CT1220, 903C1220, Aslan_Red_Devil_Squeegee, Olfa_X_Design_Heavy_Duty_Knife, Masking_Tape_25mm, Aslan-Gold-Soft-Squeegee, Olfa_Graphic_Cutter, Swann_Morton_3_Handle, Swann_Morton_10A_Blades, Float_On","900EMT1220, 4075CT1220, 903C1220, Aslan_Red_Devil_Squeegee, Olfa_X_Design_Heavy_Duty_Knife, Masking_Tape_25mm, Aslan-Gold-Soft-Squeegee, Olfa_Graphic_Cutter, Swann_Morton_3_Handle, Swann_Morton_10A_Blades, Float_On","A","","ADHESIVE_AIRFLOW, ADHESIVE_STANDARD_LINER","","","Black","Matt","Colour References","<style>

table {

margin: 0 auto 0 auto;
}

table, th, td {
  
  border-collapse: collapse;
padding: 5px;
}
th, td {
  padding: 5px;
  text-align: center; 
  width: 160px;
  height: 30px;
  background-color:#009ee3;
  color: white;
  border-left: 5px solid white;
  border-right: 5px solid white;
}

th {
  border-top-color: white;
  font-size: 14px;
}

td {

padding-bottom: 1em;
border-bottom: 5px solid white;
font-size: 14px;
  
</style>



<table id=""data"">
  <tbody><tr>
    <th>Pantone</th>
<th>RAL</th>
<th>Avery 700</th>
<th>Mactac 9800 Pro</th>
<th>Oracal 551</th>
<th>Metamark M7</th>
  </tr>
  <tr>
    <td>&#177; Black 3 U</td>
<td>-</td>
<td>= 721</td>
<td>= 9888-00</td>
<td>= 702</td>
<td>M7-136</td>
  </tr>

  </tbody></table>","","","","","","","F-Sign-Platinum-P803-Black","0","vinyl, polymeric, platinum, ritrama, fedrigoni, p803, airflow, pantone black 3 u, avery 721, mactac 9888-00, oracal 551 702, metamark m7111m, fsign, f sign, f-sign, ","","","1686330485","0","","0","","CHECKBOX"
"P804","F-Sign Platinum 804 Pastel Yellow","P804","Ritrama","10","5","DEFAULT","","","","","0","F-Sign Platinum 804 Pastel Yellow polymeric self-adhesive vinyl designed for long term vehicle graphics and exterior signage with an outdoor durability of 8 years.","<html>
<head><title>Platinum 804 Pastel Yellow Gloss</title>

<style>
.responsive {
  width: 50%;
  height: auto;
}
</style>
</head>

<body>
<img src=""media/ecom/onpagegraphics/Fedrigoni_Logo.jpg"" alt=""Fedrigoni Logo"" class=""responsive"">
<p>F-Sign Platinum 804 Pastel Yellow polymeric self-adhesive vinyl is designed for long term vehicle graphics and exterior signage.</p>

<span style=""font-weight: bold; color: #d7328a;"">Structure:</span><br>
<ul><li>65<span>&#181;</span>m Polymeric calendered PVC</li>
<li>Transparent solvent based adhesive - Permanent</li>
<li>Clay coated kraft paper liner - 120gm<sup>2</sup> 
</li></ul>

<span style=""font-weight: bold; color: #d7328a;"">Suitability:</span><br>
<ul><li>Excellent conformability to 3D curved surfaces (for extremely curved surfaces or corrugations this vinyl should be cut and applied with an overlap)</li>
<li>This high performance vinyl is designed for branding on vehicles, window graphics and all exterior or interior signage and displays</li>
<li>The high gloss face film has a high level of opacity and is engineered to enhance corporate branding projects</li>
<li>Outdoor durability of up to 8 years</li></ul>

<span style=""font-weight: bold; color: #d7328a;"">Advantages:</span><br>
<ul><li>Very cohesive solvent based adhesive provides excellent dimensional stability and water resistance for long term durability</li>
<li>This film is available with a standard kraft liner that allows for wet or dry application</li>
<li>Colour referencing for colour system swatches and competitor matching - see below</li>
<li>Fire Rated to Euroclass DIN EN 13501-1:2019-05 with classification B-s1-d0</li>
<li>REACH & RoHS compliant</li></ul>

<span style=""font-weight: bold; color: #d7328a;"">Technical Information:</span><br>
<ul>
<a href=""media/ecom/pdfs/datasheets/TDS_Ri_MarkPlatinum_uk_issue1_4983.pdf"" target=""_blank""><img
style=""border: 0px solid ; width: 200px; height: 60px;"" alt=""F-Sign Platinum Datasheet""
src=""media/ecom/onpagegraphics/Datasheet.png""></a>
<a href=""media/ecom/pdfs/firecertificates/EN 13501-1_Ri-Mark Platinum series_class B-s1 d0.pdf"" target=""_blank""><img
style=""border: 0px solid ; width: 200px; height: 60px;"" alt=""F-Sign Platinum Fire Certificate""
src=""media/ecom/onpagegraphics/Fire.png""></a>
<a href=""media/ecom/colselxl/digital_colour_card_Ri_Mark_Platinum.pdf"" target=""_blank""><img
style=""border: 0px solid ; width: 200px; height: 60px;"" alt=""F-Sign Platinum Colour Selector""
src=""media/ecom/onpagegraphics/Colour.png""></a></ul>
</body>
</html>","Platinum_804_Pastel_Yellow.png","Platinum_804_Pastel_Yellow.png","INVITEMS","DEFAULT-P804-DEFAULT-P804","","","0","0","0","","1","REGONLY","0","0","0","0","","","","SELECT","SELECT","0","","","","","0","0","","income-service","","","0","0","","","","","Ritrama-Platinum-Range","Ritrama-Platinum-Range","","","0","900EMT1220, 4075CT1220, 903C1220, Aslan_Red_Devil_Squeegee, Olfa_X_Design_Heavy_Duty_Knife, Masking_Tape_25mm, Aslan-Gold-Soft-Squeegee, Olfa_Graphic_Cutter, Swann_Morton_3_Handle, Swann_Morton_10A_Blades, Float_On","900EMT1220, 4075CT1220, 903C1220, Aslan_Red_Devil_Squeegee, Olfa_X_Design_Heavy_Duty_Knife, Masking_Tape_25mm, Aslan-Gold-Soft-Squeegee, Olfa_Graphic_Cutter, Swann_Morton_3_Handle, Swann_Morton_10A_Blades, Float_On","A","","ADHESIVE_STANDARD_LINER","","","Yellows, Colours","Gloss","Colour References","<style>

table {

margin: 0 auto 0 auto;
}

table, th, td {
  
  border-collapse: collapse;
padding: 5px;
}
th, td {
  padding: 5px;
  text-align: center; 
  width: 160px;
  height: 30px;
  background-color:#009ee3;
  color: white;
  border-left: 5px solid white;
  border-right: 5px solid white;
}

th {
  border-top-color: white;
  font-size: 14px;
}

td {

padding-bottom: 1em;
border-bottom: 5px solid white;
font-size: 14px;
  
</style>



<table id=""data"">
  <tbody><tr>
    <th>Pantone</th>
<th>RAL</th>
<th>Avery 700</th>
<th>Mactac 9800 Pro</th>
<th>Oracal 551</th>
<th>Metamark M7</th>
  </tr>
  <tr>
    <td>&#177; 131 C</td>
<td>&#177; 1016</td>
<td> - </td>
<td>= 9809-21</td>
<td> - </td>
<td> - </td>
  </tr>

  </tbody></table>","","","","","","","F-Sign-Platinum-804-Pastel-Yellow","0","vinyl, polymeric, platinum, ritrama, fedrigoni, p804, ral 1016, pantone 131c, mactac 9809-21, f sign, fsign, f sign, f-sign, ","","","1685987195","0","","0","","CHECKBOX"
"P805","F-Sign Platinum 805 Yellow","P805","Ritrama","20","5","DEFAULT","","","","","0","F-Sign Platinum 805 Yellow polymeric self-adhesive vinyl designed for long term vehicle graphics and exterior signage with an outdoor durabilty of 8 years.","<html>
<head><title>Platinum 805 Yellow Gloss </title>

<style>
.responsive {
  width: 50%;
  height: auto;
}
</style>
</head>

<body>
<img src=""media/ecom/onpagegraphics/Fedrigoni_Logo.jpg"" alt=""Fedrigoni Logo"" class=""responsive"">
<p>F-Sign Platinum 805 Yellow polymeric self-adhesive vinyl is designed for long term vehicle graphics and exterior signage.</p>

<span style=""font-weight: bold; color: #d7328a;"">Structure:</span><br>
<ul><li>65<span>&#181;</span>m Polymeric calendered PVC</li>
<li>Transparent solvent based adhesive - Permanent</li>
<li>Clay coated kraft paper liner - 120gm<sup>2</sup> or Micro embossed PE coated kraft paper liner - 140gm<sup>2</sup>
</li></ul>

<span style=""font-weight: bold; color: #d7328a;"">Suitability:</span><br>
<ul><li>Excellent conformability to 3D curved surfaces (for extremely curved surfaces or corrugations this vinyl should be cut and applied with an overlap)</li>
<li>This high performance vinyl is designed for branding on vehicles, window graphics and all exterior or interior signage and displays</li>
<li>The high gloss face film has a high level of opacity and is engineered to enhance corporate branding projects</li>
<li>Outdoor durability of up to 8 years</li></ul>

<span style=""font-weight: bold; color: #d7328a;"">Advantages:</span><br>
<ul><li>Very cohesive solvent based adhesive provides excellent dimensional stability and water resistance for long term durability</li>
<li>This film is available with both the standard kraft liner that allows for wet or dry application as well as the Airflow liner for dry, easy to apply and bubble free application</li>
<li>Colour referencing for colour system swatches and competitor matching - see below</li>
<li>Fire Rated to Euroclass DIN EN 13501-1:2019-05 with classification B-s1-d0</li>
<li>REACH & RoHS compliant</li></ul>

<span style=""font-weight: bold; color: #d7328a;"">Technical Information:</span><br>
<ul>
<a href=""media/ecom/pdfs/datasheets/TDS_Ri_MarkPlatinum_uk_issue1_4983.pdf"" target=""_blank""><img
style=""border: 0px solid ; width: 200px; height: 60px;"" alt=""Ri-Mark Platinum Datasheet""
src=""media/ecom/onpagegraphics/Datasheet.png""></a>
<a href=""media/ecom/pdfs/firecertificates/EN 13501-1_Ri-Mark Platinum series_class B-s1 d0.pdf"" target=""_blank""><img
style=""border: 0px solid ; width: 200px; height: 60px;"" alt=""Ri-Mark Platinum Fire Certificate""
src=""media/ecom/onpagegraphics/Fire.png""></a>
<a href=""media/ecom/colselxl/digital_colour_card_Ri_Mark_Platinum.pdf"" target=""_blank""><img
style=""border: 0px solid ; width: 200px; height: 60px;"" alt=""Ri-Mark Platinum Colour Selector""
src=""media/ecom/onpagegraphics/Colour.png""></a></ul>
</body>
</html>","Platinum_805_Yellow.png","Platinum_805_Yellow.png","INVITEMS","DEFAULT-P805-DEFAULT-P805","","","0","0","0","","1","REGONLY","0","0","0","0","","","","SELECT","SELECT","0","","","","","0","0","","income-service","","","0","0","","","","","Ritrama-Platinum-Range","Ritrama-Platinum-Range","","","0","900EMT1220, 4075CT1220, 903C1220, Aslan_Red_Devil_Squeegee, Olfa_X_Design_Heavy_Duty_Knife, Masking_Tape_25mm, Aslan-Gold-Soft-Squeegee, Olfa_Graphic_Cutter, Swann_Morton_3_Handle, Swann_Morton_10A_Blades, Float_On","900EMT1220, 4075CT1220, 903C1220, Aslan_Red_Devil_Squeegee, Olfa_X_Design_Heavy_Duty_Knife, Masking_Tape_25mm, Aslan-Gold-Soft-Squeegee, Olfa_Graphic_Cutter, Swann_Morton_3_Handle, Swann_Morton_10A_Blades, Float_On","A","","ADHESIVE_STANDARD_LINER","","","Yellows, Colours","Gloss","Colour References ","<style>

table {

margin: 0 auto 0 auto;
}

table, th, td {
  
  border-collapse: collapse;
padding: 5px;
}
th, td {
  padding: 5px;
  text-align: center; 
  width: 160px;
  height: 30px;
  background-color:#009ee3;
  color: white;
  border-left: 5px solid white;
  border-right: 5px solid white;
}

th {
  border-top-color: white;
  font-size: 14px;
}

td {

padding-bottom: 1em;
border-bottom: 5px solid white;
font-size: 14px;
  
</style>



<table id=""data"">
  <tbody><tr>
    <th>Pantone</th>
<th>RAL</th>
<th>Avery 700</th>
<th>Mactac 9800 Pro</th>
<th>Oracal 551</th>
<th>Metamark M7</th>
  </tr>
  <tr>
    <td>&#177; 108 C</td>
<td>&#177; 1018</td>
<td>&#177; 707 </td>
<td>= 9807-43</td>
<td> - </td>
<td>M7-136</td>
  </tr>

  </tbody></table>","","","","","","","F-Sign-Platinum-805-Yellow","0","vinyl, polymeric, platinum, ritrama, fedrigoni, p805, pantone 108 C, RAL 1018, Avery 707, Mactac 9807-43, Metamark M7-136, F-Sign , f sign, fsign, f sign, f-sign, ","","","1686139247","0","","0","","CHECKBOX"
"P806","F-Sign Platinum 806 Bright Yellow","P806","Ritrama","30","6","DEFAULT","","","","","0","F-Sign Platinum 806 Bright Yellow polymeric self-adhesive vinyl designed for long term vehicle graphics and exterior signage with an outdoor durability of 8 years.","<html>
<head><title>Platinum 806 Bright Yellow Gloss </title>

<style>
.responsive {
  width: 50%;
  height: auto;
}
</style>
</head>

<body>
<img src=""media/ecom/onpagegraphics/Fedrigoni_Logo.jpg"" alt=""Fedrigoni Logo"" class=""responsive"">
<p>F-Sign Platinum 806 Bright Yellow polymeric self-adhesive vinyl is designed for long term vehicle graphics and exterior signage.</p>

<span style=""font-weight: bold; color: #d7328a;"">Structure:</span><br>
<ul><li>65<span>&#181;</span>m Polymeric calendered PVC</li>
<li>Transparent solvent based adhesive - Permanent</li>
<li>Clay coated kraft paper liner - 120gm<sup>2</sup> or Micro embossed PE coated kraft paper liner - 140gm<sup>2</sup>
</li></ul>

<span style=""font-weight: bold; color: #d7328a;"">Suitability:</span><br>
<ul><li>Excellent conformability to 3D curved surfaces (for extremely curved surfaces or corrugations this vinyl should be cut and applied with an overlap)</li>
<li>This high performance vinyl is designed for branding on vehicles, window graphics and all exterior or interior signage and displays</li>
<li>The high gloss face film has a high level of opacity and is engineered to enhance corporate branding projects</li>
<li>Outdoor durability of up to 8 years</li></ul>

<span style=""font-weight: bold; color: #d7328a;"">Advantages:</span><br>
<ul><li>Very cohesive solvent based adhesive provides excellent dimensional stability and water resistance for long term durability</li>
<li>This film is available with both the standard kraft liner that allows for wet or dry application as well as the Airflow liner for dry, easy to apply and bubble free application</li>
<li>Colour referencing for colour system swatches and competitor matching - see below</li>
<li>Fire Rated to Euroclass DIN EN 13501-1:2019-05 with classification B-s1-d0</li>
<li>REACH & RoHS compliant</li></ul>

<span style=""font-weight: bold; color: #d7328a;"">Technical Information:</span><br>
<ul>
<a href=""media/ecom/pdfs/datasheets/TDS_Ri_MarkPlatinum_uk_issue1_4983.pdf"" target=""_blank""><img
style=""border: 0px solid ; width: 200px; height: 60px;"" alt=""Ri-Mark Platinum Datasheet""
src=""media/ecom/onpagegraphics/Datasheet.png""></a>
<a href=""media/ecom/pdfs/firecertificates/EN 13501-1_Ri-Mark Platinum series_class B-s1 d0.pdf"" target=""_blank""><img
style=""border: 0px solid ; width: 200px; height: 60px;"" alt=""Ri-Mark Platinum Fire Certificate""
src=""media/ecom/onpagegraphics/Fire.png""></a>
<a href=""media/ecom/colselxl/digital_colour_card_Ri_Mark_Platinum.pdf"" target=""_blank""><img
style=""border: 0px solid ; width: 200px; height: 60px;"" alt=""Ri-Mark Platinum Colour Selector""
src=""media/ecom/onpagegraphics/Colour.png""></a></ul>
</body>
</html>","Platinum_806_Bright_Yellow.png","Platinum_806_Bright_Yellow.png","INVITEMS","DEFAULT-P806-DEFAULT-P806","","","0","0","0","","1","REGONLY","0","0","0","0","","","","SELECT","SELECT","0","","","","","0","0","","income-service","","","0","0","","","","","Ritrama-Platinum-Range","Ritrama-Platinum-Range","","","0","900EMT1220, 4075CT1220, 903C1220, Aslan_Red_Devil_Squeegee, Olfa_X_Design_Heavy_Duty_Knife, Masking_Tape_25mm, Aslan-Gold-Soft-Squeegee, Olfa_Graphic_Cutter, Swann_Morton_3_Handle, Swann_Morton_10A_Blades, Float_On","900EMT1220, 4075CT1220, 903C1220, Aslan_Red_Devil_Squeegee, Olfa_X_Design_Heavy_Duty_Knife, Masking_Tape_25mm, Aslan-Gold-Soft-Squeegee, Olfa_Graphic_Cutter, Swann_Morton_3_Handle, Swann_Morton_10A_Blades, Float_On","A","","ADHESIVE_AIRFLOW, ADHESIVE_STANDARD_LINER","","","Colours, Yellows","Gloss","Colour References","<style>

table {

margin: 0 auto 0 auto;
}

table, th, td {
  
  border-collapse: collapse;
padding: 5px;
}
th, td {
  padding: 5px;
  text-align: center; 
  width: 160px;
  height: 30px;
  background-color:#009ee3;
  color: white;
  border-left: 5px solid white;
  border-right: 5px solid white;
}

th {
  border-top-color: white;
  font-size: 14px;
}

td {

padding-bottom: 1em;
border-bottom: 5px solid white;
font-size: 14px;
  
</style>



<table id=""data"">
  <tbody><tr>
    <th>Pantone</th>
<th>RAL</th>
<th>Avery 700</th>
<th>Mactac 9800 Pro</th>
<th>Oracal 551</th>
<th>Metamark M7</th>
  </tr>
  <tr>
    <td>&#177; 109 C</td>
<td>&#177; 1021</td>
<td>&#177; 739 </td>
<td>= 9809-46</td>
<td>= 202</td>
<td> - </td>
  </tr>

  </tbody></table>","","","","","","","F-Sign-Platinum-806-Bright-Yellow","0","vinyl, polymeric, platinum, ritrama, fedrigoni, p806, airflow, Pantone 109C, RAL 1021, Avery 739, Mactac 9809-46, Oracal 551 202, F sign, fsign, f sign, f-sign, ","","","1686128824","0","","0","","CHECKBOX"
"P807","F-Sign Platinum 807 Sun Yellow","P807","Ritrama","40","6","DEFAULT","","","","","0","F-Sign Platinum 807 Sun Yellow polymeric self-adhesive vinyl designed for long term vehicle graphics and exterior signage with an outdoor durability of 8 years.","<html>
<head><title>Platinum 807 Sun Yellow Gloss </title>

<style>
.responsive {
  width: 50%;
  height: auto;
}
</style>
</head>

<body>
<img src=""media/ecom/onpagegraphics/Fedrigoni_Logo.jpg"" alt=""Fedrigoni Logo"" class=""responsive"">
<p>F-Sign Platinum 807 Sun Yellow polymeric self-adhesive vinyl is designed for long term vehicle graphics and exterior signage.</p>

<span style=""font-weight: bold; color: #d7328a;"">Structure:</span><br>
<ul><li>65<span>&#181;</span>m Polymeric calendered PVC</li>
<li>Transparent solvent based adhesive - Permanent</li>
<li>Clay coated kraft paper liner - 120gm<sup>2</sup> or Micro embossed PE coated kraft paper liner - 140gm<sup>2</sup>
</li></ul>

<span style=""font-weight: bold; color: #d7328a;"">Suitability:</span><br>
<ul><li>Excellent conformability to 3D curved surfaces (for extremely curved surfaces or corrugations this vinyl should be cut and applied with an overlap)</li>
<li>This high performance vinyl is designed for branding on vehicles, window graphics and all exterior or interior signage and displays</li>
<li>The high gloss face film has a high level of opacity and is engineered to enhance corporate branding projects</li>
<li>Outdoor durability of up to 8 years</li></ul>

<span style=""font-weight: bold; color: #d7328a;"">Advantages:</span><br>
<ul><li>Very cohesive solvent based adhesive provides excellent dimensional stability and water resistance for long term durability</li>
<li>This film is available with both the standard kraft liner that allows for wet or dry application as well as the Airflow liner for dry, easy to apply and bubble free application</li>
<li>Colour referencing for colour system swatches and competitor matching - see below</li>
<li>Fire Rated to Euroclass DIN EN 13501-1:2019-05 with classification B-s1-d0</li>
<li>REACH & RoHS compliant</li></ul>

<span style=""font-weight: bold; color: #d7328a;"">Technical Information:</span><br>
<ul>
<a href=""media/ecom/pdfs/datasheets/TDS_Ri_MarkPlatinum_uk_issue1_4983.pdf"" target=""_blank""><img
style=""border: 0px solid ; width: 200px; height: 60px;"" alt=""Ri-Mark Platinum Datasheet""
src=""media/ecom/onpagegraphics/Datasheet.png""></a>
<a href=""media/ecom/pdfs/firecertificates/EN 13501-1_Ri-Mark Platinum series_class B-s1 d0.pdf"" target=""_blank""><img
style=""border: 0px solid ; width: 200px; height: 60px;"" alt=""Ri-Mark Platinum Fire Certificate""
src=""media/ecom/onpagegraphics/Fire.png""></a>
<a href=""media/ecom/colselxl/digital_colour_card_Ri_Mark_Platinum.pdf"" target=""_blank""><img
style=""border: 0px solid ; width: 200px; height: 60px;"" alt=""Ri-Mark Platinum Colour Selector""
src=""media/ecom/onpagegraphics/Colour.png""></a></ul>
</body>
</html>","Platinum_807_Sun_Yellow.png","Platinum_807_Sun_Yellow.png","INVITEMS","DEFAULT-P807-DEFAULT-P807","","","0","0","0","","1","REGONLY","0","0","0","0","","","","SELECT","SELECT","0","","","","","0","0","","income-service","","","0","0","","","","","Ritrama-Platinum-Range","Ritrama-Platinum-Range","","","0","900EMT1220, 4075CT1220, 903C1220, Aslan_Red_Devil_Squeegee, Olfa_X_Design_Heavy_Duty_Knife, Masking_Tape_25mm, Aslan-Gold-Soft-Squeegee, Olfa_Graphic_Cutter, Swann_Morton_3_Handle, Swann_Morton_10A_Blades, Float_On","900EMT1220, 4075CT1220, 903C1220, Aslan_Red_Devil_Squeegee, Olfa_X_Design_Heavy_Duty_Knife, Masking_Tape_25mm, Aslan-Gold-Soft-Squeegee, Olfa_Graphic_Cutter, Swann_Morton_3_Handle, Swann_Morton_10A_Blades, Float_On","A","","ADHESIVE_AIRFLOW, ADHESIVE_STANDARD_LINER","","","Colours, Yellows","Gloss","Colour References","<style>

table {

margin: 0 auto 0 auto;
}

table, th, td {
  
  border-collapse: collapse;
padding: 5px;
}
th, td {
  padding: 5px;
  text-align: center; 
  width: 160px;
  height: 30px;
  background-color:#009ee3;
  color: white;
  border-left: 5px solid white;
  border-right: 5px solid white;
}

th {
  border-top-color: white;
  font-size: 14px;
}

td {

padding-bottom: 1em;
border-bottom: 5px solid white;
font-size: 14px;
  
</style>



<table id=""data"">
  <tbody><tr>
    <th>Pantone</th>
<th>RAL</th>
<th>Avery 700</th>
<th>Mactac 9800 Pro</th>
<th>Oracal 551</th>
<th>Metamark M7</th>
  </tr>
  <tr>
    <td>&#177; 7548 C</td>
<td>&#177; 1023</td>
<td>= 706</td>
<td>&#177; 9809-45</td>
<td> - </td>
<td>M7-131</td>
  </tr>

  </tbody></table>","","","","","","","F-Sign-Platinum-807-Sun-Yellow","0","vinyl, polymeric, platinum, ritrama, fedrigoni, p807, airflow, Pantone 7548 C, RAL 1023, Avery 706, Mactac 9809-45, Metamark M7-131, fsign, f sign, f-sign, ","","","1686140101","0","","0","","CHECKBOX"
"P808","F-Sign Platinum 808 Dark Yellow","P808","Ritrama","50","5","DEFAULT","","","","","0","F-Sign Platinum 808 Dark Yellow polymeric self-adhesive vinyl designed for long term vehicle graphics and exterior signage with an outdoor durability of 8 years.","<html>
<head><title>Platinum 808 Dark Yellow Gloss</title>

<style>
.responsive {
  width: 50%;
  height: auto;
}
</style>
</head>

<body>
<img src=""media/ecom/onpagegraphics/Fedrigoni_Logo.jpg"" alt=""Fedrigoni Logo"" class=""responsive"">
<p>F-Sign Platinum 808 Dark Yellow polymeric self-adhesive vinyl is designed for long term vehicle graphics and exterior signage.</p>

<span style=""font-weight: bold; color: #d7328a;"">Structure:</span><br>
<ul><li>65<span>&#181;</span>m Polymeric calendered PVC</li>
<li>Transparent solvent based adhesive - Permanent</li>
<li>Clay coated kraft paper liner - 120gm<sup>2</sup> 
</li></ul>

<span style=""font-weight: bold; color: #d7328a;"">Suitability:</span><br>
<ul><li>Excellent conformability to 3D curved surfaces (for extremely curved surfaces or corrugations this vinyl should be cut and applied with an overlap)</li>
<li>This high performance vinyl is designed for branding on vehicles, window graphics and all exterior or interior signage and displays</li>
<li>The high gloss face film has a high level of opacity and is engineered to enhance corporate branding projects</li>
<li>Outdoor durability of up to 8 years</li></ul>

<span style=""font-weight: bold; color: #d7328a;"">Advantages:</span><br>
<ul><li>Very cohesive solvent based adhesive provides excellent dimensional stability and water resistance for long term durability</li>
<li>This film is available with a standard kraft liner that allows for wet or dry application</li>
<li>Colour referencing for colour system swatches and competitor matching - see below</li>
<li>Fire Rated to Euroclass DIN EN 13501-1:2019-05 with classification B-s1-d0</li>
<li>REACH & RoHS compliant</li></ul>

<span style=""font-weight: bold; color: #d7328a;"">Technical Information:</span><br>
<ul>
<a href=""media/ecom/pdfs/datasheets/TDS_Ri_MarkPlatinum_uk_issue1_4983.pdf"" target=""_blank""><img
style=""border: 0px solid ; width: 200px; height: 60px;"" alt=""Ri-Mark Platinum Datasheet""
src=""media/ecom/onpagegraphics/Datasheet.png""></a>
<a href=""media/ecom/pdfs/firecertificates/EN 13501-1_Ri-Mark Platinum series_class B-s1 d0.pdf"" target=""_blank""><img
style=""border: 0px solid ; width: 200px; height: 60px;"" alt=""Ri-Mark Platinum Fire Certificate""
src=""media/ecom/onpagegraphics/Fire.png""></a>
<a href=""media/ecom/colselxl/digital_colour_card_Ri_Mark_Platinum.pdf"" target=""_blank""><img
style=""border: 0px solid ; width: 200px; height: 60px;"" alt=""Ri-Mark Platinum Colour Selector""
src=""media/ecom/onpagegraphics/Colour.png""></a></ul>
</body>
</html>","Platinum_808_Dark_Yellow.png","Platinum_808_Dark_Yellow.png","INVITEMS","DEFAULT-P808-DEFAULT-P808","","","0","0","0","","1","REGONLY","0","0","0","0","","","","SELECT","SELECT","0","","","","","0","0","","income-service","","","0","0","","","","","Ritrama-Platinum-Range","Ritrama-Platinum-Range","","","0","900EMT1220, 4075CT1220, 903C1220, Aslan_Red_Devil_Squeegee, Olfa_X_Design_Heavy_Duty_Knife, Masking_Tape_25mm, Aslan-Gold-Soft-Squeegee, Olfa_Graphic_Cutter, Swann_Morton_3_Handle, Swann_Morton_10A_Blades, Float_On","900EMT1220, 4075CT1220, 903C1220, Aslan_Red_Devil_Squeegee, Olfa_X_Design_Heavy_Duty_Knife, Masking_Tape_25mm, Aslan-Gold-Soft-Squeegee, Olfa_Graphic_Cutter, Swann_Morton_3_Handle, Swann_Morton_10A_Blades, Float_On","A","","ADHESIVE_STANDARD_LINER","","","Colours, Yellows","Gloss","Colour References","<style>

table {

margin: 0 auto 0 auto;
}

table, th, td {
  
  border-collapse: collapse;
padding: 5px;
}
th, td {
  padding: 5px;
  text-align: center; 
  width: 160px;
  height: 30px;
  background-color:#009ee3;
  color: white;
  border-left: 5px solid white;
  border-right: 5px solid white;
}

th {
  border-top-color: white;
  font-size: 14px;
}

td {

padding-bottom: 1em;
border-bottom: 5px solid white;
font-size: 14px;
  
</style>



<table id=""data"">
  <tbody><tr>
    <th>Pantone</th>
<th>RAL</th>
<th>Avery 700</th>
<th>Mactac 9800 Pro</th>
<th>Oracal 551</th>
<th>Metamark M7</th>
  </tr>
  <tr>
    <td>&#177; 3514 C</td>
<td>&#177; 1003</td>
<td>= 704 </td>
<td>&#177; 9809-47</td>
<td>= 229 </td>
<td>M7-132</td>
  </tr>

  </tbody></table>","","","","","","","F-Sign-Platinum-808-Dark-Yellow","0","vinyl, polymeric, platinum, ritrama, fedrigoni, p808, pantone 3514 C, ral1003, avery 704, mactac 9809-47, oracal 551 229, metamark m7-132, fsign, f sign, f-sign, ","","","1686140810","0","","0","","CHECKBOX"
"P809","F-Sign Platinum 809 Saffran","P809","Ritrama","60","5","DEFAULT","","","","","0","F-Sign Platinum 809 Saffran polymeric self-adhesive vinyl designed for long term vehicle graphics and exterior signage with an outdoor durability of 8 years.","<html>
<head><title>Platinum 809 Saffran Gloss</title>

<style>
.responsive {
  width: 50%;
  height: auto;
}
</style>
</head>

<body>
<img src=""media/ecom/onpagegraphics/Fedrigoni_Logo.jpg"" alt=""Fedrigoni Logo"" class=""responsive"">
<p>F-Sign Platinum 809 Saffran polymeric self-adhesive vinyl is designed for long term vehicle graphics and exterior signage.</p>

<span style=""font-weight: bold; color: #d7328a;"">Structure:</span><br>
<ul><li>65<span>&#181;</span>m Polymeric calendered PVC</li>
<li>Transparent solvent based adhesive - Permanent</li>
<li>Clay coated kraft paper liner - 120gm<sup>2</sup> 
</li></ul>

<span style=""font-weight: bold; color: #d7328a;"">Suitability:</span><br>
<ul><li>Excellent conformability to 3D curved surfaces (for extremely curved surfaces or corrugations this vinyl should be cut and applied with an overlap)</li>
<li>This high performance vinyl is designed for branding on vehicles, window graphics and all exterior or interior signage and displays</li>
<li>The high gloss face film has a high level of opacity and is engineered to enhance corporate branding projects</li>
<li>Outdoor durability of up to 8 years</li></ul>

<span style=""font-weight: bold; color: #d7328a;"">Advantages:</span><br>
<ul><li>Very cohesive solvent based adhesive provides excellent dimensional stability and water resistance for long term durability</li>
<li>This film is available with a standard kraft liner that allows for wet or dry application</li>
<li>Colour referencing for colour system swatches and competitor matching - see below</li>
<li>Fire Rated to Euroclass DIN EN 13501-1:2019-05 with classification B-s1-d0</li>
<li>REACH & RoHS compliant</li></ul>

<span style=""font-weight: bold; color: #d7328a;"">Technical Information:</span><br>
<ul>
<a href=""media/ecom/pdfs/datasheets/TDS_Ri_MarkPlatinum_uk_issue1_4983.pdf"" target=""_blank""><img
style=""border: 0px solid ; width: 200px; height: 60px;"" alt=""Ri-Mark Platinum Datasheet""
src=""media/ecom/onpagegraphics/Datasheet.png""></a>
<a href=""media/ecom/pdfs/firecertificates/EN 13501-1_Ri-Mark Platinum series_class B-s1 d0.pdf"" target=""_blank""><img
style=""border: 0px solid ; width: 200px; height: 60px;"" alt=""Ri-Mark Platinum Fire Certificate""
src=""media/ecom/onpagegraphics/Fire.png""></a>
<a href=""media/ecom/colselxl/digital_colour_card_Ri_Mark_Platinum.pdf"" target=""_blank""><img
style=""border: 0px solid ; width: 200px; height: 60px;"" alt=""Ri-Mark Platinum Colour Selector""
src=""media/ecom/onpagegraphics/Colour.png""></a></ul>
</body>
</html>","Platinum_809_Saffran.png","Platinum_809_Saffran.png","INVITEMS","DEFAULT-P809-DEFAULT-P809","","","0","0","0","","1","REGONLY","0","0","0","0","","","","SELECT","SELECT","0","","","","","0","0","","income-service","","","0","0","","","","","Ritrama-Platinum-Range","Ritrama-Platinum-Range","","","0","900EMT1220, 4075CT1220, 903C1220, Aslan_Red_Devil_Squeegee, Olfa_X_Design_Heavy_Duty_Knife, Masking_Tape_25mm, Aslan-Gold-Soft-Squeegee, Olfa_Graphic_Cutter, Swann_Morton_3_Handle, Swann_Morton_10A_Blades, Float_On","900EMT1220, 4075CT1220, 903C1220, Aslan_Red_Devil_Squeegee, Olfa_X_Design_Heavy_Duty_Knife, Masking_Tape_25mm, Aslan-Gold-Soft-Squeegee, Olfa_Graphic_Cutter, Swann_Morton_3_Handle, Swann_Morton_10A_Blades, Float_On","A","","ADHESIVE_STANDARD_LINER","","","Colours, Yellows","Gloss","Colour References","<style>

table {

margin: 0 auto 0 auto;
}

table, th, td {
  
  border-collapse: collapse;
padding: 5px;
}
th, td {
  padding: 5px;
  text-align: center; 
  width: 160px;
  height: 30px;
  background-color:#009ee3;
  color: white;
  border-left: 5px solid white;
  border-right: 5px solid white;
}

th {
  border-top-color: white;
  font-size: 14px;
}

td {

padding-bottom: 1em;
border-bottom: 5px solid white;
font-size: 14px;
  
</style>



<table id=""data"">
  <tbody><tr>
    <th>Pantone</th>
<th>RAL</th>
<th>Avery 700</th>
<th>Mactac 9800 Pro</th>
<th>Oracal 551</th>
<th>Metamark M7</th>
  </tr>
  <tr>
    <td>&#177; 137 C</td>
<td>&#177; 1028</td>
<td>&#177; 764</td>
<td>= 9809-11</td>
<td>= 215</td>
<td>M7-137</td>
  </tr>

  </tbody></table>","","","","","","","F-Sign-Platinum-809-Saffran","0","vinyl, polymeric, platinum, ritrama, fedrigoni, p809, pantone 137 c, ral 1028, avery 764, mactac 9809-11, oracal 215, metamark m7-137, fsign, f sign, f-sign, ","","","1686140893","0","","0","","CHECKBOX"
"P810","F-Sign Platinum 810 Light Orange","P810","Ritrama","70","5","DEFAULT","","","","","0","F-Sign Platinum 810 Light Orange polymeric self-adhesive vinyl designed for long term vehicle graphics and exterior signage with an outdoor durability of 8 years.","<html>
<head><title>Platinum 810 Light Orange Gloss</title>

<style>
.responsive {
  width: 50%;
  height: auto;
}
</style>
</head>

<body>
<img src=""media/ecom/onpagegraphics/Fedrigoni_Logo.jpg"" alt=""Fedrigoni Logo"" class=""responsive"">
<p>F-Sign Platinum 810 Light Orange polymeric self-adhesive vinyl is designed for long term vehicle graphics and exterior signage.</p>

<span style=""font-weight: bold; color: #d7328a;"">Structure:</span><br>
<ul><li>65<span>&#181;</span>m Polymeric calendered PVC</li>
<li>Transparent solvent based adhesive - Permanent</li>
<li>Clay coated kraft paper liner - 120gm<sup>2</sup> 
</li></ul>

<span style=""font-weight: bold; color: #d7328a;"">Suitability:</span><br>
<ul><li>Excellent conformability to 3D curved surfaces (for extremely curved surfaces or corrugations this vinyl should be cut and applied with an overlap)</li>
<li>This high performance vinyl is designed for branding on vehicles, window graphics and all exterior or interior signage and displays</li>
<li>The high gloss face film has a high level of opacity and is engineered to enhance corporate branding projects</li>
<li>Outdoor durability of up to 8 years</li></ul>

<span style=""font-weight: bold; color: #d7328a;"">Advantages:</span><br>
<ul><li>Very cohesive solvent based adhesive provides excellent dimensional stability and water resistance for long term durability</li>
<li>This film is available with a standard kraft liner that allows for wet or dry application</li>
<li>Colour referencing for colour system swatches and competitor matching - see below</li>
<li>Fire Rated to Euroclass DIN EN 13501-1:2019-05 with classification B-s1-d0</li>
<li>REACH & RoHS compliant</li></ul>

<span style=""font-weight: bold; color: #d7328a;"">Technical Information:</span><br>
<ul>
<a href=""media/ecom/pdfs/datasheets/TDS_Ri_MarkPlatinum_uk_issue1_4983.pdf"" target=""_blank""><img
style=""border: 0px solid ; width: 200px; height: 60px;"" alt=""Ri-Mark Platinum Datasheet""
src=""media/ecom/onpagegraphics/Datasheet.png""></a>
<a href=""media/ecom/pdfs/firecertificates/EN 13501-1_Ri-Mark Platinum series_class B-s1 d0.pdf"" target=""_blank""><img
style=""border: 0px solid ; width: 200px; height: 60px;"" alt=""Ri-Mark Platinum Fire Certificate""
src=""media/ecom/onpagegraphics/Fire.png""></a>
<a href=""media/ecom/colselxl/digital_colour_card_Ri_Mark_Platinum.pdf"" target=""_blank""><img
style=""border: 0px solid ; width: 200px; height: 60px;"" alt=""Ri-Mark Platinum Colour Selector""
src=""media/ecom/onpagegraphics/Colour.png""></a></ul>
</body>
</html>","Platinum_810_Light_Orange.png","Platinum_810_Light_Orange.png","INVITEMS","DEFAULT-P810-DEFAULT-P810","","","0","0","0","","1","REGONLY","0","0","0","0","","","","SELECT","SELECT","0","","","","","0","0","","income-service","","","0","0","","","","","Ritrama-Platinum-Range","Ritrama-Platinum-Range","","","0","900EMT1220, 4075CT1220, 903C1220, Aslan_Red_Devil_Squeegee, Olfa_X_Design_Heavy_Duty_Knife, Masking_Tape_25mm, Aslan-Gold-Soft-Squeegee, Olfa_Graphic_Cutter, Swann_Morton_3_Handle, Swann_Morton_10A_Blades, Float_On","900EMT1220, 4075CT1220, 903C1220, Aslan_Red_Devil_Squeegee, Olfa_X_Design_Heavy_Duty_Knife, Masking_Tape_25mm, Aslan-Gold-Soft-Squeegee, Olfa_Graphic_Cutter, Swann_Morton_3_Handle, Swann_Morton_10A_Blades, Float_On","A","","ADHESIVE_STANDARD_LINER","","","Colours, Oranges","Gloss","Colour References","<style>

table {

margin: 0 auto 0 auto;
}

table, th, td {
  
  border-collapse: collapse;
padding: 5px;
}
th, td {
  padding: 5px;
  text-align: center; 
  width: 160px;
  height: 30px;
  background-color:#009ee3;
  color: white;
  border-left: 5px solid white;
  border-right: 5px solid white;
}

th {
  border-top-color: white;
  font-size: 14px;
}

td {

padding-bottom: 1em;
border-bottom: 5px solid white;
font-size: 14px;
  
</style>



<table id=""data"">
  <tbody><tr>
    <th>Pantone</th>
<th>RAL</th>
<th>Avery 700</th>
<th>Mactac 9800 Pro</th>
<th>Oracal 551</th>
<th>Metamark M7</th>
  </tr>
  <tr>
    <td>&#177; 151 C</td>
<td>&#177; 3003</td>
<td> - </td>
<td>= 9801-44</td>
<td>= 395</td>
<td>M7-138</td>
  </tr>

  </tbody></table>","","","","","","","F-Sign-Platinum-810-Light-Orange","0","vinyl, polymeric, platinum, ritrama, fedrigoni, p810, pantone 151 c, ral 3003, mactac 9801-44, oracal 395, metamark m7-138, fsign, f sign, f-sign, ","","","1686152882","0","","0","","CHECKBOX"
"P811","F-Sign Platinum 811 Orange","P811","Ritrama","80","5","DEFAULT","","","","","0","F-Sign Platinum 811 Orange polymeric self-adhesive vinyl designed for long term vehicle graphics and exterior signage with an outdoor durability of 8 years.","<html>
<head><title>Platinum 811 Orange Gloss</title>

<style>
.responsive {
  width: 50%;
  height: auto;
}
</style>
</head>

<body>
<img src=""media/ecom/onpagegraphics/Fedrigoni_Logo.jpg"" alt=""Fedrigoni Logo"" class=""responsive"">
<p>F-Sign Platinum 811 Orange polymeric self-adhesive vinyl is designed for long term vehicle graphics and exterior signage.</p>

<span style=""font-weight: bold; color: #d7328a;"">Structure:</span><br>
<ul><li>65<span>&#181;</span>m Polymeric calendered PVC</li>
<li>Transparent solvent based adhesive - Permanent</li>
<li>Clay coated kraft paper liner - 120gm<sup>2</sup> 
</li></ul>

<span style=""font-weight: bold; color: #d7328a;"">Suitability:</span><br>
<ul><li>Excellent conformability to 3D curved surfaces (for extremely curved surfaces or corrugations this vinyl should be cut and applied with an overlap)</li>
<li>This high performance vinyl is designed for branding on vehicles, window graphics and all exterior or interior signage and displays</li>
<li>The high gloss face film has a high level of opacity and is engineered to enhance corporate branding projects</li>
<li>Outdoor durability of up to 8 years</li></ul>

<span style=""font-weight: bold; color: #d7328a;"">Advantages:</span><br>
<ul><li>Very cohesive solvent based adhesive provides excellent dimensional stability and water resistance for long term durability</li>
<li>This film is available with a standard kraft liner that allows for wet or dry application</li>
<li>Colour referencing for colour system swatches and competitor matching - see below</li>
<li>Fire Rated to Euroclass DIN EN 13501-1:2019-05 with classification B-s1-d0</li>
<li>REACH & RoHS compliant</li></ul>

<span style=""font-weight: bold; color: #d7328a;"">Technical Information:</span><br>
<ul>
<a href=""media/ecom/pdfs/datasheets/TDS_Ri_MarkPlatinum_uk_issue1_4983.pdf"" target=""_blank""><img
style=""border: 0px solid ; width: 200px; height: 60px;"" alt=""Ri-Mark Platinum Datasheet""
src=""media/ecom/onpagegraphics/Datasheet.png""></a>
<a href=""media/ecom/pdfs/firecertificates/EN 13501-1_Ri-Mark Platinum series_class B-s1 d0.pdf"" target=""_blank""><img
style=""border: 0px solid ; width: 200px; height: 60px;"" alt=""Ri-Mark Platinum Fire Certificate""
src=""media/ecom/onpagegraphics/Fire.png""></a>
<a href=""media/ecom/colselxl/digital_colour_card_Ri_Mark_Platinum.pdf"" target=""_blank""><img
style=""border: 0px solid ; width: 200px; height: 60px;"" alt=""Ri-Mark Platinum Colour Selector""
src=""media/ecom/onpagegraphics/Colour.png""></a></ul>
</body>
</html>","Platinum_811_Orange.png","Platinum_811_Orange.png","INVITEMS","DEFAULT-P811-DEFAULT-P811","","","0","0","0","","1","REGONLY","0","0","0","0","","","","SELECT","SELECT","0","","","","","0","0","","income-service","","","0","0","","","","","Ritrama-Platinum-Range","Ritrama-Platinum-Range","","","0","900EMT1220, 4075CT1220, 903C1220, Aslan_Red_Devil_Squeegee, Olfa_X_Design_Heavy_Duty_Knife, Masking_Tape_25mm, Aslan-Gold-Soft-Squeegee, Olfa_Graphic_Cutter, Swann_Morton_3_Handle, Swann_Morton_10A_Blades, Float_On","900EMT1220, 4075CT1220, 903C1220, Aslan_Red_Devil_Squeegee, Olfa_X_Design_Heavy_Duty_Knife, Masking_Tape_25mm, Aslan-Gold-Soft-Squeegee, Olfa_Graphic_Cutter, Swann_Morton_3_Handle, Swann_Morton_10A_Blades, Float_On","A","","ADHESIVE_STANDARD_LINER","","","Colours, Oranges","Gloss","Colour References","<style>

table {

margin: 0 auto 0 auto;
}

table, th, td {
  
  border-collapse: collapse;
padding: 5px;
}
th, td {
  padding: 5px;
  text-align: center; 
  width: 160px;
  height: 30px;
  background-color:#009ee3;
  color: white;
  border-left: 5px solid white;
  border-right: 5px solid white;
}

th {
  border-top-color: white;
  font-size: 14px;
}

td {

padding-bottom: 1em;
border-bottom: 5px solid white;
font-size: 14px;
  
</style>



<table id=""data"">
  <tbody><tr>
    <th>Pantone</th>
<th>RAL</th>
<th>Avery 700</th>
<th>Mactac 9800 Pro</th>
<th>Oracal 551</th>
<th>Metamark M7</th>
  </tr>
  <tr>
    <td>&#177; 1505 C</td>
<td>&#177; 2003</td>
<td>-</td>
<td>-</td>
<td>= 35</td>
<td>-</td>
  </tr>

  </tbody></table>","","","","","","","F-Sign-Platinum-811-Orange","0","vinyl, polymeric, platinum, ritrama, fedrigoni, p811, pantone 1505 c, ral 2003, oracal 551 35, fsign, f sign, f-sign, ","","","1686153035","0","","0","","CHECKBOX"
"P812","F-Sign Platinum 812 Carrot","P812","Ritrama","90","6","DEFAULT","","","","","0","F-Sign Platinum 812 Carrot polymeric self-adhesive vinyl designed for long term vehicle graphics and exterior signage with an outdoor durability of 8 years.","<html>
<head><title>Platinum 812 Carrot Gloss </title>

<style>
.responsive {
  width: 50%;
  height: auto;
}
</style>
</head>

<body>
<img src=""media/ecom/onpagegraphics/Fedrigoni_Logo.jpg"" alt=""Fedrigoni Logo"" class=""responsive"">
<p>F-Sign Platinum 812 Carrot polymeric self-adhesive vinyl is designed for long term vehicle graphics and exterior signage.</p>

<span style=""font-weight: bold; color: #d7328a;"">Structure:</span><br>
<ul><li>65<span>&#181;</span>m Polymeric calendered PVC</li>
<li>Transparent solvent based adhesive - Permanent</li>
<li>Clay coated kraft paper liner - 120gm<sup>2</sup> or Micro embossed PE coated kraft paper liner - 140gm<sup>2</sup>
</li></ul>

<span style=""font-weight: bold; color: #d7328a;"">Suitability:</span><br>
<ul><li>Excellent conformability to 3D curved surfaces (for extremely curved surfaces or corrugations this vinyl should be cut and applied with an overlap)</li>
<li>This high performance vinyl is designed for branding on vehicles, window graphics and all exterior or interior signage and displays</li>
<li>The high gloss face film has a high level of opacity and is engineered to enhance corporate branding projects</li>
<li>Outdoor durability of up to 8 years</li></ul>

<span style=""font-weight: bold; color: #d7328a;"">Advantages:</span><br>
<ul><li>Very cohesive solvent based adhesive provides excellent dimensional stability and water resistance for long term durability</li>
<li>This film is available with both the standard kraft liner that allows for wet or dry application as well as the Airflow liner for dry, easy to apply and bubble free application</li>
<li>Colour referencing for colour system swatches and competitor matching - see below</li>
<li>Fire Rated to Euroclass DIN EN 13501-1:2019-05 with classification B-s1-d0</li>
<li>REACH & RoHS compliant</li></ul>

<span style=""font-weight: bold; color: #d7328a;"">Technical Information:</span><br>
<ul>
<a href=""media/ecom/pdfs/datasheets/TDS_Ri_MarkPlatinum_uk_issue1_4983.pdf"" target=""_blank""><img
style=""border: 0px solid ; width: 200px; height: 60px;"" alt=""Ri-Mark Platinum Datasheet""
src=""media/ecom/onpagegraphics/Datasheet.png""></a>
<a href=""media/ecom/pdfs/firecertificates/EN 13501-1_Ri-Mark Platinum series_class B-s1 d0.pdf"" target=""_blank""><img
style=""border: 0px solid ; width: 200px; height: 60px;"" alt=""Ri-Mark Platinum Fire Certificate""
src=""media/ecom/onpagegraphics/Fire.png""></a>
<a href=""media/ecom/colselxl/digital_colour_card_Ri_Mark_Platinum.pdf"" target=""_blank""><img
style=""border: 0px solid ; width: 200px; height: 60px;"" alt=""Ri-Mark Platinum Colour Selector""
src=""media/ecom/onpagegraphics/Colour.png""></a></ul>
</body>
</html>","Platinum_812_Carrot.png","Platinum_812_Carrot.png","INVITEMS","DEFAULT-P812-DEFAULT-P812","","","0","0","0","","1","REGONLY","0","0","0","0","","","","SELECT","SELECT","0","","","","","0","0","","income-service","","","0","0","","","","","Ritrama-Platinum-Range","Ritrama-Platinum-Range","","","0","900EMT1220, 4075CT1220, 903C1220, Aslan_Red_Devil_Squeegee, Olfa_X_Design_Heavy_Duty_Knife, Masking_Tape_25mm, Aslan-Gold-Soft-Squeegee, Olfa_Graphic_Cutter, Swann_Morton_3_Handle, Swann_Morton_10A_Blades, Float_On","900EMT1220, 4075CT1220, 903C1220, Aslan_Red_Devil_Squeegee, Olfa_X_Design_Heavy_Duty_Knife, Masking_Tape_25mm, Aslan-Gold-Soft-Squeegee, Olfa_Graphic_Cutter, Swann_Morton_3_Handle, Swann_Morton_10A_Blades, Float_On","A","","ADHESIVE_AIRFLOW, ADHESIVE_STANDARD_LINER","","","Colours, Oranges","Gloss","Colour References","<style>

table {

margin: 0 auto 0 auto;
}

table, th, td {
  
  border-collapse: collapse;
padding: 5px;
}
th, td {
  padding: 5px;
  text-align: center; 
  width: 160px;
  height: 30px;
  background-color:#009ee3;
  color: white;
  border-left: 5px solid white;
  border-right: 5px solid white;
}

th {
  border-top-color: white;
  font-size: 14px;
}

td {

padding-bottom: 1em;
border-bottom: 5px solid white;
font-size: 14px;
  
</style>



<table id=""data"">
  <tbody><tr>
    <th>Pantone</th>
<th>RAL</th>
<th>Avery 700</th>
<th>Mactac 9800 Pro</th>
<th>Oracal 551</th>
<th>Metamark M7</th>
  </tr>
  <tr>
    <td>&#177; 1585 C</td>
<td>&#177; 2008</td>
<td>= 705</td>
<td>&#177; 9801-40</td>
<td>-</td>
<td>M7-133</td>
  </tr>

  </tbody></table>","","","","","","","F-Sign-Platinum-812-Carrot","0","vinyl, polymeric, platinum, ritrama, fedrigoni, p812, airflow, PANTONE 1585 C, RAL 2008, AVERY 705, MACTAC 9801-40, metamark m7-133, fsign, f sign, f-sign, ","","","1686153147","0","","0","","CHECKBOX"
"P813","F-Sign Platinum 813 Poppy Red","P813","Ritrama","100","5","DEFAULT","","","","","0","F-Sign Platinum 813 Poppy Red polymeric self-adhesive vinyl designed for long term vehicle graphics and exterior signage with an outdoor durability of 8 years.","<html>
<head><title>Platinum 813 Poppy Red Gloss</title>

<style>
.responsive {
  width: 50%;
  height: auto;
}
</style>
</head>

<body>
<img src=""media/ecom/onpagegraphics/Fedrigoni_Logo.jpg"" alt=""Fedrigoni Logo"" class=""responsive"">
<p>F-Sign Platinum 813 Poppy Red polymeric self-adhesive vinyl is designed for long term vehicle graphics and exterior signage.</p>

<span style=""font-weight: bold; color: #d7328a;"">Structure:</span><br>
<ul><li>65<span>&#181;</span>m Polymeric calendered PVC</li>
<li>Transparent solvent based adhesive - Permanent</li>
<li>Clay coated kraft paper liner - 120gm<sup>2</sup>
</li></ul>

<span style=""font-weight: bold; color: #d7328a;"">Suitability:</span><br>
<ul><li>Excellent conformability to 3D curved surfaces (for extremely curved surfaces or corrugations this vinyl should be cut and applied with an overlap)</li>
<li>This high performance vinyl is designed for branding on vehicles, window graphics and all exterior or interior signage and displays</li>
<li>The high gloss face film has a high level of opacity and is engineered to enhance corporate branding projects</li>
<li>Outdoor durability of up to 8 years</li></ul>

<span style=""font-weight: bold; color: #d7328a;"">Advantages:</span><br>
<ul><li>Very cohesive solvent based adhesive provides excellent dimensional stability and water resistance for long term durability</li>
<li>This film is available with both the standard kraft liner that allows for wet or dry application as well as the Airflow liner for dry, easy to apply and bubble free application</li>
<li>Colour referencing for colour system swatches and competitor matching - see below</li>
<li>Fire Rated to Euroclass DIN EN 13501-1:2019-05 with classification B-s1-d0</li>
<li>REACH & RoHS compliant</li></ul>

<span style=""font-weight: bold; color: #d7328a;"">Technical Information:</span><br>
<ul>
<a href=""media/ecom/pdfs/datasheets/TDS_Ri_MarkPlatinum_uk_issue1_4983.pdf"" target=""_blank""><img
style=""border: 0px solid ; width: 200px; height: 60px;"" alt=""Ri-Mark Platinum Datasheet""
src=""media/ecom/onpagegraphics/Datasheet.png""></a>
<a href=""media/ecom/pdfs/firecertificates/EN 13501-1_Ri-Mark Platinum series_class B-s1 d0.pdf"" target=""_blank""><img
style=""border: 0px solid ; width: 200px; height: 60px;"" alt=""Ri-Mark Platinum Fire Certificate""
src=""media/ecom/onpagegraphics/Fire.png""></a>
<a href=""media/ecom/colselxl/digital_colour_card_Ri_Mark_Platinum.pdf"" target=""_blank""><img
style=""border: 0px solid ; width: 200px; height: 60px;"" alt=""Ri-Mark Platinum Colour Selector""
src=""media/ecom/onpagegraphics/Colour.png""></a></ul>
</body>
</html>","Platinum_813_Poppy_Red.png","Platinum_813_Poppy_Red.png","INVITEMS","DEFAULT-P813-DEFAULT-P813","","","0","0","0","","1","REGONLY","0","0","0","0","","","","SELECT","SELECT","0","","","","","0","0","","income-service","","","0","0","","","","","Ritrama-Platinum-Range","Ritrama-Platinum-Range","","","0","900EMT1220, 4075CT1220, 903C1220, Aslan_Red_Devil_Squeegee, Olfa_X_Design_Heavy_Duty_Knife, Masking_Tape_25mm, Aslan-Gold-Soft-Squeegee, Olfa_Graphic_Cutter, Swann_Morton_3_Handle, Swann_Morton_10A_Blades, Float_On","900EMT1220, 4075CT1220, 903C1220, Aslan_Red_Devil_Squeegee, Olfa_X_Design_Heavy_Duty_Knife, Masking_Tape_25mm, Aslan-Gold-Soft-Squeegee, Olfa_Graphic_Cutter, Swann_Morton_3_Handle, Swann_Morton_10A_Blades, Float_On","A","","ADHESIVE_STANDARD_LINER","","","Colours, Reds","Gloss","Colour References","<style>

table {

margin: 0 auto 0 auto;
}

table, th, td {
  
  border-collapse: collapse;
padding: 5px;
}
th, td {
  padding: 5px;
  text-align: center; 
  width: 160px;
  height: 30px;
  background-color:#009ee3;
  color: white;
  border-left: 5px solid white;
  border-right: 5px solid white;
}

th {
  border-top-color: white;
  font-size: 14px;
}

td {

padding-bottom: 1em;
border-bottom: 5px solid white;
font-size: 14px;
  
</style>



<table id=""data"">
  <tbody><tr>
    <th>Pantone</th>
<th>RAL</th>
<th>Avery 700</th>
<th>Mactac 9800 Pro</th>
<th>Oracal 551</th>
<th>Metamark M7</th>
  </tr>
  <tr>
    <td>&#177; 179 C</td>
<td>-</td>
<td>&#177; 743</td>
<td>= 9859-10</td>
<td>&#177; 302</td>
<td>-</td>
  </tr>

  </tbody></table>","","","","","","","F-Sign-Platinum-813-Poppy-Red","0","vinyl, polymeric, platinum, ritrama, fedrigoni, p813, pantone 179 c, avery 743, mactac 9859-10, oracal 551 302, fsign, f sign, f-sign, ","","","1686157388","0","","0","","CHECKBOX"
"P814","F-Sign Platinum 814 Vivid Red","P814","Ritrama","110","5","DEFAULT","","","","","0","F-Sign Platinum 814 Vivid Red polymeric self-adhesive vinyl designed for long term vehicle graphics and exterior signage with an outdoor durability of 8 years.","<html>
<head><title>Platinum 814 Vivid Red Gloss</title>

<style>
.responsive {
  width: 50%;
  height: auto;
}
</style>
</head>

<body>
<img src=""media/ecom/onpagegraphics/Fedrigoni_Logo.jpg"" alt=""Fedrigoni Logo"" class=""responsive"">
<p>F-Sign Platinum 814 Vivid Red polymeric self-adhesive vinyl is designed for long term vehicle graphics and exterior signage.</p>

<span style=""font-weight: bold; color: #d7328a;"">Structure:</span><br>
<ul><li>65<span>&#181;</span>m Polymeric calendered PVC</li>
<li>Transparent solvent based adhesive - Permanent</li>
<li>Clay coated kraft paper liner - 120gm<sup>2</sup>
</li></ul>

<span style=""font-weight: bold; color: #d7328a;"">Suitability:</span><br>
<ul><li>Excellent conformability to 3D curved surfaces (for extremely curved surfaces or corrugations this vinyl should be cut and applied with an overlap)</li>
<li>This high performance vinyl is designed for branding on vehicles, window graphics and all exterior or interior signage and displays</li>
<li>The high gloss face film has a high level of opacity and is engineered to enhance corporate branding projects</li>
<li>Outdoor durability of up to 8 years</li></ul>

<span style=""font-weight: bold; color: #d7328a;"">Advantages:</span><br>
<ul><li>Very cohesive solvent based adhesive provides excellent dimensional stability and water resistance for long term durability</li>
<li>This film is available with both the standard kraft liner that allows for wet or dry application as well as the Airflow liner for dry, easy to apply and bubble free application</li>
<li>Colour referencing for colour system swatches and competitor matching - see below</li>
<li>Fire Rated to Euroclass DIN EN 13501-1:2019-05 with classification B-s1-d0</li>
<li>REACH & RoHS compliant</li></ul>

<span style=""font-weight: bold; color: #d7328a;"">Technical Information:</span><br>
<ul>
<a href=""media/ecom/pdfs/datasheets/TDS_Ri_MarkPlatinum_uk_issue1_4983.pdf"" target=""_blank""><img
style=""border: 0px solid ; width: 200px; height: 60px;"" alt=""Ri-Mark Platinum Datasheet""
src=""media/ecom/onpagegraphics/Datasheet.png""></a>
<a href=""media/ecom/pdfs/firecertificates/EN 13501-1_Ri-Mark Platinum series_class B-s1 d0.pdf"" target=""_blank""><img
style=""border: 0px solid ; width: 200px; height: 60px;"" alt=""Ri-Mark Platinum Fire Certificate""
src=""media/ecom/onpagegraphics/Fire.png""></a>
<a href=""media/ecom/colselxl/digital_colour_card_Ri_Mark_Platinum.pdf"" target=""_blank""><img
style=""border: 0px solid ; width: 200px; height: 60px;"" alt=""Ri-Mark Platinum Colour Selector""
src=""media/ecom/onpagegraphics/Colour.png""></a></ul>
</body>
</html>
","Platinum_814_Vivid_Red.png","Platinum_814_Vivid_Red.png","INVITEMS","DEFAULT-P814-DEFAULT-P814","","","0","0","0","","1","REGONLY","0","0","0","0","","","","SELECT","SELECT","0","","","","","0","0","","income-service","","","0","0","","","","","Ritrama-Platinum-Range","Ritrama-Platinum-Range","","","0","900EMT1220, 4075CT1220, 903C1220, Aslan_Red_Devil_Squeegee, Olfa_X_Design_Heavy_Duty_Knife, Masking_Tape_25mm, Aslan-Gold-Soft-Squeegee, Olfa_Graphic_Cutter, Swann_Morton_3_Handle, Swann_Morton_10A_Blades, Float_On","900EMT1220, 4075CT1220, 903C1220, Aslan_Red_Devil_Squeegee, Olfa_X_Design_Heavy_Duty_Knife, Masking_Tape_25mm, Aslan-Gold-Soft-Squeegee, Olfa_Graphic_Cutter, Swann_Morton_3_Handle, Swann_Morton_10A_Blades, Float_On","A","","ADHESIVE_STANDARD_LINER","","","Colours, Reds","Gloss","Colour References","<style>

table {

margin: 0 auto 0 auto;
}

table, th, td {
  
  border-collapse: collapse;
padding: 5px;
}
th, td {
  padding: 5px;
  text-align: center; 
  width: 160px;
  height: 30px;
  background-color:#009ee3;
  color: white;
  border-left: 5px solid white;
  border-right: 5px solid white;
}

th {
  border-top-color: white;
  font-size: 14px;
}

td {

padding-bottom: 1em;
border-bottom: 5px solid white;
font-size: 14px;
  
</style>



<table id=""data"">
  <tbody><tr>
    <th>Pantone</th>
<th>RAL</th>
<th>Avery 700</th>
<th>Mactac 9800 Pro</th>
<th>Oracal 551</th>
<th>Metamark M7</th>
  </tr>
  <tr>
    <td>&#177; 3556 C</td>
<td>&#177; 3020</td>
<td>= 737</td>
<td>= 9859-47</td>
<td>&#177; 303</td>
<td>-</td>
  </tr>

  </tbody></table>","","","","","","","F-Sign-Platinum-814-Vivid-Red","0","vinyl, polymeric, platinum, ritrama, fedrigoni, p814, pantone 3556 c, ral 3020, avery 737, mactac 9859-47, oracal 551 303, fsign, f sign, f-sign, ","","","1686158452","0","","0","","CHECKBOX"
"P815","F-Sign Platinum 815 Tomato Red","P815","Ritrama","120","5","DEFAULT","","","","","0","F-Sign Platinum 815 Tomato Red polymeric self-adhesive vinyl designed for long term vehicle graphics and exterior signage with an outdoor durability of 8 years.","<html>
<head><title>Platinum 815 Tomato Red Gloss</title>

<style>
.responsive {
  width: 50%;
  height: auto;
}
</style>
</head>

<body>
<img src=""media/ecom/onpagegraphics/Fedrigoni_Logo.jpg"" alt=""Fedrigoni Logo"" class=""responsive"">
<p>F-Sign Platinum 815 Tomato Red polymeric self-adhesive vinyl is designed for long term vehicle graphics and exterior signage.</p>

<span style=""font-weight: bold; color: #d7328a;"">Structure:</span><br>
<ul><li>65<span>&#181;</span>m Polymeric calendered PVC</li>
<li>Transparent solvent based adhesive - Permanent</li>
<li>Clay coated kraft paper liner - 120gm<sup>2</sup>
</li></ul>

<span style=""font-weight: bold; color: #d7328a;"">Suitability:</span><br>
<ul><li>Excellent conformability to 3D curved surfaces (for extremely curved surfaces or corrugations this vinyl should be cut and applied with an overlap)</li>
<li>This high performance vinyl is designed for branding on vehicles, window graphics and all exterior or interior signage and displays</li>
<li>The high gloss face film has a high level of opacity and is engineered to enhance corporate branding projects</li>
<li>Outdoor durability of up to 8 years</li></ul>

<span style=""font-weight: bold; color: #d7328a;"">Advantages:</span><br>
<ul><li>Very cohesive solvent based adhesive provides excellent dimensional stability and water resistance for long term durability</li>
<li>This film is available with both the standard kraft liner that allows for wet or dry application as well as the Airflow liner for dry, easy to apply and bubble free application</li>
<li>Colour referencing for colour system swatches and competitor matching - see below</li>
<li>Fire Rated to Euroclass DIN EN 13501-1:2019-05 with classification B-s1-d0</li>
<li>REACH & RoHS compliant</li></ul>

<span style=""font-weight: bold; color: #d7328a;"">Technical Information:</span><br>
<ul>
<a href=""media/ecom/pdfs/datasheets/TDS_Ri_MarkPlatinum_uk_issue1_4983.pdf"" target=""_blank""><img
style=""border: 0px solid ; width: 200px; height: 60px;"" alt=""Ri-Mark Platinum Datasheet""
src=""media/ecom/onpagegraphics/Datasheet.png""></a>
<a href=""media/ecom/pdfs/firecertificates/EN 13501-1_Ri-Mark Platinum series_class B-s1 d0.pdf"" target=""_blank""><img
style=""border: 0px solid ; width: 200px; height: 60px;"" alt=""Ri-Mark Platinum Fire Certificate""
src=""media/ecom/onpagegraphics/Fire.png""></a>
<a href=""media/ecom/colselxl/digital_colour_card_Ri_Mark_Platinum.pdf"" target=""_blank""><img
style=""border: 0px solid ; width: 200px; height: 60px;"" alt=""Ri-Mark Platinum Colour Selector""
src=""media/ecom/onpagegraphics/Colour.png""></a></ul>
</body>
</html>
","Platinum_815_Tomato_Red.png","Platinum_815_Tomato_Red.png","INVITEMS","DEFAULT-P815-DEFAULT-P815","","","0","0","0","","1","REGONLY","0","0","0","0","","","","SELECT","SELECT","0","","","","","0","0","","income-service","","","0","0","","","","","Ritrama-Platinum-Range","Ritrama-Platinum-Range","","","0","900EMT1220, 4075CT1220, 903C1220, Aslan_Red_Devil_Squeegee, Olfa_X_Design_Heavy_Duty_Knife, Masking_Tape_25mm, Aslan-Gold-Soft-Squeegee, Olfa_Graphic_Cutter, Swann_Morton_3_Handle, Swann_Morton_10A_Blades, Float_On","900EMT1220, 4075CT1220, 903C1220, Aslan_Red_Devil_Squeegee, Olfa_X_Design_Heavy_Duty_Knife, Masking_Tape_25mm, Aslan-Gold-Soft-Squeegee, Olfa_Graphic_Cutter, Swann_Morton_3_Handle, Swann_Morton_10A_Blades, Float_On","A","","ADHESIVE_STANDARD_LINER","","","Colours, Reds","Gloss","Colour References","<style>

table {

margin: 0 auto 0 auto;
}

table, th, td {
  
  border-collapse: collapse;
padding: 5px;
}
th, td {
  padding: 5px;
  text-align: center; 
  width: 160px;
  height: 30px;
  background-color:#009ee3;
  color: white;
  border-left: 5px solid white;
  border-right: 5px solid white;
}

th {
  border-top-color: white;
  font-size: 14px;
}

td {

padding-bottom: 1em;
border-bottom: 5px solid white;
font-size: 14px;
  
</style>



<table id=""data"">
  <tbody><tr>
    <th>Pantone</th>
<th>RAL</th>
<th>Avery 700</th>
<th>Mactac 9800 Pro</th>
<th>Oracal 551</th>
<th>Metamark M7</th>
  </tr>
  <tr>
    <td>&#177; 485 C</td>
<td>&#177; 3020</td>
<td>&#177; 749-02</td>
<td>= 9859-46</td>
<td>-</td>
<td>M7-141</td>
  </tr>

  </tbody></table>","","","","","","","F-Sign-Platinum-815-Tomato-Red","0","vinyl, polymeric, platinum, ritrama, fedrigoni, p815, pantone 485 c, ral 3020, avery 749-02, mactac 9859-46, metamark m7-141, fsign, f sign, f-sign, ","","","1686158568","0","","0","","CHECKBOX"
"P816","F-Sign Platinum 816 Spicy Red","P816","Ritrama","130","6","DEFAULT","","","","","0","F-Sign Platinum 816 Spicy Red polymeric self-adhesive vinyl designed for long term vehicle graphics and exterior signage with an outdoor durability of 8 years.","<html>
<head><title>Platinum 816 Spicy Red Gloss </title>

<style>
.responsive {
  width: 50%;
  height: auto;
}
</style>
</head>

<body>
<img src=""media/ecom/onpagegraphics/Fedrigoni_Logo.jpg"" alt=""Fedrigoni Logo"" class=""responsive"">
<p>F-Sign Platinum 816 Spicy Red polymeric self-adhesive vinyl is designed for long term vehicle graphics and exterior signage.</p>

<span style=""font-weight: bold; color: #d7328a;"">Structure:</span><br>
<ul><li>65<span>&#181;</span>m Polymeric calendered PVC</li>
<li>Transparent solvent based adhesive - Permanent</li>
<li>Clay coated kraft paper liner - 120gm<sup>2</sup> or Micro embossed PE coated kraft paper liner - 140gm<sup>2</sup>
</li></ul>

<span style=""font-weight: bold; color: #d7328a;"">Suitability:</span><br>
<ul><li>Excellent conformability to 3D curved surfaces (for extremely curved surfaces or corrugations this vinyl should be cut and applied with an overlap)</li>
<li>This high performance vinyl is designed for branding on vehicles, window graphics and all exterior or interior signage and displays</li>
<li>The high gloss face film has a high level of opacity and is engineered to enhance corporate branding projects</li>
<li>Outdoor durability of up to 8 years</li></ul>

<span style=""font-weight: bold; color: #d7328a;"">Advantages:</span><br>
<ul><li>Very cohesive solvent based adhesive provides excellent dimensional stability and water resistance for long term durability</li>
<li>This film is available with both the standard kraft liner that allows for wet or dry application as well as the Airflow liner for dry, easy to apply and bubble free application</li>
<li>Colour referencing for colour system swatches and competitor matching - see below</li>
<li>Fire Rated to Euroclass DIN EN 13501-1:2019-05 with classification B-s1-d0</li>
<li>REACH & RoHS compliant</li></ul>

<span style=""font-weight: bold; color: #d7328a;"">Technical Information:</span><br>
<ul>
<a href=""media/ecom/pdfs/datasheets/TDS_Ri_MarkPlatinum_uk_issue1_4983.pdf"" target=""_blank""><img
style=""border: 0px solid ; width: 200px; height: 60px;"" alt=""Ri-Mark Platinum Datasheet""
src=""media/ecom/onpagegraphics/Datasheet.png""></a>
<a href=""media/ecom/pdfs/firecertificates/EN 13501-1_Ri-Mark Platinum series_class B-s1 d0.pdf"" target=""_blank""><img
style=""border: 0px solid ; width: 200px; height: 60px;"" alt=""Ri-Mark Platinum Fire Certificate""
src=""media/ecom/onpagegraphics/Fire.png""></a>
<a href=""media/ecom/colselxl/digital_colour_card_Ri_Mark_Platinum.pdf"" target=""_blank""><img
style=""border: 0px solid ; width: 200px; height: 60px;"" alt=""Ri-Mark Platinum Colour Selector""
src=""media/ecom/onpagegraphics/Colour.png""></a></ul>
</body>
</html>","Platinum_816_Spicy_Red.png","Platinum_816_Spicy_Red.png","INVITEMS","DEFAULT-P816-DEFAULT-P816","","","0","0","0","","1","REGONLY","0","0","0","0","","","","SELECT","SELECT","0","","","","","0","0","","income-service","","","0","0","","","","","Ritrama-Platinum-Range","Ritrama-Platinum-Range","","","0","900EMT1220, 4075CT1220, 903C1220, Aslan_Red_Devil_Squeegee, Olfa_X_Design_Heavy_Duty_Knife, Masking_Tape_25mm, Aslan-Gold-Soft-Squeegee, Olfa_Graphic_Cutter, Swann_Morton_3_Handle, Swann_Morton_10A_Blades, Float_On","900EMT1220, 4075CT1220, 903C1220, Aslan_Red_Devil_Squeegee, Olfa_X_Design_Heavy_Duty_Knife, Masking_Tape_25mm, Aslan-Gold-Soft-Squeegee, Olfa_Graphic_Cutter, Swann_Morton_3_Handle, Swann_Morton_10A_Blades, Float_On","A","","ADHESIVE_AIRFLOW, ADHESIVE_STANDARD_LINER","","","Colours, Reds","Gloss","Colour References","<style>

table {

margin: 0 auto 0 auto;
}

table, th, td {
  
  border-collapse: collapse;
padding: 5px;
}
th, td {
  padding: 5px;
  text-align: center; 
  width: 160px;
  height: 30px;
  background-color:#009ee3;
  color: white;
  border-left: 5px solid white;
  border-right: 5px solid white;
}

th {
  border-top-color: white;
  font-size: 14px;
}

td {

padding-bottom: 1em;
border-bottom: 5px solid white;
font-size: 14px;
  
</style>



<table id=""data"">
  <tbody><tr>
    <th>Pantone</th>
<th>RAL</th>
<th>Avery 700</th>
<th>Mactac 9800 Pro</th>
<th>Oracal 551</th>
<th>Metamark M7</th>
  </tr>
  <tr>
    <td>&#177; 3546 C</td>
<td>&#177; 3020</td>
<td>= 765-01</td>
<td>= 9859-43</td>
<td>= 397</td>
<td>M7-142</td>
  </tr>

  </tbody></table>","","","","","","","F-Sign-Platinum-816-Spicy-Red","0","vinyl, polymeric, platinum, ritrama, fedrigoni, p816, airflow, pantone 3546 c, ral 3020, avery 765-01, mactac 9859-43, oracal 551 397, metamark m7-142, fsign, f sign, f-sign, ","","","1686224024","0","","0","","CHECKBOX"
"P817","F-Sign Platinum 817 Medium Red","P817","Ritrama","140","6","DEFAULT","","","","","0","F-Sign Platinum 817 Medium Red polymeric self-adhesive vinyl designed for long term vehicle graphics and exterior signage with an outdoor durability of 8 years.","<html>
<head><title>Platinum 817 Medium Red Gloss AIRFLOW </title>

<style>
.responsive {
  width: 50%;
  height: auto;
}
</style>
</head>

<body>
<img src=""media/ecom/onpagegraphics/Fedrigoni_Logo.jpg"" alt=""Fedrigoni Logo"" class=""responsive"">
<p>F-Sign Platinum 817 Medium Red polymeric self-adhesive vinyl is designed for long term vehicle graphics and exterior signage.</p>

<span style=""font-weight: bold; color: #d7328a;"">Structure:</span><br>
<ul><li>65<span>&#181;</span>m Polymeric calendered PVC</li>
<li>Transparent solvent based adhesive - Permanent</li>
<li>Clay coated kraft paper liner - 120gm<sup>2</sup> or Micro embossed PE coated kraft paper liner - 140gm<sup>2</sup>
</li></ul>

<span style=""font-weight: bold; color: #d7328a;"">Suitability:</span><br>
<ul><li>Excellent conformability to 3D curved surfaces (for extremely curved surfaces or corrugations this vinyl should be cut and applied with an overlap)</li>
<li>This high performance vinyl is designed for branding on vehicles, window graphics and all exterior or interior signage and displays</li>
<li>The high gloss face film has a high level of opacity and is engineered to enhance corporate branding projects</li>
<li>Outdoor durability of up to 8 years</li></ul>

<span style=""font-weight: bold; color: #d7328a;"">Advantages:</span><br>
<ul><li>Very cohesive solvent based adhesive provides excellent dimensional stability and water resistance for long term durability</li>
<li>This film is available with both the standard kraft liner that allows for wet or dry application as well as the Airflow liner for dry, easy to apply and bubble free application</li>
<li>Colour referencing for colour system swatches and competitor matching - see below</li>
<li>Fire Rated to Euroclass DIN EN 13501-1:2019-05 with classification B-s1-d0</li>
<li>REACH & RoHS compliant</li></ul>

<span style=""font-weight: bold; color: #d7328a;"">Technical Information:</span><br>
<ul>
<a href=""media/ecom/pdfs/datasheets/TDS_Ri_MarkPlatinum_uk_issue1_4983.pdf"" target=""_blank""><img
style=""border: 0px solid ; width: 200px; height: 60px;"" alt=""Ri-Mark Platinum Datasheet""
src=""media/ecom/onpagegraphics/Datasheet.png""></a>
<a href=""media/ecom/pdfs/firecertificates/EN 13501-1_Ri-Mark Platinum series_class B-s1 d0.pdf"" target=""_blank""><img
style=""border: 0px solid ; width: 200px; height: 60px;"" alt=""Ri-Mark Platinum Fire Certificate""
src=""media/ecom/onpagegraphics/Fire.png""></a>
<a href=""media/ecom/colselxl/digital_colour_card_Ri_Mark_Platinum.pdf"" target=""_blank""><img
style=""border: 0px solid ; width: 200px; height: 60px;"" alt=""Ri-Mark Platinum Colour Selector""
src=""media/ecom/onpagegraphics/Colour.png""></a></ul>
</body>
</html>
","Platinum_817_Medium_Red.png","Platinum_817_Medium_Red.png","INVITEMS","DEFAULT-P817-DEFAULT-P817","","","0","0","0","","1","REGONLY","0","0","0","0","","","","SELECT","SELECT","0","","","","","0","0","","income-service","","","0","0","","","","","Ritrama-Platinum-Range","Ritrama-Platinum-Range","","","0","900EMT1220, 4075CT1220, 903C1220, Aslan_Red_Devil_Squeegee, Olfa_X_Design_Heavy_Duty_Knife, Masking_Tape_25mm, Aslan-Gold-Soft-Squeegee, Olfa_Graphic_Cutter, Swann_Morton_3_Handle, Swann_Morton_10A_Blades, Float_On","900EMT1220, 4075CT1220, 903C1220, Aslan_Red_Devil_Squeegee, Olfa_X_Design_Heavy_Duty_Knife, Masking_Tape_25mm, Aslan-Gold-Soft-Squeegee, Olfa_Graphic_Cutter, Swann_Morton_3_Handle, Swann_Morton_10A_Blades, Float_On","A","","ADHESIVE_AIRFLOW, ADHESIVE_STANDARD_LINER","","","Colours, Reds","Gloss","Colour References","<style>

table {

margin: 0 auto 0 auto;
}

table, th, td {
  
  border-collapse: collapse;
padding: 5px;
}
th, td {
  padding: 5px;
  text-align: center; 
  width: 160px;
  height: 30px;
  background-color:#009ee3;
  color: white;
  border-left: 5px solid white;
  border-right: 5px solid white;
}

th {
  border-top-color: white;
  font-size: 14px;
}

td {

padding-bottom: 1em;
border-bottom: 5px solid white;
font-size: 14px;
  
</style>



<table id=""data"">
  <tbody><tr>
    <th>Pantone</th>
<th>RAL</th>
<th>Avery 700</th>
<th>Mactac 9800 Pro</th>
<th>Oracal 551</th>
<th>Metamark M7</th>
  </tr>
  <tr>
    <td>&#177; 3517 C</td>
<td>&#177; 3000</td>
<td>= 749-01</td>
<td>= 9859-00</td>
<td>= 305</td>
<td>-</td>
  </tr>

  </tbody></table>","","","","","","","F-Sign-Platinum-817-Medium-Red","0","vinyl, polymeric, platinum, ritrama, fedrigoni, p817, airflow, pantone 3517 c, ral 3000, avery 749-01, mactac 9859-00, oracal 551 305, fsign, f sign, f-sign, ","","","1686224626","0","","0","","CHECKBOX"
"P818","F-Sign Platinum 818 Dark Red","P818","Ritrama","150","5","DEFAULT","","","","","0","F-Sign Platinum 818 Dark Red polymeric self-adhesive vinyl designed for long term vehicle graphics and exterior signage with an outdoor durability of 8 years.","<html>
<head><title>Platinum 818 Dark Red Gloss</title>

<style>
.responsive {
  width: 50%;
  height: auto;
}
</style>
</head>

<body>
<img src=""media/ecom/onpagegraphics/Fedrigoni_Logo.jpg"" alt=""Fedrigoni Logo"" class=""responsive"">
<p>F-Sign Platinum 818 Dark Red polymeric self-adhesive vinyl is designed for long term vehicle graphics and exterior signage.</p>

<span style=""font-weight: bold; color: #d7328a;"">Structure:</span><br>
<ul><li>65<span>&#181;</span>m Polymeric calendered PVC</li>
<li>Transparent solvent based adhesive - Permanent</li>
<li>Clay coated kraft paper liner - 120gm<sup>2</sup>
</li></ul>

<span style=""font-weight: bold; color: #d7328a;"">Suitability:</span><br>
<ul><li>Excellent conformability to 3D curved surfaces (for extremely curved surfaces or corrugations this vinyl should be cut and applied with an overlap)</li>
<li>This high performance vinyl is designed for branding on vehicles, window graphics and all exterior or interior signage and displays</li>
<li>The high gloss face film has a high level of opacity and is engineered to enhance corporate branding projects</li>
<li>Outdoor durability of up to 8 years</li></ul>

<span style=""font-weight: bold; color: #d7328a;"">Advantages:</span><br>
<ul><li>Very cohesive solvent based adhesive provides excellent dimensional stability and water resistance for long term durability</li>
<li>This film is available with both the standard kraft liner that allows for wet or dry application as well as the Airflow liner for dry, easy to apply and bubble free application</li>
<li>Colour referencing for colour system swatches and competitor matching - see below</li>
<li>Fire Rated to Euroclass DIN EN 13501-1:2019-05 with classification B-s1-d0</li>
<li>REACH & RoHS compliant</li></ul>

<span style=""font-weight: bold; color: #d7328a;"">Technical Information:</span><br>
<ul>
<a href=""media/ecom/pdfs/datasheets/TDS_Ri_MarkPlatinum_uk_issue1_4983.pdf"" target=""_blank""><img
style=""border: 0px solid ; width: 200px; height: 60px;"" alt=""Ri-Mark Platinum Datasheet""
src=""media/ecom/onpagegraphics/Datasheet.png""></a>
<a href=""media/ecom/pdfs/firecertificates/EN 13501-1_Ri-Mark Platinum series_class B-s1 d0.pdf"" target=""_blank""><img
style=""border: 0px solid ; width: 200px; height: 60px;"" alt=""Ri-Mark Platinum Fire Certificate""
src=""media/ecom/onpagegraphics/Fire.png""></a>
<a href=""media/ecom/colselxl/digital_colour_card_Ri_Mark_Platinum.pdf"" target=""_blank""><img
style=""border: 0px solid ; width: 200px; height: 60px;"" alt=""Ri-Mark Platinum Colour Selector""
src=""media/ecom/onpagegraphics/Colour.png""></a></ul>
</body>
</html>","Platinum_818_Dark_Red.png","Platinum_818_Dark_Red.png","INVITEMS","DEFAULT-P818-DEFAULT-P818","","","0","0","0","","1","REGONLY","0","0","0","0","","","","SELECT","SELECT","0","","","","","0","0","","income-service","","","0","0","","","","","Ritrama-Platinum-Range","Ritrama-Platinum-Range","","","0","900EMT1220, 4075CT1220, 903C1220, Aslan_Red_Devil_Squeegee, Olfa_X_Design_Heavy_Duty_Knife, Masking_Tape_25mm, Aslan-Gold-Soft-Squeegee, Olfa_Graphic_Cutter, Swann_Morton_3_Handle, Swann_Morton_10A_Blades, Float_On","900EMT1220, 4075CT1220, 903C1220, Aslan_Red_Devil_Squeegee, Olfa_X_Design_Heavy_Duty_Knife, Masking_Tape_25mm, Aslan-Gold-Soft-Squeegee, Olfa_Graphic_Cutter, Swann_Morton_3_Handle, Swann_Morton_10A_Blades, Float_On","A","","ADHESIVE_STANDARD_LINER","","","Colours, Reds","Gloss","Colour References","<style>

table {

margin: 0 auto 0 auto;
}

table, th, td {
  
  border-collapse: collapse;
padding: 5px;
}
th, td {
  padding: 5px;
  text-align: center; 
  width: 160px;
  height: 30px;
  background-color:#009ee3;
  color: white;
  border-left: 5px solid white;
  border-right: 5px solid white;
}

th {
  border-top-color: white;
  font-size: 14px;
}

td {

padding-bottom: 1em;
border-bottom: 5px solid white;
font-size: 14px;
  
</style>



<table id=""data"">
  <tbody><tr>
    <th>Pantone</th>
<th>RAL</th>
<th>Avery 700</th>
<th>Mactac 9800 Pro</th>
<th>Oracal 551</th>
<th>Metamark M7</th>
  </tr>
  <tr>
    <td>&#177; 3517 C</td>
<td>&#177; 3001</td>
<td>= 703</td>
<td>= 9859-12</td>
<td>= 306</td>
<td>M7-148</td>
  </tr>

  </tbody></table>","","","","","","","F-Sign-Platinum-818-Dark-Red","0","vinyl, polymeric, platinum, ritrama, fedrigoni, p818, pantone 3517 c, ral 3001, avery 703, mactac 9859-12, oracal 551 306, metamark m7-148, fsign, f sign, f-sign, ","","","1686224735","0","","0","","CHECKBOX"
"P819","F-Sign Platinum 819 Red","P819","Ritrama","160","6","DEFAULT","","","","","0","F-Sign Platinum 819 Red polymeric self-adhesive vinyl designed for long term vehicle graphics and exterior signage with an outdoor durability of 8 years.","<html>
<head><title>Platinum 819 Red Gloss</title>

<style>
.responsive {
  width: 50%;
  height: auto;
}
</style>
</head>

<body>
<img src=""media/ecom/onpagegraphics/Fedrigoni_Logo.jpg"" alt=""Fedrigoni Logo"" class=""responsive"">
<p>F-Sign Platinum 819 Red polymeric self-adhesive vinyl is designed for long term vehicle graphics and exterior signage.</p>

<span style=""font-weight: bold; color: #d7328a;"">Structure:</span><br>
<ul><li>65<span>&#181;</span>m Polymeric calendered PVC</li>
<li>Transparent solvent based adhesive - Permanent</li>
<li>Clay coated kraft paper liner - 120gm<sup>2</sup> or Micro embossed PE coated kraft paper liner - 140gm<sup>2</sup>
</li></ul>

<span style=""font-weight: bold; color: #d7328a;"">Suitability:</span><br>
<ul><li>Excellent conformability to 3D curved surfaces (for extremely curved surfaces or corrugations this vinyl should be cut and applied with an overlap)</li>
<li>This high performance vinyl is designed for branding on vehicles, window graphics and all exterior or interior signage and displays</li>
<li>The high gloss face film has a high level of opacity and is engineered to enhance corporate branding projects</li>
<li>Outdoor durability of up to 8 years</li></ul>

<span style=""font-weight: bold; color: #d7328a;"">Advantages:</span><br>
<ul><li>Very cohesive solvent based adhesive provides excellent dimensional stability and water resistance for long term durability</li>
<li>This film is available with both the standard kraft liner that allows for wet or dry application as well as the Airflow liner for dry, easy to apply and bubble free application</li>
<li>Colour referencing for colour system swatches and competitor matching - see below</li>
<li>Fire Rated to Euroclass DIN EN 13501-1:2019-05 with classification B-s1-d0</li>
<li>REACH & RoHS compliant</li></ul>

<span style=""font-weight: bold; color: #d7328a;"">Technical Information:</span><br>
<ul>
<a href=""media/ecom/pdfs/datasheets/TDS_Ri_MarkPlatinum_uk_issue1_4983.pdf"" target=""_blank""><img
style=""border: 0px solid ; width: 200px; height: 60px;"" alt=""Ri-Mark Platinum Datasheet""
src=""media/ecom/onpagegraphics/Datasheet.png""></a>
<a href=""media/ecom/pdfs/firecertificates/EN 13501-1_Ri-Mark Platinum series_class B-s1 d0.pdf"" target=""_blank""><img
style=""border: 0px solid ; width: 200px; height: 60px;"" alt=""Ri-Mark Platinum Fire Certificate""
src=""media/ecom/onpagegraphics/Fire.png""></a>
<a href=""media/ecom/colselxl/digital_colour_card_Ri_Mark_Platinum.pdf"" target=""_blank""><img
style=""border: 0px solid ; width: 200px; height: 60px;"" alt=""Ri-Mark Platinum Colour Selector""
src=""media/ecom/onpagegraphics/Colour.png""></a></ul>
</body>
</html>","Platinum_819_Red.png","Platinum_819_Red.png","INVITEMS","DEFAULT-P819-DEFAULT-P819","","","0","0","0","","1","REGONLY","0","0","0","0","","","","SELECT","SELECT","0","","","","","0","0","","income-service","","","0","0","","","","","Ritrama-Platinum-Range","Ritrama-Platinum-Range","","","0","900EMT1220, 4075CT1220, 903C1220, Aslan_Red_Devil_Squeegee, Olfa_X_Design_Heavy_Duty_Knife, Masking_Tape_25mm, Aslan-Gold-Soft-Squeegee, Olfa_Graphic_Cutter, Swann_Morton_3_Handle, Swann_Morton_10A_Blades, Float_On","900EMT1220, 4075CT1220, 903C1220, Aslan_Red_Devil_Squeegee, Olfa_X_Design_Heavy_Duty_Knife, Masking_Tape_25mm, Aslan-Gold-Soft-Squeegee, Olfa_Graphic_Cutter, Swann_Morton_3_Handle, Swann_Morton_10A_Blades, Float_On","A","","ADHESIVE_AIRFLOW, ADHESIVE_STANDARD_LINER","","","Colours, Reds","Gloss","Colour References","<style>

table {

margin: 0 auto 0 auto;
}

table, th, td {
  
  border-collapse: collapse;
padding: 5px;
}
th, td {
  padding: 5px;
  text-align: center; 
  width: 160px;
  height: 30px;
  background-color:#009ee3;
  color: white;
  border-left: 5px solid white;
  border-right: 5px solid white;
}

th {
  border-top-color: white;
  font-size: 14px;
}

td {

padding-bottom: 1em;
border-bottom: 5px solid white;
font-size: 14px;
  
</style>



<table id=""data"">
  <tbody><tr>
    <th>Pantone</th>
<th>RAL</th>
<th>Avery 700</th>
<th>Mactac 9800 Pro</th>
<th>Oracal 551</th>
<th>Metamark M7</th>

  </tr>
  <tr>
    <td>&#177; 7621 C</td>
<td>&#177; 3002</td>
<td>-</td>
<td>-</td>
<td>&#177; 31</td>
<td></td>
  </tr>

  </tbody></table>","","","","","","","F-Sign-Platinum-819-Red","0","vinyl, polymeric, platinum, ritrama, fedrigoni, p819, airflow, pantone 7621 c, ral 3002, oracal 551 31, fsign, f sign, f-sign, ","","","1686224933","0","","0","","CHECKBOX"
"P820","F-Sign Platinum 820 Wine Red","P820","Ritrama","170","6","DEFAULT","","","","","0","F-Sign Platinum 820 Wine Red polymeric self-adhesive vinyl designed for long term vehicle graphics and exterior signage with an outdoor durability of 8 years.","<html>
<head><title>Platinum 820 Wine Red Gloss AIRFLOW </title>

<style>
.responsive {
  width: 50%;
  height: auto;
}
</style>
</head>

<body>
<img src=""media/ecom/onpagegraphics/Fedrigoni_Logo.jpg"" alt=""Fedrigoni Logo"" class=""responsive"">
<p>F-Sign Platinum 820 Wine Red polymeric self-adhesive vinyl is designed for long term vehicle graphics and exterior signage.</p>

<span style=""font-weight: bold; color: #d7328a;"">Structure:</span><br>
<ul><li>65<span>&#181;</span>m Polymeric calendered PVC
<li>Transparent solvent based adhesive - Permanent
<li>Clay coated kraft paper liner - 120gm<sup>2</sup> or Micro embossed PE coated kraft paper liner - 140gm<sup>2</sup>
</li></ul>

<span style=""font-weight: bold; color: #d7328a;"">Suitability:</span><br>
<ul><li>Excellent conformability to 3D curved surfaces (for extremely curved surfaces or corrugations this vinyl should be cut and applied with an overlap)
<li>This high performance vinyl is designed for branding on vehicles, window graphics and all exterior or interior signage and displays
<li>The high gloss face film has a high level of opacity and is engineered to enhance corporate branding projects
<li>Outdoor durability of up to 8 years</li></ul>

<span style=""font-weight: bold; color: #d7328a;"">Advantages:</span><br>
<ul><li>Very cohesive solvent based adhesive provides excellent dimensional stability and water resisitance for long term durability
<li>This film is available with both the standard kraft liner that allows for wet or dry application as well as the Airflow liner for dry, easy to apply and bubble free application
<li>Colour referencing for colour system swatches and competitor matching - see below
<li>Fire Rated to Euroclass DIN EN 13501-1:2019-05 with classification B-s1-d0
<li>REACH & RoHS compliant</li></ul>

<span style=""font-weight: bold; color: #d7328a;"">Technical Information:</span><br>
<ul>
<a href=""media/ecom/pdfs/datasheets/TDS_Ri_MarkPlatinum_uk_issue1_4983.pdf"" target=""_blank""><img
style=""border: 0px solid ; width: 200px; height: 60px;"" alt=""Ri-Mark Platinum Datasheet""
src=""media/ecom/onpagegraphics/Datasheet.png""></a>
<a href=""media/ecom/pdfs/firecertificates/EN 13501-1_Ri-Mark Platinum series_class B-s1 d0.pdf"" target=""_blank""><img
style=""border: 0px solid ; width: 200px; height: 60px;"" alt=""Ri-Mark Platinum Fire Certificate""
src=""media/ecom/onpagegraphics/Fire.png""></a>
<a href=""media/ecom/colselxl/digital_colour_card_Ri_Mark_Platinum.pdf"" target=""_blank""><img
style=""border: 0px solid ; width: 200px; height: 60px;"" alt=""Ri-Mark Platinum Colour Selector""
src=""media/ecom/onpagegraphics/Colour.png""></a></ul>
</body>
</html>","Platinum_820_Wine_Red.png","Platinum_820_Wine_Red.png","INVITEMS","DEFAULT-P820-DEFAULT-P820","","","0","0","0","","1","REGONLY","0","0","0","0","","","","SELECT","SELECT","0","","","","","0","0","","income-service","","","0","0","","","","","Ritrama-Platinum-Range","Ritrama-Platinum-Range","","","0","900EMT1220, 4075CT1220, 903C1220, Aslan_Red_Devil_Squeegee, Olfa_X_Design_Heavy_Duty_Knife, Masking_Tape_25mm, Aslan-Gold-Soft-Squeegee, Olfa_Graphic_Cutter, Swann_Morton_3_Handle, Swann_Morton_10A_Blades, Float_On","900EMT1220, 4075CT1220, 903C1220, Aslan_Red_Devil_Squeegee, Olfa_X_Design_Heavy_Duty_Knife, Masking_Tape_25mm, Aslan-Gold-Soft-Squeegee, Olfa_Graphic_Cutter, Swann_Morton_3_Handle, Swann_Morton_10A_Blades, Float_On","A","","ADHESIVE_AIRFLOW, ADHESIVE_STANDARD_LINER","","","Colours, Reds","Gloss","Colour References","<style>

table {

margin: 0 auto 0 auto;
}

table, th, td {
  
  border-collapse: collapse;
padding: 5px;
}
th, td {
  padding: 5px;
  text-align: center; 
  width: 160px;
  height: 30px;
  background-color:#009ee3;
  color: white;
  border-left: 5px solid white;
  border-right: 5px solid white;
}

th {
  border-top-color: white;
  font-size: 14px;
}

td {

padding-bottom: 1em;
border-bottom: 5px solid white;
font-size: 14px;
  
</style>



<table id=""data"">
  <tbody><tr>
    <th>Pantone</th>
<th>RAL</th>
<th>Avery 700</th>
<th>Mactac 9800 Pro</th>
<th>Oracal 551</th>
<th>Metamark M7</th>
  </tr>
  <tr>
    <td>&#177; 7623 C</td>
<td>&#177; 3003</td>
<td>= 778</td>
<td>= 9859-41</td>
<td>&#177; 307</td>
<td>M7-114</td>
  </tr>

  </tbody></table>","","","","","","","F-Sign-Platinum-820-Wine-Red","0","vinyl, polymeric, platinum, ritrama, fedrigoni, p820, airflow, pantone 7623 c, ral 3003, avery 778, mactac 9859-41, oracal 551 307, metamark m7-114, fsign, f sign, f-sign, ","","","1686225133","0","","0","","CHECKBOX"
"P821","F-Sign Platinum 821 Burgundy","P821","Ritrama","180","5","DEFAULT","","","","","0","F-Sign Platinum 821 Burgundy polymeric self-adhesive vinyl designed for long term vehicle graphics and exterior signage with an outdoor durability of 8 years.","<html>
<head><title>Platinum 821 Burgundy Gloss</title>

<style>
.responsive {
  width: 50%;
  height: auto;
}
</style>
</head>

<body>
<img src=""media/ecom/onpagegraphics/Fedrigoni_Logo.jpg"" alt=""Fedrigoni Logo"" class=""responsive"">
<p>F-Sign Platinum 821 Burgundy polymeric self-adhesive vinyl is designed for long term vehicle graphics and exterior signage.</p>

<span style=""font-weight: bold; color: #d7328a;"">Structure:</span><br>
<ul><li>65<span>&#181;</span>m Polymeric calendered PVC</li>
<li>Transparent solvent based adhesive - Permanent</li>
<li>Clay coated kraft paper liner - 120gm<sup>2</sup>
</li></ul>

<span style=""font-weight: bold; color: #d7328a;"">Suitability:</span><br>
<ul><li>Excellent conformability to 3D curved surfaces (for extremely curved surfaces or corrugations this vinyl should be cut and applied with an overlap)</li>
<li>This high performance vinyl is designed for branding on vehicles, window graphics and all exterior or interior signage and displays</li>
<li>The high gloss face film has a high level of opacity and is engineered to enhance corporate branding projects</li>
<li>Outdoor durability of up to 8 years</li></ul>

<span style=""font-weight: bold; color: #d7328a;"">Advantages:</span><br>
<ul><li>Very cohesive solvent based adhesive provides excellent dimensional stability and water resistance for long term durability</li>
<li>This film is available with both the standard kraft liner that allows for wet or dry application as well as the Airflow liner for dry, easy to apply and bubble free application</li>
<li>Colour referencing for colour system swatches and competitor matching - see below</li>
<li>Fire Rated to Euroclass DIN EN 13501-1:2019-05 with classification B-s1-d0</li>
<li>REACH & RoHS compliant</li></ul>

<span style=""font-weight: bold; color: #d7328a;"">Technical Information:</span><br>
<ul>
<a href=""media/ecom/pdfs/datasheets/TDS_Ri_MarkPlatinum_uk_issue1_4983.pdf"" target=""_blank""><img
style=""border: 0px solid ; width: 200px; height: 60px;"" alt=""Ri-Mark Platinum Datasheet""
src=""media/ecom/onpagegraphics/Datasheet.png""></a>
<a href=""media/ecom/pdfs/firecertificates/EN 13501-1_Ri-Mark Platinum series_class B-s1 d0.pdf"" target=""_blank""><img
style=""border: 0px solid ; width: 200px; height: 60px;"" alt=""Ri-Mark Platinum Fire Certificate""
src=""media/ecom/onpagegraphics/Fire.png""></a>
<a href=""media/ecom/colselxl/digital_colour_card_Ri_Mark_Platinum.pdf"" target=""_blank""><img
style=""border: 0px solid ; width: 200px; height: 60px;"" alt=""Ri-Mark Platinum Colour Selector""
src=""media/ecom/onpagegraphics/Colour.png""></a></ul>
</body>
</html>","Platinum_821_Burgundy.png","Platinum_821_Burgundy.png","INVITEMS","DEFAULT-P821-DEFAULT-P821","","","0","0","0","","1","REGONLY","0","0","0","0","","","","SELECT","SELECT","0","","","","","0","0","","income-service","","","0","0","","","","","Ritrama-Platinum-Range","Ritrama-Platinum-Range","","","0","900EMT1220, 4075CT1220, 903C1220, Aslan_Red_Devil_Squeegee, Olfa_X_Design_Heavy_Duty_Knife, Masking_Tape_25mm, Aslan-Gold-Soft-Squeegee, Olfa_Graphic_Cutter, Swann_Morton_3_Handle, Swann_Morton_10A_Blades, Float_On","900EMT1220, 4075CT1220, 903C1220, Aslan_Red_Devil_Squeegee, Olfa_X_Design_Heavy_Duty_Knife, Masking_Tape_25mm, Aslan-Gold-Soft-Squeegee, Olfa_Graphic_Cutter, Swann_Morton_3_Handle, Swann_Morton_10A_Blades, Float_On","A","","ADHESIVE_STANDARD_LINER","","","Colours, Reds","Gloss","Colour References","<style>

table {

margin: 0 auto 0 auto;
}

table, th, td {
  
  border-collapse: collapse;
padding: 5px;
}
th, td {
  padding: 5px;
  text-align: center; 
  width: 160px;
  height: 30px;
  background-color:#009ee3;
  color: white;
  border-left: 5px solid white;
  border-right: 5px solid white;
}

th {
  border-top-color: white;
  font-size: 14px;
}

td {

padding-bottom: 1em;
border-bottom: 5px solid white;
font-size: 14px;
  
</style>



<table id=""data"">
  <tbody><tr>
    <th>Pantone</th>
<th>RAL</th>
<th>Avery 700</th>
<th>Mactac 9800 Pro</th>
<th>Oracal 551</th>
<th>Metamark M7</th>
  </tr>
  <tr>
    <td>&#177; 209 C</td>
<td>&#177; 3004</td>
<td>&#177; 702</td>
<td>= 9859-05</td>
<td>&#177; 308</td>
<td>M7-145</td>
  </tr>

  </tbody></table>","","","","","","","F-Sign-Platinum-821-Burgundy","0","vinyl, polymeric, platinum, ritrama, fedrigoni, p821, pantone 309 c, ral 3004, avery 702, mactac 9859-05, oracal 551 308, metamark m7-145, fsign, f sign, f-sign, ","","","1686225228","0","","0","","CHECKBOX"
"P822","F-Sign Platinum 822 Rioja Red","P822","Ritrama","190","5","DEFAULT","","","","","0","F-Sign Platinum 822 Rioja Red polymeric self-adhesive vinyl designed for long term vehicle graphics and exterior signage with an outdoor durability of 8 years.","<html>
<head><title>Platinum 822 Rioja Red Gloss</title>

<style>
.responsive {
  width: 50%;
  height: auto;
}
</style>
</head>

<body>
<img src=""media/ecom/onpagegraphics/Fedrigoni_Logo.jpg"" alt=""Fedrigoni Logo"" class=""responsive"">
<p>F-Sign Platinum 822 Rioja Red polymeric self-adhesive vinyl is designed for long term vehicle graphics and exterior signage.</p>

<span style=""font-weight: bold; color: #d7328a;"">Structure:</span><br>
<ul><li>65<span>&#181;</span>m Polymeric calendered PVC</li>
<li>Transparent solvent based adhesive - Permanent</li>
<li>Clay coated kraft paper liner - 120gm<sup>2</sup> 
</li></ul>

<span style=""font-weight: bold; color: #d7328a;"">Suitability:</span><br>
<ul><li>Excellent conformability to 3D curved surfaces (for extremely curved surfaces or corrugations this vinyl should be cut and applied with an overlap)</li>
<li>This high performance vinyl is designed for branding on vehicles, window graphics and all exterior or interior signage and displays</li>
<li>The high gloss face film has a high level of opacity and is engineered to enhance corporate branding projects</li>
<li>Outdoor durability of up to 8 years</li></ul>

<span style=""font-weight: bold; color: #d7328a;"">Advantages:</span><br>
<ul><li>Very cohesive solvent based adhesive provides excellent dimensional stability and water resistance for long term durability</li>
<li>This film is available with both the standard kraft liner that allows for wet or dry application as well as the Airflow liner for dry, easy to apply and bubble free application</li>
<li>Colour referencing for colour system swatches and competitor matching - see below</li>
<li>Fire Rated to Euroclass DIN EN 13501-1:2019-05 with classification B-s1-d0</li>
<li>REACH & RoHS compliant</li></ul>

<span style=""font-weight: bold; color: #d7328a;"">Technical Information:</span><br>
<ul>
<a href=""media/ecom/pdfs/datasheets/TDS_Ri_MarkPlatinum_uk_issue1_4983.pdf"" target=""_blank""><img
style=""border: 0px solid ; width: 200px; height: 60px;"" alt=""Ri-Mark Platinum Datasheet""
src=""media/ecom/onpagegraphics/Datasheet.png""></a>
<a href=""media/ecom/pdfs/firecertificates/EN 13501-1_Ri-Mark Platinum series_class B-s1 d0.pdf"" target=""_blank""><img
style=""border: 0px solid ; width: 200px; height: 60px;"" alt=""Ri-Mark Platinum Fire Certificate""
src=""media/ecom/onpagegraphics/Fire.png""></a>
<a href=""media/ecom/colselxl/digital_colour_card_Ri_Mark_Platinum.pdf"" target=""_blank""><img
style=""border: 0px solid ; width: 200px; height: 60px;"" alt=""Ri-Mark Platinum Colour Selector""
src=""media/ecom/onpagegraphics/Colour.png""></a></ul>
</body>
</html>","Platinum_822_Rioja_Red.png","Platinum_822_Rioja_Red.png","INVITEMS","DEFAULT-P822-DEFAULT-P822","","","0","0","0","","1","REGONLY","0","0","0","0","","","","SELECT","SELECT","0","","","","","0","0","","income-service","","","0","0","","","","","Ritrama-Platinum-Range","Ritrama-Platinum-Range","","","0","900EMT1220, 4075CT1220, 903C1220, Aslan_Red_Devil_Squeegee, Olfa_X_Design_Heavy_Duty_Knife, Masking_Tape_25mm, Aslan-Gold-Soft-Squeegee, Olfa_Graphic_Cutter, Swann_Morton_3_Handle, Swann_Morton_10A_Blades, Float_On","900EMT1220, 4075CT1220, 903C1220, Aslan_Red_Devil_Squeegee, Olfa_X_Design_Heavy_Duty_Knife, Masking_Tape_25mm, Aslan-Gold-Soft-Squeegee, Olfa_Graphic_Cutter, Swann_Morton_3_Handle, Swann_Morton_10A_Blades, Float_On","A","","ADHESIVE_STANDARD_LINER","","","Colours, Reds","Gloss","Colour References","<style>

table {

margin: 0 auto 0 auto;
}

table, th, td {
  
  border-collapse: collapse;
padding: 5px;
}
th, td {
  padding: 5px;
  text-align: center; 
  width: 160px;
  height: 30px;
  background-color:#009ee3;
  color: white;
  border-left: 5px solid white;
  border-right: 5px solid white;
}

th {
  border-top-color: white;
  font-size: 14px;
}

td {

padding-bottom: 1em;
border-bottom: 5px solid white;
font-size: 14px;
  
</style>



<table id=""data"">
  <tbody><tr>
    <th>Pantone</th>
<th>RAL</th>
<th>Avery 700</th>
<th>Mactac 9800 Pro</th>
<th>Oracal 551</th>
<th>Metamark M7</th>
  </tr>
  <tr>
    <td>&#177; 504 C</td>
<td>&#177; 3005</td>
<td>&#177; 702</td>
<td>= 9859-28</td>
<td>-</td>
<td>-</td>
  </tr>

  </tbody></table>","","","","","","","F-Sign-Platinum-822-Rioja-Red","0","vinyl, polymeric, platinum, ritrama, fedrigoni, p822, pantone  504c, ral 3005 , avery 702, mactac 9859-28, fsign, f sign, f-sign, ","","","1686225440","0","","0","","CHECKBOX"
"P823","F-Sign Platinum 823 Process Magenta","P823","Ritrama","200","5","DEFAULT","","","","","0","F-Sign Platinum 823 Process Magenta polymeric self-adhesive vinyl designed for long term vehicle graphics and exterior signage with an outdoor durability of 8 years.","<html>
<head><title>Platinum 823 Process Magenta Gloss</title>

<style>
.responsive {
  width: 50%;
  height: auto;
}
</style>
</head>

<body>
<img src=""media/ecom/onpagegraphics/Fedrigoni_Logo.jpg"" alt=""Fedrigoni Logo"" class=""responsive"">
<p>F-Sign Platinum 823 Process Magenta polymeric self-adhesive vinyl is designed for long term vehicle graphics and exterior signage.</p>

<span style=""font-weight: bold; color: #d7328a;"">Structure:</span><br>
<ul><li>65<span>&#181;</span>m Polymeric calendered PVC</li>
<li>Transparent solvent based adhesive - Permanent</li>
<li>Clay coated kraft paper liner - 120gm<sup>2</sup> 
</li></ul>

<span style=""font-weight: bold; color: #d7328a;"">Suitability:</span><br>
<ul><li>Excellent conformability to 3D curved surfaces (for extremely curved surfaces or corrugations this vinyl should be cut and applied with an overlap)</li>
<li>This high performance vinyl is designed for branding on vehicles, window graphics and all exterior or interior signage and displays</li>
<li>The high gloss face film has a high level of opacity and is engineered to enhance corporate branding projects</li>
<li>Outdoor durability of up to 8 years</li></ul>

<span style=""font-weight: bold; color: #d7328a;"">Advantages:</span><br>
<ul><li>Very cohesive solvent based adhesive provides excellent dimensional stability and water resistance for long term durability</li>
<li>This film is available with both the standard kraft liner that allows for wet or dry application as well as the Airflow liner for dry, easy to apply and bubble free application</li>
<li>Colour referencing for colour system swatches and competitor matching - see below</li>
<li>Fire Rated to Euroclass DIN EN 13501-1:2019-05 with classification B-s1-d0</li>
<li>REACH & RoHS compliant</li></ul>

<span style=""font-weight: bold; color: #d7328a;"">Technical Information:</span><br>
<ul>
<a href=""media/ecom/pdfs/datasheets/TDS_Ri_MarkPlatinum_uk_issue1_4983.pdf"" target=""_blank""><img
style=""border: 0px solid ; width: 200px; height: 60px;"" alt=""Ri-Mark Platinum Datasheet""
src=""media/ecom/onpagegraphics/Datasheet.png""></a>
<a href=""media/ecom/pdfs/firecertificates/EN 13501-1_Ri-Mark Platinum series_class B-s1 d0.pdf"" target=""_blank""><img
style=""border: 0px solid ; width: 200px; height: 60px;"" alt=""Ri-Mark Platinum Fire Certificate""
src=""media/ecom/onpagegraphics/Fire.png""></a>
<a href=""media/ecom/colselxl/digital_colour_card_Ri_Mark_Platinum.pdf"" target=""_blank""><img
style=""border: 0px solid ; width: 200px; height: 60px;"" alt=""Ri-Mark Platinum Colour Selector""
src=""media/ecom/onpagegraphics/Colour.png""></a></ul>
</body>
</html>","Platinum_823_Process_Magenta.png","Platinum_823_Process_Magenta.png","INVITEMS","DEFAULT-P823-DEFAULT-P823","","","0","0","0","","1","REGONLY","0","0","0","0","","","","SELECT","SELECT","0","","","","","0","0","","income-service","","","0","0","","","","","Ritrama-Platinum-Range","Ritrama-Platinum-Range","","","0","900EMT1220, 4075CT1220, 903C1220, Aslan_Red_Devil_Squeegee, Olfa_X_Design_Heavy_Duty_Knife, Masking_Tape_25mm, Aslan-Gold-Soft-Squeegee, Olfa_Graphic_Cutter, Swann_Morton_3_Handle, Swann_Morton_10A_Blades, Float_On","900EMT1220, 4075CT1220, 903C1220, Aslan_Red_Devil_Squeegee, Olfa_X_Design_Heavy_Duty_Knife, Masking_Tape_25mm, Aslan-Gold-Soft-Squeegee, Olfa_Graphic_Cutter, Swann_Morton_3_Handle, Swann_Morton_10A_Blades, Float_On","A","","ADHESIVE_STANDARD_LINER","","","Colours, Reds","Gloss","Colour References","<style>

table {

margin: 0 auto 0 auto;
}

table, th, td {
  
  border-collapse: collapse;
padding: 5px;
}
th, td {
  padding: 5px;
  text-align: center; 
  width: 160px;
  height: 30px;
  background-color:#009ee3;
  color: white;
  border-left: 5px solid white;
  border-right: 5px solid white;
}

th {
  border-top-color: white;
  font-size: 14px;
}

td {

padding-bottom: 1em;
border-bottom: 5px solid white;
font-size: 14px;
  
</style>



<table id=""data"">
  <tbody><tr>
    <th>Pantone</th>
<th>RAL</th>
<th>Avery 700</th>
<th>Mactac 9800 Pro</th>
<th>Oracal 551</th>
<th>Metamark M7</th>
  </tr>
  <tr>
    <td>&#177; 214 C</td>
<td>-</td>
<td>&#177; 715</td>
<td>-</td>
<td>-</td>
<td>M7-182</td>
  </tr>

  </tbody></table>","","","","","","","F-Sign-Platinum-823-Process-Magenta","0","vinyl, polymeric, platinum, ritrama, fedrigoni, p823, pantone 214 c, avery 715, metamark m7-182, fsign, f sign, f-sign, ","","","1686225585","0","","0","","CHECKBOX"
"P824","F-Sign Platinum 824 Plum","P824","Ritrama","210","5","DEFAULT","","","","","0","F-Sign Platinum 824 Plum polymeric self-adhesive vinyl designed for long term vehicle graphics and exterior signage with an outdoor durability of 8 years.","<html>
<head><title>Platinum 824 Plum Gloss</title>

<style>
.responsive {
  width: 50%;
  height: auto;
}
</style>
</head>

<body>
<img src=""media/ecom/onpagegraphics/Fedrigoni_Logo.jpg"" alt=""Fedrigoni Logo"" class=""responsive"">
<p>F-Sign Platinum 824 Plum polymeric self-adhesive vinyl is designed for long term vehicle graphics and exterior signage.</p>

<span style=""font-weight: bold; color: #d7328a;"">Structure:</span><br>
<ul><li>65<span>&#181;</span>m Polymeric calendered PVC</li>
<li>Transparent solvent based adhesive - Permanent</li>
<li>Clay coated kraft paper liner - 120gm<sup>2</sup> 
</li></ul>

<span style=""font-weight: bold; color: #d7328a;"">Suitability:</span><br>
<ul><li>Excellent conformability to 3D curved surfaces (for extremely curved surfaces or corrugations this vinyl should be cut and applied with an overlap)</li>
<li>This high performance vinyl is designed for branding on vehicles, window graphics and all exterior or interior signage and displays</li>
<li>The high gloss face film has a high level of opacity and is engineered to enhance corporate branding projects</li>
<li>Outdoor durability of up to 8 years</li></ul>

<span style=""font-weight: bold; color: #d7328a;"">Advantages:</span><br>
<ul><li>Very cohesive solvent based adhesive provides excellent dimensional stability and water resistance for long term durability</li>
<li>This film is available with both the standard kraft liner that allows for wet or dry application as well as the Airflow liner for dry, easy to apply and bubble free application</li>
<li>Colour referencing for colour system swatches and competitor matching - see below</li>
<li>Fire Rated to Euroclass DIN EN 13501-1:2019-05 with classification B-s1-d0</li>
<li>REACH & RoHS compliant</li></ul>

<span style=""font-weight: bold; color: #d7328a;"">Technical Information:</span><br>
<ul>
<a href=""media/ecom/pdfs/datasheets/TDS_Ri_MarkPlatinum_uk_issue1_4983.pdf"" target=""_blank""><img
style=""border: 0px solid ; width: 200px; height: 60px;"" alt=""Ri-Mark Platinum Datasheet""
src=""media/ecom/onpagegraphics/Datasheet.png""></a>
<a href=""media/ecom/pdfs/firecertificates/EN 13501-1_Ri-Mark Platinum series_class B-s1 d0.pdf"" target=""_blank""><img
style=""border: 0px solid ; width: 200px; height: 60px;"" alt=""Ri-Mark Platinum Fire Certificate""
src=""media/ecom/onpagegraphics/Fire.png""></a>
<a href=""media/ecom/colselxl/digital_colour_card_Ri_Mark_Platinum.pdf"" target=""_blank""><img
style=""border: 0px solid ; width: 200px; height: 60px;"" alt=""Ri-Mark Platinum Colour Selector""
src=""media/ecom/onpagegraphics/Colour.png""></a></ul>
</body>
</html>","Platinum_824_Plum.png","Platinum_824_Plum.png","INVITEMS","DEFAULT-P824-DEFAULT-P824","","","0","0","0","","1","REGONLY","0","0","0","0","","","","SELECT","SELECT","0","","","","","0","0","","income-service","","","0","0","","","","","Ritrama-Platinum-Range","Ritrama-Platinum-Range","","","0","900EMT1220, 4075CT1220, 903C1220, Aslan_Red_Devil_Squeegee, Olfa_X_Design_Heavy_Duty_Knife, Masking_Tape_25mm, Aslan-Gold-Soft-Squeegee, Olfa_Graphic_Cutter, Swann_Morton_3_Handle, Swann_Morton_10A_Blades, Float_On","900EMT1220, 4075CT1220, 903C1220, Aslan_Red_Devil_Squeegee, Olfa_X_Design_Heavy_Duty_Knife, Masking_Tape_25mm, Aslan-Gold-Soft-Squeegee, Olfa_Graphic_Cutter, Swann_Morton_3_Handle, Swann_Morton_10A_Blades, Float_On","A","","ADHESIVE_STANDARD_LINER","","","Colours, Blues, Reds","Gloss","Colour References","<style>

table {

margin: 0 auto 0 auto;
}

table, th, td {
  
  border-collapse: collapse;
padding: 5px;
}
th, td {
  padding: 5px;
  text-align: center; 
  width: 160px;
  height: 30px;
  background-color:#009ee3;
  color: white;
  border-left: 5px solid white;
  border-right: 5px solid white;
}

th {
  border-top-color: white;
  font-size: 14px;
}

td {

padding-bottom: 1em;
border-bottom: 5px solid white;
font-size: 14px;
  
</style>



<table id=""data"">
  <tbody><tr>
    <th>Pantone</th>
<th>RAL</th>
<th>Avery 700</th>
<th>Mactac 9800 Pro</th>
<th>Oracal 551</th>
<th>Metamark M7</th>
  </tr>
  <tr>
    <td>&#177; 520 C</td>
<td>-</td>
<td>&#177; 777</td>
<td>-</td>
<td>-</td>
<td>-</td>
  </tr>

  </tbody></table>","","","","","","","F-Sign-Platinum-824-Plum","0","vinyl, polymeric, platinum, ritrama, fedrigoni, p824, pantone 520 c, avery 777, fsign, f sign, f-sign, ","","","1686225704","0","","0","","CHECKBOX"
"P825","F-Sign Platinum 825 Aubergine","P825","Ritrama","220","5","DEFAULT","","","","","0","F-Sign Platinum 825 Aubergine polymeric self-adhesive vinyl designed for long term vehicle graphics and exterior signage with an outdoor durability of 8 years.","<html>
<head><title>Platinum 825 Aubergine Gloss</title>

<style>
.responsive {
  width: 50%;
  height: auto;
}
</style>
</head>

<body>
<img src=""media/ecom/onpagegraphics/Fedrigoni_Logo.jpg"" alt=""Fedrigoni Logo"" class=""responsive"">
<p>F-Sign Platinum 825 Aubergine polymeric self-adhesive vinyl is designed for long term vehicle graphics and exterior signage.</p>

<span style=""font-weight: bold; color: #d7328a;"">Structure:</span><br>
<ul><li>65<span>&#181;</span>m Polymeric calendered PVC</li>
<li>Transparent solvent based adhesive - Permanent</li>
<li>Clay coated kraft paper liner - 120gm<sup>2</sup> 
</li></ul>

<span style=""font-weight: bold; color: #d7328a;"">Suitability:</span><br>
<ul><li>Excellent conformability to 3D curved surfaces (for extremely curved surfaces or corrugations this vinyl should be cut and applied with an overlap)</li>
<li>This high performance vinyl is designed for branding on vehicles, window graphics and all exterior or interior signage and displays</li>
<li>The high gloss face film has a high level of opacity and is engineered to enhance corporate branding projects</li>
<li>Outdoor durability of up to 8 years</li></ul>

<span style=""font-weight: bold; color: #d7328a;"">Advantages:</span><br>
<ul><li>Very cohesive solvent based adhesive provides excellent dimensional stability and water resistance for long term durability</li>
<li>This film is available with both the standard kraft liner that allows for wet or dry application as well as the Airflow liner for dry, easy to apply and bubble free application</li>
<li>Colour referencing for colour system swatches and competitor matching - see below</li>
<li>Fire Rated to Euroclass DIN EN 13501-1:2019-05 with classification B-s1-d0</li>
<li>REACH & RoHS compliant</li></ul>

<span style=""font-weight: bold; color: #d7328a;"">Technical Information:</span><br>
<ul>
<a href=""media/ecom/pdfs/datasheets/TDS_Ri_MarkPlatinum_uk_issue1_4983.pdf"" target=""_blank""><img
style=""border: 0px solid ; width: 200px; height: 60px;"" alt=""Ri-Mark Platinum Datasheet""
src=""media/ecom/onpagegraphics/Datasheet.png""></a>
<a href=""media/ecom/pdfs/firecertificates/EN 13501-1_Ri-Mark Platinum series_class B-s1 d0.pdf"" target=""_blank""><img
style=""border: 0px solid ; width: 200px; height: 60px;"" alt=""Ri-Mark Platinum Fire Certificate""
src=""media/ecom/onpagegraphics/Fire.png""></a>
<a href=""media/ecom/colselxl/digital_colour_card_Ri_Mark_Platinum.pdf"" target=""_blank""><img
style=""border: 0px solid ; width: 200px; height: 60px;"" alt=""Ri-Mark Platinum Colour Selector""
src=""media/ecom/onpagegraphics/Colour.png""></a></ul>
</body>
</html>","Platinum_825_Aubergine.png","Platinum_825_Aubergine.png","INVITEMS","DEFAULT-P825-DEFAULT-P825","","","0","0","0","","1","REGONLY","0","0","0","0","","","","SELECT","SELECT","0","","","","","0","0","","income-service","","","0","0","","","","","Ritrama-Platinum-Range","Ritrama-Platinum-Range","","","0","900EMT1220, 4075CT1220, 903C1220, Aslan_Red_Devil_Squeegee, Olfa_X_Design_Heavy_Duty_Knife, Masking_Tape_25mm, Aslan-Gold-Soft-Squeegee, Olfa_Graphic_Cutter, Swann_Morton_3_Handle, Swann_Morton_10A_Blades, Float_On","900EMT1220, 4075CT1220, 903C1220, Aslan_Red_Devil_Squeegee, Olfa_X_Design_Heavy_Duty_Knife, Masking_Tape_25mm, Aslan-Gold-Soft-Squeegee, Olfa_Graphic_Cutter, Swann_Morton_3_Handle, Swann_Morton_10A_Blades, Float_On","A","","ADHESIVE_STANDARD_LINER","","","Colours, Reds, Blues","Gloss","Colour References","<style>

table {

margin: 0 auto 0 auto;
}

table, th, td {
  
  border-collapse: collapse;
padding: 5px;
}
th, td {
  padding: 5px;
  text-align: center; 
  width: 160px;
  height: 30px;
  background-color:#009ee3;
  color: white;
  border-left: 5px solid white;
  border-right: 5px solid white;
}

th {
  border-top-color: white;
  font-size: 14px;
}

td {

padding-bottom: 1em;
border-bottom: 5px solid white;
font-size: 14px;
  
</style>



<table id=""data"">
  <tbody><tr>
    <th>Pantone</th>
<th>RAL</th>
<th>Avery 700</th>
<th>Mactac 9800 Pro</th>
<th>Oracal 551</th>
<th>Metamark M7</th>
  </tr>
  <tr>
    <td>525 C</td>
<td>-</td>
<td>-</td>
<td>9839-38</td>
<td>-</td>
<td>-</td>
  </tr>

  </tbody></table>","","","","","","","F-Sign-Platinum-825-Aubergine","0","vinyl, polymeric, platinum, ritrama, fedrigoni, p825, pantone 525 c, mactac 9839-38, fsign, f sign, f-sign, ","","","1686225815","0","","0","","CHECKBOX"
"P826","F-Sign Platinum 826 Violet","P826","Ritrama","230","5","DEFAULT","","","","","0","F-Sign Platinum 826 Violet polymeric self-adhesive vinyl designed for long term vehicle graphics and exterior signage with an outdoor durability of 8 years.","<html>
<head><title>Platinum 826 Violet Gloss</title>

<style>
.responsive {
  width: 50%;
  height: auto;
}
</style>
</head>

<body>
<img src=""media/ecom/onpagegraphics/Fedrigoni_Logo.jpg"" alt=""Fedrigoni Logo"" class=""responsive"">
<p>F-Sign Platinum 826 Violet polymeric self-adhesive vinyl is designed for long term vehicle graphics and exterior signage.</p>

<span style=""font-weight: bold; color: #d7328a;"">Structure:</span><br>
<ul><li>65<span>&#181;</span>m Polymeric calendered PVC</li>
<li>Transparent solvent based adhesive - Permanent</li>
<li>Clay coated kraft paper liner - 120gm<sup>2</sup> 
</li></ul>

<span style=""font-weight: bold; color: #d7328a;"">Suitability:</span><br>
<ul><li>Excellent conformability to 3D curved surfaces (for extremely curved surfaces or corrugations this vinyl should be cut and applied with an overlap)</li>
<li>This high performance vinyl is designed for branding on vehicles, window graphics and all exterior or interior signage and displays</li>
<li>The high gloss face film has a high level of opacity and is engineered to enhance corporate branding projects</li>
<li>Outdoor durability of up to 8 years</li></ul>

<span style=""font-weight: bold; color: #d7328a;"">Advantages:</span><br>
<ul><li>Very cohesive solvent based adhesive provides excellent dimensional stability and water resistance for long term durability</li>
<li>This film is available with both the standard kraft liner that allows for wet or dry application as well as the Airflow liner for dry, easy to apply and bubble free application</li>
<li>Colour referencing for colour system swatches and competitor matching - see below</li>
<li>Fire Rated to Euroclass DIN EN 13501-1:2019-05 with classification B-s1-d0</li>
<li>REACH & RoHS compliant</li></ul>

<span style=""font-weight: bold; color: #d7328a;"">Technical Information:</span><br>
<ul>
<a href=""media/ecom/pdfs/datasheets/TDS_Ri_MarkPlatinum_uk_issue1_4983.pdf"" target=""_blank""><img
style=""border: 0px solid ; width: 200px; height: 60px;"" alt=""Ri-Mark Platinum Datasheet""
src=""media/ecom/onpagegraphics/Datasheet.png""></a>
<a href=""media/ecom/pdfs/firecertificates/EN 13501-1_Ri-Mark Platinum series_class B-s1 d0.pdf"" target=""_blank""><img
style=""border: 0px solid ; width: 200px; height: 60px;"" alt=""Ri-Mark Platinum Fire Certificate""
src=""media/ecom/onpagegraphics/Fire.png""></a>
<a href=""media/ecom/colselxl/digital_colour_card_Ri_Mark_Platinum.pdf"" target=""_blank""><img
style=""border: 0px solid ; width: 200px; height: 60px;"" alt=""Ri-Mark Platinum Colour Selector""
src=""media/ecom/onpagegraphics/Colour.png""></a></ul>
</body>
</html>","Platinum_826_Violet.png","Platinum_826_Violet.png","INVITEMS","DEFAULT-P826-DEFAULT-P826","","","0","0","0","","1","REGONLY","0","0","0","0","","","","SELECT","SELECT","0","","","","","0","0","","income-service","","","0","0","","","","","Ritrama-Platinum-Range","Ritrama-Platinum-Range","","","0","900EMT1220, 4075CT1220, 903C1220, Aslan_Red_Devil_Squeegee, Olfa_X_Design_Heavy_Duty_Knife, Masking_Tape_25mm, Aslan-Gold-Soft-Squeegee, Olfa_Graphic_Cutter, Swann_Morton_3_Handle, Swann_Morton_10A_Blades, Float_On","900EMT1220, 4075CT1220, 903C1220, Aslan_Red_Devil_Squeegee, Olfa_X_Design_Heavy_Duty_Knife, Masking_Tape_25mm, Aslan-Gold-Soft-Squeegee, Olfa_Graphic_Cutter, Swann_Morton_3_Handle, Swann_Morton_10A_Blades, Float_On","A","","ADHESIVE_STANDARD_LINER","","","Colours, Reds, Blues","Gloss","Colour References","<style>

table {

margin: 0 auto 0 auto;
}

table, th, td {
  
  border-collapse: collapse;
padding: 5px;
}
th, td {
  padding: 5px;
  text-align: center; 
  width: 160px;
  height: 30px;
  background-color:#009ee3;
  color: white;
  border-left: 5px solid white;
  border-right: 5px solid white;
}

th {
  border-top-color: white;
  font-size: 14px;
}

td {

padding-bottom: 1em;
border-bottom: 5px solid white;
font-size: 14px;
  
</style>



<table id=""data"">
  <tbody><tr>
    <th>Pantone</th>
<th>RAL</th>
<th>Avery 700</th>
<th>Mactac 9800 Pro</th>
<th>Oracal 551</th>
<th>Metamark M7</th>
  </tr>
  <tr>
    <td>&#177; 268 C</td>
<td>-</td>
<td>&#177; 17</td>
<td>= 9839-13</td>
<td>= 403</td>
<td>M7-183</td>
  </tr>

  </tbody></table>","","","","","","","F-Sign-Platinum-826-Violet","0","vinyl, polymeric, platinum, ritrama, fedrigoni, p826, pantone 368 c, avery 717, mactac 9839-13, oracal 551 403, matamark m7-183, fsign, f sign, f-sign, ","","","1686225919","0","","0","","CHECKBOX"
"P827","F-Sign Platinum 827 Midnight Blue","P827","Ritrama","240","5","DEFAULT","","","","","0","F-Sign Platinum 827 Midnight Blue polymeric self-adhesive vinyl designed for long term vehicle graphics and exterior signage with an outdoor durability of 8 years.","<html>
<head><title>Platinum 827 Midnight Blue Gloss</title>

<style>
.responsive {
  width: 50%;
  height: auto;
}
</style>
</head>

<body>
<img src=""media/ecom/onpagegraphics/Fedrigoni_Logo.jpg"" alt=""Fedrigoni Logo"" class=""responsive"">
<p>F-Sign Platinum 827 Midnight Blue polymeric self-adhesive vinyl is designed for long term vehicle graphics and exterior signage.</p>

<span style=""font-weight: bold; color: #d7328a;"">Structure:</span><br>
<ul><li>65<span>&#181;</span>m Polymeric calendered PVC</li>
<li>Transparent solvent based adhesive - Permanent</li>
<li>Clay coated kraft paper liner - 120gm<sup>2</sup> 
</li></ul>

<span style=""font-weight: bold; color: #d7328a;"">Suitability:</span><br>
<ul><li>Excellent conformability to 3D curved surfaces (for extremely curved surfaces or corrugations this vinyl should be cut and applied with an overlap)</li>
<li>This high performance vinyl is designed for branding on vehicles, window graphics and all exterior or interior signage and displays</li>
<li>The high gloss face film has a high level of opacity and is engineered to enhance corporate branding projects</li>
<li>Outdoor durability of up to 8 years</li></ul>

<span style=""font-weight: bold; color: #d7328a;"">Advantages:</span><br>
<ul><li>Very cohesive solvent based adhesive provides excellent dimensional stability and water resistance for long term durability</li>
<li>This film is available with both the standard kraft liner that allows for wet or dry application as well as the Airflow liner for dry, easy to apply and bubble free application</li>
<li>Colour referencing for colour system swatches and competitor matching - see below</li>
<li>Fire Rated to Euroclass DIN EN 13501-1:2019-05 with classification B-s1-d0</li>
<li>REACH & RoHS compliant</li></ul>

<span style=""font-weight: bold; color: #d7328a;"">Technical Information:</span><br>
<ul>
<a href=""media/ecom/pdfs/datasheets/TDS_Ri_MarkPlatinum_uk_issue1_4983.pdf"" target=""_blank""><img
style=""border: 0px solid ; width: 200px; height: 60px;"" alt=""Ri-Mark Platinum Datasheet""
src=""media/ecom/onpagegraphics/Datasheet.png""></a>
<a href=""media/ecom/pdfs/firecertificates/EN 13501-1_Ri-Mark Platinum series_class B-s1 d0.pdf"" target=""_blank""><img
style=""border: 0px solid ; width: 200px; height: 60px;"" alt=""Ri-Mark Platinum Fire Certificate""
src=""media/ecom/onpagegraphics/Fire.png""></a>
<a href=""media/ecom/colselxl/digital_colour_card_Ri_Mark_Platinum.pdf"" target=""_blank""><img
style=""border: 0px solid ; width: 200px; height: 60px;"" alt=""Ri-Mark Platinum Colour Selector""
src=""media/ecom/onpagegraphics/Colour.png""></a></ul>
</body>
</html>
","Platinum_827_Midnight_Blue.png","Platinum_827_Midnight_Blue.png","INVITEMS","DEFAULT-P827-DEFAULT-P827","","","0","0","0","","1","REGONLY","0","0","0","0","","","","SELECT","SELECT","0","","","","","0","0","","income-service","","","0","0","","","","","Ritrama-Platinum-Range","Ritrama-Platinum-Range","","","0","900EMT1220, 4075CT1220, 903C1220, Aslan_Red_Devil_Squeegee, Olfa_X_Design_Heavy_Duty_Knife, Masking_Tape_25mm, Aslan-Gold-Soft-Squeegee, Olfa_Graphic_Cutter, Swann_Morton_3_Handle, Swann_Morton_10A_Blades, Float_On","900EMT1220, 4075CT1220, 903C1220, Aslan_Red_Devil_Squeegee, Olfa_X_Design_Heavy_Duty_Knife, Masking_Tape_25mm, Aslan-Gold-Soft-Squeegee, Olfa_Graphic_Cutter, Swann_Morton_3_Handle, Swann_Morton_10A_Blades, Float_On","A","","ADHESIVE_STANDARD_LINER","","","Colours, Blues","Gloss","Colour References","<style>

table {

margin: 0 auto 0 auto;
}

table, th, td {
  
  border-collapse: collapse;
padding: 5px;
}
th, td {
  padding: 5px;
  text-align: center; 
  width: 160px;
  height: 30px;
  background-color:#009ee3;
  color: white;
  border-left: 5px solid white;
  border-right: 5px solid white;
}

th {
  border-top-color: white;
  font-size: 14px;
}

td {

padding-bottom: 1em;
border-bottom: 5px solid white;
font-size: 14px;
  
</style>



<table id=""data"">
  <tbody><tr>
    <th>Pantone</th>
<th>RAL</th>
<th>Avery 700</th>
<th>Mactac 9800 Pro</th>
<th>Oracal 551</th>
<th>Metamark M7</th>
  </tr>
  <tr>
    <td>&#177; 2767 C</td>
<td>&#177; 5011</td>
<td>&#177; 724-01</td>
<td>= 9839-19</td>
<td>= 513</td>
<td>M7-185</td>
  </tr>

  </tbody></table>","","","","","","","F-Sign-Platinum-827-Midnight-Blue","0","vinyl, polymeric, platinum, ritrama, fedrigoni, p827, pantone 2767 c, ral 5011, avery 724-01, mactac 9839-19, oracal 551 513, metamark m7-185, fsign, f sign, f-sign, ","","","1686226015","0","","0","","CHECKBOX"
"P828","F-Sign Platinum 828 Abyss Blue","P828","Ritrama","250","5","DEFAULT","","","","","0","F-Sign Platinum 828 Abyss Blue polymeric self-adhesive vinyl designed for long term vehicle graphics and exterior signage with an outdoor durability of 8 years.","<html>
<head><title>Platinum 828 Abyss Blue Gloss</title>

<style>
.responsive {
  width: 50%;
  height: auto;
}
</style>
</head>

<body>
<img src=""media/ecom/onpagegraphics/Fedrigoni_Logo.jpg"" alt=""Fedrigoni Logo"" class=""responsive"">
<p>F-Sign Platinum 828 Abyss Blue polymeric self-adhesive vinyl is designed for long term vehicle graphics and exterior signage.</p>

<span style=""font-weight: bold; color: #d7328a;"">Structure:</span><br>
<ul><li>65<span>&#181;</span>m Polymeric calendered PVC</li>
<li>Transparent solvent based adhesive - Permanent</li>
<li>Clay coated kraft paper liner - 120gm<sup>2</sup> 
</li></ul>

<span style=""font-weight: bold; color: #d7328a;"">Suitability:</span><br>
<ul><li>Excellent conformability to 3D curved surfaces (for extremely curved surfaces or corrugations this vinyl should be cut and applied with an overlap)</li>
<li>This high performance vinyl is designed for branding on vehicles, window graphics and all exterior or interior signage and displays</li>
<li>The high gloss face film has a high level of opacity and is engineered to enhance corporate branding projects</li>
<li>Outdoor durability of up to 8 years</li></ul>

<span style=""font-weight: bold; color: #d7328a;"">Advantages:</span><br>
<ul><li>Very cohesive solvent based adhesive provides excellent dimensional stability and water resistance for long term durability</li>
<li>This film is available with both the standard kraft liner that allows for wet or dry application as well as the Airflow liner for dry, easy to apply and bubble free application</li>
<li>Colour referencing for colour system swatches and competitor matching - see below</li>
<li>Fire Rated to Euroclass DIN EN 13501-1:2019-05 with classification B-s1-d0</li>
<li>REACH & RoHS compliant</li></ul>

<span style=""font-weight: bold; color: #d7328a;"">Technical Information:</span><br>
<ul>
<a href=""media/ecom/pdfs/datasheets/TDS_Ri_MarkPlatinum_uk_issue1_4983.pdf"" target=""_blank""><img
style=""border: 0px solid ; width: 200px; height: 60px;"" alt=""Ri-Mark Platinum Datasheet""
src=""media/ecom/onpagegraphics/Datasheet.png""></a>
<a href=""media/ecom/pdfs/firecertificates/EN 13501-1_Ri-Mark Platinum series_class B-s1 d0.pdf"" target=""_blank""><img
style=""border: 0px solid ; width: 200px; height: 60px;"" alt=""Ri-Mark Platinum Fire Certificate""
src=""media/ecom/onpagegraphics/Fire.png""></a>
<a href=""media/ecom/colselxl/digital_colour_card_Ri_Mark_Platinum.pdf"" target=""_blank""><img
style=""border: 0px solid ; width: 200px; height: 60px;"" alt=""Ri-Mark Platinum Colour Selector""
src=""media/ecom/onpagegraphics/Colour.png""></a></ul>
</body>
</html>","Platinum_828_Abyss_Blue.png","Platinum_828_Abyss_Blue.png","INVITEMS","DEFAULT-P828-DEFAULT-P828","","","0","0","0","","1","REGONLY","0","0","0","0","","","","SELECT","SELECT","0","","","","","0","0","","income-service","","","0","0","","","","","Ritrama-Platinum-Range","Ritrama-Platinum-Range","","","0","900EMT1220, 4075CT1220, 903C1220, Aslan_Red_Devil_Squeegee, Olfa_X_Design_Heavy_Duty_Knife, Masking_Tape_25mm, Aslan-Gold-Soft-Squeegee, Olfa_Graphic_Cutter, Swann_Morton_3_Handle, Swann_Morton_10A_Blades, Float_On","900EMT1220, 4075CT1220, 903C1220, Aslan_Red_Devil_Squeegee, Olfa_X_Design_Heavy_Duty_Knife, Masking_Tape_25mm, Aslan-Gold-Soft-Squeegee, Olfa_Graphic_Cutter, Swann_Morton_3_Handle, Swann_Morton_10A_Blades, Float_On","A","","ADHESIVE_STANDARD_LINER","","","Colours, Blues","Gloss","Colour References","<style>

table {

margin: 0 auto 0 auto;
}

table, th, td {
  
  border-collapse: collapse;
padding: 5px;
}
th, td {
  padding: 5px;
  text-align: center; 
  width: 160px;
  height: 30px;
  background-color:#009ee3;
  color: white;
  border-left: 5px solid white;
  border-right: 5px solid white;
}

th {
  border-top-color: white;
  font-size: 14px;
}

td {

padding-bottom: 1em;
border-bottom: 5px solid white;
font-size: 14px;
  
</style>



<table id=""data"">
  <tbody><tr>
    <th>Pantone</th>
<th>RAL</th>
<th>Avery 700</th>
<th>Mactac 9800 Pro</th>
<th>Oracal 551</th>
<th>Metamark M7</th>
  </tr>
  <tr>
    <td>&#177; 2768 C</td>
<td>-</td>
<td>= 724</td>
<td>= 9839-40</td>
<td>-</td>
<td>-</td>
  </tr>

  </tbody></table>","","","","","","","F-Sign-Platinum-828-Abyss-Blue","0","vinyl, polymeric, platinum, ritrama, fedrigoni, p828, pantone 2768 c, avery 724, mactac 9839-40, fsign, f sign, f-sign, ","","","1686226215","0","","0","","CHECKBOX"
"P829","F-Sign Platinum 829 Old Blue","P829","Ritrama","260","5","DEFAULT","","","","","0","F-Sign Platinum 829 Old Blue polymeric self-adhesive vinyl designed for long term vehicle graphics and exterior signage with an outdoor durability of 8 years.","<html>
<head><title>Platinum 829 Old Blue Gloss</title>

<style>
.responsive {
  width: 50%;
  height: auto;
}
</style>
</head>

<body>
<img src=""media/ecom/onpagegraphics/Fedrigoni_Logo.jpg"" alt=""Fedrigoni Logo"" class=""responsive"">
<p>F-Sign Platinum 829 Old Blue polymeric self-adhesive vinyl is designed for long term vehicle graphics and exterior signage.</p>

<span style=""font-weight: bold; color: #d7328a;"">Structure:</span><br>
<ul><li>65<span>&#181;</span>m Polymeric calendered PVC</li>
<li>Transparent solvent based adhesive - Permanent</li>
<li>Clay coated kraft paper liner - 120gm<sup>2</sup> 
</li></ul>

<span style=""font-weight: bold; color: #d7328a;"">Suitability:</span><br>
<ul><li>Excellent conformability to 3D curved surfaces (for extremely curved surfaces or corrugations this vinyl should be cut and applied with an overlap)</li>
<li>This high performance vinyl is designed for branding on vehicles, window graphics and all exterior or interior signage and displays</li>
<li>The high gloss face film has a high level of opacity and is engineered to enhance corporate branding projects</li>
<li>Outdoor durability of up to 8 years</li></ul>

<span style=""font-weight: bold; color: #d7328a;"">Advantages:</span><br>
<ul><li>Very cohesive solvent based adhesive provides excellent dimensional stability and water resistance for long term durability</li>
<li>This film is available with both the standard kraft liner that allows for wet or dry application as well as the Airflow liner for dry, easy to apply and bubble free application</li>
<li>Colour referencing for colour system swatches and competitor matching - see below</li>
<li>Fire Rated to Euroclass DIN EN 13501-1:2019-05 with classification B-s1-d0</li>
<li>REACH & RoHS compliant</li></ul>

<span style=""font-weight: bold; color: #d7328a;"">Technical Information:</span><br>
<ul>
<a href=""media/ecom/pdfs/datasheets/TDS_Ri_MarkPlatinum_uk_issue1_4983.pdf"" target=""_blank""><img
style=""border: 0px solid ; width: 200px; height: 60px;"" alt=""Ri-Mark Platinum Datasheet""
src=""media/ecom/onpagegraphics/Datasheet.png""></a>
<a href=""media/ecom/pdfs/firecertificates/EN 13501-1_Ri-Mark Platinum series_class B-s1 d0.pdf"" target=""_blank""><img
style=""border: 0px solid ; width: 200px; height: 60px;"" alt=""Ri-Mark Platinum Fire Certificate""
src=""media/ecom/onpagegraphics/Fire.png""></a>
<a href=""media/ecom/colselxl/digital_colour_card_Ri_Mark_Platinum.pdf"" target=""_blank""><img
style=""border: 0px solid ; width: 200px; height: 60px;"" alt=""Ri-Mark Platinum Colour Selector""
src=""media/ecom/onpagegraphics/Colour.png""></a></ul>
</body>
</html>","Platinum_829_Old_Blue.png","Platinum_829_Old_Blue.png","INVITEMS","DEFAULT-P829-DEFAULT-P829","","","0","0","0","","1","REGONLY","0","0","0","0","","","","SELECT","SELECT","0","","","","","0","0","","income-service","","","0","0","","","","","Ritrama-Platinum-Range","Ritrama-Platinum-Range","","","0","900EMT1220, 4075CT1220, 903C1220, Aslan_Red_Devil_Squeegee, Olfa_X_Design_Heavy_Duty_Knife, Masking_Tape_25mm, Aslan-Gold-Soft-Squeegee, Olfa_Graphic_Cutter, Swann_Morton_3_Handle, Swann_Morton_10A_Blades, Float_On","900EMT1220, 4075CT1220, 903C1220, Aslan_Red_Devil_Squeegee, Olfa_X_Design_Heavy_Duty_Knife, Masking_Tape_25mm, Aslan-Gold-Soft-Squeegee, Olfa_Graphic_Cutter, Swann_Morton_3_Handle, Swann_Morton_10A_Blades, Float_On","A","","ADHESIVE_STANDARD_LINER","","","Colours, Blues","Gloss","Colour References","<style>

table {

margin: 0 auto 0 auto;
}

table, th, td {
  
  border-collapse: collapse;
padding: 5px;
}
th, td {
  padding: 5px;
  text-align: center; 
  width: 160px;
  height: 30px;
  background-color:#009ee3;
  color: white;
  border-left: 5px solid white;
  border-right: 5px solid white;
}

th {
  border-top-color: white;
  font-size: 14px;
}

td {

padding-bottom: 1em;
border-bottom: 5px solid white;
font-size: 14px;
  
</style>



<table id=""data"">
  <tbody><tr>
    <th>Pantone</th>
<th>RAL</th>
<th>Avery 700</th>
<th>Mactac 9800 Pro</th>
<th>Oracal 551</th>
<th>Metamark M7</th>
  </tr>
  <tr>
    <td>&#177; 281 C</td>
<td>-</td>
<td>= 738</td>
<td>&#177; 9839-23</td>
<td>&#177; 50</td>
<td>M7-119</td>
  </tr>

  </tbody></table>","","","","","","","F-Sign-Platinum-829-Old-Blue","0","vinyl, polymeric, platinum, ritrama, fedrigoni, p829,  pantone  281 c, avery 738, mactac 9839-23, oracal 551 50, metamark m7-119, fsign, f sign, f-sign, ","","","1686226329","0","","0","","CHECKBOX"
"P830","F-Sign Platinum 830 Dark Blue","P830","Ritrama","270","5","DEFAULT","","","","","0","F-Sign Platinum 830 Dark Blue polymeric self-adhesive vinyl designed for long term vehicle graphics and exterior signage with an outdoor durability of 8 years.","<html>
<head><title>Platinum 830 Dark Blue Gloss</title>

<style>
.responsive {
  width: 50%;
  height: auto;
}
</style>
</head>

<body>
<img src=""media/ecom/onpagegraphics/Fedrigoni_Logo.jpg"" alt=""Fedrigoni Logo"" class=""responsive"">
<p>F-Sign Platinum 830 Dark Blue polymeric self-adhesive vinyl is designed for long term vehicle graphics and exterior signage.</p>

<span style=""font-weight: bold; color: #d7328a;"">Structure:</span><br>
<ul><li>65<span>&#181;</span>m Polymeric calendered PVC</li>
<li>Transparent solvent based adhesive - Permanent</li>
<li>Clay coated kraft paper liner - 120gm<sup>2</sup> 
</li></ul>

<span style=""font-weight: bold; color: #d7328a;"">Suitability:</span><br>
<ul><li>Excellent conformability to 3D curved surfaces (for extremely curved surfaces or corrugations this vinyl should be cut and applied with an overlap)</li>
<li>This high performance vinyl is designed for branding on vehicles, window graphics and all exterior or interior signage and displays</li>
<li>The high gloss face film has a high level of opacity and is engineered to enhance corporate branding projects</li>
<li>Outdoor durability of up to 8 years</li></ul>

<span style=""font-weight: bold; color: #d7328a;"">Advantages:</span><br>
<ul><li>Very cohesive solvent based adhesive provides excellent dimensional stability and water resistance for long term durability</li>
<li>This film is available with both the standard kraft liner that allows for wet or dry application as well as the Airflow liner for dry, easy to apply and bubble free application</li>
<li>Colour referencing for colour system swatches and competitor matching - see below</li>
<li>Fire Rated to Euroclass DIN EN 13501-1:2019-05 with classification B-s1-d0</li>
<li>REACH & RoHS compliant</li></ul>

<span style=""font-weight: bold; color: #d7328a;"">Technical Information:</span><br>
<ul>
<a href=""media/ecom/pdfs/datasheets/TDS_Ri_MarkPlatinum_uk_issue1_4983.pdf"" target=""_blank""><img
style=""border: 0px solid ; width: 200px; height: 60px;"" alt=""Ri-Mark Platinum Datasheet""
src=""media/ecom/onpagegraphics/Datasheet.png""></a>
<a href=""media/ecom/pdfs/firecertificates/EN 13501-1_Ri-Mark Platinum series_class B-s1 d0.pdf"" target=""_blank""><img
style=""border: 0px solid ; width: 200px; height: 60px;"" alt=""Ri-Mark Platinum Fire Certificate""
src=""media/ecom/onpagegraphics/Fire.png""></a>
<a href=""media/ecom/colselxl/digital_colour_card_Ri_Mark_Platinum.pdf"" target=""_blank""><img
style=""border: 0px solid ; width: 200px; height: 60px;"" alt=""Ri-Mark Platinum Colour Selector""
src=""media/ecom/onpagegraphics/Colour.png""></a></ul>
</body>
</html>","Platinum_830_Dark_Blue.png","Platinum_830_Dark_Blue.png","INVITEMS","DEFAULT-P830-DEFAULT-P830","","","0","0","0","","1","REGONLY","0","0","0","0","","","","SELECT","SELECT","0","","","","","0","0","","income-service","","","0","0","","","","","Ritrama-Platinum-Range","Ritrama-Platinum-Range","","","0","900EMT1220, 4075CT1220, 903C1220, Aslan_Red_Devil_Squeegee, Olfa_X_Design_Heavy_Duty_Knife, Masking_Tape_25mm, Aslan-Gold-Soft-Squeegee, Olfa_Graphic_Cutter, Swann_Morton_3_Handle, Swann_Morton_10A_Blades, Float_On","900EMT1220, 4075CT1220, 903C1220, Aslan_Red_Devil_Squeegee, Olfa_X_Design_Heavy_Duty_Knife, Masking_Tape_25mm, Aslan-Gold-Soft-Squeegee, Olfa_Graphic_Cutter, Swann_Morton_3_Handle, Swann_Morton_10A_Blades, Float_On","A","","ADHESIVE_STANDARD_LINER","","","Colours, Blues","Gloss","Colour References","<style>

table {

margin: 0 auto 0 auto;
}

table, th, td {
  
  border-collapse: collapse;
padding: 5px;
}
th, td {
  padding: 5px;
  text-align: center; 
  width: 160px;
  height: 30px;
  background-color:#009ee3;
  color: white;
  border-left: 5px solid white;
  border-right: 5px solid white;
}

th {
  border-top-color: white;
  font-size: 14px;
}

td {

padding-bottom: 1em;
border-bottom: 5px solid white;
font-size: 14px;
  
</style>



<table id=""data"">
  <tbody><tr>
    <th>Pantone</th>
<th>RAL</th>
<th>Avery 700</th>
<th>Mactac 9800 Pro</th>
<th>Oracal 551</th>
<th>Metamark M7</th>
  </tr>
  <tr>
    <td>&#177; 2748 C</td>
<td>-</td>
<td>&#177; 723</td>
<td>-</td>
<td>= 164</td>
<td>M7-156</td>
  </tr>

  </tbody></table>","","","","","","","F-Sign-Platinum-830-Dark-Blue","0","vinyl, polymeric, platinum, ritrama, fedrigoni, p830,  pantone  2748 c, avery 723, oracal 551 164, metamark m7-156, fsign, f sign, f-sign, ","","","1686226431","0","","0","","CHECKBOX"
"P832","F-Sign Platinum 832 Marine Blue","P832","Ritrama","280","5","DEFAULT","","","","","0","F-Sign Platinum 832 Marine Blue polymeric self-adhesive vinyl designed for long term vehicle graphics and exterior signage with an outdoor durability of 8 years.","<html>
<head><title>Platinum 832 Marine Blue Gloss</title>

<style>
.responsive {
  width: 50%;
  height: auto;
}
</style>
</head>

<body>
<img src=""media/ecom/onpagegraphics/Fedrigoni_Logo.jpg"" alt=""Fedrigoni Logo"" class=""responsive"">
<p>F-Sign Platinum 832 Marine Blue polymeric self-adhesive vinyl is designed for long term vehicle graphics and exterior signage.</p>

<span style=""font-weight: bold; color: #d7328a;"">Structure:</span><br>
<ul><li>65<span>&#181;</span>m Polymeric calendered PVC<li>
<li>Transparent solvent based adhesive - Permanent</li>
<li>Clay coated kraft paper liner - 120gm<sup>2</sup> 
</li></ul>

<span style=""font-weight: bold; color: #d7328a;"">Suitability:</span><br>
<ul><li>Excellent conformability to 3D curved surfaces (for extremely curved surfaces or corrugations this vinyl should be cut and applied with an overlap)</li>
<li>This high performance vinyl is designed for branding on vehicles, window graphics and all exterior or interior signage and displays</li>
<li>The high gloss face film has a high level of opacity and is engineered to enhance corporate branding projects</li>
<li>Outdoor durability of up to 8 years</li></ul>

<span style=""font-weight: bold; color: #d7328a;"">Advantages:</span><br>
<ul><li>Very cohesive solvent based adhesive provides excellent dimensional stability and water resistance for long term durability</li>
<li>This film is available with both the standard kraft liner that allows for wet or dry application as well as the Airflow liner for dry, easy to apply and bubble free application</li>
<li>Colour referencing for colour system swatches and competitor matching - see below</li>
<li>Fire Rated to Euroclass DIN EN 13501-1:2019-05 with classification B-s1-d0</li>
<li>REACH & RoHS compliant</li></ul>

<span style=""font-weight: bold; color: #d7328a;"">Technical Information:</span><br>
<ul>
<a href=""media/ecom/pdfs/datasheets/TDS_Ri_MarkPlatinum_uk_issue1_4983.pdf"" target=""_blank""><img
style=""border: 0px solid ; width: 200px; height: 60px;"" alt=""Ri-Mark Platinum Datasheet""
src=""media/ecom/onpagegraphics/Datasheet.png""></a>
<a href=""media/ecom/pdfs/firecertificates/EN 13501-1_Ri-Mark Platinum series_class B-s1 d0.pdf"" target=""_blank""><img
style=""border: 0px solid ; width: 200px; height: 60px;"" alt=""Ri-Mark Platinum Fire Certificate""
src=""media/ecom/onpagegraphics/Fire.png""></a>
<a href=""media/ecom/colselxl/digital_colour_card_Ri_Mark_Platinum.pdf"" target=""_blank""><img
style=""border: 0px solid ; width: 200px; height: 60px;"" alt=""Ri-Mark Platinum Colour Selector""
src=""media/ecom/onpagegraphics/Colour.png""></a></ul>
</body>
</html>","Platinum_832_Marine_Blue.png","Platinum_832_Marine_Blue.png","INVITEMS","DEFAULT-P832-DEFAULT-P832","","","0","0","0","","1","REGONLY","0","0","0","0","","","","SELECT","SELECT","0","","","","","0","0","","income-service","","","0","0","","","","","Ritrama-Platinum-Range","Ritrama-Platinum-Range","","","0","900EMT1220, 4075CT1220, 903C1220, Aslan_Red_Devil_Squeegee, Olfa_X_Design_Heavy_Duty_Knife, Masking_Tape_25mm, Aslan-Gold-Soft-Squeegee, Olfa_Graphic_Cutter, Swann_Morton_3_Handle, Swann_Morton_10A_Blades, Float_On","900EMT1220, 4075CT1220, 903C1220, Aslan_Red_Devil_Squeegee, Olfa_X_Design_Heavy_Duty_Knife, Masking_Tape_25mm, Aslan-Gold-Soft-Squeegee, Olfa_Graphic_Cutter, Swann_Morton_3_Handle, Swann_Morton_10A_Blades, Float_On","A","","ADHESIVE_STANDARD_LINER","","","Colours, Blues","Gloss","Colour References","<style>

table {

margin: 0 auto 0 auto;
}

table, th, td {
  
  border-collapse: collapse;
padding: 5px;
}
th, td {
  padding: 5px;
  text-align: center; 
  width: 160px;
  height: 30px;
  background-color:#009ee3;
  color: white;
  border-left: 5px solid white;
  border-right: 5px solid white;
}

th {
  border-top-color: white;
  font-size: 14px;
}

td {

padding-bottom: 1em;
border-bottom: 5px solid white;
font-size: 14px;
  
</style>



<table id=""data"">
  <tbody><tr>
    <th>Pantone</th>
<th>RAL</th>
<th>Avery 700</th>
<th>Mactac 9800 Pro</th>
<th>Oracal 551</th>
<th>Metamark M7</th>
  </tr>
  <tr>
    <td>&#177; 288 C</td>
<td>&#177; 5002</td>
<td>&#177; 792</td>
<td>&#177; 9839-12</td>
<td>&#177; 511</td>
<td>-</td>
  </tr>

  </tbody></table>","","","","","","","F-Sign-Platinum-832-Marine-Blue","0","vinyl, polymeric, platinum, ritrama, fedrigoni, p832, panton 288 c, ral 5002, avery 792, mactac 9839-12, oracal 551 511, fsign, f sign, f-sign, ","","","1686226551","0","","0","","CHECKBOX"
"P833","F-Sign Platinum 833 Ultramarine Blue","P833","Ritrama","290","6","DEFAULT","","","","","0","F-Sign Platinum 833 Ultramarine Blue polymeric self-adhesive vinyl designed for long term vehicle graphics and exterior signage with an outdoor durability of 8 years.","<html>
<head><title>Platinum 833 Ultramarine Blue Gloss</title>

<style>
.responsive {
  width: 50%;
  height: auto;
}
</style>
</head>

<body>
<img src=""media/ecom/onpagegraphics/Fedrigoni_Logo.jpg"" alt=""Fedrigoni Logo"" class=""responsive"">
<p>F-Sign Platinum 833 Ultramarine Blue polymeric self-adhesive vinyl is designed for long term vehicle graphics and exterior signage.</p>

<span style=""font-weight: bold; color: #d7328a;"">Structure:</span><br>
<ul><li>65<span>&#181;</span>m Polymeric calendered PVC</li>
<li>Transparent solvent based adhesive - Permanent</li>
<li>Micro embossed PE coated kraft paper liner - 140gm<sup>2</sup>
</li></ul>

<span style=""font-weight: bold; color: #d7328a;"">Suitability:</span><br>
<ul><li>Excellent conformability to 3D curved surfaces (for extremely curved surfaces or corrugations this vinyl should be cut and applied with an overlap)</li>
<li>This high performance vinyl is designed for branding on vehicles, window graphics and all exterior or interior signage and displays</li>
<li>The high gloss face film has a high level of opacity and is engineered to enhance corporate branding projects</li>
<li>Outdoor durability of up to 8 years</li></ul>

<span style=""font-weight: bold; color: #d7328a;"">Advantages:</span><br>
<ul><li>Very cohesive solvent based adhesive provides excellent dimensional stability and water resistance for long term durability</li>
<li>This film is available with both the standard kraft liner that allows for wet or dry application as well as the Airflow liner for dry, easy to apply and bubble free application</li>
<li>Colour referencing for colour system swatches and competitor matching - see below</li>
<li>Fire Rated to Euroclass DIN EN 13501-1:2019-05 with classification B-s1-d0</li>
<li>REACH & RoHS compliant</li></ul>

<span style=""font-weight: bold; color: #d7328a;"">Technical Information:</span><br>
<ul>
<a href=""media/ecom/pdfs/datasheets/TDS_Ri_MarkPlatinum_uk_issue1_4983.pdf"" target=""_blank""><img
style=""border: 0px solid ; width: 200px; height: 60px;"" alt=""Ri-Mark Platinum Datasheet""
src=""media/ecom/onpagegraphics/Datasheet.png""></a>
<a href=""media/ecom/pdfs/firecertificates/EN 13501-1_Ri-Mark Platinum series_class B-s1 d0.pdf"" target=""_blank""><img
style=""border: 0px solid ; width: 200px; height: 60px;"" alt=""Ri-Mark Platinum Fire Certificate""
src=""media/ecom/onpagegraphics/Fire.png""></a>
<a href=""media/ecom/colselxl/digital_colour_card_Ri_Mark_Platinum.pdf"" target=""_blank""><img
style=""border: 0px solid ; width: 200px; height: 60px;"" alt=""Ri-Mark Platinum Colour Selector""
src=""media/ecom/onpagegraphics/Colour.png""></a></ul>
</body>
</html>","Platinum_833_Ultramarine_Blue.png","Platinum_833_Ultramarine_Blue.png","INVITEMS","DEFAULT-P833-DEFAULT-P833","","","0","0","0","","1","REGONLY","0","0","0","0","","","","SELECT","SELECT","0","","","","","0","0","","income-service","","","0","0","","","","","Ritrama-Platinum-Range","Ritrama-Platinum-Range","","","0","900EMT1220, 4075CT1220, 903C1220, Aslan_Red_Devil_Squeegee, Olfa_X_Design_Heavy_Duty_Knife, Masking_Tape_25mm, Aslan-Gold-Soft-Squeegee, Olfa_Graphic_Cutter, Swann_Morton_3_Handle, Swann_Morton_10A_Blades, Float_On","900EMT1220, 4075CT1220, 903C1220, Aslan_Red_Devil_Squeegee, Olfa_X_Design_Heavy_Duty_Knife, Masking_Tape_25mm, Aslan-Gold-Soft-Squeegee, Olfa_Graphic_Cutter, Swann_Morton_3_Handle, Swann_Morton_10A_Blades, Float_On","A","","ADHESIVE_AIRFLOW","","","Colours, Blues","Gloss","Colour References","<style>

table {

margin: 0 auto 0 auto;
}

table, th, td {
  
  border-collapse: collapse;
padding: 5px;
}
th, td {
  padding: 5px;
  text-align: center; 
  width: 160px;
  height: 30px;
  background-color:#009ee3;
  color: white;
  border-left: 5px solid white;
  border-right: 5px solid white;
}

th {
  border-top-color: white;
  font-size: 14px;
}

td {

padding-bottom: 1em;
border-bottom: 5px solid white;
font-size: 14px;
  
</style>



<table id=""data"">
  <tbody><tr>
    <th>Pantone</th>
<th>RAL</th>
<th>Avery 700</th>
<th>Mactac 9800 Pro</th>
<th>Oracal 551</th>
<th>Metamark M7</th>
  </tr>
  <tr>
    <td>&#177; 2748 C</td>
<td>&#177; 5002</td>
<td>&#177; 747</td>
<td>&#177; 9839-12</td>
<td>= 511</td>
<td>M7-117</td>
  </tr>

  </tbody></table>","","","","","","","F-Sign-Platinum-833-Ultramarine-Blue","0","vinyl, polymeric, platinum, ritrama, fedrigoni, p833, airflow, pantone 2748 c, ral 5002, avery 747, mactac 9839-12, oracal 551 511, metamark m7- 117, fsign, f sign, f-sign, ","","","1686226674","0","","0","","CHECKBOX"
"P834","F-Sign Platinum 834 Reflex Blue","P834","Ritrama","300","6","DEFAULT","","","","","0","F-Sign Platinum 834 Reflex Blue polymeric self-adhesive vinyl designed for long term vehicle graphics and exterior signage with an outdoor durability of 8 years.","<html>
<head><title>Platinum 834 Reflex Blue Gloss</title>

<style>
.responsive {
  width: 50%;
  height: auto;
}
</style>
</head>

<body>
<img src=""media/ecom/onpagegraphics/Fedrigoni_Logo.jpg"" alt=""Fedrigoni Logo"" class=""responsive"">
<p>F-Sign Platinum 834 Reflex Blue polymeric self-adhesive vinyl is designed for long term vehicle graphics and exterior signage.</p>

<span style=""font-weight: bold; color: #d7328a;"">Structure:</span><br>
<ul><li>65<span>&#181;</span>m Polymeric calendered PVC</li>
<li>Transparent solvent based adhesive - Permanent</li>
<li>Clay coated kraft paper liner - 120gm<sup>2</sup> or Micro embossed PE coated kraft paper liner - 140gm<sup>2</sup>
</li></ul>

<span style=""font-weight: bold; color: #d7328a;"">Suitability:</span><br>
<ul><li>Excellent conformability to 3D curved surfaces (for extremely curved surfaces or corrugations this vinyl should be cut and applied with an overlap)</li>
<li>This high performance vinyl is designed for branding on vehicles, window graphics and all exterior or interior signage and displays</li>
<li>The high gloss face film has a high level of opacity and is engineered to enhance corporate branding projects</li>
<li>Outdoor durability of up to 8 years</li></ul>

<span style=""font-weight: bold; color: #d7328a;"">Advantages:</span><br>
<ul><li>Very cohesive solvent based adhesive provides excellent dimensional stability and water resistance for long term durability</li>
<li>This film is available with both the standard kraft liner that allows for wet or dry application as well as the Airflow liner for dry, easy to apply and bubble free application</li>
<li>Colour referencing for colour system swatches and competitor matching - see below</li>
<li>Fire Rated to Euroclass DIN EN 13501-1:2019-05 with classification B-s1-d0</li>
<li>REACH & RoHS compliant</li></ul>

<span style=""font-weight: bold; color: #d7328a;"">Technical Information:</span><br>
<ul>
<a href=""media/ecom/pdfs/datasheets/TDS_Ri_MarkPlatinum_uk_issue1_4983.pdf"" target=""_blank""><img
style=""border: 0px solid ; width: 200px; height: 60px;"" alt=""Ri-Mark Platinum Datasheet""
src=""media/ecom/onpagegraphics/Datasheet.png""></a>
<a href=""media/ecom/pdfs/firecertificates/EN 13501-1_Ri-Mark Platinum series_class B-s1 d0.pdf"" target=""_blank""><img
style=""border: 0px solid ; width: 200px; height: 60px;"" alt=""Ri-Mark Platinum Fire Certificate""
src=""media/ecom/onpagegraphics/Fire.png""></a>
<a href=""media/ecom/colselxl/digital_colour_card_Ri_Mark_Platinum.pdf"" target=""_blank""><img
style=""border: 0px solid ; width: 200px; height: 60px;"" alt=""Ri-Mark Platinum Colour Selector""
src=""media/ecom/onpagegraphics/Colour.png""></a></ul>
</body>
</html>","Platinum_834_Reflex_Blue.png","Platinum_834_Reflex_Blue.png","INVITEMS","DEFAULT-P834-DEFAULT-P834","","","0","0","0","","1","REGONLY","0","0","0","0","","","","SELECT","SELECT","0","","","","","0","0","","income-service","","","0","0","","","","","Ritrama-Platinum-Range","Ritrama-Platinum-Range","","","0","900EMT1220, 4075CT1220, 903C1220, Aslan_Red_Devil_Squeegee, Olfa_X_Design_Heavy_Duty_Knife, Masking_Tape_25mm, Aslan-Gold-Soft-Squeegee, Olfa_Graphic_Cutter, Swann_Morton_3_Handle, Swann_Morton_10A_Blades, Float_On","900EMT1220, 4075CT1220, 903C1220, Aslan_Red_Devil_Squeegee, Olfa_X_Design_Heavy_Duty_Knife, Masking_Tape_25mm, Aslan-Gold-Soft-Squeegee, Olfa_Graphic_Cutter, Swann_Morton_3_Handle, Swann_Morton_10A_Blades, Float_On","A","","ADHESIVE_AIRFLOW, ADHESIVE_STANDARD_LINER","","","Colours, Blues","Gloss","Colour References","<style>

table {

margin: 0 auto 0 auto;
}

table, th, td {
  
  border-collapse: collapse;
padding: 5px;
}
th, td {
  padding: 5px;
  text-align: center; 
  width: 160px;
  height: 30px;
  background-color:#009ee3;
  color: white;
  border-left: 5px solid white;
  border-right: 5px solid white;
}

th {
  border-top-color: white;
  font-size: 14px;
}

td {

padding-bottom: 1em;
border-bottom: 5px solid white;
font-size: 14px;
  
</style>



<table id=""data"">
  <tbody><tr>
    <th>Pantone</th>
<th>RAL</th>
<th>Avery 700</th>
<th>Mactac 9800 Pro</th>
<th>Oracal 551</th>
<th>Metamark M7</th>
  </tr>
  <tr>
    <td>&#177; 287 C</td>
<td>-</td>
<td>&#177; 752</td>
<td>= 9839-26</td>
<td>&#177; 510</td>
<td>M7-118</td>
  </tr>

  </tbody></table>","","","","","","","F-Sign-Platinum-834-Reflex-Blue","0","vinyl, polymeric, platinum, ritrama, fedrigoni, p834, airflow, pantone 287 c, avery 752, mactac 9839-26, oracal 551 510, metamark m7-118, fsign, f sign, f-sign, ","","","1686226874","0","","0","","CHECKBOX"
"P835","F-Sign Platinum 835 Cosmos Blue","P835","Ritrama","310","6","DEFAULT","","","","","0","F-Sign Platinum 835 Cosmos Blue polymeric self-adhesive vinyl designed for long term vehicle graphics and exterior signage with an outdoor durability of 8 years.","<html>
<head><title>Platinum 835 Cosmos Blue Gloss</title>

<style>
.responsive {
  width: 50%;
  height: auto;
}
</style>
</head>

<body>
<img src=""media/ecom/onpagegraphics/Fedrigoni_Logo.jpg"" alt=""Fedrigoni Logo"" class=""responsive"">
<p>F-Sign Platinum 835 Cosmos Blue polymeric self-adhesive vinyl is designed for long term vehicle graphics and exterior signage.</p>

<span style=""font-weight: bold; color: #d7328a;"">Structure:</span><br>
<ul><li>65<span>&#181;</span>m Polymeric calendered PVC</li>
<li>Transparent solvent based adhesive - Permanent</li>
<li>Clay coated kraft paper liner - 120gm<sup>2</sup> or Micro embossed PE coated kraft paper liner - 140gm<sup>2</sup>
</li></ul>

<span style=""font-weight: bold; color: #d7328a;"">Suitability:</span><br>
<ul><li>Excellent conformability to 3D curved surfaces (for extremely curved surfaces or corrugations this vinyl should be cut and applied with an overlap)</li>
<li>This high performance vinyl is designed for branding on vehicles, window graphics and all exterior or interior signage and displays</li>
<li>The high gloss face film has a high level of opacity and is engineered to enhance corporate branding projects</li>
<li>Outdoor durability of up to 8 years</li></ul>

<span style=""font-weight: bold; color: #d7328a;"">Advantages:</span><br>
<ul><li>Very cohesive solvent based adhesive provides excellent dimensional stability and water resistance for long term durability</li>
<li>This film is available with both the standard kraft liner that allows for wet or dry application as well as the Airflow liner for dry, easy to apply and bubble free application</li>
<li>Colour referencing for colour system swatches and competitor matching - see below</li>
<li>Fire Rated to Euroclass DIN EN 13501-1:2019-05 with classification B-s1-d0</li>
<li>REACH & RoHS compliant</li></ul>

<span style=""font-weight: bold; color: #d7328a;"">Technical Information:</span><br>
<ul>
<a href=""media/ecom/pdfs/datasheets/TDS_Ri_MarkPlatinum_uk_issue1_4983.pdf"" target=""_blank""><img
style=""border: 0px solid ; width: 200px; height: 60px;"" alt=""Ri-Mark Platinum Datasheet""
src=""media/ecom/onpagegraphics/Datasheet.png""></a>
<a href=""media/ecom/pdfs/firecertificates/EN 13501-1_Ri-Mark Platinum series_class B-s1 d0.pdf"" target=""_blank""><img
style=""border: 0px solid ; width: 200px; height: 60px;"" alt=""Ri-Mark Platinum Fire Certificate""
src=""media/ecom/onpagegraphics/Fire.png""></a>
<a href=""media/ecom/colselxl/digital_colour_card_Ri_Mark_Platinum.pdf"" target=""_blank""><img
style=""border: 0px solid ; width: 200px; height: 60px;"" alt=""Ri-Mark Platinum Colour Selector""
src=""media/ecom/onpagegraphics/Colour.png""></a></ul>
</body>
</html>","Platinum_835_Cosmos_Blue.png","Platinum_835_Cosmos_Blue.png","INVITEMS","DEFAULT-P835-DEFAULT-P835","","","0","0","0","","1","REGONLY","0","0","0","0","","","","SELECT","SELECT","0","","","","","0","0","","income-service","","","0","0","","","","","Ritrama-Platinum-Range","Ritrama-Platinum-Range","","","0","900EMT1220, 4075CT1220, 903C1220, Aslan_Red_Devil_Squeegee, Olfa_X_Design_Heavy_Duty_Knife, Masking_Tape_25mm, Aslan-Gold-Soft-Squeegee, Olfa_Graphic_Cutter, Swann_Morton_3_Handle, Swann_Morton_10A_Blades, Float_On","900EMT1220, 4075CT1220, 903C1220, Aslan_Red_Devil_Squeegee, Olfa_X_Design_Heavy_Duty_Knife, Masking_Tape_25mm, Aslan-Gold-Soft-Squeegee, Olfa_Graphic_Cutter, Swann_Morton_3_Handle, Swann_Morton_10A_Blades, Float_On","A","","ADHESIVE_AIRFLOW, ADHESIVE_STANDARD_LINER","","","Colours, Blues","Gloss","Colour References","<style>

table {

margin: 0 auto 0 auto;
}

table, th, td {
  
  border-collapse: collapse;
padding: 5px;
}
th, td {
  padding: 5px;
  text-align: center; 
  width: 160px;
  height: 30px;
  background-color:#009ee3;
  color: white;
  border-left: 5px solid white;
  border-right: 5px solid white;
}

th {
  border-top-color: white;
  font-size: 14px;
}

td {

padding-bottom: 1em;
border-bottom: 5px solid white;
font-size: 14px;
  
</style>



<table id=""data"">
  <tbody><tr>
    <th>Pantone</th>
<th>RAL</th>
<th>Avery 700</th>
<th>Mactac 9800 Pro</th>
<th>Oracal 551</th>
<th>Metamark M7</th>
  </tr>
  <tr>
    <td>&#177; 2145 C</td>
<td>&#177; 5005</td>
<td>= 708</td>
<td>= 9839-11</td>
<td>&#177; 57</td>
<td>M7-154</td>
  </tr>

  </tbody></table>","","","","","","","F-Sign-Platinum-835-Cosmos-Blue","0","vinyl, polymeric, platinum, ritrama, fedrigoni, p835, airflow, pantone  2145c, ral 5005, avery 708, mactac 9839-11, oracal 551 57, metamark m7-154, fsign, f sign, f-sign, ","","","1686227013","0","","0","","CHECKBOX"
"P836","F-Sign Platinum 836 Permanent Blue","P836","Ritrama","320","5","DEFAULT","","","","","0","F-Sign Platinum 836 Permanent Blue polymeric self-adhesive vinyl designed for long term vehicle graphics and exterior signage with an outdoor durability of 8 years.","<html>
<head><title>Platinum 836 Permanent Blue Gloss</title>

<style>
.responsive {
  width: 50%;
  height: auto;
}
</style>
</head>

<body>
<img src=""media/ecom/onpagegraphics/Fedrigoni_Logo.jpg"" alt=""Fedrigoni Logo"" class=""responsive"">
<p>F-Sign Platinum 836 Permanent Blue polymeric self-adhesive vinyl is designed for long term vehicle graphics and exterior signage.</p>

<span style=""font-weight: bold; color: #d7328a;"">Structure:</span><br>
<ul><li>65<span>&#181;</span>m Polymeric calendered PVC</li>
<li>Transparent solvent based adhesive - Permanent</li>
<li>Clay coated kraft paper liner - 120gm<sup>2</sup> 
</li></ul>

<span style=""font-weight: bold; color: #d7328a;"">Suitability:</span><br>
<ul><li>Excellent conformability to 3D curved surfaces (for extremely curved surfaces or corrugations this vinyl should be cut and applied with an overlap)</li>
<li>This high performance vinyl is designed for branding on vehicles, window graphics and all exterior or interior signage and displays</li>
<li>The high gloss face film has a high level of opacity and is engineered to enhance corporate branding projects</li>
<li>Outdoor durability of up to 8 years</li></ul>

<span style=""font-weight: bold; color: #d7328a;"">Advantages:</span><br>
<ul><li>Very cohesive solvent based adhesive provides excellent dimensional stability and water resistance for long term durability</li>
<li>This film is available with both the standard kraft liner that allows for wet or dry application as well as the Airflow liner for dry, easy to apply and bubble free application</li>
<li>Colour referencing for colour system swatches and competitor matching - see below</li>
<li>Fire Rated to Euroclass DIN EN 13501-1:2019-05 with classification B-s1-d0</li>
<li>REACH & RoHS compliant</li></ul>

<span style=""font-weight: bold; color: #d7328a;"">Technical Information:</span><br>
<ul>
<a href=""media/ecom/pdfs/datasheets/TDS_Ri_MarkPlatinum_uk_issue1_4983.pdf"" target=""_blank""><img
style=""border: 0px solid ; width: 200px; height: 60px;"" alt=""Ri-Mark Platinum Datasheet""
src=""media/ecom/onpagegraphics/Datasheet.png""></a>
<a href=""media/ecom/pdfs/firecertificates/EN 13501-1_Ri-Mark Platinum series_class B-s1 d0.pdf"" target=""_blank""><img
style=""border: 0px solid ; width: 200px; height: 60px;"" alt=""Ri-Mark Platinum Fire Certificate""
src=""media/ecom/onpagegraphics/Fire.png""></a>
<a href=""media/ecom/colselxl/digital_colour_card_Ri_Mark_Platinum.pdf"" target=""_blank""><img
style=""border: 0px solid ; width: 200px; height: 60px;"" alt=""Ri-Mark Platinum Colour Selector""
src=""media/ecom/onpagegraphics/Colour.png""></a></ul>
</body>
</html>","Platinum_836_Permanent_Blue.png","Platinum_836_Permanent_Blue.png","INVITEMS","DEFAULT-P836-DEFAULT-P836","","","0","0","0","","1","REGONLY","0","0","0","0","","","","SELECT","SELECT","0","","","","","0","0","","income-service","","","0","0","","","","","Ritrama-Platinum-Range","Ritrama-Platinum-Range","","","0","900EMT1220, 4075CT1220, 903C1220, Aslan_Red_Devil_Squeegee, Olfa_X_Design_Heavy_Duty_Knife, Masking_Tape_25mm, Aslan-Gold-Soft-Squeegee, Olfa_Graphic_Cutter, Swann_Morton_3_Handle, Swann_Morton_10A_Blades, Float_On","900EMT1220, 4075CT1220, 903C1220, Aslan_Red_Devil_Squeegee, Olfa_X_Design_Heavy_Duty_Knife, Masking_Tape_25mm, Aslan-Gold-Soft-Squeegee, Olfa_Graphic_Cutter, Swann_Morton_3_Handle, Swann_Morton_10A_Blades, Float_On","A","","ADHESIVE_STANDARD_LINER","","","Colours, Blues","Gloss","Colour References","<style>

table {

margin: 0 auto 0 auto;
}

table, th, td {
  
  border-collapse: collapse;
padding: 5px;
}
th, td {
  padding: 5px;
  text-align: center; 
  width: 160px;
  height: 30px;
  background-color:#009ee3;
  color: white;
  border-left: 5px solid white;
  border-right: 5px solid white;
}

th {
  border-top-color: white;
  font-size: 14px;
}

td {

padding-bottom: 1em;
border-bottom: 5px solid white;
font-size: 14px;
  
</style>



<table id=""data"">
  <tbody><tr>
    <th>Pantone</th>
<th>RAL</th>
<th>Avery 700</th>
<th>Mactac 9800 Pro</th>
<th>Oracal 551</th>
<th>Metamark M7</th>
  </tr>
  <tr>
    <td>&#177; 2935 C</td>
<td>-</td>
<td>= 741</td>
<td>&#177; 9839-22</td>
<td>= 166</td>
<td>M7-153</td>
  </tr>

  </tbody></table>","","","","","","","F-Sign-Platinum-836-Permanent-Blue","0","vinyl, polymeric, platinum, ritrama, fedrigoni, p836, pantone  2935c, avery 741, mactac 9839-22, oracal 551 166, metamark m7-153, fsign, f sign, f-sign, ","","","1686227131","0","","0","","CHECKBOX"
"P837","F-Sign Platinum 837 Medium Blue","P837","Ritrama","330","5","DEFAULT","","","","","0","F-Sign Platinum 837 Medium Blue polymeric self-adhesive vinyl designed for long term vehicle graphics and exterior signage with an outdoor durability of 8 years.","<html>
<head><title>Platinum 837 Medium Blue Gloss</title>

<style>
.responsive {
  width: 50%;
  height: auto;
}
</style>
</head>

<body>
<img src=""media/ecom/onpagegraphics/Fedrigoni_Logo.jpg"" alt=""Fedrigoni Logo"" class=""responsive"">
<p>F-Sign Platinum 837 Medium Blue polymeric self-adhesive vinyl is designed for long term vehicle graphics and exterior signage.</p>

<span style=""font-weight: bold; color: #d7328a;"">Structure:</span><br>
<ul><li>65<span>&#181;</span>m Polymeric calendered PVC</li>
<li>Transparent solvent based adhesive - Permanent</li>
<li>Clay coated kraft paper liner - 120gm<sup>2</sup> 
</li></ul>

<span style=""font-weight: bold; color: #d7328a;"">Suitability:</span><br>
<ul><li>Excellent conformability to 3D curved surfaces (for extremely curved surfaces or corrugations this vinyl should be cut and applied with an overlap)</li>
<li>This high performance vinyl is designed for branding on vehicles, window graphics and all exterior or interior signage and displays</li>
<li>The high gloss face film has a high level of opacity and is engineered to enhance corporate branding projects</li>
<li>Outdoor durability of up to 8 years</li></ul>

<span style=""font-weight: bold; color: #d7328a;"">Advantages:</span><br>
<ul><li>Very cohesive solvent based adhesive provides excellent dimensional stability and water resistance for long term durability</li>
<li>This film is available with both the standard kraft liner that allows for wet or dry application as well as the Airflow liner for dry, easy to apply and bubble free application</li>
<li>Colour referencing for colour system swatches and competitor matching - see below</li>
<li>Fire Rated to Euroclass DIN EN 13501-1:2019-05 with classification B-s1-d0</li>
<li>REACH & RoHS compliant</li></ul>

<span style=""font-weight: bold; color: #d7328a;"">Technical Information:</span><br>
<ul>
<a href=""media/ecom/pdfs/datasheets/TDS_Ri_MarkPlatinum_uk_issue1_4983.pdf"" target=""_blank""><img
style=""border: 0px solid ; width: 200px; height: 60px;"" alt=""Ri-Mark Platinum Datasheet""
src=""media/ecom/onpagegraphics/Datasheet.png""></a>
<a href=""media/ecom/pdfs/firecertificates/EN 13501-1_Ri-Mark Platinum series_class B-s1 d0.pdf"" target=""_blank""><img
style=""border: 0px solid ; width: 200px; height: 60px;"" alt=""Ri-Mark Platinum Fire Certificate""
src=""media/ecom/onpagegraphics/Fire.png""></a>
<a href=""media/ecom/colselxl/digital_colour_card_Ri_Mark_Platinum.pdf"" target=""_blank""><img
style=""border: 0px solid ; width: 200px; height: 60px;"" alt=""Ri-Mark Platinum Colour Selector""
src=""media/ecom/onpagegraphics/Colour.png""></a></ul>
</body>
</html>","Platinum_837_Medium_Blue.png","Platinum_837_Medium_Blue.png","INVITEMS","DEFAULT-P837-DEFAULT-P837","","","0","0","0","","1","REGONLY","0","0","0","0","","","","SELECT","SELECT","0","","","","","0","0","","income-service","","","0","0","","","","","Ritrama-Platinum-Range","Ritrama-Platinum-Range","","","0","900EMT1220, 4075CT1220, 903C1220, Aslan_Red_Devil_Squeegee, Olfa_X_Design_Heavy_Duty_Knife, Masking_Tape_25mm, Aslan-Gold-Soft-Squeegee, Olfa_Graphic_Cutter, Swann_Morton_3_Handle, Swann_Morton_10A_Blades, Float_On","900EMT1220, 4075CT1220, 903C1220, Aslan_Red_Devil_Squeegee, Olfa_X_Design_Heavy_Duty_Knife, Masking_Tape_25mm, Aslan-Gold-Soft-Squeegee, Olfa_Graphic_Cutter, Swann_Morton_3_Handle, Swann_Morton_10A_Blades, Float_On","A","","ADHESIVE_STANDARD_LINER","","","Colours, Blues","Gloss","Colour References","<style>

table {

margin: 0 auto 0 auto;
}

table, th, td {
  
  border-collapse: collapse;
padding: 5px;
}
th, td {
  padding: 5px;
  text-align: center; 
  width: 160px;
  height: 30px;
  background-color:#009ee3;
  color: white;
  border-left: 5px solid white;
  border-right: 5px solid white;
}

th {
  border-top-color: white;
  font-size: 14px;
}

td {

padding-bottom: 1em;
border-bottom: 5px solid white;
font-size: 14px;
  
</style>



<table id=""data"">
  <tbody><tr>
    <th>Pantone</th>
<th>RAL</th>
<th>Avery 700</th>
<th>Mactac 9800 Pro</th>
<th>Oracal 551</th>
<th>Metamark M7</th>
  </tr>
  <tr>
    <td>&#177; 2175 C</td>
<td>-</td>
<td>= 751</td>
<td>9839-24</td>
<td>=52</td>
<td>-</td>
  </tr>

  </tbody></table>","","","","","","","F-Sign-Platinum-837-Medium-Blue","0","vinyl, polymeric, platinum, ritrama, fedrigoni, p837, pantone  2175c, avery 751, mactac 9839-24, oracal 551 52, fsign, f sign, f-sign, ","","","1686227285","0","","0","","CHECKBOX"
"P838","F-Sign Platinum 838 Ocean Blue","P838","Ritrama","340","5","DEFAULT","","","","","0","F-Sign Platinum 838 Ocean Blue polymeric self-adhesive vinyl designed for long term vehicle graphics and exterior signage with an outdoor durability of 8 years.","<html>
<head><title>Platinum 838 Ocean Blue Gloss</title>

<style>
.responsive {
  width: 50%;
  height: auto;
}
</style>
</head>

<body>
<img src=""media/ecom/onpagegraphics/Fedrigoni_Logo.jpg"" alt=""Fedrigoni Logo"" class=""responsive"">
<p>F-Sign Platinum 838 Ocean Blue polymeric self-adhesive vinyl is designed for long term vehicle graphics and exterior signage.</p>

<span style=""font-weight: bold; color: #d7328a;"">Structure:</span><br>
<ul><li>65<span>&#181;</span>m Polymeric calendered PVC</li>
<li>Transparent solvent based adhesive - Permanent</li>
<li>Clay coated kraft paper liner - 120gm<sup>2</sup> 
</li></ul>

<span style=""font-weight: bold; color: #d7328a;"">Suitability:</span><br>
<ul><li>Excellent conformability to 3D curved surfaces (for extremely curved surfaces or corrugations this vinyl should be cut and applied with an overlap)</li>
<li>This high performance vinyl is designed for branding on vehicles, window graphics and all exterior or interior signage and displays</li>
<li>The high gloss face film has a high level of opacity and is engineered to enhance corporate branding projects</li>
<li>Outdoor durability of up to 8 years</li></ul>

<span style=""font-weight: bold; color: #d7328a;"">Advantages:</span><br>
<ul><li>Very cohesive solvent based adhesive provides excellent dimensional stability and water resistance for long term durability</li>
<li>This film is available with both the standard kraft liner that allows for wet or dry application as well as the Airflow liner for dry, easy to apply and bubble free application</li>
<li>Colour referencing for colour system swatches and competitor matching - see below</li>
<li>Fire Rated to Euroclass DIN EN 13501-1:2019-05 with classification B-s1-d0</li>
<li>REACH & RoHS compliant</li></ul>

<span style=""font-weight: bold; color: #d7328a;"">Technical Information:</span><br>
<ul>
<a href=""media/ecom/pdfs/datasheets/TDS_Ri_MarkPlatinum_uk_issue1_4983.pdf"" target=""_blank""><img
style=""border: 0px solid ; width: 200px; height: 60px;"" alt=""Ri-Mark Platinum Datasheet""
src=""media/ecom/onpagegraphics/Datasheet.png""></a>
<a href=""media/ecom/pdfs/firecertificates/EN 13501-1_Ri-Mark Platinum series_class B-s1 d0.pdf"" target=""_blank""><img
style=""border: 0px solid ; width: 200px; height: 60px;"" alt=""Ri-Mark Platinum Fire Certificate""
src=""media/ecom/onpagegraphics/Fire.png""></a>
<a href=""media/ecom/colselxl/digital_colour_card_Ri_Mark_Platinum.pdf"" target=""_blank""><img
style=""border: 0px solid ; width: 200px; height: 60px;"" alt=""Ri-Mark Platinum Colour Selector""
src=""media/ecom/onpagegraphics/Colour.png""></a></ul>
</body>
</html>","Platinum_838_Ocean_Blue.png","Platinum_838_Ocean_Blue.png","INVITEMS","DEFAULT-P838-DEFAULT-P838","","","0","0","0","","1","REGONLY","0","0","0","0","","","","SELECT","SELECT","0","","","","","0","0","","income-service","","","0","0","","","","","Ritrama-Platinum-Range","Ritrama-Platinum-Range","","","0","900EMT1220, 4075CT1220, 903C1220, Aslan_Red_Devil_Squeegee, Olfa_X_Design_Heavy_Duty_Knife, Masking_Tape_25mm, Aslan-Gold-Soft-Squeegee, Olfa_Graphic_Cutter, Swann_Morton_3_Handle, Swann_Morton_10A_Blades, Float_On","900EMT1220, 4075CT1220, 903C1220, Aslan_Red_Devil_Squeegee, Olfa_X_Design_Heavy_Duty_Knife, Masking_Tape_25mm, Aslan-Gold-Soft-Squeegee, Olfa_Graphic_Cutter, Swann_Morton_3_Handle, Swann_Morton_10A_Blades, Float_On","A","","ADHESIVE_STANDARD_LINER","","","Colours, Blues","Gloss","Colour References","<style>

table {

margin: 0 auto 0 auto;
}

table, th, td {
  
  border-collapse: collapse;
padding: 5px;
}
th, td {
  padding: 5px;
  text-align: center; 
  width: 160px;
  height: 30px;
  background-color:#009ee3;
  color: white;
  border-left: 5px solid white;
  border-right: 5px solid white;
}

th {
  border-top-color: white;
  font-size: 14px;
}

td {

padding-bottom: 1em;
border-bottom: 5px solid white;
font-size: 14px;
  
</style>



<table id=""data"">
  <tbody><tr>
    <th>Pantone</th>
<th>RAL</th>
<th>Avery 700</th>
<th>Mactac 9800 Pro</th>
<th>Oracal 551</th>
<th>Metamark M7</th>
  </tr>
  <tr>
    <td>&#177; 3005 C</td>
<td>-</td>
<td>= 709</td>
<td>-</td>
<td>= 167</td>
<td>-</td>
  </tr>

  </tbody></table>","","","","","","","F-Sign-Platinum-838-Ocean-Blue","0","vinyl, polymeric, platinum, ritrama, fedrigoni, p838, PANTONE 3005C, AVERY 709, ORACAL 551 167, fsign, f sign, f-sign, ","","","1686227413","0","","0","","CHECKBOX"
"P839","F-Sign Platinum 839 Olympic Blue","P839","Ritrama","350","6","DEFAULT","","","","","0","F-Sign Platinum 839 Olympic Blue polymeric self-adhesive vinyl designed for long term vehicle graphics and exterior signage with an outdoor durability of 8 years.","<html>
<head><title>Platinum 839 Olympic Blue Gloss AIRFLOW </title>

<style>
.responsive {
  width: 50%;
  height: auto;
}
</style>
</head>

<body>
<img src=""media/ecom/onpagegraphics/Fedrigoni_Logo.jpg"" alt=""Fedrigoni Logo"" class=""responsive"">
<p>F-Sign Platinum 839 Olympic Blue polymeric self-adhesive vinyl is designed for long term vehicle graphics and exterior signage.</p>

<span style=""font-weight: bold; color: #d7328a;"">Structure:</span><br>
<ul><li>65<span>&#181;</span>m Polymeric calendered PVC</li>
<li>Transparent solvent based adhesive - Permanent</li>
<li>Clay coated kraft paper liner - 120gm<sup>2</sup> or Micro embossed PE coated kraft paper liner - 140gm<sup>2</sup>
</li></ul>

<span style=""font-weight: bold; color: #d7328a;"">Suitability:</span><br>
<ul><li>Excellent conformability to 3D curved surfaces (for extremely curved surfaces or corrugations this vinyl should be cut and applied with an overlap)</li>
<li>This high performance vinyl is designed for branding on vehicles, window graphics and all exterior or interior signage and displays</li>
<li>The high gloss face film has a high level of opacity and is engineered to enhance corporate branding projects</li>
<li>Outdoor durability of up to 8 years</li></ul>

<span style=""font-weight: bold; color: #d7328a;"">Advantages:</span><br>
<ul><li>Very cohesive solvent based adhesive provides excellent dimensional stability and water resistance for long term durability</li>
<li>This film is available with both the standard kraft liner that allows for wet or dry application as well as the Airflow liner for dry, easy to apply and bubble free application</li>
<li>Colour referencing for colour system swatches and competitor matching - see below</li>
<li>Fire Rated to Euroclass DIN EN 13501-1:2019-05 with classification B-s1-d0</li>
<li>REACH & RoHS compliant</li></ul>

<span style=""font-weight: bold; color: #d7328a;"">Technical Information:</span><br>
<ul>
<a href=""media/ecom/pdfs/datasheets/TDS_Ri_MarkPlatinum_uk_issue1_4983.pdf"" target=""_blank""><img
style=""border: 0px solid ; width: 200px; height: 60px;"" alt=""Ri-Mark Platinum Datasheet""
src=""media/ecom/onpagegraphics/Datasheet.png""></a>
<a href=""media/ecom/pdfs/firecertificates/EN 13501-1_Ri-Mark Platinum series_class B-s1 d0.pdf"" target=""_blank""><img
style=""border: 0px solid ; width: 200px; height: 60px;"" alt=""Ri-Mark Platinum Fire Certificate""
src=""media/ecom/onpagegraphics/Fire.png""></a>
<a href=""media/ecom/colselxl/digital_colour_card_Ri_Mark_Platinum.pdf"" target=""_blank""><img
style=""border: 0px solid ; width: 200px; height: 60px;"" alt=""Ri-Mark Platinum Colour Selector""
src=""media/ecom/onpagegraphics/Colour.png""></a></ul>
</body>
</html>","Platinum_839_Olympic_Blue.png","Platinum_839_Olympic_Blue.png","INVITEMS","DEFAULT-P839-DEFAULT-P839","","","0","0","0","","1","REGONLY","0","0","0","0","","","","SELECT","SELECT","0","","","","","0","0","","income-service","","","0","0","","","","","Ritrama-Platinum-Range","Ritrama-Platinum-Range","","","0","900EMT1220, 4075CT1220, 903C1220, Aslan_Red_Devil_Squeegee, Olfa_X_Design_Heavy_Duty_Knife, Masking_Tape_25mm, Aslan-Gold-Soft-Squeegee, Olfa_Graphic_Cutter, Swann_Morton_3_Handle, Swann_Morton_10A_Blades, Float_On","900EMT1220, 4075CT1220, 903C1220, Aslan_Red_Devil_Squeegee, Olfa_X_Design_Heavy_Duty_Knife, Masking_Tape_25mm, Aslan-Gold-Soft-Squeegee, Olfa_Graphic_Cutter, Swann_Morton_3_Handle, Swann_Morton_10A_Blades, Float_On","A","","ADHESIVE_AIRFLOW, ADHESIVE_STANDARD_LINER","","","Colours, Blues","Gloss","Colour References","<style>

table {

margin: 0 auto 0 auto;
}

table, th, td {
  
  border-collapse: collapse;
padding: 5px;
}
th, td {
  padding: 5px;
  text-align: center; 
  width: 160px;
  height: 30px;
  background-color:#009ee3;
  color: white;
  border-left: 5px solid white;
  border-right: 5px solid white;
}

th {
  border-top-color: white;
  font-size: 14px;
}

td {

padding-bottom: 1em;
border-bottom: 5px solid white;
font-size: 14px;
  
</style>



<table id=""data"">
  <tbody><tr>
    <th>Pantone</th>
<th>RAL</th>
<th>Avery 700</th>
<th>Mactac 9800 Pro</th>
<th>Oracal 551</th>
<th>Metamark M7</th>
  </tr>
  <tr>
    <td>&#177; 2194 C</td>
<td>-</td>
<td>= 784</td>
<td>= 9839-10</td>
<td>&#177; 505</td>
<td>M7-151</td>
  </tr>

  </tbody></table>","","","","","","","F-Sign-Platinum-839-Olympic-Blue","0","vinyl, polymeric, platinum, ritrama, fedrigoni, p839, airflow, fsign, f sign, f-sign, olympic, blue, Pantone, 2194 C, ral 784, Avery 700, Mactac 9800 Pro, Oracal 551, Metamark M7, 2194 C, 784, 9839-10, 505, M7-151","","","1686227516","0","","0","","CHECKBOX"
"P840","F-Sign Platinum 840 Light Blue","P840","Ritrama","360","5","DEFAULT","","","","","0","F-Sign Platinum 840 Light Blue polymeric self-adhesive vinyl designed for long term vehicle graphics and exterior signage with an outdoor durability of 8 years.","<html>
<head><title>Platinum 840 Light Blue Gloss</title>

<style>
.responsive {
  width: 50%;
  height: auto;
}
</style>
</head>

<body>
<img src=""media/ecom/onpagegraphics/Fedrigoni_Logo.jpg"" alt=""Fedrigoni Logo"" class=""responsive"">
<p>F-Sign Platinum 840 Light Blue polymeric self-adhesive vinyl is designed for long term vehicle graphics and exterior signage.</p>

<span style=""font-weight: bold; color: #d7328a;"">Structure:</span><br>
<ul><li>65<span>&#181;</span>m Polymeric calendered PVC</li>
<li>Transparent solvent based adhesive - Permanent</li>
<li>Clay coated kraft paper liner - 120gm<sup>2</sup> 
</li></ul>

<span style=""font-weight: bold; color: #d7328a;"">Suitability:</span><br>
<ul><li>Excellent conformability to 3D curved surfaces (for extremely curved surfaces or corrugations this vinyl should be cut and applied with an overlap)</li>
<li>This high performance vinyl is designed for branding on vehicles, window graphics and all exterior or interior signage and displays</li>
<li>The high gloss face film has a high level of opacity and is engineered to enhance corporate branding projects</li>
<li>Outdoor durability of up to 8 years</li></ul>

<span style=""font-weight: bold; color: #d7328a;"">Advantages:</span><br>
<ul><li>Very cohesive solvent based adhesive provides excellent dimensional stability and water resistance for long term durability</li>
<li>This film is available with both the standard kraft liner that allows for wet or dry application as well as the Airflow liner for dry, easy to apply and bubble free application</li>
<li>Colour referencing for colour system swatches and competitor matching - see below</li>
<li>Fire Rated to Euroclass DIN EN 13501-1:2019-05 with classification B-s1-d0</li>
<li>REACH & RoHS compliant</li></ul>

<span style=""font-weight: bold; color: #d7328a;"">Technical Information:</span><br>
<ul>
<a href=""media/ecom/pdfs/datasheets/TDS_Ri_MarkPlatinum_uk_issue1_4983.pdf"" target=""_blank""><img
style=""border: 0px solid ; width: 200px; height: 60px;"" alt=""Ri-Mark Platinum Datasheet""
src=""media/ecom/onpagegraphics/Datasheet.png""></a>
<a href=""media/ecom/pdfs/firecertificates/EN 13501-1_Ri-Mark Platinum series_class B-s1 d0.pdf"" target=""_blank""><img
style=""border: 0px solid ; width: 200px; height: 60px;"" alt=""Ri-Mark Platinum Fire Certificate""
src=""media/ecom/onpagegraphics/Fire.png""></a>
<a href=""media/ecom/colselxl/digital_colour_card_Ri_Mark_Platinum.pdf"" target=""_blank""><img
style=""border: 0px solid ; width: 200px; height: 60px;"" alt=""Ri-Mark Platinum Colour Selector""
src=""media/ecom/onpagegraphics/Colour.png""></a></ul>
</body>
</html>","Platinum_840_Light_Blue.png","Platinum_840_Light_Blue.png","INVITEMS","DEFAULT-P840-DEFAULT-P840","","","0","0","0","","1","REGONLY","0","0","0","0","","","","SELECT","SELECT","0","","","","","0","0","","income-service","","","0","0","","","","","Ritrama-Platinum-Range","Ritrama-Platinum-Range","","","0","900EMT1220, 4075CT1220, 903C1220, Aslan_Red_Devil_Squeegee, Olfa_X_Design_Heavy_Duty_Knife, Masking_Tape_25mm, Aslan-Gold-Soft-Squeegee, Olfa_Graphic_Cutter, Swann_Morton_3_Handle, Swann_Morton_10A_Blades, Float_On","900EMT1220, 4075CT1220, 903C1220, Aslan_Red_Devil_Squeegee, Olfa_X_Design_Heavy_Duty_Knife, Masking_Tape_25mm, Aslan-Gold-Soft-Squeegee, Olfa_Graphic_Cutter, Swann_Morton_3_Handle, Swann_Morton_10A_Blades, Float_On","A","","ADHESIVE_STANDARD_LINER","","","Colours, Blues","Gloss","Colour References","<style>

table {

margin: 0 auto 0 auto;
}

table, th, td {
  
  border-collapse: collapse;
padding: 5px;
}
th, td {
  padding: 5px;
  text-align: center; 
  width: 160px;
  height: 30px;
  background-color:#009ee3;
  color: white;
  border-left: 5px solid white;
  border-right: 5px solid white;
}

th {
  border-top-color: white;
  font-size: 14px;
}

td {

padding-bottom: 1em;
border-bottom: 5px solid white;
font-size: 14px;
  
</style>



<table id=""data"">
  <tbody><tr>
    <th>Pantone</th>
<th>RAL</th>
<th>Avery 700</th>
<th>Mactac 9800 Pro</th>
<th>Oracal 551</th>
<th>Metamark M7</th>
  </tr>
  <tr>
    <td>&#177; 2915 C</td>
<td>-</td>
<td>&#177; 732</td>
<td>= 9839-07</td>
<td>&#177; 504</td>
<td>M7-150</td>
  </tr>

  </tbody></table>","","","","","","","F-Sign-Platinum-840-Light-Blue","0","vinyl, polymeric, platinum, ritrama, fedrigoni, p840, pantone 2915c, avery 732, mactac 9839-07, oracal 551 504, metamark m7-150, f sign, fsign, f-sign,","","","1686227630","0","","0","","CHECKBOX"
"P841","F-Sign Platinum 841 Petrol","P841","Ritrama","370","5","DEFAULT","","","","","0","F-Sign Platinum 841 Petrol polymeric self-adhesive vinyl designed for long term vehicle graphics and exterior signage with an outdoor durability of 8 years.","<html>
<head><title>Platinum 841 Petrol Gloss</title>

<style>
.responsive {
  width: 50%;
  height: auto;
}
</style>
</head>

<body>
<img src=""media/ecom/onpagegraphics/Fedrigoni_Logo.jpg"" alt=""Fedrigoni Logo"" class=""responsive"">
<p>F-Sign Platinum 841 Petrol polymeric self-adhesive vinyl is designed for long term vehicle graphics and exterior signage.</p>

<span style=""font-weight: bold; color: #d7328a;"">Structure:</span><br>
<ul><li>65<span>&#181;</span>m Polymeric calendered PVC</li>
<li>Transparent solvent based adhesive - Permanent</li>
<li>Clay coated kraft paper liner - 120gm<sup>2</sup> 
</li></ul>

<span style=""font-weight: bold; color: #d7328a;"">Suitability:</span><br>
<ul><li>Excellent conformability to 3D curved surfaces (for extremely curved surfaces or corrugations this vinyl should be cut and applied with an overlap)</li>
<li>This high performance vinyl is designed for branding on vehicles, window graphics and all exterior or interior signage and displays</li>
<li>The high gloss face film has a high level of opacity and is engineered to enhance corporate branding projects</li>
<li>Outdoor durability of up to 8 years</li></ul>

<span style=""font-weight: bold; color: #d7328a;"">Advantages:</span><br>
<ul><li>Very cohesive solvent based adhesive provides excellent dimensional stability and water resistance for long term durability</li>
<li>This film is available with both the standard kraft liner that allows for wet or dry application as well as the Airflow liner for dry, easy to apply and bubble free application</li>
<li>Colour referencing for colour system swatches and competitor matching - see below</li>
<li>Fire Rated to Euroclass DIN EN 13501-1:2019-05 with classification B-s1-d0</li>
<li>REACH & RoHS compliant</li></ul>

<span style=""font-weight: bold; color: #d7328a;"">Technical Information:</span><br>
<ul>
<a href=""media/ecom/pdfs/datasheets/TDS_Ri_MarkPlatinum_uk_issue1_4983.pdf"" target=""_blank""><img
style=""border: 0px solid ; width: 200px; height: 60px;"" alt=""Ri-Mark Platinum Datasheet""
src=""media/ecom/onpagegraphics/Datasheet.png""></a>
<a href=""media/ecom/pdfs/firecertificates/EN 13501-1_Ri-Mark Platinum series_class B-s1 d0.pdf"" target=""_blank""><img
style=""border: 0px solid ; width: 200px; height: 60px;"" alt=""Ri-Mark Platinum Fire Certificate""
src=""media/ecom/onpagegraphics/Fire.png""></a>
<a href=""media/ecom/colselxl/digital_colour_card_Ri_Mark_Platinum.pdf"" target=""_blank""><img
style=""border: 0px solid ; width: 200px; height: 60px;"" alt=""Ri-Mark Platinum Colour Selector""
src=""media/ecom/onpagegraphics/Colour.png""></a></ul>
</body>
</html>","Platinum_841_Petrol.png","Platinum_841_Petrol.png","INVITEMS","DEFAULT-P841-DEFAULT-P841","","","0","0","0","","1","REGONLY","0","0","0","0","","","","SELECT","SELECT","0","","","","","0","0","","income-service","","","0","0","","","","","Ritrama-Platinum-Range","Ritrama-Platinum-Range","","","0","900EMT1220, 4075CT1220, 903C1220, Aslan_Red_Devil_Squeegee, Olfa_X_Design_Heavy_Duty_Knife, Masking_Tape_25mm, Aslan-Gold-Soft-Squeegee, Olfa_Graphic_Cutter, Swann_Morton_3_Handle, Swann_Morton_10A_Blades, Float_On","900EMT1220, 4075CT1220, 903C1220, Aslan_Red_Devil_Squeegee, Olfa_X_Design_Heavy_Duty_Knife, Masking_Tape_25mm, Aslan-Gold-Soft-Squeegee, Olfa_Graphic_Cutter, Swann_Morton_3_Handle, Swann_Morton_10A_Blades, Float_On","A","","ADHESIVE_STANDARD_LINER","","","Colours, Blues, Greens","Gloss","Colour References","<style>

table {

margin: 0 auto 0 auto;
}

table, th, td {
  
  border-collapse: collapse;
padding: 5px;
}
th, td {
  padding: 5px;
  text-align: center; 
  width: 160px;
  height: 30px;
  background-color:#009ee3;
  color: white;
  border-left: 5px solid white;
  border-right: 5px solid white;
}

th {
  border-top-color: white;
  font-size: 14px;
}

td {

padding-bottom: 1em;
border-bottom: 5px solid white;
font-size: 14px;
  
</style>



<table id=""data"">
  <tbody><tr>
    <th>Pantone</th>
<th>RAL</th>
<th>Avery 700</th>
<th>Mactac 9800 Pro</th>
<th>Oracal 551</th>
<th>Metamark M7</th>
  </tr>
  <tr>
    <td>&#177; 321 C</td>
<td>&#177; 5018</td>
<td>= 731</td>
<td>= 9849-17</td>
<td>= 503</td>
<td>M7-165</td>
  </tr>

  </tbody></table>","","","","","","","F-Sign-Platinum-P841-Petrol","0","vinyl, polymeric, platinum, ritrama, fedrigoni, p841, pantone  321c, ral 5018, avery 731, mactac 9849-17, oracal 551 503, metamark m7-165, f sign, fsign, f-sign,","","","1686320659","0","","0","","CHECKBOX"
"P842","F-Sign Platinum 842 Dark Petrol","P842","Ritrama","380","5","DEFAULT","","","","","0","F-Sign Platinum 842 Dark Petrol polymeric self-adhesive vinyl designed for long term vehicle graphics and exterior signage with an outdoor durability of 8 years.","<html>
<head><title>Platinum 842 Dark Petrol Gloss</title>

<style>
.responsive {
  width: 50%;
  height: auto;
}
</style>
</head>

<body>
<img src=""media/ecom/onpagegraphics/Fedrigoni_Logo.jpg"" alt=""Fedrigoni Logo"" class=""responsive"">
<p>F-Sign Platinum 842 Dark Petrol polymeric self-adhesive vinyl is designed for long term vehicle graphics and exterior signage.</p>

<span style=""font-weight: bold; color: #d7328a;"">Structure:</span><br>
<ul><li>65<span>&#181;</span>m Polymeric calendered PVC</li>
<li>Transparent solvent based adhesive - Permanent</li>
<li>Clay coated kraft paper liner - 120gm<sup>2</sup> 
</li></ul>

<span style=""font-weight: bold; color: #d7328a;"">Suitability:</span><br>
<ul><li>Excellent conformability to 3D curved surfaces (for extremely curved surfaces or corrugations this vinyl should be cut and applied with an overlap)</li>
<li>This high performance vinyl is designed for branding on vehicles, window graphics and all exterior or interior signage and displays</li>
<li>The high gloss face film has a high level of opacity and is engineered to enhance corporate branding projects</li>
<li>Outdoor durability of up to 8 years</li></ul>

<span style=""font-weight: bold; color: #d7328a;"">Advantages:</span><br>
<ul><li>Very cohesive solvent based adhesive provides excellent dimensional stability and water resistance for long term durability</li>
<li>This film is available with both the standard kraft liner that allows for wet or dry application as well as the Airflow liner for dry, easy to apply and bubble free application</li>
<li>Colour referencing for colour system swatches and competitor matching - see below</li>
<li>Fire Rated to Euroclass DIN EN 13501-1:2019-05 with classification B-s1-d0</li>
<li>REACH & RoHS compliant</li></ul>

<span style=""font-weight: bold; color: #d7328a;"">Technical Information:</span><br>
<ul>
<a href=""media/ecom/pdfs/datasheets/TDS_Ri_MarkPlatinum_uk_issue1_4983.pdf"" target=""_blank""><img
style=""border: 0px solid ; width: 200px; height: 60px;"" alt=""Ri-Mark Platinum Datasheet""
src=""media/ecom/onpagegraphics/Datasheet.png""></a>
<a href=""media/ecom/pdfs/firecertificates/EN 13501-1_Ri-Mark Platinum series_class B-s1 d0.pdf"" target=""_blank""><img
style=""border: 0px solid ; width: 200px; height: 60px;"" alt=""Ri-Mark Platinum Fire Certificate""
src=""media/ecom/onpagegraphics/Fire.png""></a>
<a href=""media/ecom/colselxl/digital_colour_card_Ri_Mark_Platinum.pdf"" target=""_blank""><img
style=""border: 0px solid ; width: 200px; height: 60px;"" alt=""Ri-Mark Platinum Colour Selector""
src=""media/ecom/onpagegraphics/Colour.png""></a></ul>
</body>
</html>","Platinum_842_Dark_Petrol.png","Platinum_842_Dark_Petrol.png","INVITEMS","DEFAULT-P842-DEFAULT-P842","","","0","0","0","","1","REGONLY","0","0","0","0","","","","SELECT","SELECT","0","","","","","0","0","","income-service","","","0","0","","","","","Ritrama-Platinum-Range","Ritrama-Platinum-Range","","","0","900EMT1220, 4075CT1220, 903C1220, Aslan_Red_Devil_Squeegee, Olfa_X_Design_Heavy_Duty_Knife, Masking_Tape_25mm, Aslan-Gold-Soft-Squeegee, Olfa_Graphic_Cutter, Swann_Morton_3_Handle, Swann_Morton_10A_Blades, Float_On","900EMT1220, 4075CT1220, 903C1220, Aslan_Red_Devil_Squeegee, Olfa_X_Design_Heavy_Duty_Knife, Masking_Tape_25mm, Aslan-Gold-Soft-Squeegee, Olfa_Graphic_Cutter, Swann_Morton_3_Handle, Swann_Morton_10A_Blades, Float_On","A","","ADHESIVE_STANDARD_LINER","","","Colours, Blues, Greens","Gloss","Colour References","style>

table {

margin: 0 auto 0 auto;
}

table, th, td {
  
  border-collapse: collapse;
padding: 5px;
}
th, td {
  padding: 5px;
  text-align: center; 
  width: 160px;
  height: 30px;
  background-color:#009ee3;
  color: white;
  border-left: 5px solid white;
  border-right: 5px solid white;
}

th {
  border-top-color: white;
  font-size: 14px;
}

td {

padding-bottom: 1em;
border-bottom: 5px solid white;
font-size: 14px;
  
</style>



<table id=""data"">
  <tbody><tr>
    <th>Pantone</th>
<th>RAL</th>
<th>Avery 700</th>
<th>Mactac 9800 Pro</th>
<th>Oracal 551</th>
<th>Metamark M7</th
  </tr>
  <tr>
    <td>&#177; 315 C</td>
<td>-</td>
<td>&#177; 798</td>
<td>= 9849-26</td>
<td>= 608</td>
<td>-</td>
  </tr>

  </tbody></table>","","","","","","","F-Sign-Platinum-P842-Dark-Petrol","0","vinyl, polymeric, platinum, ritrama, fedrigoni, P842, pantone 315c, avery 798, mactac 9849-26, oracal 551 608, f sign, fsign, f-sign,","","","1686321324","0","","0","","CHECKBOX"
"P843","F-Sign Platinum 843 Dark Lagoon","P843","Ritrama","390","5","DEFAULT","","","","","0","F-Sign Platinum 843 Dark Lagoon polymeric self-adhesive vinyl designed for long term vehicle graphics and exterior signage with an outdoor durability of 8 years.","<html>
<head><title>Platinum 843 Dark Lagoon Gloss</title>

<style>
.responsive {
  width: 50%;
  height: auto;
}
</style>
</head>

<body>
<img src=""media/ecom/onpagegraphics/Fedrigoni_Logo.jpg"" alt=""Fedrigoni Logo"" class=""responsive"">
<p>F-Sign Platinum 843 Dark Lagoon polymeric self-adhesive vinyl is designed for long term vehicle graphics and exterior signage.</p>

<span style=""font-weight: bold; color: #d7328a;"">Structure:</span><br>
<ul><li>65<span>&#181;</span>m Polymeric calendered PVC</li>
<li>Transparent solvent based adhesive - Permanent</li>
<li>Clay coated kraft paper liner - 120gm<sup>2</sup> 
</li></ul>

<span style=""font-weight: bold; color: #d7328a;"">Suitability:</span><br>
<ul><li>Excellent conformability to 3D curved surfaces (for extremely curved surfaces or corrugations this vinyl should be cut and applied with an overlap)</li>
<li>This high performance vinyl is designed for branding on vehicles, window graphics and all exterior or interior signage and displays</li>
<li>The high gloss face film has a high level of opacity and is engineered to enhance corporate branding projects</li>
<li>Outdoor durability of up to 8 years</li></ul>

<span style=""font-weight: bold; color: #d7328a;"">Advantages:</span><br>
<ul><li>Very cohesive solvent based adhesive provides excellent dimensional stability and water resistance for long term durability</li>
<li>This film is available with both the standard kraft liner that allows for wet or dry application as well as the Airflow liner for dry, easy to apply and bubble free application</li>
<li>Colour referencing for colour system swatches and competitor matching - see below</li>
<li>Fire Rated to Euroclass DIN EN 13501-1:2019-05 with classification B-s1-d0</li>
<li>REACH & RoHS compliant</li></ul>

<span style=""font-weight: bold; color: #d7328a;"">Technical Information:</span><br>
<ul>
<a href=""media/ecom/pdfs/datasheets/TDS_Ri_MarkPlatinum_uk_issue1_4983.pdf"" target=""_blank""><img
style=""border: 0px solid ; width: 200px; height: 60px;"" alt=""Ri-Mark Platinum Datasheet""
src=""media/ecom/onpagegraphics/Datasheet.png""></a>
<a href=""media/ecom/pdfs/firecertificates/EN 13501-1_Ri-Mark Platinum series_class B-s1 d0.pdf"" target=""_blank""><img
style=""border: 0px solid ; width: 200px; height: 60px;"" alt=""Ri-Mark Platinum Fire Certificate""
src=""media/ecom/onpagegraphics/Fire.png""></a>
<a href=""media/ecom/colselxl/digital_colour_card_Ri_Mark_Platinum.pdf"" target=""_blank""><img
style=""border: 0px solid ; width: 200px; height: 60px;"" alt=""Ri-Mark Platinum Colour Selector""
src=""media/ecom/onpagegraphics/Colour.png""></a></ul>
</body>
</html>","Platinum_843_Dark_Lagoon.png","Platinum_843_Dark_Lagoon.png","INVITEMS","DEFAULT-P843-DEFAULT-P843","","","0","0","0","","1","REGONLY","0","0","0","0","","","","SELECT","SELECT","0","","","","","0","0","","income-service","","","0","0","","","","","Ritrama-Platinum-Range","Ritrama-Platinum-Range","","","0","900EMT1220, 4075CT1220, 903C1220, Aslan_Red_Devil_Squeegee, Olfa_X_Design_Heavy_Duty_Knife, Masking_Tape_25mm, Aslan-Gold-Soft-Squeegee, Olfa_Graphic_Cutter, Swann_Morton_3_Handle, Swann_Morton_10A_Blades, Float_On","900EMT1220, 4075CT1220, 903C1220, Aslan_Red_Devil_Squeegee, Olfa_X_Design_Heavy_Duty_Knife, Masking_Tape_25mm, Aslan-Gold-Soft-Squeegee, Olfa_Graphic_Cutter, Swann_Morton_3_Handle, Swann_Morton_10A_Blades, Float_On","A","","ADHESIVE_STANDARD_LINER","","","Colours, Blues, Greens","Gloss","Colour References","<style>

table {

margin: 0 auto 0 auto;
}

table, th, td {
  
  border-collapse: collapse;
padding: 5px;
}
th, td {
  padding: 5px;
  text-align: center; 
  width: 160px;
  height: 30px;
  background-color:#009ee3;
  color: white;
  border-left: 5px solid white;
  border-right: 5px solid white;
}

th {
  border-top-color: white;
  font-size: 14px;
}

td {

padding-bottom: 1em;
border-bottom: 5px solid white;
font-size: 14px;
  
</style>



<table id=""data"">
  <tbody><tr>
    <th>Pantone</th>
<th>RAL</th>
<th>Avery 700</th>
<th>Mactac 9800 Pro</th>
<th>Oracal 551</th>
<th>Metamark M7</th>
  </tr>
  <tr>
    <td>&#177; 548 C</td>
<td>-</td>
<td>-</td>
<td>= 9849-34</td>
<td>-</td>
<td>M7-168</td>
  </tr>

  </tbody></table>","","","","","","","F-Sign-Platinum-P843-Dark-Lagoon","0","vinyl, polymeric, platinum, ritrama, fedrigoni, p843, pantone 548 c, mactac 9849-34, metamark m7-168, f sign, fsign, f-sign,","","","1686321473","0","","0","","CHECKBOX"
"P844","F-Sign Platinum 844 Forest Green","P844","Ritrama","400","5","DEFAULT","","","","","0","F-Sign Platinum 844 Forest Green polymeric self-adhesive vinyl designed for long term vehicle graphics and exterior signage with an outdoor durability of 8 years.","<html>
<head><title>Platinum 844 Forest Green Gloss</title>

<style>
.responsive {
  width: 50%;
  height: auto;
}
</style>
</head>

<body>
<img src=""media/ecom/onpagegraphics/Fedrigoni_Logo.jpg"" alt=""Fedrigoni Logo"" class=""responsive"">
<p>F-Sign Platinum 844 Forest Green polymeric self-adhesive vinyl is designed for long term vehicle graphics and exterior signage.</p>

<span style=""font-weight: bold; color: #d7328a;"">Structure:</span><br>
<ul><li>65<span>&#181;</span>m Polymeric calendered PVC</li>
<li>Transparent solvent based adhesive - Permanent<li>
<li>Clay coated kraft paper liner - 120gm<sup>2</sup> 
</li></ul>

<span style=""font-weight: bold; color: #d7328a;"">Suitability:</span><br>
<ul><li>Excellent conformability to 3D curved surfaces (for extremely curved surfaces or corrugations this vinyl should be cut and applied with an overlap)</li>
<li>This high performance vinyl is designed for branding on vehicles, window graphics and all exterior or interior signage and displays</li>
<li>The high gloss face film has a high level of opacity and is engineered to enhance corporate branding projects</li>
<li>Outdoor durability of up to 8 years</li></ul>

<span style=""font-weight: bold; color: #d7328a;"">Advantages:</span><br>
<ul><li>Very cohesive solvent based adhesive provides excellent dimensional stability and water resistance for long term durability</li>
<li>This film is available with both the standard kraft liner that allows for wet or dry application as well as the Airflow liner for dry, easy to apply and bubble free application</li>
<li>Colour referencing for colour system swatches and competitor matching - see below</li>
<li>Fire Rated to Euroclass DIN EN 13501-1:2019-05 with classification B-s1-d0</li>
<li>REACH & RoHS compliant</li></ul>

<span style=""font-weight: bold; color: #d7328a;"">Technical Information:</span><br>
<ul>
<a href=""media/ecom/pdfs/datasheets/TDS_Ri_MarkPlatinum_uk_issue1_4983.pdf"" target=""_blank""><img
style=""border: 0px solid ; width: 200px; height: 60px;"" alt=""Ri-Mark Platinum Datasheet""
src=""media/ecom/onpagegraphics/Datasheet.png""></a>
<a href=""media/ecom/pdfs/firecertificates/EN 13501-1_Ri-Mark Platinum series_class B-s1 d0.pdf"" target=""_blank""><img
style=""border: 0px solid ; width: 200px; height: 60px;"" alt=""Ri-Mark Platinum Fire Certificate""
src=""media/ecom/onpagegraphics/Fire.png""></a>
<a href=""media/ecom/colselxl/digital_colour_card_Ri_Mark_Platinum.pdf"" target=""_blank""><img
style=""border: 0px solid ; width: 200px; height: 60px;"" alt=""Ri-Mark Platinum Colour Selector""
src=""media/ecom/onpagegraphics/Colour.png""></a></ul>
</body>
</html>","Platinum_844_Forest_Green.png","Platinum_844_Forest_Green.png","INVITEMS","DEFAULT-P844-DEFAULT-P844","","","0","0","0","","1","REGONLY","0","0","0","0","","","","SELECT","SELECT","0","","","","","0","0","","income-service","","","0","0","","","","","Ritrama-Platinum-Range","Ritrama-Platinum-Range","","","0","","","A","","ADHESIVE_STANDARD_LINER","","","Colours, Greens","Gloss","Colour References","<style>

table {

margin: 0 auto 0 auto;
}

table, th, td {
  
  border-collapse: collapse;
padding: 5px;
}
th, td {
  padding: 5px;
  text-align: center; 
  width: 160px;
  height: 30px;
  background-color:#009ee3;
  color: white;
  border-left: 5px solid white;
  border-right: 5px solid white;
}

th {
  border-top-color: white;
  font-size: 14px;
}

td {

padding-bottom: 1em;
border-bottom: 5px solid white;
font-size: 14px;
  
</style>



<table id=""data"">
  <tbody><tr>
    <th>Pantone</th>
<th>RAL</th>
<th>Avery 700</th>
<th>Mactac 9800 Pro</th>
<th>Oracal 551</th>
<th>Metamark M7</th>
  </tr>
  <tr>
    <td>&#177; 343 C</td>
<td>-</td>
<td>-</td>
<td>-</td>
<td>-</td>
<td>-</td>
  </tr>

  </tbody></table>","","","","","","","F-Sign-Platinum-P844-Forest-Green","0","vinyl, polymeric, platinum, ritrama, fedrigoni, p844, pantone 343 c, f sign, fsign, f-sign,","","","1686321602","0","","0","","CHECKBOX"
"P845","F-Sign Platinum 845 Dark Green","P845","Ritrama","410","5","DEFAULT","","","","","0","F-Sign Platinum 845 Dark Green polymeric self-adhesive vinyl designed for long term vehicle graphics and exterior signage with an outdoor durability of 8 years.","<html>
<head><title>Platinum 845 Dark Green Gloss</title>

<style>
.responsive {
  width: 50%;
  height: auto;
}
</style>
</head>

<body>
<img src=""media/ecom/onpagegraphics/Fedrigoni_Logo.jpg"" alt=""Fedrigoni Logo"" class=""responsive"">
<p>F-Sign Platinum 845 Dark Green polymeric self-adhesive vinyl is designed for long term vehicle graphics and exterior signage.</p>

<span style=""font-weight: bold; color: #d7328a;"">Structure:</span><br>
<ul><li>65<span>&#181;</span>m Polymeric calendered PVC</li>
<li>Transparent solvent based adhesive - Permanent</li>
<li>Clay coated kraft paper liner - 120gm<sup>2</sup> 
</li></ul>
<span style=""font-weight: bold; color: #d7328a;"">Suitability:</span><br>
<ul><li>Excellent conformability to 3D curved surfaces (for extremely curved surfaces or corrugations this vinyl should be cut and applied with an overlap)</li>
<li>This high performance vinyl is designed for branding on vehicles, window graphics and all exterior or interior signage and displays</li>
<li>The high gloss face film has a high level of opacity and is engineered to enhance corporate branding projects</li>
<li>Outdoor durability of up to 8 years</li></ul>

<span style=""font-weight: bold; color: #d7328a;"">Advantages:</span><br>
<ul><li>Very cohesive solvent based adhesive provides excellent dimensional stability and water resistance for long term durability</li>
<li>This film is available with both the standard kraft liner that allows for wet or dry application as well as the Airflow liner for dry, easy to apply and bubble free application</li>
<li>Colour referencing for colour system swatches and competitor matching - see below</li>
<li>Fire Rated to Euroclass DIN EN 13501-1:2019-05 with classification B-s1-d0</li>
<li>REACH & RoHS compliant</li></ul>

<span style=""font-weight: bold; color: #d7328a;"">Technical Information:</span><br>
<ul>
<a href=""media/ecom/pdfs/datasheets/TDS_Ri_MarkPlatinum_uk_issue1_4983.pdf"" target=""_blank""><img
style=""border: 0px solid ; width: 200px; height: 60px;"" alt=""Ri-Mark Platinum Datasheet""
src=""media/ecom/onpagegraphics/Datasheet.png""></a>
<a href=""media/ecom/pdfs/firecertificates/EN 13501-1_Ri-Mark Platinum series_class B-s1 d0.pdf"" target=""_blank""><img
style=""border: 0px solid ; width: 200px; height: 60px;"" alt=""Ri-Mark Platinum Fire Certificate""
src=""media/ecom/onpagegraphics/Fire.png""></a>
<a href=""media/ecom/colselxl/digital_colour_card_Ri_Mark_Platinum.pdf"" target=""_blank""><img
style=""border: 0px solid ; width: 200px; height: 60px;"" alt=""Ri-Mark Platinum Colour Selector""
src=""media/ecom/onpagegraphics/Colour.png""></a></ul>
</body>
</html>","Platinum_845_Dark_Green.png","Platinum_845_Dark_Green.png","INVITEMS","DEFAULT-P845-DEFAULT-P845","","","0","0","0","","1","REGONLY","0","0","0","0","","","","SELECT","SELECT","0","","","","","0","0","","income-service","","","0","0","","","","","Ritrama-Platinum-Range","Ritrama-Platinum-Range","","","0","900EMT1220, 4075CT1220, 903C1220, Aslan_Red_Devil_Squeegee, Olfa_X_Design_Heavy_Duty_Knife, Masking_Tape_25mm, Aslan-Gold-Soft-Squeegee, Olfa_Graphic_Cutter, Swann_Morton_3_Handle, Swann_Morton_10A_Blades, Float_On","900EMT1220, 4075CT1220, 903C1220, Aslan_Red_Devil_Squeegee, Olfa_X_Design_Heavy_Duty_Knife, Masking_Tape_25mm, Aslan-Gold-Soft-Squeegee, Olfa_Graphic_Cutter, Swann_Morton_3_Handle, Swann_Morton_10A_Blades, Float_On","A","","ADHESIVE_STANDARD_LINER","","","Colours, Greens","Gloss","Colour References","<style>

table {

margin: 0 auto 0 auto;
}

table, th, td {
  
  border-collapse: collapse;
padding: 5px;
}
th, td {
  padding: 5px;
  text-align: center; 
  width: 160px;
  height: 30px;
  background-color:#009ee3;
  color: white;
  border-left: 5px solid white;
  border-right: 5px solid white;
}

th {
  border-top-color: white;
  font-size: 14px;
}

td {

padding-bottom: 1em;
border-bottom: 5px solid white;
font-size: 14px;
  
</style>



<table id=""data"">
  <tbody><tr>
    <th>Pantone</th>
<th>RAL</th>
<th>Avery 700</th>
<th>Mactac 9800 Pro</th>
<th>Oracal 551</th>
<th>Metamark M7</th>
  </tr>
  <tr>
    <td>&#177; 3298 C</td>
<td>-</td>
<td>= 711</td>
<td>= 9849-51</td>
<td>= 60</td>
<td>M7-164</td>
  </tr>

  </tbody></table>","","","","","","","F-Sign-Platinum-P845-Dark-Green","0","vinyl, polymeric, platinum, ritrama, fedrigoni, p845, pantone 3298 c, avery 711, mactac 9849-51, oracal 551 60, metamark m7-164, f sign, fsign, f-sign,","","","1686324998","0","","0","","CHECKBOX"
"P846","F-Sign Platinum 846 Freedom Green","P846","Ritrama","420","6","DEFAULT","","","","","0","F-Sign Platinum 846 Freedom Green polymeric self-adhesive vinyl designed for long term vehicle graphics and exterior signage with an outdoor durability of 8 years.","<html>
<head><title>Platinum 846 Freedom Green Gloss AIRFLOW </title>

<style>
.responsive {
  width: 50%;
  height: auto;
}
</style>
</head>

<body>
<img src=""media/ecom/onpagegraphics/Fedrigoni_Logo.jpg"" alt=""Fedrigoni Logo"" class=""responsive"">
<p>F-Sign Platinum 846 Freedom Green polymeric self-adhesive vinyl is designed for long term vehicle graphics and exterior signage.</p>

<span style=""font-weight: bold; color: #d7328a;"">Structure:</span><br>
<ul><li>65<span>&#181;</span>m Polymeric calendered PVC</li>
<li>Transparent solvent based adhesive - Permanent</li>
<li>Clay coated kraft paper liner - 120gm<sup>2</sup> or Micro embossed PE coated kraft paper liner - 140gm<sup>2</sup>
</li></ul>

<span style=""font-weight: bold; color: #d7328a;"">Suitability:</span><br>
<ul><li>Excellent conformability to 3D curved surfaces (for extremely curved surfaces or corrugations this vinyl should be cut and applied with an overlap)
<li>This high performance vinyl is designed for branding on vehicles, window graphics and all exterior or interior signage and displays
<li>The high gloss face film has a high level of opacity and is engineered to enhance corporate branding projects
<li>Outdoor durability of up to 8 years</li></ul>

<span style=""font-weight: bold; color: #d7328a;"">Advantages:</span><br>
<ul><li>Very cohesive solvent based adhesive provides excellent dimensional stability and water resisitance for long term durability
<li>This film is available with both the standard kraft liner that allows for wet or dry application as well as the Airflow liner for dry, easy to apply and bubble free application
<li>Colour referencing for colour system swatches and competitor matching - see below
<li>Fire Rated to Euroclass DIN EN 13501-1:2019-05 with classification B-s1-d0
<li>REACH & RoHS compliant</li></ul>

<span style=""font-weight: bold; color: #d7328a;"">Technical Information:</span><br>
<ul>
<a href=""media/ecom/pdfs/datasheets/TDS_Ri_MarkPlatinum_uk_issue1_4983.pdf"" target=""_blank""><img
style=""border: 0px solid ; width: 200px; height: 60px;"" alt=""Ri-Mark Platinum Datasheet""
src=""media/ecom/onpagegraphics/Datasheet.png""></a>
<a href=""media/ecom/pdfs/firecertificates/EN 13501-1_Ri-Mark Platinum series_class B-s1 d0.pdf"" target=""_blank""><img
style=""border: 0px solid ; width: 200px; height: 60px;"" alt=""Ri-Mark Platinum Fire Certificate""
src=""media/ecom/onpagegraphics/Fire.png""></a>
<a href=""media/ecom/colselxl/digital_colour_card_Ri_Mark_Platinum.pdf"" target=""_blank""><img
style=""border: 0px solid ; width: 200px; height: 60px;"" alt=""Ri-Mark Platinum Colour Selector""
src=""media/ecom/onpagegraphics/Colour.png""></a></ul>
</body>
</html>","Platinum_846_Freedom_Green.png","Platinum_846_Freedom_Green.png","INVITEMS","DEFAULT-P846-DEFAULT-P846","","","0","0","0","","1","REGONLY","0","0","0","0","","","","SELECT","SELECT","0","","","","","0","0","","income-service","","","0","0","","","","","Ritrama-Platinum-Range","Ritrama-Platinum-Range","","","0","900EMT1220, 4075CT1220, 903C1220, Aslan_Red_Devil_Squeegee, Olfa_X_Design_Heavy_Duty_Knife, Masking_Tape_25mm, Aslan-Gold-Soft-Squeegee, Olfa_Graphic_Cutter, Swann_Morton_3_Handle, Swann_Morton_10A_Blades, Float_On","900EMT1220, 4075CT1220, 903C1220, Aslan_Red_Devil_Squeegee, Olfa_X_Design_Heavy_Duty_Knife, Masking_Tape_25mm, Aslan-Gold-Soft-Squeegee, Olfa_Graphic_Cutter, Swann_Morton_3_Handle, Swann_Morton_10A_Blades, Float_On","A","","ADHESIVE_AIRFLOW, ADHESIVE_STANDARD_LINER","","","Colours, Greens","Gloss","Colour References","<style>

table {

margin: 0 auto 0 auto;
}

table, th, td {
  
  border-collapse: collapse;
padding: 5px;
}
th, td {
  padding: 5px;
  text-align: center; 
  width: 160px;
  height: 30px;
  background-color:#009ee3;
  color: white;
  border-left: 5px solid white;
  border-right: 5px solid white;
}

th {
  border-top-color: white;
  font-size: 14px;
}

td {

padding-bottom: 1em;
border-bottom: 5px solid white;
font-size: 14px;
  
</style>



<table id=""data"">
  <tbody><tr>
    <th>Pantone</th>
<th>RAL</th>
<th>Avery 700</th>
<th>Mactac 9800 Pro</th>
<th>Oracal 551</th>
<th>Metamark M7</th>
  </tr>
  <tr>
    <td>&#177; 341 C</td>
<td>&#177; 6029</td>
<td>= 756</td>
<td>= 9849-10</td>
<td>&#177; 604</td>
<td>M7-163</td>
  </tr>

  </tbody></table>","","","","","","","F-Sign-Platinum-P846-Freedom-Green","0","vinyl, polymeric, platinum, ritrama, fedrigoni, p846, pantone 341 c, ral 6029, avery 756, mactac 9849-10, oracal 551 604, metamark m7-163, f sign, fsign, f-sign,","","","1686325139","0","","0","","CHECKBOX"
"P847","F-Sign Platinum 847 Medium Green","P847","Ritrama","430","5","DEFAULT","","","","","0","F-Sign Platinum 847 Medium Green polymeric self-adhesive vinyl designed for long term vehicle graphics and exterior signage with an outdoor durability of 8 years.","<html>
<head><title>Platinum 847 Medium Green Gloss</title>

<style>
.responsive {
  width: 50%;
  height: auto;
}
</style>
</head>

<body>
<img src=""media/ecom/onpagegraphics/Fedrigoni_Logo.jpg"" alt=""Fedrigoni Logo"" class=""responsive"">
<p>F-Sign Platinum 847 Medium Green polymeric self-adhesive vinyl is designed for long term vehicle graphics and exterior signage.</p>

<span style=""font-weight: bold; color: #d7328a;"">Structure:</span><br>
<ul><li>65<span>&#181;</span> Polymeric calendered PVC</li>
<li>Transparent solvent based adhesive - Permanent</li>
<li>Clay coated kraft paper liner - 120gm<sup>2</sup> 
</li></ul>

<span style=""font-weight: bold; color: #d7328a;"">Suitability:</span><br>
<ul><li>Excellent conformability to 3D curved surfaces (for extremely curved surfaces or corrugations this vinyl should be cut and applied with an overlap)</li>
<li>This high performance vinyl is designed for branding on vehicles, window graphics and all exterior or interior signage and displays</li>
<li>The high gloss face film has a high level of opacity and is engineered to enhance corporate branding projects</li>
<li>Outdoor durability of up to 8 years</li></ul>

<span style=""font-weight: bold; color: #d7328a;"">Advantages:</span><br>
<ul><li>Very cohesive solvent based adhesive provides excellent dimensional stability and water resistance for long term durability</li>
<li>This film is available with both the standard kraft liner that allows for wet or dry application as well as the Airflow liner for dry, easy to apply and bubble free application</li>
<li>Colour referencing for colour system swatches and competitor matching - see below</li>
<li>Fire Rated to Euroclass DIN EN 13501-1:2019-05 with classification B-s1-d0</li>
<li>REACH & RoHS compliant</li></ul>

<span style=""font-weight: bold; color: #d7328a;"">Technical Information:</span><br>
<ul>
<a href=""media/ecom/pdfs/datasheets/TDS_Ri_MarkPlatinum_uk_issue1_4983.pdf"" target=""_blank""><img
style=""border: 0px solid ; width: 200px; height: 60px;"" alt=""Ri-Mark Platinum Datasheet""
src=""media/ecom/onpagegraphics/Datasheet.png""></a>
<a href=""media/ecom/pdfs/firecertificates/EN 13501-1_Ri-Mark Platinum series_class B-s1 d0.pdf"" target=""_blank""><img
style=""border: 0px solid ; width: 200px; height: 60px;"" alt=""Ri-Mark Platinum Fire Certificate""
src=""media/ecom/onpagegraphics/Fire.png""></a>
<a href=""media/ecom/colselxl/digital_colour_card_Ri_Mark_Platinum.pdf"" target=""_blank""><img
style=""border: 0px solid ; width: 200px; height: 60px;"" alt=""Ri-Mark Platinum Colour Selector""
src=""media/ecom/onpagegraphics/Colour.png""></a></ul>
</body>
</html>","Platinum_847_Medium_Green.png","Platinum_847_Medium_Green.png","INVITEMS","DEFAULT-P847-DEFAULT-P847","","","0","0","0","","1","REGONLY","0","0","0","0","","","","SELECT","SELECT","0","","","","","0","0","","income-service","","","0","0","","","","","Ritrama-Platinum-Range","Ritrama-Platinum-Range","","","0","900EMT1220, 4075CT1220, 903C1220, Aslan_Red_Devil_Squeegee, Olfa_X_Design_Heavy_Duty_Knife, Masking_Tape_25mm, Aslan-Gold-Soft-Squeegee, Olfa_Graphic_Cutter, Swann_Morton_3_Handle, Swann_Morton_10A_Blades, Float_On","900EMT1220, 4075CT1220, 903C1220, Aslan_Red_Devil_Squeegee, Olfa_X_Design_Heavy_Duty_Knife, Masking_Tape_25mm, Aslan-Gold-Soft-Squeegee, Olfa_Graphic_Cutter, Swann_Morton_3_Handle, Swann_Morton_10A_Blades, Float_On","A","","ADHESIVE_STANDARD_LINER","","","Colours, Greens","Gloss","Colour References","<style>

table {

margin: 0 auto 0 auto;
}

table, th, td {
  
  border-collapse: collapse;
padding: 5px;
}
th, td {
  padding: 5px;
  text-align: center; 
  width: 160px;
  height: 30px;
  background-color:#009ee3;
  color: white;
  border-left: 5px solid white;
  border-right: 5px solid white;
}

th {
  border-top-color: white;
  font-size: 14px;
}

td {

padding-bottom: 1em;
border-bottom: 5px solid white;
font-size: 14px;
  
</style>



<table id=""data"">
  <tbody><tr>
    <th>Pantone</th>
<th>RAL</th>
<th>Avery 700</th>
<th>Mactac 9800 Pro</th>
<th>Oracal 551</th>
<th>Metamark M7</th>
  </tr>
  <tr>
    <td>&#177; 340 C</td>
<td>&#177; 6024</td>
<td>-</td>
<td>= 9849-52</td>
<td>&#177; 603</td>
<td>M7-163</td>
  </tr>

  </tbody></table>","","","","","","","F-Sign-Platinum-P847-Medium-Green","0","vinyl, polymeric, platinum, ritrama, fedrigoni, p847, pantone 340 c, ral 6024, mactac 9849-52, oracal 551 603, metamark m7-162, f sign, fsign, f-sign,","","","1686325309","0","","0","","CHECKBOX"
"P848","F-Sign Platinum 848 Bright Green","P848","Ritrama","440","5","DEFAULT","","","","","0","F-Sign Platinum 848 Bright Green polymeric self-adhesive vinyl designed for long term vehicle graphics and exterior signage with an outdoor durability of 8 years.","<html>
<head><title>Platinum 848 Bright Green Gloss</title>

<style>
.responsive {
  width: 50%;
  height: auto;
}
</style>
</head>

<body>
<img src=""media/ecom/onpagegraphics/Fedrigoni_Logo.jpg"" alt=""Fedrigoni Logo"" class=""responsive"">
<p>F-Sign Platinum 848 Bright Green polymeric self-adhesive vinyl is designed for long term vehicle graphics and exterior signage.</p>

<span style=""font-weight: bold; color: #d7328a;"">Structure:</span><br>
<ul><li>65<span>&#181;</span>m Polymeric calendered PVC</li>
<li>Transparent solvent based adhesive - Permanent</li>
<li>Clay coated kraft paper liner - 120gm<sup>2</sup> 
</li></ul>

<span style=""font-weight: bold; color: #d7328a;"">Suitability:</span><br>
<ul><li>Excellent conformability to 3D curved surfaces (for extremely curved surfaces or corrugations this vinyl should be cut and applied with an overlap)</li>
<li>This high performance vinyl is designed for branding on vehicles, window graphics and all exterior or interior signage and displays</li>
<li>The high gloss face film has a high level of opacity and is engineered to enhance corporate branding projects</li>
<li>Outdoor durability of up to 8 years</li></ul>

<span style=""font-weight: bold; color: #d7328a;"">Advantages:</span><br>
<ul><li>Very cohesive solvent based adhesive provides excellent dimensional stability and water resistance for long term durability</li>
<li>This film is available with both the standard kraft liner that allows for wet or dry application as well as the Airflow liner for dry, easy to apply and bubble free application</li>
<li>Colour referencing for colour system swatches and competitor matching - see below</li>
<li>Fire Rated to Euroclass DIN EN 13501-1:2019-05 with classification B-s1-d0</li>
<li>REACH & RoHS compliant</li></ul>

<span style=""font-weight: bold; color: #d7328a;"">Technical Information:</span><br>
<ul>
<a href=""media/ecom/pdfs/datasheets/TDS_Ri_MarkPlatinum_uk_issue1_4983.pdf"" target=""_blank""><img
style=""border: 0px solid ; width: 200px; height: 60px;"" alt=""Ri-Mark Platinum Datasheet""
src=""media/ecom/onpagegraphics/Datasheet.png""></a>
<a href=""media/ecom/pdfs/firecertificates/EN 13501-1_Ri-Mark Platinum series_class B-s1 d0.pdf"" target=""_blank""><img
style=""border: 0px solid ; width: 200px; height: 60px;"" alt=""Ri-Mark Platinum Fire Certificate""
src=""media/ecom/onpagegraphics/Fire.png""></a>
<a href=""media/ecom/colselxl/digital_colour_card_Ri_Mark_Platinum.pdf"" target=""_blank""><img
style=""border: 0px solid ; width: 200px; height: 60px;"" alt=""Ri-Mark Platinum Colour Selector""
src=""media/ecom/onpagegraphics/Colour.png""></a></ul>
</body>
</html>","Platinum_848_Bright_Green.png","Platinum_848_Bright_Green.png","INVITEMS","DEFAULT-P848-DEFAULT-P848","","","0","0","0","","1","REGONLY","0","0","0","0","","","","SELECT","SELECT","0","","","","","0","0","","income-service","","","0","0","","","","","Ritrama-Platinum-Range","Ritrama-Platinum-Range","","","0","900EMT1220, 4075CT1220, 903C1220, Aslan_Red_Devil_Squeegee, Olfa_X_Design_Heavy_Duty_Knife, Masking_Tape_25mm, Aslan-Gold-Soft-Squeegee, Olfa_Graphic_Cutter, Swann_Morton_3_Handle, Swann_Morton_10A_Blades, Float_On","900EMT1220, 4075CT1220, 903C1220, Aslan_Red_Devil_Squeegee, Olfa_X_Design_Heavy_Duty_Knife, Masking_Tape_25mm, Aslan-Gold-Soft-Squeegee, Olfa_Graphic_Cutter, Swann_Morton_3_Handle, Swann_Morton_10A_Blades, Float_On","A","","ADHESIVE_STANDARD_LINER","","","Colours, Greens","Gloss","Colour References","<style>

table {

margin: 0 auto 0 auto;
}

table, th, td {
  
  border-collapse: collapse;
padding: 5px;
}
th, td {
  padding: 5px;
  text-align: center; 
  width: 160px;
  height: 30px;
  background-color:#009ee3;
  color: white;
  border-left: 5px solid white;
  border-right: 5px solid white;
}

th {
  border-top-color: white;
  font-size: 14px;
}

td {

padding-bottom: 1em;
border-bottom: 5px solid white;
font-size: 14px;
  
</style>



<table id=""data"">
  <tbody><tr>
    <th>Pantone</th>
<th>RAL</th>
<th>Avery 700</th>
<th>Mactac 9800 Pro</th>
<th>Oracal 551</th>
<th>Metamark M7</th>
  </tr>
  <tr>
    <td>&#177; 354 C</td>
<td>-</td>
<td>-</td>
<td>= 9849-36</td>
<td>-</td>
<td>M7-197</td>
  </tr>

  </tbody></table>","","","","","","","F-Sign-Platinum-P848-Bright-Green","0","vinyl, polymeric, platinum, ritrama, fedrigoni, p848, pantone 354 c, mactac 9849-36, metamark m7-197, f sign, fsign, f-sign,","","","1686325417","0","","0","","CHECKBOX"
"P849","F-Sign Platinum 849 Grass Green","P849","Ritrama","450","6","DEFAULT","","","","","0","F-Sign Platinum 849 Grass Green polymeric self-adhesive vinyl designed for long term vehicle graphics and exterior signage with an outdoor durability of 8 years.","<html>
<head><title>Platinum 849 Grass Green Gloss AIRFLOW </title>

<style>
.responsive {
  width: 50%;
  height: auto;
}
</style>
</head>

<body>
<img src=""media/ecom/onpagegraphics/Fedrigoni_Logo.jpg"" alt=""Fedrigoni Logo"" class=""responsive"">
<p>F-Sign Platinum 849 Grass Green polymeric self-adhesive vinyl is designed for long term vehicle graphics and exterior signage.</p>

<span style=""font-weight: bold; color: #d7328a;"">Structure:</span><br>
<ul><li>65<span>&#181;</span>m Polymeric calendered PVC</li>
<li>Transparent solvent based adhesive - Permanent</li>
<li>Clay coated kraft paper liner - 120gm<sup>2</sup> or Micro embossed PE coated kraft paper liner - 140gm<sup>2</sup>
</li></ul>

<span style=""font-weight: bold; color: #d7328a;"">Suitability:</span><br>
<ul><li>Excellent conformability to 3D curved surfaces (for extremely curved surfaces or corrugations this vinyl should be cut and applied with an overlap)</li>
<li>This high performance vinyl is designed for branding on vehicles, window graphics and all exterior or interior signage and displays</li>
<li>The high gloss face film has a high level of opacity and is engineered to enhance corporate branding projects</li>
<li>Outdoor durability of up to 8 years</li></ul>

<span style=""font-weight: bold; color: #d7328a;"">Advantages:</span><br>
<ul><li>Very cohesive solvent based adhesive provides excellent dimensional stability and water resistance for long term durability</li>
<li>This film is available with both the standard kraft liner that allows for wet or dry application as well as the Airflow liner for dry, easy to apply and bubble free application</li>
<li>Colour referencing for colour system swatches and competitor matching - see below</li>
<li>Fire Rated to Euroclass DIN EN 13501-1:2019-05 with classification B-s1-d0</li>
<li>REACH & RoHS compliant</li></ul>

<span style=""font-weight: bold; color: #d7328a;"">Technical Information:</span><br>
<ul>
<a href=""media/ecom/pdfs/datasheets/TDS_Ri_MarkPlatinum_uk_issue1_4983.pdf"" target=""_blank""><img
style=""border: 0px solid ; width: 200px; height: 60px;"" alt=""Ri-Mark Platinum Datasheet""
src=""media/ecom/onpagegraphics/Datasheet.png""></a>
<a href=""media/ecom/pdfs/firecertificates/EN 13501-1_Ri-Mark Platinum series_class B-s1 d0.pdf"" target=""_blank""><img
style=""border: 0px solid ; width: 200px; height: 60px;"" alt=""Ri-Mark Platinum Fire Certificate""
src=""media/ecom/onpagegraphics/Fire.png""></a>
<a href=""media/ecom/colselxl/digital_colour_card_Ri_Mark_Platinum.pdf"" target=""_blank""><img
style=""border: 0px solid ; width: 200px; height: 60px;"" alt=""Ri-Mark Platinum Colour Selector""
src=""media/ecom/onpagegraphics/Colour.png""></a></ul>
</body>
</html>","Platinum_849_Grass_Green.png","Platinum_849_Grass_Green.png","INVITEMS","DEFAULT-P849-DEFAULT-P849","","","0","0","0","","1","REGONLY","0","0","0","0","","","","SELECT","SELECT","0","","","","","0","0","","income-service","","","0","0","","","","","Ritrama-Platinum-Range","Ritrama-Platinum-Range","","","0","900EMT1220, 4075CT1220, 903C1220, Aslan_Red_Devil_Squeegee, Olfa_X_Design_Heavy_Duty_Knife, Masking_Tape_25mm, Aslan-Gold-Soft-Squeegee, Olfa_Graphic_Cutter, Swann_Morton_3_Handle, Swann_Morton_10A_Blades, Float_On","900EMT1220, 4075CT1220, 903C1220, Aslan_Red_Devil_Squeegee, Olfa_X_Design_Heavy_Duty_Knife, Masking_Tape_25mm, Aslan-Gold-Soft-Squeegee, Olfa_Graphic_Cutter, Swann_Morton_3_Handle, Swann_Morton_10A_Blades, Float_On","A","","ADHESIVE_AIRFLOW, ADHESIVE_STANDARD_LINER","","","Colours, Greens","Gloss","Colour References","<style>

table {

margin: 0 auto 0 auto;
}

table, th, td {
  
  border-collapse: collapse;
padding: 5px;
}
th, td {
  padding: 5px;
  text-align: center; 
  width: 160px;
  height: 30px;
  background-color:#009ee3;
  color: white;
  border-left: 5px solid white;
  border-right: 5px solid white;
}

th {
  border-top-color: white;
  font-size: 14px;
}

td {

padding-bottom: 1em;
border-bottom: 5px solid white;
font-size: 14px;
  
</style>



<table id=""data"">
  <tbody><tr>
    <th>Pantone</th>
<th>RAL</th>
<th>Avery 700</th>
<th>Mactac 9800 Pro</th>
<th>Oracal 551</th>
<th>Metamark M7</th>
  </tr>
  <tr>
    <td>&#177; 361 C</td>
<td>&#177; 6018</td>
<td>= 713</td>
<td>&#177; 9849-55</td>
<td>= 602</td>
<td>M7-161</td>
  </tr>

  </tbody></table>","","","","","","","F-Sign-Platinum-P849-Grass-Green","0","vinyl, polymeric, platinum, ritrama, fedrigoni, p849, airflow, pantone 361 c, ral 6019, avery 713, mactact 9849-55, oracal 551 602, metamark m7-161, f sign, fsign, f-sign,","","","1686325523","0","","0","","CHECKBOX"
"P850","F-Sign Platinum 850 Apple Green","P850","Ritrama","460","6","DEFAULT","","","","","0","F-Sign Platinum 850 Apple Green polymeric self-adhesive vinyl designed for long term vehicle graphics and exterior signage with an outdoor durability of 8 years.","<html>
<head><title>Platinum 850 Apple Green Gloss AIRFLOW </title>

<style>
.responsive {
  width: 50%;
  height: auto;
}
</style>
</head>

<body>
<img src=""media/ecom/onpagegraphics/Fedrigoni_Logo.jpg"" alt=""Fedrigoni Logo"" class=""responsive"">
<p>F-Sign Platinum 850 Apple Green polymeric self-adhesive vinyl is designed for long term vehicle graphics and exterior signage.</p>

<span style=""font-weight: bold; color: #d7328a;"">Structure:</span><br>
<ul><li>65<span>&#181;</span>m Polymeric calendered PVC</li>
<li>Transparent solvent based adhesive - Permanent</li>
<li>Clay coated kraft paper liner - 120gm<sup>2</sup> or Micro embossed PE coated kraft paper liner - 140gm<sup>2</sup>
</li></ul>

<span style=""font-weight: bold; color: #d7328a;"">Suitability:</span><br>
<ul><li>Excellent conformability to 3D curved surfaces (for extremely curved surfaces or corrugations this vinyl should be cut and applied with an overlap)</li>
<li>This high performance vinyl is designed for branding on vehicles, window graphics and all exterior or interior signage and displays</li>
<li>The high gloss face film has a high level of opacity and is engineered to enhance corporate branding projects</li>
<li>Outdoor durability of up to 8 years</li></ul>

<span style=""font-weight: bold; color: #d7328a;"">Advantages:</span><br>
<ul><li>Very cohesive solvent based adhesive provides excellent dimensional stability and water resistance for long term durability</li>
<li>This film is available with both the standard kraft liner that allows for wet or dry application as well as the Airflow liner for dry, easy to apply and bubble free application</li>
<li>Colour referencing for colour system swatches and competitor matching - see below</li>
<li>Fire Rated to Euroclass DIN EN 13501-1:2019-05 with classification B-s1-d0</li>
<li>REACH & RoHS compliant</li></ul>

<span style=""font-weight: bold; color: #d7328a;"">Technical Information:</span><br>
<ul>
<a href=""media/ecom/pdfs/datasheets/TDS_Ri_MarkPlatinum_uk_issue1_4983.pdf"" target=""_blank""><img
style=""border: 0px solid ; width: 200px; height: 60px;"" alt=""Ri-Mark Platinum Datasheet""
src=""media/ecom/onpagegraphics/Datasheet.png""></a>
<a href=""media/ecom/pdfs/firecertificates/EN 13501-1_Ri-Mark Platinum series_class B-s1 d0.pdf"" target=""_blank""><img
style=""border: 0px solid ; width: 200px; height: 60px;"" alt=""Ri-Mark Platinum Fire Certificate""
src=""media/ecom/onpagegraphics/Fire.png""></a>
<a href=""media/ecom/colselxl/digital_colour_card_Ri_Mark_Platinum.pdf"" target=""_blank""><img
style=""border: 0px solid ; width: 200px; height: 60px;"" alt=""Ri-Mark Platinum Colour Selector""
src=""media/ecom/onpagegraphics/Colour.png""></a></ul>
</body>
</html>","Platinum_850_Apple_Green.png","Platinum_850_Apple_Green.png","INVITEMS","DEFAULT-P850-DEFAULT-P850","","","0","0","0","","1","REGONLY","0","0","0","0","","","","SELECT","SELECT","0","","","","","0","0","","income-service","","","0","0","","","","","Ritrama-Platinum-Range","Ritrama-Platinum-Range","","","0","900EMT1220, 4075CT1220, 903C1220, Aslan_Red_Devil_Squeegee, Olfa_X_Design_Heavy_Duty_Knife, Masking_Tape_25mm, Aslan-Gold-Soft-Squeegee, Olfa_Graphic_Cutter, Swann_Morton_3_Handle, Swann_Morton_10A_Blades, Float_On","900EMT1220, 4075CT1220, 903C1220, Aslan_Red_Devil_Squeegee, Olfa_X_Design_Heavy_Duty_Knife, Masking_Tape_25mm, Aslan-Gold-Soft-Squeegee, Olfa_Graphic_Cutter, Swann_Morton_3_Handle, Swann_Morton_10A_Blades, Float_On","A","","ADHESIVE_AIRFLOW, ADHESIVE_STANDARD_LINER","","","Colours, Greens","Gloss","Colour References","<style>

table {

margin: 0 auto 0 auto;
}

table, th, td {
  
  border-collapse: collapse;
padding: 5px;
}
th, td {
  padding: 5px;
  text-align: center; 
  width: 160px;
  height: 30px;
  background-color:#009ee3;
  color: white;
  border-left: 5px solid white;
  border-right: 5px solid white;
}

th {
  border-top-color: white;
  font-size: 14px;
}

td {

padding-bottom: 1em;
border-bottom: 5px solid white;
font-size: 14px;
  
</style>



<table id=""data"">
  <tbody><tr>
    <th>Pantone</th>
<th>RAL</th>
<th>Avery 700</th>
<th>Mactac 9800 Pro</th>
<th>Oracal 551</th>
<th>Metamark M7</th>
  </tr>
  <tr>
    <td>&#177; 7488 C</td>
<td>-</td>
<td>= 714</td>
<td>= 9849-13</td>
<td>= 601</td>
<td>M7-160</td>
  </tr>

  </tbody></table>","","","","","","","F-Sign-Platinum-P850-Apple-Green","0","vinyl, polymeric, platinum, ritrama, fedrigoni, p850, airflow, pantone 7488 c, avery 714, mactac 9849-13, oracal 551 601, metamark m7-160, f sign, fsign, f-sign,","","","1686325707","0","","0","","CHECKBOX"
"P851","F-Sign Platinum 851 Yellow Green","P851","Ritrama","470","5","DEFAULT","","","","","0","F-Sign Platinum 851 Yellow Green polymeric self-adhesive vinyl designed for long term vehicle graphics and exterior signage with an outdoor durability of 8 years.","<html>
<head><title>Platinum 851 Yellow Green Gloss</title>

<style>
.responsive {
  width: 50%;
  height: auto;
}
</style>
</head>

<body>
<img src=""media/ecom/onpagegraphics/Fedrigoni_Logo.jpg"" alt=""Fedrigoni Logo"" class=""responsive"">
<p>F-Sign Platinum 851 Yellow Green polymeric self-adhesive vinyl is designed for long term vehicle graphics and exterior signage.</p>

<span style=""font-weight: bold; color: #d7328a;"">Structure:</span><br>
<ul><li>65<span>&#181;</span>m Polymeric calendered PVC</li>
<li>Transparent solvent based adhesive - Permanent</li>
<li>Clay coated kraft paper liner - 120gm<sup>2</sup> 
</li></ul>

<span style=""font-weight: bold; color: #d7328a;"">Suitability:</span><br>
<ul><li>Excellent conformability to 3D curved surfaces (for extremely curved surfaces or corrugations this vinyl should be cut and applied with an overlap)</li>
<li>This high performance vinyl is designed for branding on vehicles, window graphics and all exterior or interior signage and displays</li>
<li>The high gloss face film has a high level of opacity and is engineered to enhance corporate branding projects</li>
<li>Outdoor durability of up to 8 years</li></ul>

<span style=""font-weight: bold; color: #d7328a;"">Advantages:</span><br>
<ul><li>Very cohesive solvent based adhesive provides excellent dimensional stability and water resistance for long term durability</li>
<li>This film is available with both the standard kraft liner that allows for wet or dry application as well as the Airflow liner for dry, easy to apply and bubble free application</li>
<li>Colour referencing for colour system swatches and competitor matching - see below</li>
<li>Fire Rated to Euroclass DIN EN 13501-1:2019-05 with classification B-s1-d0</li>
<li>REACH & RoHS compliant</li></ul>

<span style=""font-weight: bold; color: #d7328a;"">Technical Information:</span><br>
<ul>
<a href=""media/ecom/pdfs/datasheets/TDS_Ri_MarkPlatinum_uk_issue1_4983.pdf"" target=""_blank""><img
style=""border: 0px solid ; width: 200px; height: 60px;"" alt=""Ri-Mark Platinum Datasheet""
src=""media/ecom/onpagegraphics/Datasheet.png""></a>
<a href=""media/ecom/pdfs/firecertificates/EN 13501-1_Ri-Mark Platinum series_class B-s1 d0.pdf"" target=""_blank""><img
style=""border: 0px solid ; width: 200px; height: 60px;"" alt=""Ri-Mark Platinum Fire Certificate""
src=""media/ecom/onpagegraphics/Fire.png""></a>
<a href=""media/ecom/colselxl/digital_colour_card_Ri_Mark_Platinum.pdf"" target=""_blank""><img
style=""border: 0px solid ; width: 200px; height: 60px;"" alt=""Ri-Mark Platinum Colour Selector""
src=""media/ecom/onpagegraphics/Colour.png""></a></ul>
</body>
</html>","Platinum_851_Yellow_Green.png","Platinum_851_Yellow_Green.png","INVITEMS","DEFAULT-P851-DEFAULT-P851","","","0","0","0","","1","REGONLY","0","0","0","0","","","","SELECT","SELECT","0","","","","","0","0","","income-service","","","0","0","","","","","Ritrama-Platinum-Range","Ritrama-Platinum-Range","","","0","","","A","","ADHESIVE_STANDARD_LINER","","","Colours, Greens, Yellows","Gloss","Colour References","<style>

table {

margin: 0 auto 0 auto;
}

table, th, td {
  
  border-collapse: collapse;
padding: 5px;
}
th, td {
  padding: 5px;
  text-align: center; 
  width: 160px;
  height: 30px;
  background-color:#009ee3;
  color: white;
  border-left: 5px solid white;
  border-right: 5px solid white;
}

th {
  border-top-color: white;
  font-size: 14px;
}

td {

padding-bottom: 1em;
border-bottom: 5px solid white;
font-size: 14px;
  
</style>



<table id=""data"">
  <tbody><tr>
    <th>Pantone</th>
<th>RAL</th>
<th>Avery 700</th>
<th>Mactac 9800 Pro</th>
<th>Oracal 551</th>
<th>Metamark M7</th>
  </tr>
  <tr>
    <td>&#177; 2299 C</td>
<td>-</td>
<td>&#177; 714-02</td>
<td>= 9849-54</td>
<td>-</td>
<td>M7-198</td>
  </tr>

  </tbody></table>","","","","","","","F-Sign-Platinum-P851-Yellow-Green","0","vinyl, polymeric, platinum, ritrama, fedrigoni, p851, pantone 2299 c, avery 714-02, mactac 9849-54, metamark m7-198, f sign, fsign, f-sign,","","","1686325933","0","","0","","CHECKBOX"
"P852","F-Sign Platinum 852 Light Beige","P852","Ritrama","480","5","DEFAULT","","","","","0","F-Sign Platinum 852 Light Beige polymeric self-adhesive vinyl designed for long term vehicle graphics and exterior signage with an outdoor durability of 8 years.","<html>
<head><title>Platinum 852 Light Beige Gloss</title>

<style>
.responsive {
  width: 50%;
  height: auto;
}
</style>
</head>

<body>
<img src=""media/ecom/onpagegraphics/Fedrigoni_Logo.jpg"" alt=""Fedrigoni Logo"" class=""responsive"">
<p>F-Sign Platinum 852 Light Beige polymeric self-adhesive vinyl is designed for long term vehicle graphics and exterior signage.</p>

<span style=""font-weight: bold; color: #d7328a;"">Structure:</span><br>
<ul><li>65<span>&#181;</span>m Polymeric calendered PVC</li>
<li>Transparent solvent based adhesive - Permanent</li>
<li>Clay coated kraft paper liner - 120gm<sup>2</sup> 
</li></ul>

<span style=""font-weight: bold; color: #d7328a;"">Suitability:</span><br>
<ul><li>Excellent conformability to 3D curved surfaces (for extremely curved surfaces or corrugations this vinyl should be cut and applied with an overlap)</li>
<li>This high performance vinyl is designed for branding on vehicles, window graphics and all exterior or interior signage and displays</li>
<li>The high gloss face film has a high level of opacity and is engineered to enhance corporate branding projects</li>
<li>Outdoor durability of up to 8 years</li></ul>

<span style=""font-weight: bold; color: #d7328a;"">Advantages:</span><br>
<ul><li>Very cohesive solvent based adhesive provides excellent dimensional stability and water resistance for long term durability</li>
<li>This film is available with both the standard kraft liner that allows for wet or dry application as well as the Airflow liner for dry, easy to apply and bubble free application</li>
<li>Colour referencing for colour system swatches and competitor matching - see below</li>
<li>Fire Rated to Euroclass DIN EN 13501-1:2019-05 with classification B-s1-d0</li>
<li>REACH & RoHS compliant</li></ul>

<span style=""font-weight: bold; color: #d7328a;"">Technical Information:</span><br>
<ul>
<a href=""media/ecom/pdfs/datasheets/TDS_Ri_MarkPlatinum_uk_issue1_4983.pdf"" target=""_blank""><img
style=""border: 0px solid ; width: 200px; height: 60px;"" alt=""Ri-Mark Platinum Datasheet""
src=""media/ecom/onpagegraphics/Datasheet.png""></a>
<a href=""media/ecom/pdfs/firecertificates/EN 13501-1_Ri-Mark Platinum series_class B-s1 d0.pdf"" target=""_blank""><img
style=""border: 0px solid ; width: 200px; height: 60px;"" alt=""Ri-Mark Platinum Fire Certificate""
src=""media/ecom/onpagegraphics/Fire.png""></a>
<a href=""media/ecom/colselxl/digital_colour_card_Ri_Mark_Platinum.pdf"" target=""_blank""><img
style=""border: 0px solid ; width: 200px; height: 60px;"" alt=""Ri-Mark Platinum Colour Selector""
src=""media/ecom/onpagegraphics/Colour.png""></a></ul>
</body>
</html>","Platinum_852_Light_Beige.png","Platinum_852_Light_Beige.png","INVITEMS","DEFAULT-P852-DEFAULT-P852","","","0","0","0","","1","REGONLY","0","0","0","0","","","","SELECT","SELECT","0","","","","","0","0","","income-service","","","0","0","","","","","Ritrama-Platinum-Range","Ritrama-Platinum-Range","","","0","900EMT1220, 4075CT1220, 903C1220, Aslan_Red_Devil_Squeegee, Olfa_X_Design_Heavy_Duty_Knife, Masking_Tape_25mm, Aslan-Gold-Soft-Squeegee, Olfa_Graphic_Cutter, Swann_Morton_3_Handle, Swann_Morton_10A_Blades, Float_On","900EMT1220, 4075CT1220, 903C1220, Aslan_Red_Devil_Squeegee, Olfa_X_Design_Heavy_Duty_Knife, Masking_Tape_25mm, Aslan-Gold-Soft-Squeegee, Olfa_Graphic_Cutter, Swann_Morton_3_Handle, Swann_Morton_10A_Blades, Float_On","A","","ADHESIVE_STANDARD_LINER","","","Colours, Beiges","Gloss","Colour References","<style>

table {

margin: 0 auto 0 auto;
}

table, th, td {
  
  border-collapse: collapse;
padding: 5px;
}
th, td {
  padding: 5px;
  text-align: center; 
  width: 160px;
  height: 30px;
  background-color:#009ee3;
  color: white;
  border-left: 5px solid white;
  border-right: 5px solid white;
}

th {
  border-top-color: white;
  font-size: 14px;
}

td {

padding-bottom: 1em;
border-bottom: 5px solid white;
font-size: 14px;
  
</style>



<table id=""data"">
  <tbody><tr>
    <th>Pantone</th>
<th>RAL</th>
<th>Avery 700</th>
<th>Mactac 9800 Pro</th>
<th>Oracal 551</th>
<th>Metamark M7</th>
  </tr>
  <tr>
    <td>&#177; 468 C</td>
<td>&#177; 1015</td>
<td>&#177; 758</td>
<td>&#177; 9829-05</td>
<td>&#177; 841</td>
<td>M7-172</td>
  </tr>

  </tbody></table>","","","","","","","F-Sign-Platinum-P852-Light-Beige","0","vinyl, polymeric, platinum, ritrama, fedrigoni, p852, pantone 468 c, ral 1015, avery 758, mactac 9829-05, oracal 551 841, metamark m7-172, f sign, fsign, f-sign,","","","1686326048","0","","0","","CHECKBOX"
"P853","F-Sign Platinum 853 Chocolate Brown","P853","Ritrama","490","5","DEFAULT","","","","","0","F-Sign Platinum 853 Chocolate Brown polymeric self-adhesive vinyl designed for long term vehicle graphics and exterior signage with an outdoor durability of 8 years.","<html>
<head><title>Platinum 853 Chocolate Brown Gloss</title>

<style>
.responsive {
  width: 50%;
  height: auto;
}
</style>
</head>

<body>
<img src=""media/ecom/onpagegraphics/Fedrigoni_Logo.jpg"" alt=""Fedrigoni Logo"" class=""responsive"">
<p>F-Sign Platinum 853 Chocolate Brown polymeric self-adhesive vinyl is designed for long term vehicle graphics and exterior signage.</p>

<span style=""font-weight: bold; color: #d7328a;"">Structure:</span><br>
<ul><li>65<span>&#181;</span>m Polymeric calendered PVC</li>
<li>Transparent solvent based adhesive - Permanent</li>
<li>Clay coated kraft paper liner - 120gm<sup>2</sup> 
</li></ul>

<span style=""font-weight: bold; color: #d7328a;"">Suitability:</span><br>
<ul><li>Excellent conformability to 3D curved surfaces (for extremely curved surfaces or corrugations this vinyl should be cut and applied with an overlap)</li>
<li>This high performance vinyl is designed for branding on vehicles, window graphics and all exterior or interior signage and displays</li>
<li>The high gloss face film has a high level of opacity and is engineered to enhance corporate branding projects</li>
<li>Outdoor durability of up to 8 years</li></ul>

<span style=""font-weight: bold; color: #d7328a;"">Advantages:</span><br>
<ul><li>Very cohesive solvent based adhesive provides excellent dimensional stability and water resistance for long term durability</li>
<li>This film is available with both the standard kraft liner that allows for wet or dry application as well as the Airflow liner for dry, easy to apply and bubble free application</li>
<li>Colour referencing for colour system swatches and competitor matching - see below</li>
<li>Fire Rated to Euroclass DIN EN 13501-1:2019-05 with classification B-s1-d0</li>
<li>REACH & RoHS compliant</li></ul>

<span style=""font-weight: bold; color: #d7328a;"">Technical Information:</span><br>
<ul>
<a href=""media/ecom/pdfs/datasheets/TDS_Ri_MarkPlatinum_uk_issue1_4983.pdf"" target=""_blank""><img
style=""border: 0px solid ; width: 200px; height: 60px;"" alt=""Ri-Mark Platinum Datasheet""
src=""media/ecom/onpagegraphics/Datasheet.png""></a>
<a href=""media/ecom/pdfs/firecertificates/EN 13501-1_Ri-Mark Platinum series_class B-s1 d0.pdf"" target=""_blank""><img
style=""border: 0px solid ; width: 200px; height: 60px;"" alt=""Ri-Mark Platinum Fire Certificate""
src=""media/ecom/onpagegraphics/Fire.png""></a>
<a href=""media/ecom/colselxl/digital_colour_card_Ri_Mark_Platinum.pdf"" target=""_blank""><img
style=""border: 0px solid ; width: 200px; height: 60px;"" alt=""Ri-Mark Platinum Colour Selector""
src=""media/ecom/onpagegraphics/Colour.png""></a></ul>
</body>
</html>","Platinum_853_Chocolate_Brown.png","Platinum_853_Chocolate_Brown.png","INVITEMS","DEFAULT-P853-DEFAULT-P853","","","0","0","0","","1","REGONLY","0","0","0","0","","","","SELECT","SELECT","0","","","","","0","0","","income-service","","","0","0","","","","","Ritrama-Platinum-Range","Ritrama-Platinum-Range","","","0","","","A","","ADHESIVE_STANDARD_LINER","","","Colours, Browns","Gloss","Colour References","<style>

table {

margin: 0 auto 0 auto;
}

table, th, td {
  
  border-collapse: collapse;
padding: 5px;
}
th, td {
  padding: 5px;
  text-align: center; 
  width: 160px;
  height: 30px;
  background-color:#009ee3;
  color: white;
  border-left: 5px solid white;
  border-right: 5px solid white;
}

th {
  border-top-color: white;
  font-size: 14px;
}

td {

padding-bottom: 1em;
border-bottom: 5px solid white;
font-size: 14px;
  
</style>



<table id=""data"">
  <tbody><tr>
    <th>Pantone</th>
<th>RAL</th>
<th>Avery 700</th>
<th>Mactac 9800 Pro</th>
<th>Oracal 551</th>
<th>Metamark M7</th>
  </tr>
  <tr>
    <td>&#177; 4625 C</td>
<td>&#177; 8007</td>
<td>&#177; 718</td>
<td>&#177; 9883-06</td>
<td>-</td>
<td>-</td>
  </tr>

  </tbody></table>","","","","","","","F-Sign-Platinum-P853-Chocolate-Brown","0","vinyl, polymeric, platinum, ritrama, fedrigoni, p853, pantone 4625 c, ral 8007, avery 718, mactac 9883-06, f sign, fsign, f-sign,","","","1686327245","0","","0","","CHECKBOX"
"P854","F-Sign Platinum 854 Dark Brown","P854","Ritrama","500","5","DEFAULT","","","","","0","F-Sign Platinum 854 Dark Brown polymeric self-adhesive vinyl designed for long term vehicle graphics and exterior signage with an outdoor durability of 8 years.","<head><title>Platinum 854 Dark Brown Gloss</title>

<style>
.responsive {
  width: 50%;
  height: auto;
}
</style>
</head>

<body>
<img src=""media/ecom/onpagegraphics/Fedrigoni_Logo.jpg"" alt=""Fedrigoni Logo"" class=""responsive"">
<p>F-Sign Platinum 854 Dark Brown polymeric self-adhesive vinyl is designed for long term vehicle graphics and exterior signage.</p>

<span style=""font-weight: bold; color: #d7328a;"">Structure:</span><br>
<ul><li>65<span>&#181;</span>m Polymeric calendered PVC</li>
<li>Transparent solvent based adhesive - Permanent</li>
<li>Clay coated kraft paper liner - 120gm<sup>2</sup> 
</li></ul>

<span style=""font-weight: bold; color: #d7328a;"">Suitability:</span><br>
<ul><li>Excellent conformability to 3D curved surfaces (for extremely curved surfaces or corrugations this vinyl should be cut and applied with an overlap)</li>
<li>This high performance vinyl is designed for branding on vehicles, window graphics and all exterior or interior signage and displays</li>
<li>The high gloss face film has a high level of opacity and is engineered to enhance corporate branding projects</li>
<li>Outdoor durability of up to 8 years</li></ul>

<span style=""font-weight: bold; color: #d7328a;"">Advantages:</span><br>
<ul><li>Very cohesive solvent based adhesive provides excellent dimensional stability and water resistance for long term durability</li>
<li>This film is available with both the standard kraft liner that allows for wet or dry application as well as the Airflow liner for dry, easy to apply and bubble free application</li>
<li>Colour referencing for colour system swatches and competitor matching - see below</li>
<li>Fire Rated to Euroclass DIN EN 13501-1:2019-05 with classification B-s1-d0</li>
<li>REACH & RoHS compliant</li></ul>

<span style=""font-weight: bold; color: #d7328a;"">Technical Information:</span><br>
<ul>
<a href=""media/ecom/pdfs/datasheets/TDS_Ri_MarkPlatinum_uk_issue1_4983.pdf"" target=""_blank""><img
style=""border: 0px solid ; width: 200px; height: 60px;"" alt=""Ri-Mark Platinum Datasheet""
src=""media/ecom/onpagegraphics/Datasheet.png""></a>
<a href=""media/ecom/pdfs/firecertificates/EN 13501-1_Ri-Mark Platinum series_class B-s1 d0.pdf"" target=""_blank""><img
style=""border: 0px solid ; width: 200px; height: 60px;"" alt=""Ri-Mark Platinum Fire Certificate""
src=""media/ecom/onpagegraphics/Fire.png""></a>
<a href=""media/ecom/colselxl/digital_colour_card_Ri_Mark_Platinum.pdf"" target=""_blank""><img
style=""border: 0px solid ; width: 200px; height: 60px;"" alt=""Ri-Mark Platinum Colour Selector""
src=""media/ecom/onpagegraphics/Colour.png""></a></ul>
</body>","Platinum_854_Dark_Brown.png","Platinum_854_Dark_Brown.png","INVITEMS","DEFAULT-P854-DEFAULT-P854","","","0","0","0","","1","REGONLY","0","0","0","0","","","","SELECT","SELECT","0","","","","","0","0","","income-service","","","0","0","","","","","Ritrama-Platinum-Range","Ritrama-Platinum-Range","","","0","900EMT1220, 4075CT1220, 903C1220, Aslan_Red_Devil_Squeegee, Olfa_X_Design_Heavy_Duty_Knife, Masking_Tape_25mm, Aslan-Gold-Soft-Squeegee, Olfa_Graphic_Cutter, Swann_Morton_3_Handle, Swann_Morton_10A_Blades, Float_On","900EMT1220, 4075CT1220, 903C1220, Aslan_Red_Devil_Squeegee, Olfa_X_Design_Heavy_Duty_Knife, Masking_Tape_25mm, Aslan-Gold-Soft-Squeegee, Olfa_Graphic_Cutter, Swann_Morton_3_Handle, Swann_Morton_10A_Blades, Float_On","A","","ADHESIVE_STANDARD_LINER","","","Colours, Browns","Gloss","Colour References","<style>

table {

margin: 0 auto 0 auto;
}

table, th, td {
  
  border-collapse: collapse;
padding: 5px;
}
th, td {
  padding: 5px;
  text-align: center; 
  width: 160px;
  height: 30px;
  background-color:#009ee3;
  color: white;
  border-left: 5px solid white;
  border-right: 5px solid white;
}

th {
  border-top-color: white;
  font-size: 14px;
}

td {

padding-bottom: 1em;
border-bottom: 5px solid white;
font-size: 14px;
  
</style>



<table id=""data"">
  <tbody><tr>
    <th>Pantone</th>
<th>RAL</th>
<th>Avery 700</th>
<th>Mactac 9800 Pro</th>
<th>Oracal 551</th>
<th>Metamark M7</th>
  </tr>
  <tr>
    <td>&#177; 7533 C</td>
<td>&#177; 8017</td>
<td>= 762</td>
<td>&#177; 9383-04</td>
<td>= 803</td>
<td>-</td>
  </tr>

  </tbody></table>","","","","","","","Ri-Mark-Platinum-P854-Dark-Brown","0","vinyl, polymeric, platinum, ritrama, fedrigoni, p854, pantone 7533 c, ral 8017, avery 762, mactac 9383-04, oracal 551 803, f sign, fsign, f-sign,","","","1686327351","0","","0","","CHECKBOX"
"P855","F-Sign Platinum 855 Mystic Grey","P855","Ritrama","520","6","DEFAULT","","","","","0","F-Sign Platinum 855 Mystic Grey polymeric self-adhesive vinyl designed for long term vehicle graphics and exterior signage with an outdoor durability of 8 years.","<html>
<head><title>Platinum 855 Mystic Grey Gloss AIRFLOW </title>

<style>
.responsive {
  width: 50%;
  height: auto;
}
</style>
</head>

<body>
<img src=""media/ecom/onpagegraphics/Fedrigoni_Logo.jpg"" alt=""Fedrigoni Logo"" class=""responsive"">
<p>F-Sign Platinum 855 Mystic Grey polymeric self-adhesive vinyl is designed for long term vehicle graphics and exterior signage.</p>

<span style=""font-weight: bold; color: #d7328a;"">Structure:</span><br>
<ul><li>65<span>&#181;</span>m Polymeric calendered PVC</li>
<li>Transparent solvent based adhesive - Permanent</li>
<li>Clay coated kraft paper liner - 120gm<sup>2</sup> or Micro embossed PE coated kraft paper liner - 140gm<sup>2</sup>
</li></ul>

<span style=""font-weight: bold; color: #d7328a;"">Suitability:</span><br>
<ul><li>Excellent conformability to 3D curved surfaces (for extremely curved surfaces or corrugations this vinyl should be cut and applied with an overlap)</li>
<li>This high performance vinyl is designed for branding on vehicles, window graphics and all exterior or interior signage and displays</li>
<li>The high gloss face film has a high level of opacity and is engineered to enhance corporate branding projects</li>
<li>Outdoor durability of up to 8 years</li></ul>

<span style=""font-weight: bold; color: #d7328a;"">Advantages:</span><br>
<ul><li>Very cohesive solvent based adhesive provides excellent dimensional stability and water resistance for long term durability</li>
<li>This film is available with both the standard kraft liner that allows for wet or dry application as well as the Airflow liner for dry, easy to apply and bubble free application</li>
<li>Colour referencing for colour system swatches and competitor matching - see below</li>
<li>Fire Rated to Euroclass DIN EN 13501-1:2019-05 with classification B-s1-d0</li>
<li>REACH & RoHS compliant</li></ul>

<span style=""font-weight: bold; color: #d7328a;"">Technical Information:</span><br>
<ul>
<a href=""media/ecom/pdfs/datasheets/TDS_Ri_MarkPlatinum_uk_issue1_4983.pdf"" target=""_blank""><img
style=""border: 0px solid ; width: 200px; height: 60px;"" alt=""Ri-Mark Platinum Datasheet""
src=""media/ecom/onpagegraphics/Datasheet.png""></a>
<a href=""media/ecom/pdfs/firecertificates/EN 13501-1_Ri-Mark Platinum series_class B-s1 d0.pdf"" target=""_blank""><img
style=""border: 0px solid ; width: 200px; height: 60px;"" alt=""Ri-Mark Platinum Fire Certificate""
src=""media/ecom/onpagegraphics/Fire.png""></a>
<a href=""media/ecom/colselxl/digital_colour_card_Ri_Mark_Platinum.pdf"" target=""_blank""><img
style=""border: 0px solid ; width: 200px; height: 60px;"" alt=""Ri-Mark Platinum Colour Selector""
src=""media/ecom/onpagegraphics/Colour.png""></a></ul>
</body>
</html>","Platinum_855_Mystic_Grey.png","Platinum_855_Mystic_Grey.png","INVITEMS","DEFAULT-P855-DEFAULT-P855","","","0","0","0","","1","REGONLY","0","0","0","0","","","","SELECT","SELECT","0","","","","","0","0","","income-service","","","0","0","","","","","Ritrama-Platinum-Range","Ritrama-Platinum-Range","","","0","900EMT1220, 4075CT1220, 903C1220, Aslan_Red_Devil_Squeegee, Olfa_X_Design_Heavy_Duty_Knife, Masking_Tape_25mm, Aslan-Gold-Soft-Squeegee, Olfa_Graphic_Cutter, Swann_Morton_3_Handle, Swann_Morton_10A_Blades, Float_On","900EMT1220, 4075CT1220, 903C1220, Aslan_Red_Devil_Squeegee, Olfa_X_Design_Heavy_Duty_Knife, Masking_Tape_25mm, Aslan-Gold-Soft-Squeegee, Olfa_Graphic_Cutter, Swann_Morton_3_Handle, Swann_Morton_10A_Blades, Float_On","A","","ADHESIVE_AIRFLOW, ADHESIVE_STANDARD_LINER","","","Colours, Greys","Gloss","Colour References","<style>

table {

margin: 0 auto 0 auto;
}

table, th, td {
  
  border-collapse: collapse;
padding: 5px;
}
th, td {
  padding: 5px;
  text-align: center; 
  width: 160px;
  height: 30px;
  background-color:#009ee3;
  color: white;
  border-left: 5px solid white;
  border-right: 5px solid white;
}

th {
  border-top-color: white;
  font-size: 14px;
}

td {

padding-bottom: 1em;
border-bottom: 5px solid white;
font-size: 14px;
  
</style>



<table id=""data"">
  <tbody><tr>
    <th>Pantone</th>
<th>RAL</th>
<th>Avery 700</th>
<th>Mactac 9800 Pro</th>
<th>Oracal 551</th>
<th>Metamark M7</th>
  </tr>
  <tr>
    <td>&#177; 433 C</td>
<td>&#177; 7021</td>
<td>= 759-01</td>
<td>= 9889-17</td>
<td>-</td>
<td>M7-126</td>
  </tr>

  </tbody></table>","","","","","","","F-Sign-Platinum-P855-Mystic-Grey","0","vinyl, polymeric, platinum, ritrama, fedrigoni, p855, airflow, pantone 433 c, ral 7021, avery 759-01, mactac 9889-17, metamark m7-126, f sign, fsign, f-sign,","","","1686327569","0","","0","","CHECKBOX"
"P856","F-Sign Platinum 856 Anthracite","P856","Ritrama","530","6","DEFAULT","","","","","0","F-Sign Platinum 856 Anthracite polymeric self-adhesive vinyl designed for long term vehicle graphics and exterior signage with an outdoor durability of 5 years.","<html>
<head><title>Platinum 856 Anthracite Gloss </title>

<style>
.responsive {
  width: 50%;
  height: auto;
}
</style>
</head>

<body>
<img src=""media/ecom/onpagegraphics/Fedrigoni_Logo.jpg"" alt=""Fedrigoni Logo"" class=""responsive"">
<p>F-Sign Platinum 856 Anthracite polymeric self-adhesive vinyl is designed for long term vehicle graphics and exterior signage.</p>

<span style=""font-weight: bold; color: #d7328a;"">Structure:</span><br>
<ul><li>65<span>&#181;</span>m Polymeric calendered PVC</li>
<li>Transparent solvent based adhesive - Permanent</li>
<li>Clay coated kraft paper liner - 120gm<sup>2</sup> or Micro embossed PE coated kraft paper liner - 140gm<sup>2</sup>
</li></ul>

<span style=""font-weight: bold; color: #d7328a;"">Suitability:</span><br>
<ul><li>Excellent conformability to 3D curved surfaces (for extremely curved surfaces or corrugations this vinyl should be cut and applied with an overlap)</li>
<li>This high performance vinyl is designed for branding on vehicles, window graphics and all exterior or interior signage and displays</li>
<li>The high gloss face film has a high level of opacity and is engineered to enhance corporate branding projects</li>
<li>Outdoor durability of up to 5 years</li></ul>

<span style=""font-weight: bold; color: #d7328a;"">Advantages:</span><br>
<ul><li>Very cohesive solvent based adhesive provides excellent dimensional stability and water resistance for long term durability</li>
<li>This film is available with both the standard kraft liner that allows for wet or dry application as well as the Airflow liner for dry, easy to apply and bubble free application</li>
<li>Colour referencing for colour system swatches and competitor matching - see below</li>
<li>Fire Rated to Euroclass DIN EN 13501-1:2019-05 with classification B-s1-d0</li>
<li>REACH & RoHS compliant</li></ul>

<span style=""font-weight: bold; color: #d7328a;"">Technical Information:</span><br>
<ul>
<a href=""media/ecom/pdfs/datasheets/TDS_Ri_MarkPlatinum_uk_issue1_4983.pdf"" target=""_blank""><img
style=""border: 0px solid ; width: 200px; height: 60px;"" alt=""Ri-Mark Platinum Datasheet""
src=""media/ecom/onpagegraphics/Datasheet.png""></a>
<a href=""media/ecom/pdfs/firecertificates/EN 13501-1_Ri-Mark Platinum series_class B-s1 d0.pdf"" target=""_blank""><img
style=""border: 0px solid ; width: 200px; height: 60px;"" alt=""Ri-Mark Platinum Fire Certificate""
src=""media/ecom/onpagegraphics/Fire.png""></a>
<a href=""media/ecom/colselxl/digital_colour_card_Ri_Mark_Platinum.pdf"" target=""_blank""><img
style=""border: 0px solid ; width: 200px; height: 60px;"" alt=""Ri-Mark Platinum Colour Selector""
src=""media/ecom/onpagegraphics/Colour.png""></a></ul>
</body>
</html>","Platinum_856_Anthracite.png","Platinum_856_Anthracite.png","INVITEMS","DEFAULT-P856-DEFAULT-P856","","","0","0","0","","1","REGONLY","0","0","0","0","","","","SELECT","SELECT","0","","","","","0","0","","income-service","","","0","0","","","","","Ritrama-Platinum-Range","Ritrama-Platinum-Range","","","0","900EMT1220, 4075CT1220, 903C1220, Aslan_Red_Devil_Squeegee, Olfa_X_Design_Heavy_Duty_Knife, Masking_Tape_25mm, Aslan-Gold-Soft-Squeegee, Olfa_Graphic_Cutter, Swann_Morton_3_Handle, Swann_Morton_10A_Blades, Float_On","900EMT1220, 4075CT1220, 903C1220, Aslan_Red_Devil_Squeegee, Olfa_X_Design_Heavy_Duty_Knife, Masking_Tape_25mm, Aslan-Gold-Soft-Squeegee, Olfa_Graphic_Cutter, Swann_Morton_3_Handle, Swann_Morton_10A_Blades, Float_On","A","","ADHESIVE_AIRFLOW, ADHESIVE_STANDARD_LINER","","","Greys, Metallics, Colours","Gloss","Colour References","<style>

table {

margin: 0 auto 0 auto;
}

table, th, td {
  
  border-collapse: collapse;
padding: 5px;
}
th, td {
  padding: 5px;
  text-align: center; 
  width: 160px;
  height: 30px;
  background-color:#009ee3;
  color: white;
  border-left: 5px solid white;
  border-right: 5px solid white;
}

th {
  border-top-color: white;
  font-size: 14px;
}

td {

padding-bottom: 1em;
border-bottom: 5px solid white;
font-size: 14px;
  
</style>



<table id=""data"">
  <tbody><tr>
    <th>Pantone</th>
<th>RAL</th>
<th>Avery 700</th>
<th>Mactac 9800 Pro</th>
<th>Oracal 551</th>
<th>Metamark M7</th>
  </tr>
  <tr>
    <td>-</td>
<td>-</td>
<td>= 746</td>
<td>= 9889-01</td>
<td>= 93</td>
<td>M7-196</td>
  </tr>

  </tbody></table>","","","","","","","F-Sign-Platinum-P856-Anthracite","0","vinyl, polymeric, platinum, ritrama, fedrigoni, p856, airflow, avery 746, mactac 9889-01, oracal 551 93, metamark m7-196, f sign, fsign, f-sign,","","","1686327774","0","","0","","CHECKBOX"
"P857","F-Sign Platinum 857 Traffic Grey","P857","Ritrama","540","6","DEFAULT","","","","","0","F-Sign Platinum 857 Traffic Grey polymeric self-adhesive vinyl designed for long term vehicle graphics and exterior signage with an outdoor durability of 8 years.","<html>
<head><title>Platinum 857 Traffic Grey Gloss AIRFLOW </title>

<style>
.responsive {
  width: 50%;
  height: auto;
}
</style>
</head>

<body>
<img src=""media/ecom/onpagegraphics/Fedrigoni_Logo.jpg"" alt=""Fedrigoni Logo"" class=""responsive"">
<p>F-Sign Platinum 857 Traffic Grey polymeric self-adhesive vinyl is designed for long term vehicle graphics and exterior signage.</p>

<span style=""font-weight: bold; color: #d7328a;"">Structure:</span><br>
<ul><li>65<span>&#181;</span>m Polymeric calendered PVC</li>
<li>Transparent solvent based adhesive - Permanent</li>
<li>Clay coated kraft paper liner - 120gm<sup>2</sup> or Micro embossed PE coated kraft paper liner - 140gm<sup>2</sup>
</li></ul>

<span style=""font-weight: bold; color: #d7328a;"">Suitability:</span><br>
<ul><li>Excellent conformability to 3D curved surfaces (for extremely curved surfaces or corrugations this vinyl should be cut and applied with an overlap)</li>
<li>This high performance vinyl is designed for branding on vehicles, window graphics and all exterior or interior signage and displays</li>
<li>The high gloss face film has a high level of opacity and is engineered to enhance corporate branding projects</li>
<li>Outdoor durability of up to 8 years</li></ul>

<span style=""font-weight: bold; color: #d7328a;"">Advantages:</span><br>
<ul><li>Very cohesive solvent based adhesive provides excellent dimensional stability and water resistance for long term durability</li>
<li>This film is available with both the standard kraft liner that allows for wet or dry application as well as the Airflow liner for dry, easy to apply and bubble free application</li>
<li>Colour referencing for colour system swatches and competitor matching - see below</li>
<li>Fire Rated to Euroclass DIN EN 13501-1:2019-05 with classification B-s1-d0</li>
<li>REACH & RoHS compliant</li></ul>

<span style=""font-weight: bold; color: #d7328a;"">Technical Information:</span><br>
<ul>
<a href=""media/ecom/pdfs/datasheets/TDS_Ri_MarkPlatinum_uk_issue1_4983.pdf"" target=""_blank""><img
style=""border: 0px solid ; width: 200px; height: 60px;"" alt=""Ri-Mark Platinum Datasheet""
src=""media/ecom/onpagegraphics/Datasheet.png""></a>
<a href=""media/ecom/pdfs/firecertificates/EN 13501-1_Ri-Mark Platinum series_class B-s1 d0.pdf"" target=""_blank""><img
style=""border: 0px solid ; width: 200px; height: 60px;"" alt=""Ri-Mark Platinum Fire Certificate""
src=""media/ecom/onpagegraphics/Fire.png""></a>
<a href=""media/ecom/colselxl/digital_colour_card_Ri_Mark_Platinum.pdf"" target=""_blank""><img
style=""border: 0px solid ; width: 200px; height: 60px;"" alt=""Ri-Mark Platinum Colour Selector""
src=""media/ecom/onpagegraphics/Colour.png""></a></ul>
</body>
</html>","Platinum_857_Traffic_Grey.png","Platinum_857_Traffic_Grey.png","INVITEMS","DEFAULT-P857-DEFAULT-P857","","","0","0","0","","1","REGONLY","0","0","0","0","","","","SELECT","SELECT","0","","","","","0","0","","income-service","","","0","0","","","","","Ritrama-Platinum-Range","Ritrama-Platinum-Range","","","0","900EMT1220, 4075CT1220, 903C1220, Aslan_Red_Devil_Squeegee, Olfa_X_Design_Heavy_Duty_Knife, Masking_Tape_25mm, Aslan-Gold-Soft-Squeegee, Olfa_Graphic_Cutter, Swann_Morton_3_Handle, Swann_Morton_10A_Blades, Float_On","900EMT1220, 4075CT1220, 903C1220, Aslan_Red_Devil_Squeegee, Olfa_X_Design_Heavy_Duty_Knife, Masking_Tape_25mm, Aslan-Gold-Soft-Squeegee, Olfa_Graphic_Cutter, Swann_Morton_3_Handle, Swann_Morton_10A_Blades, Float_On","A","","ADHESIVE_AIRFLOW, ADHESIVE_STANDARD_LINER","","","Colours, Greys","Gloss","Colour References","<style>

table {

margin: 0 auto 0 auto;
}

table, th, td {
  
  border-collapse: collapse;
padding: 5px;
}
th, td {
  padding: 5px;
  text-align: center; 
  width: 160px;
  height: 30px;
  background-color:#009ee3;
  color: white;
  border-left: 5px solid white;
  border-right: 5px solid white;
}

th {
  border-top-color: white;
  font-size: 14px;
}

td {

padding-bottom: 1em;
border-bottom: 5px solid white;
font-size: 14px;
  
</style>



<table id=""data"">
  <tbody><tr>
    <th>Pantone</th>
<th>RAL</th>
<th>Avery 700</th>
<th>Mactac 9800 Pro</th>
<th>Oracal 551</th>
<th>Metamark M7</th>
  </tr>
  <tr>
    <td>&#177; 446 C</td>
<td>-</td>
<td>-= 759-02</td>
<td>= 9889-05</td>
<td>= 714</td>
<td>M7-128</td>
  </tr>

  </tbody></table>","","","","","","","F-Sign-Platinum-P857-Traffic-Grey","0","vinyl, polymeric, platinum, ritrama, fedrigoni, p857, airflow, pantone 446 c, avery 759-02, mactac 9889-05, oracal 551 714, metamark m7-128, f sign, fsign, f-sign,","","","1686327947","0","","0","","CHECKBOX"
"P858","F-Sign Platinum 858 Dark Grey","P858","Ritrama","550","6","DEFAULT","","","","","0","F-Sign Platinum 858 Dark Grey polymeric self-adhesive vinyl designed for long term vehicle graphics and exterior signage with an outdoor durability of 8 years.","<html>
<head><title>Platinum 858 Dark Grey Gloss AIRFLOW </title>

<style>
.responsive {
  width: 50%;
  height: auto;
}
</style>
</head>

<body>
<img src=""media/ecom/onpagegraphics/Fedrigoni_Logo.jpg"" alt=""Fedrigoni Logo"" class=""responsive"">
<p>F-Sign Platinum 858 Dark Grey polymeric self-adhesive vinyl is designed for long term vehicle graphics and exterior signage.</p>

<span style=""font-weight: bold; color: #d7328a;"">Structure:</span><br>
<ul><li>65<span>&#181;</span>m Polymeric calendered PVC</li>
<li>Transparent solvent based adhesive - Permanent</li>
<li>Clay coated kraft paper liner - 120gm<sup>2</sup> or Micro embossed PE coated kraft paper liner - 140gm<sup>2</sup>
</li></ul>

<span style=""font-weight: bold; color: #d7328a;"">Suitability:</span><br>
<ul><li>Excellent conformability to 3D curved surfaces (for extremely curved surfaces or corrugations this vinyl should be cut and applied with an overlap)</li>
<li>This high performance vinyl is designed for branding on vehicles, window graphics and all exterior or interior signage and displays</li>
<li>The high gloss face film has a high level of opacity and is engineered to enhance corporate branding projects</li>
<li>Outdoor durability of up to 8 years</li></ul>

<span style=""font-weight: bold; color: #d7328a;"">Advantages:</span><br>
<ul><li>Very cohesive solvent based adhesive provides excellent dimensional stability and water resistance for long term durability</li>
<li>This film is available with both the standard kraft liner that allows for wet or dry application as well as the Airflow liner for dry, easy to apply and bubble free application</li>
<li>Colour referencing for colour system swatches and competitor matching - see below</li>
<li>Fire Rated to Euroclass DIN EN 13501-1:2019-05 with classification B-s1-d0</li>
<li>REACH & RoHS compliant</li></ul>

<span style=""font-weight: bold; color: #d7328a;"">Technical Information:</span><br>
<ul>
<a href=""media/ecom/pdfs/datasheets/TDS_Ri_MarkPlatinum_uk_issue1_4983.pdf"" target=""_blank""><img
style=""border: 0px solid ; width: 200px; height: 60px;"" alt=""Ri-Mark Platinum Datasheet""
src=""media/ecom/onpagegraphics/Datasheet.png""></a>
<a href=""media/ecom/pdfs/firecertificates/EN 13501-1_Ri-Mark Platinum series_class B-s1 d0.pdf"" target=""_blank""><img
style=""border: 0px solid ; width: 200px; height: 60px;"" alt=""Ri-Mark Platinum Fire Certificate""
src=""media/ecom/onpagegraphics/Fire.png""></a>
<a href=""media/ecom/colselxl/digital_colour_card_Ri_Mark_Platinum.pdf"" target=""_blank""><img
style=""border: 0px solid ; width: 200px; height: 60px;"" alt=""Ri-Mark Platinum Colour Selector""
src=""media/ecom/onpagegraphics/Colour.png""></a></ul>
</body>
</html>","Platinum_858_Dark_Grey.png","Platinum_858_Dark_Grey.png","INVITEMS","DEFAULT-P858-DEFAULT-P858","","","0","0","0","","1","REGONLY","0","0","0","0","","","","SELECT","SELECT","0","","","","","0","0","","income-service","","","0","0","","","","","Ritrama-Platinum-Range","Ritrama-Platinum-Range","","","0","900EMT1220, 4075CT1220, 903C1220, Aslan_Red_Devil_Squeegee, Olfa_X_Design_Heavy_Duty_Knife, Masking_Tape_25mm, Aslan-Gold-Soft-Squeegee, Olfa_Graphic_Cutter, Swann_Morton_3_Handle, Swann_Morton_10A_Blades, Float_On","900EMT1220, 4075CT1220, 903C1220, Aslan_Red_Devil_Squeegee, Olfa_X_Design_Heavy_Duty_Knife, Masking_Tape_25mm, Aslan-Gold-Soft-Squeegee, Olfa_Graphic_Cutter, Swann_Morton_3_Handle, Swann_Morton_10A_Blades, Float_On","A","","ADHESIVE_AIRFLOW, ADHESIVE_STANDARD_LINER","","","Colours, Greys","Gloss","Colour References","<style>

table {

margin: 0 auto 0 auto;
}

table, th, td {
  
  border-collapse: collapse;
padding: 5px;
}
th, td {
  padding: 5px;
  text-align: center; 
  width: 160px;
  height: 30px;
  background-color:#009ee3;
  color: white;
  border-left: 5px solid white;
  border-right: 5px solid white;
}

th {
  border-top-color: white;
  font-size: 14px;
}

td {

padding-bottom: 1em;
border-bottom: 5px solid white;
font-size: 14px;
  
</style>



<table id=""data"">
  <tbody><tr>
    <th>Pantone</th>
<th>RAL</th>
<th>Avery 700</th>
<th>Mactac 9800 Pro</th>
<th>Oracal 551</th>
<th>Metamark M7</th>
  </tr>
  <tr>
    <td>&#177; 445 C</td>
<td>&#177; 7012</td>
<td>&#177; 720</td>
<td>= 9889-02</td>
<td>= 713</td>
<td>M7-124</td>
  </tr>

  </tbody></table>","","","","","","","F-Sign-Platinum-P858-Dark-Grey","0","vinyl, polymeric, platinum, ritrama, fedrigoni, p858, airflow, pantone 445 c, ral 7012, avery 720, mactac 9889-02, oracal 551 713, metamark m7-124, f sign, fsign, f-sign,","","","1686328083","0","","0","","CHECKBOX"
"P859","F-Sign Platinum 859 Medium Grey","P859","Ritrama","560","5","DEFAULT","","","","","0","F-Sign Platinum 859 Medium Grey polymeric self-adhesive vinyl designed for long term vehicle graphics and exterior signage with an outdoor durability of 8 years.","<html>
<head><title>Platinum 859 Medium Grey Gloss AIRFLOW </title>

<style>
.responsive {
  width: 50%;
  height: auto;
}
</style>
</head>

<body>
<img src=""media/ecom/onpagegraphics/Fedrigoni_Logo.jpg"" alt=""Fedrigoni Logo"" class=""responsive"">
<p>F-Sign Platinum 859 Medium Grey polymeric self-adhesive vinyl is designed for long term vehicle graphics and exterior signage.</p>

<span style=""font-weight: bold; color: #d7328a;"">Structure:</span><br>
<ul><li>65<span>&#181;</span>m Polymeric calendered PVC</li>
<li>Transparent solvent based adhesive - Permanent</li>
<li>Micro embossed PE coated kraft paper liner - 140gm<sup>2</sup>
</li></ul>

<span style=""font-weight: bold; color: #d7328a;"">Suitability:</span><br>
<ul><li>Excellent conformability to 3D curved surfaces (for extremely curved surfaces or corrugations this vinyl should be cut and applied with an overlap)</li>
<li>This high performance vinyl is designed for branding on vehicles, window graphics and all exterior or interior signage and displays</li>
<li>The high gloss face film has a high level of opacity and is engineered to enhance corporate branding projects</li>
<li>Outdoor durability of up to 8 years</li></ul>

<span style=""font-weight: bold; color: #d7328a;"">Advantages:</span><br>
<ul><li>Very cohesive solvent based adhesive provides excellent dimensional stability and water resistance for long term durability</li>
<li>This film is available with both the standard kraft liner that allows for wet or dry application as well as the Airflow liner for dry, easy to apply and bubble free application</li>
<li>Colour referencing for colour system swatches and competitor matching - see below</li>
<li>Fire Rated to Euroclass DIN EN 13501-1:2019-05 with classification B-s1-d0</li>
<li>REACH & RoHS compliant</li></ul>

<span style=""font-weight: bold; color: #d7328a;"">Technical Information:</span><br>
<ul>
<a href=""media/ecom/pdfs/datasheets/TDS_Ri_MarkPlatinum_uk_issue1_4983.pdf"" target=""_blank""><img
style=""border: 0px solid ; width: 200px; height: 60px;"" alt=""Ri-Mark Platinum Datasheet""
src=""media/ecom/onpagegraphics/Datasheet.png""></a>
<a href=""media/ecom/pdfs/firecertificates/EN 13501-1_Ri-Mark Platinum series_class B-s1 d0.pdf"" target=""_blank""><img
style=""border: 0px solid ; width: 200px; height: 60px;"" alt=""Ri-Mark Platinum Fire Certificate""
src=""media/ecom/onpagegraphics/Fire.png""></a>
<a href=""media/ecom/colselxl/digital_colour_card_Ri_Mark_Platinum.pdf"" target=""_blank""><img
style=""border: 0px solid ; width: 200px; height: 60px;"" alt=""Ri-Mark Platinum Colour Selector""
src=""media/ecom/onpagegraphics/Colour.png""></a></ul>
</body>
</html>","Platinum_859_Medium_Grey.png","Platinum_859_Medium_Grey.png","INVITEMS","DEFAULT-P859-DEFAULT-P859","","","0","0","0","","1","REGONLY","0","0","0","0","","","","SELECT","SELECT","0","","","","","0","0","","income-service","","","0","0","","","","","Ritrama-Platinum-Range","Ritrama-Platinum-Range","","","0","900EMT1220, 4075CT1220, 903C1220, Aslan_Red_Devil_Squeegee, Olfa_X_Design_Heavy_Duty_Knife, Masking_Tape_25mm, Aslan-Gold-Soft-Squeegee, Olfa_Graphic_Cutter, Swann_Morton_3_Handle, Swann_Morton_10A_Blades, Float_On","900EMT1220, 4075CT1220, 903C1220, Aslan_Red_Devil_Squeegee, Olfa_X_Design_Heavy_Duty_Knife, Masking_Tape_25mm, Aslan-Gold-Soft-Squeegee, Olfa_Graphic_Cutter, Swann_Morton_3_Handle, Swann_Morton_10A_Blades, Float_On","A","","ADHESIVE_STANDARD_LINER","","","Colours, Greys","Gloss","Colour References","<style>

table {

margin: 0 auto 0 auto;
}

table, th, td {
  
  border-collapse: collapse;
padding: 5px;
}
th, td {
  padding: 5px;
  text-align: center; 
  width: 160px;
  height: 30px;
  background-color:#009ee3;
  color: white;
  border-left: 5px solid white;
  border-right: 5px solid white;
}

th {
  border-top-color: white;
  font-size: 14px;
}

td {

padding-bottom: 1em;
border-bottom: 5px solid white;
font-size: 14px;
  
</style>



<table id=""data"">
  <tbody><tr>
    <th>Pantone</th>
<th>RAL</th>
<th>Avery 700</th>
<th>Mactac 9800 Pro</th>
<th>Oracal 551</th>
<th>Metamark M7</th>
  </tr>
  <tr>
    <td>&#177; 431 C</td>
<td>-</td>
<td>-</td>
<td>-</td>
<td>-</td>
<td>-</td>
  </tr>

  </tbody></table>","","","","","","","F-Sign-Platinum-P859-Medium-Grey","0","vinyl, polymeric, platinum, ritrama, fedrigoni, p859, airflow, pantone 431 c, f sign, fsign, f-sign,","","","1686328275","0","","0","","CHECKBOX"
"P860","F-Sign Platinum 860 Slate Grey","P860","Ritrama","570","6","DEFAULT","","","","","0","F-Sign Platinum 860 Slate Grey polymeric self-adhesive vinyl designed for long term vehicle graphics and exterior signage with an outdoor durability of 8 years.","<html>
<head><title>Platinum 860 Slate Grey Gloss AIRFLOW </title>

<style>
.responsive {
  width: 50%;
  height: auto;
}
</style>
</head>

<body>
<img src=""media/ecom/onpagegraphics/Fedrigoni_Logo.jpg"" alt=""Fedrigoni Logo"" class=""responsive"">
<p>F-Sign Platinum 860 Slate Grey polymeric self-adhesive vinyl is designed for long term vehicle graphics and exterior signage.</p>

<span style=""font-weight: bold; color: #d7328a;"">Structure:</span><br>
<ul><li>65<span>&#181;</span>m Polymeric calendered PVC</li>
<li>Transparent solvent based adhesive - Permanent</li>
<li>Micro embossed PE coated kraft paper liner - 140gm<sup>2</sup>
</li></ul>

<span style=""font-weight: bold; color: #d7328a;"">Suitability:</span><br>
<ul><li>Excellent conformability to 3D curved surfaces (for extremely curved surfaces or corrugations this vinyl should be cut and applied with an overlap)</li>
<li>This high performance vinyl is designed for branding on vehicles, window graphics and all exterior or interior signage and displays</li>
<li>The high gloss face film has a high level of opacity and is engineered to enhance corporate branding projects</li>
<li>Outdoor durability of up to 8 years</li></ul>

<span style=""font-weight: bold; color: #d7328a;"">Advantages:</span><br>
<ul><li>Very cohesive solvent based adhesive provides excellent dimensional stability and water resistance for long term durability</li>
<li>This film is available with both the standard kraft liner that allows for wet or dry application as well as the Airflow liner for dry, easy to apply and bubble free application</li>
<li>Colour referencing for colour system swatches and competitor matching - see below</li>
<li>Fire Rated to Euroclass DIN EN 13501-1:2019-05 with classification B-s1-d0</li>
<li>REACH & RoHS compliant</li></ul>

<span style=""font-weight: bold; color: #d7328a;"">Technical Information:</span><br>
<ul>
<a href=""media/ecom/pdfs/datasheets/TDS_Ri_MarkPlatinum_uk_issue1_4983.pdf"" target=""_blank""><img
style=""border: 0px solid ; width: 200px; height: 60px;"" alt=""Ri-Mark Platinum Datasheet""
src=""media/ecom/onpagegraphics/Datasheet.png""></a>
<a href=""media/ecom/pdfs/firecertificates/EN 13501-1_Ri-Mark Platinum series_class B-s1 d0.pdf"" target=""_blank""><img
style=""border: 0px solid ; width: 200px; height: 60px;"" alt=""Ri-Mark Platinum Fire Certificate""
src=""media/ecom/onpagegraphics/Fire.png""></a>
<a href=""media/ecom/colselxl/digital_colour_card_Ri_Mark_Platinum.pdf"" target=""_blank""><img
style=""border: 0px solid ; width: 200px; height: 60px;"" alt=""Ri-Mark Platinum Colour Selector""
src=""media/ecom/onpagegraphics/Colour.png""></a></ul>
</body>
</html>","Platinum_860_Slate_Grey.png","Platinum_860_Slate_Grey.png","INVITEMS","DEFAULT-P860-DEFAULT-P860","","","0","0","0","","1","REGONLY","0","0","0","0","","","","SELECT","SELECT","0","","","","","0","0","","income-service","","","0","0","","","","","Ritrama-Platinum-Range","Ritrama-Platinum-Range","","","0","900EMT1220, 4075CT1220, 903C1220, Aslan_Red_Devil_Squeegee, Olfa_X_Design_Heavy_Duty_Knife, Masking_Tape_25mm, Aslan-Gold-Soft-Squeegee, Olfa_Graphic_Cutter, Swann_Morton_3_Handle, Swann_Morton_10A_Blades, Float_On","900EMT1220, 4075CT1220, 903C1220, Aslan_Red_Devil_Squeegee, Olfa_X_Design_Heavy_Duty_Knife, Masking_Tape_25mm, Aslan-Gold-Soft-Squeegee, Olfa_Graphic_Cutter, Swann_Morton_3_Handle, Swann_Morton_10A_Blades, Float_On","A","","ADHESIVE_AIRFLOW","","","Colours, Greys","Gloss","Colour References","<style>

table {

margin: 0 auto 0 auto;
}

table, th, td {
  
  border-collapse: collapse;
padding: 5px;
}
th, td {
  padding: 5px;
  text-align: center; 
  width: 160px;
  height: 30px;
  background-color:#009ee3;
  color: white;
  border-left: 5px solid white;
  border-right: 5px solid white;
}

th {
  border-top-color: white;
  font-size: 14px;
}

td {

padding-bottom: 1em;
border-bottom: 5px solid white;
font-size: 14px;
  
</style>



<table id=""data"">
  <tbody><tr>
    <th>Pantone</th>
<th>RAL</th>
<th>Avery 700</th>
<th>Mactac 9800 Pro</th>
<th>Oracal 551</th>
<th>Metamark M7</th>
  </tr>
  <tr>
    <td>&#177; 444 C</td>
<td>&#177; 7000</td>
<td>= 725</td>
<td>= 9889-15</td>
<td>&#177; 756</td>
<td>-</td>
  </tr>

  </tbody></table>","","","","","","","F-Sign-Platinum-P860-Slate-Grey","0","vinyl, polymeric, platinum, ritrama, fedrigoni, p860, airflow, pantone 444 c, ral 7000, avery 725, mactac 9889-15, oracal 551 756, f sign, fsign, f-sign,","","","1686328437","0","","0","","CHECKBOX"
"P861","F-Sign Platinum 861 Grey","P861","Ritrama","590","5","DEFAULT","","","","","0","F-Sign Platinum 861 Grey polymeric self-adhesive vinyl designed for long term vehicle graphics and exterior signage with an outdoor durability of 8 years.","<html>
<head><title>Platinum 861 Grey Gloss</title>

<style>
.responsive {
  width: 50%;
  height: auto;
}
</style>
</head>

<body>
<img src=""media/ecom/onpagegraphics/Fedrigoni_Logo.jpg"" alt=""Fedrigoni Logo"" class=""responsive"">
<p>F-Sign Platinum 861 Grey polymeric self-adhesive vinyl is designed for long term vehicle graphics and exterior signage.</p>

<span style=""font-weight: bold; color: #d7328a;"">Structure:</span><br>
<ul><li>65<span>&#181;</span>m Polymeric calendered PVC</li>
<li>Transparent solvent based adhesive - Permanent</li>
<li>Clay coated kraft paper liner - 120gm<sup>2</sup> 
</li></ul>

<span style=""font-weight: bold; color: #d7328a;"">Suitability:</span><br>
<ul><li>Excellent conformability to 3D curved surfaces (for extremely curved surfaces or corrugations this vinyl should be cut and applied with an overlap)</li>
<li>This high performance vinyl is designed for branding on vehicles, window graphics and all exterior or interior signage and displays</li>
<li>The high gloss face film has a high level of opacity and is engineered to enhance corporate branding projects</li>
<li>Outdoor durability of up to 8 years</li></ul>

<span style=""font-weight: bold; color: #d7328a;"">Advantages:</span><br>
<ul><li>Very cohesive solvent based adhesive provides excellent dimensional stability and water resistance for long term durability</li>
<li>This film is available with both the standard kraft liner that allows for wet or dry application as well as the Airflow liner for dry, easy to apply and bubble free application</li>
<li>Colour referencing for colour system swatches and competitor matching - see below</li>
<li>Fire Rated to Euroclass DIN EN 13501-1:2019-05 with classification B-s1-d0</li>
<li>REACH & RoHS compliant</li></ul>

<span style=""font-weight: bold; color: #d7328a;"">Technical Information:</span><br>
<ul>
<a href=""media/ecom/pdfs/datasheets/TDS_Ri_MarkPlatinum_uk_issue1_4983.pdf"" target=""_blank""><img
style=""border: 0px solid ; width: 200px; height: 60px;"" alt=""Ri-Mark Platinum Datasheet""
src=""media/ecom/onpagegraphics/Datasheet.png""></a>
<a href=""media/ecom/pdfs/firecertificates/EN 13501-1_Ri-Mark Platinum series_class B-s1 d0.pdf"" target=""_blank""><img
style=""border: 0px solid ; width: 200px; height: 60px;"" alt=""Ri-Mark Platinum Fire Certificate""
src=""media/ecom/onpagegraphics/Fire.png""></a>
<a href=""media/ecom/colselxl/digital_colour_card_Ri_Mark_Platinum.pdf"" target=""_blank""><img
style=""border: 0px solid ; width: 200px; height: 60px;"" alt=""Ri-Mark Platinum Colour Selector""
src=""media/ecom/onpagegraphics/Colour.png""></a></ul>
</body>
</html>","Platinum_861_Grey.png","Platinum_861_Grey.png","INVITEMS","DEFAULT-P861-DEFAULT-P861","","","0","0","0","","1","REGONLY","0","0","0","0","","","","SELECT","SELECT","0","","","","","0","0","","income-service","","","0","0","","","","","Ritrama-Platinum-Range","Ritrama-Platinum-Range","","","0","900EMT1220, 4075CT1220, 903C1220, Aslan_Red_Devil_Squeegee, Olfa_X_Design_Heavy_Duty_Knife, Masking_Tape_25mm, Aslan-Gold-Soft-Squeegee, Olfa_Graphic_Cutter, Swann_Morton_3_Handle, Swann_Morton_10A_Blades, Float_On","900EMT1220, 4075CT1220, 903C1220, Aslan_Red_Devil_Squeegee, Olfa_X_Design_Heavy_Duty_Knife, Masking_Tape_25mm, Aslan-Gold-Soft-Squeegee, Olfa_Graphic_Cutter, Swann_Morton_3_Handle, Swann_Morton_10A_Blades, Float_On","A","","ADHESIVE_STANDARD_LINER","","","Colours, Greys","Gloss","Colour References","<style>

table {

margin: 0 auto 0 auto;
}

table, th, td {
  
  border-collapse: collapse;
padding: 5px;
}
th, td {
  padding: 5px;
  text-align: center; 
  width: 160px;
  height: 30px;
  background-color:#009ee3;
  color: white;
  border-left: 5px solid white;
  border-right: 5px solid white;
}

th {
  border-top-color: white;
  font-size: 14px;
}

td {

padding-bottom: 1em;
border-bottom: 5px solid white;
font-size: 14px;
  
</style>



<table id=""data"">
  <tbody><tr>
    <th>Pantone</th>
<th>RAL</th>
<th>Avery 700</th>
<th>Mactac 9800 Pro</th>
<th>Oracal 551</th>
<th>Metamark M7</th>
  </tr>
  <tr>
    <td>&#177; 429 C</td>
<td>&#177; 7040</td>
<td>-</td>
<td>&#177; 9889-14</td>
<td>-</td>
<td>-</td>
  </tr>

  </tbody></table>","","","","","","","F-Sign-Platinum-P861-Grey","0","vinyl, polymeric, platinum, ritrama, fedrigoni, p861, pantone 429 c, ral 7040, mactac 9889-14, f sign, fsign, f-sign,","","","1686328862","0","","0","","CHECKBOX"
"P862","F-Sign Platinum 862 Pearl Grey","P862","Ritrama","600","5","DEFAULT","","","","","0","F-Sign Platinum 862 Pearl Grey polymeric self-adhesive vinyl designed for long term vehicle graphics and exterior signage with an outdoor durability of 8 years.","<html>
<head><title>Platinum 862 Pearl Grey Gloss</title>

<style>
.responsive {
  width: 50%;
  height: auto;
}
</style>
</head>

<body>
<img src=""media/ecom/onpagegraphics/Fedrigoni_Logo.jpg"" alt=""Fedrigoni Logo"" class=""responsive"">
<p>F-Sign Platinum 862 Pearl Grey polymeric self-adhesive vinyl is designed for long term vehicle graphics and exterior signage.</p>

<span style=""font-weight: bold; color: #d7328a;"">Structure:</span><br>
<ul><li>65<span>&#181;</span>m Polymeric calendered PVC</li>
<li>Transparent solvent based adhesive - Permanent</li>
<li>Clay coated kraft paper liner - 120gm<sup>2</sup> 
</li></ul>

<span style=""font-weight: bold; color: #d7328a;"">Suitability:</span><br>
<ul><li>Excellent conformability to 3D curved surfaces (for extremely curved surfaces or corrugations this vinyl should be cut and applied with an overlap)</li>
<li>This high performance vinyl is designed for branding on vehicles, window graphics and all exterior or interior signage and displays</li>
<li>The high gloss face film has a high level of opacity and is engineered to enhance corporate branding projects</li>
<li>Outdoor durability of up to 8 years</li></ul>

<span style=""font-weight: bold; color: #d7328a;"">Advantages:</span><br>
<ul><li>Very cohesive solvent based adhesive provides excellent dimensional stability and water resistance for long term durability</li>
<li>This film is available with both the standard kraft liner that allows for wet or dry application as well as the Airflow liner for dry, easy to apply and bubble free application</li>
<li>Colour referencing for colour system swatches and competitor matching - see below</li>
<li>Fire Rated to Euroclass DIN EN 13501-1:2019-05 with classification B-s1-d0</li>
<li>REACH & RoHS compliant</li></ul>

<span style=""font-weight: bold; color: #d7328a;"">Technical Information:</span><br>
<ul>
<a href=""media/ecom/pdfs/datasheets/TDS_Ri_MarkPlatinum_uk_issue1_4983.pdf"" target=""_blank""><img
style=""border: 0px solid ; width: 200px; height: 60px;"" alt=""Ri-Mark Platinum Datasheet""
src=""media/ecom/onpagegraphics/Datasheet.png""></a>
<a href=""media/ecom/pdfs/firecertificates/EN 13501-1_Ri-Mark Platinum series_class B-s1 d0.pdf"" target=""_blank""><img
style=""border: 0px solid ; width: 200px; height: 60px;"" alt=""Ri-Mark Platinum Fire Certificate""
src=""media/ecom/onpagegraphics/Fire.png""></a>
<a href=""media/ecom/colselxl/digital_colour_card_Ri_Mark_Platinum.pdf"" target=""_blank""><img
style=""border: 0px solid ; width: 200px; height: 60px;"" alt=""Ri-Mark Platinum Colour Selector""
src=""media/ecom/onpagegraphics/Colour.png""></a></ul>
</body>
</html>","Platinum_862_Pearl_Grey.png","Platinum_862_Pearl_Grey.png","INVITEMS","DEFAULT-P862-DEFAULT-P862","","","0","0","0","","1","REGONLY","0","0","0","0","","","","SELECT","SELECT","0","","","","","0","0","","income-service","","","0","0","","","","","Ritrama-Platinum-Range","Ritrama-Platinum-Range","","","0","900EMT1220, 4075CT1220, 903C1220, Aslan_Red_Devil_Squeegee, Olfa_X_Design_Heavy_Duty_Knife, Masking_Tape_25mm, Aslan-Gold-Soft-Squeegee, Olfa_Graphic_Cutter, Swann_Morton_3_Handle, Swann_Morton_10A_Blades, Float_On","900EMT1220, 4075CT1220, 903C1220, Aslan_Red_Devil_Squeegee, Olfa_X_Design_Heavy_Duty_Knife, Masking_Tape_25mm, Aslan-Gold-Soft-Squeegee, Olfa_Graphic_Cutter, Swann_Morton_3_Handle, Swann_Morton_10A_Blades, Float_On","A","","ADHESIVE_STANDARD_LINER","","","Colours, Greys","Gloss","Colour References","<style>

table {

margin: 0 auto 0 auto;
}

table, th, td {
  
  border-collapse: collapse;
padding: 5px;
}
th, td {
  padding: 5px;
  text-align: center; 
  width: 160px;
  height: 30px;
  background-color:#009ee3;
  color: white;
  border-left: 5px solid white;
  border-right: 5px solid white;
}

th {
  border-top-color: white;
  font-size: 14px;
}

td {

padding-bottom: 1em;
border-bottom: 5px solid white;
font-size: 14px;
  
</style>



<table id=""data"">
  <tbody><tr>
    <th>Pantone</th>
<th>RAL</th>
<th>Avery 700</th>
<th>Mactac 9800 Pro</th>
<th>Oracal 551</th>
<th>Metamark M7</th>
  </tr>
  <tr>
    <td>&#177; 427 C</td>
<td>&#177; 7035</td>
<td>= 745</td>
<td>&#177; 9889-04</td>
<td>= 72</td>
<td>M7-122</td>
  </tr>

  </tbody></table>","","","","","","","F-Sign-Platinum-P862-Pearl-Grey","0","vinyl, polymeric, platinum, ritrama, fedrigoni, p862, pantone 427 c, ral 7035, avery 745, mactac 9889-04, oracal 551 72, metamark m7-122, f sign, fsign, f-sign,","","","1686329048","0","","0","","CHECKBOX"
"P863","F-Sign Platinum 863 Silver","P863","Ritrama","620","6","DEFAULT","","","","","0","F-Sign Platinum 863 Silver polymeric self-adhesive vinyl designed for long term vehicle graphics and exterior signage with an outdoor durability of 5 years.","<html><head><title>Platinum 863 Silver Gloss AIRFLOW </title>

<style>
.responsive {
  width: 50%;
  height: auto;
}
</style>
</head>

<body>
<img src=""media/ecom/onpagegraphics/Fedrigoni_Logo.jpg"" alt=""Fedrigoni Logo"" class=""responsive"">
<p>F-Sign Platinum 863 Silver polymeric self-adhesive vinyl is designed for long term vehicle graphics and exterior signage.</p>

<span style=""font-weight: bold; color: #d7328a;"">Structure:</span><br>
<ul><li>65<span>&#181;</span>m Polymeric calendered PVC</li>
<li>Transparent solvent based adhesive - Permanent</li>
<li>Clay coated kraft paper liner - 120gm<sup>2</sup> or Micro embossed PE coated kraft paper liner - 140gm<sup>2</sup>
</li></ul>

<span style=""font-weight: bold; color: #d7328a;"">Suitability:</span><br>
<ul><li>Excellent conformability to 3D curved surfaces (for extremely curved surfaces or corrugations this vinyl should be cut and applied with an overlap)</li>
<li>This high performance vinyl is designed for branding on vehicles, window graphics and all exterior or interior signage and displays</li>
<li>The high gloss face film has a high level of opacity and is engineered to enhance corporate branding projects</li>
<li>Outdoor durability of up to 5 years</li></ul>

<span style=""font-weight: bold; color: #d7328a;"">Advantages:</span><br>
<ul><li>Very cohesive solvent based adhesive provides excellent dimensional stability and water resistance for long term durability</li>
<li>This film is available with both the standard kraft liner that allows for wet or dry application as well as the Airflow liner for dry, easy to apply and bubble free application</li>
<li>Colour referencing for colour system swatches and competitor matching - see below</li>
<li>Fire Rated to Euroclass DIN EN 13501-1:2019-05 with classification B-s1-d0</li>
<li>REACH & RoHS compliant</li></ul>

<span style=""font-weight: bold; color: #d7328a;"">Technical Information:</span><br>
<ul>
<a href=""media/ecom/pdfs/datasheets/TDS_Ri_MarkPlatinum_uk_issue1_4983.pdf"" target=""_blank""><img
style=""border: 0px solid ; width: 200px; height: 60px;"" alt=""Ri-Mark Platinum Datasheet""
src=""media/ecom/onpagegraphics/Datasheet.png""></a>
<a href=""media/ecom/pdfs/firecertificates/EN 13501-1_Ri-Mark Platinum series_class B-s1 d0.pdf"" target=""_blank""><img
style=""border: 0px solid ; width: 200px; height: 60px;"" alt=""Ri-Mark Platinum Fire Certificate""
src=""media/ecom/onpagegraphics/Fire.png""></a>
<a href=""media/ecom/colselxl/digital_colour_card_Ri_Mark_Platinum.pdf"" target=""_blank""><img
style=""border: 0px solid ; width: 200px; height: 60px;"" alt=""Ri-Mark Platinum Colour Selector""
src=""media/ecom/onpagegraphics/Colour.png""></a></ul>
</body>
</html>","Platinum_863_Silver.png","Platinum_863_Silver.png","INVITEMS","DEFAULT-P863-DEFAULT-P863","","","0","0","0","","1","REGONLY","0","0","0","0","","","","SELECT","SELECT","0","","","","","0","0","","income-service","","","0","0","","","","","Ritrama-Platinum-Range","Ritrama-Platinum-Range, Silver-Films","","","0","900EMT1220, 4075CT1220, 903C1220, Aslan_Red_Devil_Squeegee, Olfa_X_Design_Heavy_Duty_Knife, Masking_Tape_25mm, Aslan-Gold-Soft-Squeegee, Olfa_Graphic_Cutter, Swann_Morton_3_Handle, Swann_Morton_10A_Blades, Float_On","900EMT1220, 4075CT1220, 903C1220, Aslan_Red_Devil_Squeegee, Olfa_X_Design_Heavy_Duty_Knife, Masking_Tape_25mm, Aslan-Gold-Soft-Squeegee, Olfa_Graphic_Cutter, Swann_Morton_3_Handle, Swann_Morton_10A_Blades, Float_On","A","","ADHESIVE_AIRFLOW, ADHESIVE_STANDARD_LINER","","","Metallics","Gloss","Colour References","<style>

table {

margin: 0 auto 0 auto;
}

table, th, td {
  
  border-collapse: collapse;
padding: 5px;
}
th, td {
  padding: 5px;
  text-align: center; 
  width: 160px;
  height: 30px;
  background-color:#009ee3;
  color: white;
  border-left: 5px solid white;
  border-right: 5px solid white;
}

th {
  border-top-color: white;
  font-size: 14px;
}

td {

padding-bottom: 1em;
border-bottom: 5px solid white;
font-size: 14px;
  
</style>



<table id=""data"">
  <tbody><tr>
    <th>Pantone</th>
<th>RAL</th>
<th>Avery 700</th>
<th>Mactac 9800 Pro</th>
<th>Oracal 551</th>
<th>Metamark M7</th>
  </tr>
  <tr>
    <td>&#177; 877 C</td>
<td>&#177; 9006</td>
<td>= 735</td>
<td>= 9869-00</td>
<td>&#177; 90</td>
<td>M7-190</td>
  </tr>

  </tbody></table>","","","","","","","F-Sign-Platinum-P863-Silver","0","vinyl, polymeric, platinum, ritrama, fedrigoni, p863, airflow, pantone 877 c, ral 9006, avery 735, mactac 9869-00, oracal 551 90, metamark m7-190, f sign, fsign, f-sign,","","","1686329529","0","","0","","CHECKBOX"
"P864","F-Sign Platinum 864 Gold","P864","Ritrama","630","6","DEFAULT","","","","","0","F-Sign Platinum 864 Gold polymeric self-adhesive vinyl designed for long term vehicle graphics and exterior signage with an outdoor durability of 5 years.","<html><head><title>Platinum 864 Gold Gloss AIRFLOW </title>

<style>
.responsive {
  width: 50%;
  height: auto;
}
</style>
</head>

<body>
<img src=""media/ecom/onpagegraphics/Fedrigoni_Logo.jpg"" alt=""Fedrigoni Logo"" class=""responsive"">
<p>F-Sign Platinum 864 Gold polymeric self-adhesive vinyl is designed for long term vehicle graphics and exterior signage.</p>

<span style=""font-weight: bold; color: #d7328a;"">Structure:</span><br>
<ul><li>65<span>&#181;</span>m Polymeric calendered PVC</li>
<li>Transparent solvent based adhesive - Permanent</li>
<li>Clay coated kraft paper liner - 120gm<sup>2</sup> or Micro embossed PE coated kraft paper liner - 140gm<sup>2</sup>
</li></ul>

<span style=""font-weight: bold; color: #d7328a;"">Suitability:</span><br>
<ul><li>Excellent conformability to 3D curved surfaces (for extremely curved surfaces or corrugations this vinyl should be cut and applied with an overlap)</li>
<li>This high performance vinyl is designed for branding on vehicles, window graphics and all exterior or interior signage and displays</li>
<li>The high gloss face film has a high level of opacity and is engineered to enhance corporate branding projects</li>
<li>Outdoor durability of up to 5 years</li></ul>

<span style=""font-weight: bold; color: #d7328a;"">Advantages:</span><br>
<ul><li>Very cohesive solvent based adhesive provides excellent dimensional stability and water resistance for long term durability</li>
<li>This film is available with both the standard kraft liner that allows for wet or dry application as well as the Airflow liner for dry, easy to apply and bubble free application</li>
<li>Colour referencing for colour system swatches and competitor matching - see below</li>
<li>Fire Rated to Euroclass DIN EN 13501-1:2019-05 with classification B-s1-d0</li>
<li>REACH & RoHS compliant</li></ul>

<span style=""font-weight: bold; color: #d7328a;"">Technical Information:</span><br>
<ul>
<a href=""media/ecom/pdfs/datasheets/TDS_Ri_MarkPlatinum_uk_issue1_4983.pdf"" target=""_blank""><img
style=""border: 0px solid ; width: 200px; height: 60px;"" alt=""Ri-Mark Platinum Datasheet""
src=""media/ecom/onpagegraphics/Datasheet.png""></a>
<a href=""media/ecom/pdfs/firecertificates/EN 13501-1_Ri-Mark Platinum series_class B-s1 d0.pdf"" target=""_blank""><img
style=""border: 0px solid ; width: 200px; height: 60px;"" alt=""Ri-Mark Platinum Fire Certificate""
src=""media/ecom/onpagegraphics/Fire.png""></a>
<a href=""media/ecom/colselxl/digital_colour_card_Ri_Mark_Platinum.pdf"" target=""_blank""><img
style=""border: 0px solid ; width: 200px; height: 60px;"" alt=""Ri-Mark Platinum Colour Selector""
src=""media/ecom/onpagegraphics/Colour.png""></a></ul>
</body>
</html>","Platinum_864_Gold.png","Platinum_864_Gold.png","INVITEMS","DEFAULT-P864-DEFAULT-P864","","","0","0","0","","1","REGONLY","0","0","0","0","","","","SELECT","SELECT","0","","","","","0","0","","income-service","","","0","0","","","","","Ritrama-Platinum-Range","Ritrama-Platinum-Range","","","0","900EMT1220, 4075CT1220, 903C1220, Aslan_Red_Devil_Squeegee, Olfa_X_Design_Heavy_Duty_Knife, Masking_Tape_25mm, Aslan-Gold-Soft-Squeegee, Olfa_Graphic_Cutter, Swann_Morton_3_Handle, Swann_Morton_10A_Blades, Float_On","900EMT1220, 4075CT1220, 903C1220, Aslan_Red_Devil_Squeegee, Olfa_X_Design_Heavy_Duty_Knife, Masking_Tape_25mm, Aslan-Gold-Soft-Squeegee, Olfa_Graphic_Cutter, Swann_Morton_3_Handle, Swann_Morton_10A_Blades, Float_On","A","","ADHESIVE_AIRFLOW, ADHESIVE_STANDARD_LINER","","","Metallics","Gloss","Colour References","<style>

table {

margin: 0 auto 0 auto;
}

table, th, td {
  
  border-collapse: collapse;
padding: 5px;
}
th, td {
  padding: 5px;
  text-align: center; 
  width: 160px;
  height: 30px;
  background-color:#009ee3;
  color: white;
  border-left: 5px solid white;
  border-right: 5px solid white;
}

th {
  border-top-color: white;
  font-size: 14px;
}

td {

padding-bottom: 1em;
border-bottom: 5px solid white;
font-size: 14px;
  
</style>



<table id=""data"">
  <tbody><tr>
    <th>Pantone</th>
<th>RAL</th>
<th>Avery 700</th>
<th>Mactac 9800 Pro</th>
<th>Oracal 551</th>
<th>Metamark M7</th>
  </tr>
  <tr>
    <td>&#177; 871 C</td>
<td>-</td>
<td>= 736</td>
<td>= 9879-00</td>
<td>&#177; 93</td>
<td>M7-191</td>
  </tr>

  </tbody></table>","","","","","","","F-Sign-Platinum-P864-Gold","0","vinyl, polymeric, platinum, ritrama, fedrigoni, p864, airflow, pantone 871 c, avery 736, mactac 9879-00, oracal 551 93, metamark m7-191, f sign, fsign, f-sign,","","","1686329701","0","","0","","CHECKBOX"
"P865","F-Sign Platinum 865 Anthracite Matt","P865","Ritrama","660","5","DEFAULT","","","","","0","F-Sign Platinum 865 Anthracite Matt polymeric self-adhesive vinyl designed for long term vehicle graphics and exterior signage with an outdoor durability of 5 years.","<html>
<head><title>Platinum 865 Anthracite Matt</title>

<style>
.responsive {
  width: 50%;
  height: auto;
}
</style>
</head>

<body>
<img src=""media/ecom/onpagegraphics/Fedrigoni_Logo.jpg"" alt=""Fedrigoni Logo"" class=""responsive"">
<p>F-Sign Platinum 865 Matt Anthracite polymeric self-adhesive vinyl is designed for long term vehicle graphics and exterior signage.</p>

<span style=""font-weight: bold; color: #d7328a;"">Structure:</span><br>
<ul><li>65<span>&#181;</span>m Polymeric calendered PVC</li>
<li>Transparent solvent based adhesive - Permanent</li>
<li>Clay coated kraft paper liner - 120gm<sup>2</sup> 
</li></ul>
<span style=""font-weight: bold; color: #d7328a;"">Suitability:</span><br>
<ul><li>Excellent conformability to 3D curved surfaces (for extremely curved surfaces or corrugations this vinyl should be cut and applied with an overlap)</li>
<li>This high performance vinyl is designed for branding on vehicles, window graphics and all exterior or interior signage and displays</li>
<li>The satin, semi-matt face film has a high level of opacity and is engineered to enhance corporate branding projects</li>
<li>Outdoor durability of up to 5 years</li></ul>

<span style=""font-weight: bold; color: #d7328a;"">Advantages:</span><br>
<ul><li>Very cohesive solvent based adhesive provides excellent dimensional stability and water resistance for long term durability</li>
<li>This film is available with both the standard kraft liner that allows for wet or dry application as well as the Airflow liner for dry, easy to apply and bubble free application</li>
<li>Colour referencing for colour system swatches and competitor matching - see below</li>
<li>Fire Rated to Euroclass DIN EN 13501-1:2019-05 with classification B-s1-d0</li>
<li>REACH & RoHS compliant</li></ul>

<span style=""font-weight: bold; color: #d7328a;"">Technical Information:</span><br>
<ul>
<a href=""media/ecom/pdfs/datasheets/TDS_Ri_MarkPlatinum_uk_issue1_4983.pdf"" target=""_blank""><img
style=""border: 0px solid ; width: 200px; height: 60px;"" alt=""Ri-Mark Platinum Datasheet""
src=""media/ecom/onpagegraphics/Datasheet.png""></a>
<a href=""media/ecom/pdfs/firecertificates/EN 13501-1_Ri-Mark Platinum series_class B-s1 d0.pdf"" target=""_blank""><img
style=""border: 0px solid ; width: 200px; height: 60px;"" alt=""Ri-Mark Platinum Fire Certificate""
src=""media/ecom/onpagegraphics/Fire.png""></a>
<a href=""media/ecom/colselxl/digital_colour_card_Ri_Mark_Platinum.pdf"" target=""_blank""><img
style=""border: 0px solid ; width: 200px; height: 60px;"" alt=""Ri-Mark Platinum Colour Selector""
src=""media/ecom/onpagegraphics/Colour.png""></a></ul>
</body>
</html>","Platinum_865_Anthracite_Matt.png","Platinum_865_Anthracite_Matt.png","INVITEMS","DEFAULT-P865-DEFAULT-P865","","","0","0","0","","1","REGONLY","0","0","0","0","","","","SELECT","SELECT","0","","","","","0","0","","income-service","","","0","0","","","","","Ritrama-Platinum-Range","Ritrama-Platinum-Range","","","0","900EMT1220, 4075CT1220, 903C1220, Aslan_Red_Devil_Squeegee, Olfa_X_Design_Heavy_Duty_Knife, Masking_Tape_25mm, Aslan-Gold-Soft-Squeegee, Olfa_Graphic_Cutter, Swann_Morton_3_Handle, Swann_Morton_10A_Blades, Float_On","900EMT1220, 4075CT1220, 903C1220, Aslan_Red_Devil_Squeegee, Olfa_X_Design_Heavy_Duty_Knife, Masking_Tape_25mm, Aslan-Gold-Soft-Squeegee, Olfa_Graphic_Cutter, Swann_Morton_3_Handle, Swann_Morton_10A_Blades, Float_On","A","","ADHESIVE_STANDARD_LINER","","","Metallics, Greys, Colours","Matt","Colour References","<style>

table {

margin: 0 auto 0 auto;
}

table, th, td {
  
  border-collapse: collapse;
padding: 5px;
}
th, td {
  padding: 5px;
  text-align: center; 
  width: 160px;
  height: 30px;
  background-color:#009ee3;
  color: white;
  border-left: 5px solid white;
  border-right: 5px solid white;
}

th {
  border-top-color: white;
  font-size: 14px;
}

td {

padding-bottom: 1em;
border-bottom: 5px solid white;
font-size: 14px;
  
</style>



<table id=""data"">
  <tbody><tr>
    <th>Pantone</th>
<th>RAL</th>
<th>Avery 700</th>
<th>Mactac 9800 Pro</th>
<th>Oracal 551</th>
<th>Metamark M7</th>
  </tr>
  <tr>
    <td>-</td>
<td>-</td>
<td>-</td>
<td>= 9888-01</td>
<td>-</td>
<td>-</td>
  </tr>

  </tbody></table>","","","","","","","F-Sign-Platinum-P865-Anthracite","0","vinyl, polymeric, platinum, ritrama, fedrigoni, p865, mactac 9888-01, f sign, fsign, f-sign,","","","1686330847","0","","0","","CHECKBOX"
"P866","F-Sign Platinum 866 Silver Matt","P866","Ritrama","670","5","DEFAULT","","","","","0","F-Sign Platinum 866 Silver Matt polymeric self-adhesive vinyl designed for long term vehicle graphics and exterior signage with an outdoor durability of 5 years.","<html>
<head><title>Platinum 866 Silver Matt</title>

<style>
.responsive {
  width: 50%;
  height: auto;
}
</style>
</head>

<body>
<img src=""media/ecom/onpagegraphics/Fedrigoni_Logo.jpg"" alt=""Fedrigoni Logo"" class=""responsive"">
<p>F-Sign Platinum 866 Matt Silver polymeric self-adhesive vinyl is designed for long term vehicle graphics and exterior signage.</p>

<span style=""font-weight: bold; color: #d7328a;"">Structure:</span><br>
<ul><li>65<span>&#181;</span>m Polymeric calendered PVC</li>
<li>Transparent solvent based adhesive - Permanent</li>
<li>Clay coated kraft paper liner - 120gm<sup>2</sup> 
</li></ul>

<span style=""font-weight: bold; color: #d7328a;"">Suitability:</span><br>
<ul><li>Excellent conformability to 3D curved surfaces (for extremely curved surfaces or corrugations this vinyl should be cut and applied with an overlap)</li>
<li>This high performance vinyl is designed for branding on vehicles, window graphics and all exterior or interior signage and displays</li>
<li>The satin, semi matt face film has a high level of opacity and is engineered to enhance corporate branding projects</li>
<li>Outdoor durability of up to 5 years</li></ul>

<span style=""font-weight: bold; color: #d7328a;"">Advantages:</span><br>
<ul><li>Very cohesive solvent based adhesive provides excellent dimensional stability and water resistance for long term durability</li>
<li>This film is available with a standard kraft liner that allows for wet or dry application</li>
<li>Colour referencing for colour system swatches and competitor matching - see below</li>
<li>Fire Rated to Euroclass DIN EN 13501-1:2019-05 with classification B-s1-d0</li>
<li>REACH & RoHS compliant</li></ul>

<span style=""font-weight: bold; color: #d7328a;"">Technical Information:</span><br>
<ul>
<a href=""media/ecom/pdfs/datasheets/TDS_Ri_MarkPlatinum_uk_issue1_4983.pdf"" target=""_blank""><img
style=""border: 0px solid ; width: 200px; height: 60px;"" alt=""Ri-Mark Platinum Datasheet""
src=""media/ecom/onpagegraphics/Datasheet.png""></a>
<a href=""media/ecom/pdfs/firecertificates/EN 13501-1_Ri-Mark Platinum series_class B-s1 d0.pdf"" target=""_blank""><img
style=""border: 0px solid ; width: 200px; height: 60px;"" alt=""Ri-Mark Platinum Fire Certificate""
src=""media/ecom/onpagegraphics/Fire.png""></a>
<a href=""media/ecom/colselxl/digital_colour_card_Ri_Mark_Platinum.pdf"" target=""_blank""><img
style=""border: 0px solid ; width: 200px; height: 60px;"" alt=""Ri-Mark Platinum Colour Selector""
src=""media/ecom/onpagegraphics/Colour.png""></a></ul>
</body>
</html>","Platinum_866_Silver_Matt.png","Platinum_866_Silver_Matt.png","INVITEMS","DEFAULT-P866-DEFAULT-P866","","","0","0","0","","1","REGONLY","0","0","0","0","","","","SELECT","SELECT","0","","","","","0","0","","income-service","","","0","0","","","","","Ritrama-Platinum-Range","Ritrama-Platinum-Range, Silver-Films","","","0","900EMT1220, 4075CT1220, 903C1220, Aslan_Red_Devil_Squeegee, Olfa_X_Design_Heavy_Duty_Knife, Masking_Tape_25mm, Aslan-Gold-Soft-Squeegee, Olfa_Graphic_Cutter, Swann_Morton_3_Handle, Swann_Morton_10A_Blades, Float_On","900EMT1220, 4075CT1220, 903C1220, Aslan_Red_Devil_Squeegee, Olfa_X_Design_Heavy_Duty_Knife, Masking_Tape_25mm, Aslan-Gold-Soft-Squeegee, Olfa_Graphic_Cutter, Swann_Morton_3_Handle, Swann_Morton_10A_Blades, Float_On","A","","ADHESIVE_STANDARD_LINER","","","Metallics, Greys","Matt","Colour References","<style>

table {

margin: 0 auto 0 auto;
}

table, th, td {
  
  border-collapse: collapse;
padding: 5px;
}
th, td {
  padding: 5px;
  text-align: center; 
  width: 160px;
  height: 30px;
  background-color:#009ee3;
  color: white;
  border-left: 5px solid white;
  border-right: 5px solid white;
}

th {
  border-top-color: white;
  font-size: 14px;
}

td {

padding-bottom: 1em;
border-bottom: 5px solid white;
font-size: 14px;
  
</style>



<table id=""data"">
  <tbody><tr>
    <th>Pantone</th>
<th>RAL</th>
<th>Avery 700</th>
<th>Mactac 9800 Pro</th>
<th>Oracal 551</th>
<th>Metamark M7</th>
  </tr>
  <tr>
    <td>&#177; 877 U</td>
<td>-</td>
<td>-</td>
<td>= 9868-00</td>
<td>-</td>
<td>M7-195</td>
  </tr>

  </tbody></table>","","","","","","","F-Sign-Platinum-P866-Silver","0","vinyl, polymeric, platinum, ritrama, fedrigoni, p866, pantone 877 u, mactac 9868-00, metamark m7-195, f sign, fsign, f-sign,","","","1686331017","0","","0","","CHECKBOX"
"P867","F-Sign Platinum 867 Copper Matt","P867","Ritrama","680","5","DEFAULT","","","","","0","F-Sign Platinum 867 Copper Matt polymeric self-adhesive vinyl designed for long term vehicle graphics and exterior signage with an outdoor durability of 5 years.","<html>
<head><title>Platinum 867 Copper Matt</title>

<style>
.responsive {
  width: 50%;
  height: auto;
}
</style>
</head>

<body>
<img src=""media/ecom/onpagegraphics/Fedrigoni_Logo.jpg"" alt=""Fedrigoni Logo"" class=""responsive"">
<p>F-Sign Platinum 867 Matt Copper polymeric self-adhesive vinyl is designed for long term vehicle graphics and exterior signage.</p>

<span style=""font-weight: bold; color: #d7328a;"">Structure:</span><br>
<ul><li>65<span>&#181;</span>m Polymeric calendered PVC</li>
<li>Transparent solvent based adhesive - Permanent</li>
<li>Clay coated kraft paper liner - 120gm<sup>2</sup> 
</li></ul>

<span style=""font-weight: bold; color: #d7328a;"">Suitability:</span><br>
<ul><li>Excellent conformability to 3D curved surfaces (for extremely curved surfaces or corrugations this vinyl should be cut and applied with an overlap)</li>
<li>This high performance vinyl is designed for branding on vehicles, window graphics and all exterior or interior signage and displays</li>
<li>The satin, semi matt face film has a high level of opacity and is engineered to enhance corporate branding projects</li>
<li>Outdoor durability of up to 5 years</li></ul>

<span style=""font-weight: bold; color: #d7328a;"">Advantages:</span><br>
<ul><li>Very cohesive solvent based adhesive provides excellent dimensional stability and water resistance for long term durability</li>
<li>This film is available with a standard kraft liner that allows for wet or dry application</li>
<li>Colour referencing for colour system swatches and competitor matching - see below</li>
<li>Fire Rated to Euroclass DIN EN 13501-1:2019-05 with classification B-s1-d0</li>
<li>REACH & RoHS compliant</li></ul>

<span style=""font-weight: bold; color: #d7328a;"">Technical Information:</span><br>
<ul>
<a href=""media/ecom/pdfs/datasheets/TDS_Ri_MarkPlatinum_uk_issue1_4983.pdf"" target=""_blank""><img
style=""border: 0px solid ; width: 200px; height: 60px;"" alt=""Ri-Mark Platinum Datasheet""
src=""media/ecom/onpagegraphics/Datasheet.png""></a>
<a href=""media/ecom/pdfs/firecertificates/EN 13501-1_Ri-Mark Platinum series_class B-s1 d0.pdf"" target=""_blank""><img
style=""border: 0px solid ; width: 200px; height: 60px;"" alt=""Ri-Mark Platinum Fire Certificate""
src=""media/ecom/onpagegraphics/Fire.png""></a>
<a href=""media/ecom/colselxl/digital_colour_card_Ri_Mark_Platinum.pdf"" target=""_blank""><img
style=""border: 0px solid ; width: 200px; height: 60px;"" alt=""Ri-Mark Platinum Colour Selector""
src=""media/ecom/onpagegraphics/Colour.png""></a></ul>
</body>
</html>","Platinum_867_Copper.png","Platinum_867_Copper.png","INVITEMS","DEFAULT-P867-DEFAULT-P867","","","0","0","0","","1","REGONLY","0","0","0","0","","","","SELECT","SELECT","0","","","","","0","0","","income-service","","","0","0","","","","","Ritrama-Platinum-Range","Ritrama-Platinum-Range","","","0","900EMT1220, 4075CT1220, 903C1220, Aslan_Red_Devil_Squeegee, Olfa_X_Design_Heavy_Duty_Knife, Masking_Tape_25mm, Aslan-Gold-Soft-Squeegee, Olfa_Graphic_Cutter, Swann_Morton_3_Handle, Swann_Morton_10A_Blades, Float_On","900EMT1220, 4075CT1220, 903C1220, Aslan_Red_Devil_Squeegee, Olfa_X_Design_Heavy_Duty_Knife, Masking_Tape_25mm, Aslan-Gold-Soft-Squeegee, Olfa_Graphic_Cutter, Swann_Morton_3_Handle, Swann_Morton_10A_Blades, Float_On","A","","ADHESIVE_STANDARD_LINER","","","Metallics, Oranges, Browns, Colours","Matt","Colour References","<style>

table {

margin: 0 auto 0 auto;
}

table, th, td {
  
  border-collapse: collapse;
padding: 5px;
}
th, td {
  padding: 5px;
  text-align: center; 
  width: 160px;
  height: 30px;
  background-color:#009ee3;
  color: white;
  border-left: 5px solid white;
  border-right: 5px solid white;
}

th {
  border-top-color: white;
  font-size: 14px;
}

td {

padding-bottom: 1em;
border-bottom: 5px solid white;
font-size: 14px;
  
</style>



<table id=""data"">
  <tbody><tr>
    <th>Pantone</th>
<th>RAL</th>
<th>Avery 700</th>
<th>Mactac 9800 Pro</th>
<th>Oracal 551</th>
<th>Metamark M7</th>
  </tr>
  <tr>
    <td>-</td>
<td>-</td>
<td>-</td>
<td>= 9878-03</td>
<td>-</td>
<td>-</td>
  </tr>

  </tbody></table>","","","","","","","F-Sign-Platinum-867-Copper","0","vinyl, polymeric, platinum, ritrama, fedrigoni, p867, mactac 9878-03, f sign, fsign, f-sign, copper, 867, ","","","1686331293","0","","0","","CHECKBOX"
"P868","F-Sign Platinum 868 Light Grey","P868","Ritrama","580","5","DEFAULT","","","","","0","F-Sign Platinum 868 Light Grey polymeric self-adhesive vinyl designed for long term vehicle graphics and exterior signage with an outdoor durability of 8 years.","<html>
<head><title>Platinum 868 Light Grey Gloss</title>

<style>
.responsive {
  width: 50%;
  height: auto;
}
</style>
</head>

<body>
<img src=""media/ecom/onpagegraphics/Fedrigoni_Logo.jpg"" alt=""Fedrigoni Logo"" class=""responsive"">
<p>F-Sign Platinum 868 Light Grey polymeric self-adhesive vinyl is designed for long term vehicle graphics and exterior signage.</p>

<span style=""font-weight: bold; color: #d7328a;"">Structure:</span><br>
<ul><li>65<span>&#181;</span>m Polymeric calendered PVC</li>
<li>Transparent solvent based adhesive - Permanent</li>
<li>Clay coated kraft paper liner - 120gm<sup>2</sup> 
</li></ul>

<span style=""font-weight: bold; color: #d7328a;"">Suitability:</span><br>
<ul><li>Excellent conformability to 3D curved surfaces (for extremely curved surfaces or corrugations this vinyl should be cut and applied with an overlap)</li>
<li>This high performance vinyl is designed for branding on vehicles, window graphics and all exterior or interior signage and displays</li>
<li>The high gloss face film has a high level of opacity and is engineered to enhance corporate branding projects</li>
<li>Outdoor durability of up to 8 years</li></ul>

<span style=""font-weight: bold; color: #d7328a;"">Advantages:</span><br>
<ul><li>Very cohesive solvent based adhesive provides excellent dimensional stability and water resistance for long term durability</li>
<li>This film is available with a standard kraft liner that allows for wet or dry application</li>
<li>Colour referencing for colour system swatches and competitor matching - see below</li>
<li>Fire Rated to Euroclass DIN EN 13501-1:2019-05 with classification B-s1-d0</li>
<li>REACH & RoHS compliant</li></ul>

<span style=""font-weight: bold; color: #d7328a;"">Technical Information:</span><br>
<ul>
<a href=""media/ecom/pdfs/datasheets/TDS_Ri_MarkPlatinum_uk_issue1_4983.pdf"" target=""_blank""><img
style=""border: 0px solid ; width: 200px; height: 60px;"" alt=""Ri-Mark Platinum Datasheet""
src=""media/ecom/onpagegraphics/Datasheet.png""></a>
<a href=""media/ecom/pdfs/firecertificates/EN 13501-1_Ri-Mark Platinum series_class B-s1 d0.pdf"" target=""_blank""><img
style=""border: 0px solid ; width: 200px; height: 60px;"" alt=""Ri-Mark Platinum Fire Certificate""
src=""media/ecom/onpagegraphics/Fire.png""></a>
<a href=""media/ecom/colselxl/digital_colour_card_Ri_Mark_Platinum.pdf"" target=""_blank""><img
style=""border: 0px solid ; width: 200px; height: 60px;"" alt=""Ri-Mark Platinum Colour Selector""
src=""media/ecom/onpagegraphics/Colour.png""></a></ul>
</body>
</html>","Platinum_868_Light_Grey.png","Platinum_868_Light_Grey.png","INVITEMS","DEFAULT-P868-DEFAULT-P868","","","0","0","0","","1","REGONLY","0","0","0","0","","","","SELECT","SELECT","0","","","","","0","0","","income-service","","","0","0","","","","","Ritrama-Platinum-Range","Ritrama-Platinum-Range","","","0","900EMT1220, 4075CT1220, 903C1220, Aslan_Red_Devil_Squeegee, Olfa_X_Design_Heavy_Duty_Knife, Masking_Tape_25mm, Aslan-Gold-Soft-Squeegee, Olfa_Graphic_Cutter, Swann_Morton_3_Handle, Swann_Morton_10A_Blades, Float_On","900EMT1220, 4075CT1220, 903C1220, Aslan_Red_Devil_Squeegee, Olfa_X_Design_Heavy_Duty_Knife, Masking_Tape_25mm, Aslan-Gold-Soft-Squeegee, Olfa_Graphic_Cutter, Swann_Morton_3_Handle, Swann_Morton_10A_Blades, Float_On","A","","ADHESIVE_STANDARD_LINER","","","Colours, Greys","Gloss","Colour References","<style>

table {

margin: 0 auto 0 auto;
}

table, th, td {
  
  border-collapse: collapse;
padding: 5px;
}
th, td {
  padding: 5px;
  text-align: center; 
  width: 160px;
  height: 30px;
  background-color:#009ee3;
  color: white;
  border-left: 5px solid white;
  border-right: 5px solid white;
}

th {
  border-top-color: white;
  font-size: 14px;
}

td {

padding-bottom: 1em;
border-bottom: 5px solid white;
font-size: 14px;
  
</style>



<table id=""data"">
  <tbody><tr>
    <th>Pantone</th>
<th>RAL</th>
<th>Avery 700</th>
<th>Mactac 9800 Pro</th>
<th>Oracal 551</th>
<th>Metamark M7</th>
  </tr>
  <tr>
    <td>&#177; 443 C</td>
<td>&#177; 7042</td>
<td>-</td>
<td>= 9889-03</td>
<td>&#177; 712</td>
<td>M7-123</td>
  </tr>

  </tbody></table>","","","","","","","F-Sign-Platinum-P868-Light-Grey","0","vinyl, polymeric, platinum, ritrama, fedrigoni, p868, pantone 443 c, ral 7042, mactac 9889-03, oracal 551 712, metamark m7-123, f sign, fsign, f-sign,","","","1686328561","0","","0","","CHECKBOX"
"P898","F-Sign Platinum 898 Transparent Matt","P898","Ritrama","700","5","DEFAULT","","","","","0","F-Sign Platinum 898 Transparent Matt polymeric self-adhesive vinyl designed for long term vehicle graphics and exterior signage with an outdoor durability of 8 years.","<html>
<head><title>Platinum 898 Transparent Matt</title>

<style>
.responsive {
  width: 50%;
  height: auto;
}
</style>
</head>

<body>
<img src=""media/ecom/onpagegraphics/Fedrigoni_Logo.jpg"" alt=""Fedrigoni Logo"" class=""responsive"">
<p>F-Sign Platinum 898 Matt Transparent polymeric self-adhesive vinyl is designed for long term vehicle graphics and exterior signage.</p>

<span style=""font-weight: bold; color: #d7328a;"">Structure:</span><br>
<ul><li>65<span>&#181;</span>m Polymeric calendered PVC</li>
<li>Transparent solvent based adhesive - Permanent</li>
<li>Clay coated kraft paper liner - 120gm<sup>2</sup> 
</li></ul>

<span style=""font-weight: bold; color: #d7328a;"">Suitability:</span><br>
<ul><li>Excellent conformability to 3D curved surfaces (for extremely curved surfaces or corrugations this vinyl should be cut and applied with an overlap)</li>
<li>This high performance vinyl is designed for branding on vehicles, window graphics and all exterior or interior signage and displays</li>
<li>The true matt face film has a high level of transparency and is engineered to enhance corporate branding projects</li>
<li>Outdoor durability of up to 8 years</li></ul>

<span style=""font-weight: bold; color: #d7328a;"">Advantages:</span><br>
<ul><li>Very cohesive solvent based adhesive provides excellent dimensional stability and water resistance for long term durability</li>
<li>This film is available with a standard kraft liner that allows for wet or dry application</li>
<li>Colour referencing for colour system swatches and competitor matching - see below</li>
<li>Fire Rated to Euroclass DIN EN 13501-1:2019-05 with classification B-s1-d0</li>
<li>REACH & RoHS compliant</li></ul>

<span style=""font-weight: bold; color: #d7328a;"">Technical Information:</span><br>
<ul>
<a href=""media/ecom/pdfs/datasheets/TDS_Ri_MarkPlatinum_uk_issue1_4983.pdf"" target=""_blank""><img
style=""border: 0px solid ; width: 200px; height: 60px;"" alt=""Ri-Mark Platinum Datasheet""
src=""media/ecom/onpagegraphics/Datasheet.png""></a>
<a href=""media/ecom/pdfs/firecertificates/EN 13501-1_Ri-Mark Platinum series_class B-s1 d0.pdf"" target=""_blank""><img
style=""border: 0px solid ; width: 200px; height: 60px;"" alt=""Ri-Mark Platinum Fire Certificate""
src=""media/ecom/onpagegraphics/Fire.png""></a>
<a href=""media/ecom/colselxl/digital_colour_card_Ri_Mark_Platinum.pdf"" target=""_blank""><img
style=""border: 0px solid ; width: 200px; height: 60px;"" alt=""Ri-Mark Platinum Colour Selector""
src=""media/ecom/onpagegraphics/Colour.png""></a></ul>
</body>
</html>","Platinum_898_Transparent_Matt.png","Platinum_898_Transparent_Matt.png","INVITEMS","DEFAULT-P898-DEFAULT-P898","","","0","0","0","","1","REGONLY","0","0","0","0","","","","SELECT","SELECT","0","","","","","0","0","","income-service","","","0","0","","","","","Ritrama-Platinum-Range","Ritrama-Platinum-Range","","","0","900EMT1220, 4075CT1220, 903C1220, Aslan_Red_Devil_Squeegee, Olfa_X_Design_Heavy_Duty_Knife, Masking_Tape_25mm, Aslan-Gold-Soft-Squeegee, Olfa_Graphic_Cutter, Swann_Morton_3_Handle, Swann_Morton_10A_Blades, Float_On","900EMT1220, 4075CT1220, 903C1220, Aslan_Red_Devil_Squeegee, Olfa_X_Design_Heavy_Duty_Knife, Masking_Tape_25mm, Aslan-Gold-Soft-Squeegee, Olfa_Graphic_Cutter, Swann_Morton_3_Handle, Swann_Morton_10A_Blades, Float_On","A","","ADHESIVE_STANDARD_LINER","","","Clear","Matt","Colour References","<style>

table {

margin: 0 auto 0 auto;
}

table, th, td {
  
  border-collapse: collapse;
padding: 5px;
}
th, td {
  padding: 5px;
  text-align: center; 
  width: 160px;
  height: 30px;
  background-color:#009ee3;
  color: white;
  border-left: 5px solid white;
  border-right: 5px solid white;
}

th {
  border-top-color: white;
  font-size: 14px;
}

td {

padding-bottom: 1em;
border-bottom: 5px solid white;
font-size: 14px;
  
</style>



<table id=""data"">
  <tbody><tr>
    <th>Pantone</th>
<th>RAL</th>
<th>Avery 700</th>
<th>Mactac 9800 Pro</th>
<th>Oracal 551</th>
<th>Metamark M7</th>
  </tr>
  <tr>
    <td>-</td>
<td>-</td>
<td>-</td>
<td>= 9898-00</td>
<td>-</td>
<td>-</td>
  </tr>

  </tbody></table>","","","","","","","F-Sign-Platinum-898-Transparent","0","vinyl, polymeric, platinum, ritrama, fedrigoni, p898, macac 9898-00, f sign, fsign, f-sign,","","","1686331746","0","","0","","CHECKBOX"
"P899","F-Sign Platinum 899 Transparent","P899","Ritrama","640","5","DEFAULT","","","","","0","F-Sign Platinum 899 Transparent polymeric self-adhesive vinyl designed for long term vehicle graphics and exterior signage with an outdoor durability of 8 years.","<html>
<head><title>Platinum 899 Transparent Gloss</title>

<style>
.responsive {
  width: 50%;
  height: auto;
}
</style>
</head>

<body>
<img src=""media/ecom/onpagegraphics/Fedrigoni_Logo.jpg"" alt=""Fedrigoni Logo"" class=""responsive"">
<p>F-Sign Platinum 899 Transparent polymeric self-adhesive vinyl is designed for long term vehicle graphics and exterior signage.</p>

<span style=""font-weight: bold; color: #d7328a;"">Structure:</span><br>
<ul><li>65<span>&#181;</span>m Polymeric calendered PVC</li>
<li>Transparent solvent based adhesive - Permanent</li>
<li>Clay coated kraft paper liner - 120gm<sup>2</sup> 
</li></ul>

<span style=""font-weight: bold; color: #d7328a;"">Suitability:</span><br>
<ul><li>Excellent conformability to 3D curved surfaces (for extremely curved surfaces or corrugations this vinyl should be cut and applied with an overlap)</li>
<li>This high performance vinyl is designed for branding on vehicles, window graphics and all exterior or interior signage and displays</li>
<li>The high gloss face film has a high level of transparency and is engineered to enhance corporate branding projects</li>
<li>Outdoor durability of up to 8 years</li></ul>

<span style=""font-weight: bold; color: #d7328a;"">Advantages:</span><br>
<ul><li>Very cohesive solvent based adhesive provides excellent dimensional stability and water resistance for long term durability</li>
<li>This film is available with a standard kraft liner that allows for wet or dry application</li>
<li>Colour referencing for colour system swatches and competitor matching - see below</li>
<li>Fire Rated to Euroclass DIN EN 13501-1:2019-05 with classification B-s1-d0</li>
<li>REACH & RoHS compliant</li></ul>

<span style=""font-weight: bold; color: #d7328a;"">Technical Information:</span><br>
<ul>
<a href=""media/ecom/pdfs/datasheets/TDS_Ri_MarkPlatinum_uk_issue1_4983.pdf"" target=""_blank""><img
style=""border: 0px solid ; width: 200px; height: 60px;"" alt=""Ri-Mark Platinum Datasheet""
src=""media/ecom/onpagegraphics/Datasheet.png""></a>
<a href=""media/ecom/pdfs/firecertificates/EN 13501-1_Ri-Mark Platinum series_class B-s1 d0.pdf"" target=""_blank""><img
style=""border: 0px solid ; width: 200px; height: 60px;"" alt=""Ri-Mark Platinum Fire Certificate""
src=""media/ecom/onpagegraphics/Fire.png""></a>
<a href=""media/ecom/colselxl/digital_colour_card_Ri_Mark_Platinum.pdf"" target=""_blank""><img
style=""border: 0px solid ; width: 200px; height: 60px;"" alt=""Ri-Mark Platinum Colour Selector""
src=""media/ecom/onpagegraphics/Colour.png""></a></ul>
</body>
</html>","Platinum_899_Transparent.png","Platinum_899_Transparent.png","INVITEMS","DEFAULT-P899-DEFAULT-P899","","","0","0","0","","1","REGONLY","0","0","0","0","","","","SELECT","SELECT","0","","","","","0","0","","income-service","","","0","0","","","","","Ritrama-Platinum-Range","Ritrama-Platinum-Range","","","0","900EMT1220, 4075CT1220, 903C1220, Aslan_Red_Devil_Squeegee, Olfa_X_Design_Heavy_Duty_Knife, Masking_Tape_25mm, Aslan-Gold-Soft-Squeegee, Olfa_Graphic_Cutter, Swann_Morton_3_Handle, Swann_Morton_10A_Blades, Float_On","900EMT1220, 4075CT1220, 903C1220, Aslan_Red_Devil_Squeegee, Olfa_X_Design_Heavy_Duty_Knife, Masking_Tape_25mm, Aslan-Gold-Soft-Squeegee, Olfa_Graphic_Cutter, Swann_Morton_3_Handle, Swann_Morton_10A_Blades, Float_On","A","","ADHESIVE_STANDARD_LINER","","","Clear","Gloss","Colour References","<style>

table {

margin: 0 auto 0 auto;
}

table, th, td {
  
  border-collapse: collapse;
padding: 5px;
}
th, td {
  padding: 5px;
  text-align: center; 
  width: 160px;
  height: 30px;
  background-color:#009ee3;
  color: white;
  border-left: 5px solid white;
  border-right: 5px solid white;
}

th {
  border-top-color: white;
  font-size: 14px;
}

td {

padding-bottom: 1em;
border-bottom: 5px solid white;
font-size: 14px;
  
</style>



<table id=""data"">
  <tbody><tr>
    <th>Pantone</th>
<th>RAL</th>
<th>Avery 700</th>
<th>Mactac 9800 Pro</th>
<th>Oracal 551</th>
<th>Metamark M7</th>
  </tr>
  <tr>
    <td>-</td>
<td>-</td>
<td>= 740</td>
<td>= 9899-00</td>
<td>= 00</td>
<td>M7-105</td>
  </tr>

  </tbody></table>","","","","","","","F-Sign-Platinum-P899-Transparent","0","vinyl, polymeric, platinum, ritrama, fedrigoni, p899, avery 740, mactac 9899-00, oracal 551 00, metamark m7-105, f sign, fsign, f-sign,","","","1686329811","0","","0","","CHECKBOX"
"Panel_Wipe","Panel Wipe Cleaner","PAN","Doro_Tape","10","18","DEFAULT","","","","","0","Panel Wipe Surface Cleaner is a general purpose mild cleaner used extensively in the trade for cleaning vehicle panels before vinyl application. 5 litre container.","<html>

<title.<head>Panel Wipe Surface Cleaner</title></head>

<body>
Panel Wipe Surface Cleaner is a general purpose mild cleaner used extensively in the trade for cleaning vehicle panels before vinyl application.
<br><br><b>5 litre container</b><br><br>
<b>NB:</b> Due to the wide range of materials and paint finishes in use, it is impossible to predict the effect the cleaners would have on a particular surface. It is therefore important that the cleaner is tested on a small inconspicuous area first to satisfy the user of its suitability.<br><br>
<a href=""media/ecom/pdfs/MSDS/MSDS-Panel-Wipe.pdf"" target=""_blank""><img
style=""border: 0px solid ; width: 200px; height: 60px;"" alt=""Panel Wipe Safety Data Sheet""
src=""media/ecom/onpagegraphics/Coshh.png""></a>
</body>
</html>","Panel-Wipe.jpg","Panel-Wipe.jpg","INVITEMS","DEFAULT-Panel_Wipe-DEFAULT-Panel_Wipe","","","0","0","0","","1","REGONLY","0","0","0","0","","","","SELECT","SELECT","0","","","","","0","0","","income-service","","","0","0","","","","","Cleaners_Cleaning_Tools","Cleaners_Cleaning_Tools","","","0","","","A","","","","","","","","","","","","","","","Panel-Wipe-Surface-Cleaner","0","panel, wipe, cleaner, degreaser, surface cleaner","","Panel Wipe Surface Cleaner is a general purpose mild cleaner used extensively in the trade for cleaning vehicle panels before vinyl application. 5 litre container.","1546969802","0","","0","","CHECKBOX"
"Paper_Roll_Dispenser","Metal Roll Dispenser for Triple Ply Paper","PAP2","SOTT","300","42","DEFAULT","","","","","0","Sturdy metal roll dispenser for the triple layer industrial paper.","<html>

<title><head>Metal Roll Dispenser for Triple Ply Paper</title></head>

<body>

<p>Sturdy metal roll dispenser for the triple layer industrial paper.</p>

</body>

</html>","Roll_Dispenser.png","Roll_Dispenser.png","INVITEMS","DEFAULT-Paper_Roll_Dispenser-DEFAULT-Paper_Roll_Dispenser","","","0","0","0","","1","REGONLY","0","0","0","0","","","","SELECT","SELECT","0","","","","","0","0","","income-service","","","0","0","","","","","Cleaners_Cleaning_Tools","Cleaners_Cleaning_Tools","","","0","Triple_Layer_Paper","","A","","","","","","","","","","","","","","","","0","cleaning, cloths, rags, low tack rag, surface, prepare, preparation","","","1647010372","0","","0","","CHECKBOX"
"Perfect-Tip-Precision-Scissors-Large","Perfect Tip Scissors 305mm","SCP12","Olfa","475","19","DEFAULT","","","","","0","These Super sharp scissors are made of rust resistant stainless steel and they will cut virtaually any vinyl, film, paper or fabric perfectly all the way to the tip. 305mm cut length.","<html>

<title><head>Perfect Tip Scissors 305mm</title></head>

<body>

<p>These Super sharp scissors are made of rust resistant stainless steel and they will cut virtually any vinyl, film, paper or fabric perfectly all the way to the tip. 305mm cut length.</p>

</body>

</html>","Axus_SCP12.jpg","Axus_SCP12.jpg","INVITEMS","DEFAULT-Perfect-Tip-Precision-Scissors-Large-DEFAULT-Perfect-Tip-Precision-Scissors-Large","","","0","0","0","","1","REGONLY","0","0","0","0","","","","SELECT","SELECT","0","","","","","0","0","","income-service","","","0","0","","","","","Knives_Cutting_Tools","Knives_Cutting_Tools, Stencil-Film-Accessories","","","0","","","A","","","","","","","","","","","","","","","","0","corner, scissors, perfect, tip, perfecttip, sharp scissors, ","","","1653664618","0","","0","","CHECKBOX"
"Perfect-Tip-Precision-Scissors-Medium","Perfect Tip Scissors 205mm","SCP8","Olfa","472","17","DEFAULT","","","","","0","These Super sharp scissors are made of rust resistant stainless steel and they will cut virtaually any vinyl, film, paper or fabric perfectly all the way to the tip. 205mm cut length.","<html>

<title><head>Perfect Tip Scissors 205mm</title></head>

<body>

<p>These Super sharp scissors are made of rust resistant stainless steel and they will cut virtually any vinyl, film, paper or fabric perfectly all the way to the tip. 205mm cut length.</p>

</body>

</html>","Axus_SCP8.jpg","Axus_SCP8.jpg","INVITEMS","DEFAULT-Perfect-Tip-Precision-Scissors-Medium-DEFAULT-Perfect-Tip-Precision-Scissors-Medium","","","0","0","0","","1","REGONLY","0","0","0","0","","","","SELECT","SELECT","0","","","","","0","0","","income-service","","","0","0","","","","","Knives_Cutting_Tools","Knives_Cutting_Tools, Stencil-Film-Accessories","","","0","","","A","","","","","","","","","","","","","","","","0","corner, scissors, perfect, tip, perfecttip, sharp scissors, ","","","1653665144","0","","0","","CHECKBOX"
"Plastic_Squeegee","Pack of 5 Plastic Squeegees","S","Doro_Tape","100","3","DEFAULT","","","","","0","Blue plastic squeegees.","<html>

<title><head>Pack of 5 Plastic Squeegees</title></head>

<body>

<p>Low cost squeegees ideal for use as an everyday tool in the workshop or sending out to mail order customers with their graphics.</p>
<p>Size: 100mm x 70mm</p>

</body>

</html>","Blue_Squeegees.png","Blue_Squeegees.png","INVITEMS","DEFAULT-Plastic_Squeegee-DEFAULT-Plastic_Squeegee","","","0","0","0","","1","REGONLY","0","0","0","0","","","","SELECT","SELECT","0","","","","","0","0","","income-service","","","0","0","","","","","Application_Tools","Application_Tools","","","0","PLASQGOLD, FELTSQ, ASLANSQ, ASLANSQRD, APPROLL","","A","","","","","","","","","","","","","","","","0","squeegee,","","","1519308578","0","","0","","CHECKBOX"
"Plotter_Pen","Plotter Pens","PLO PLO1 PLO2","DEFAULT","150","11","DEFAULT","","","","","0","Plotter Pens.","<html>

<title><head>Plotter Pens</title></head>

<body>

<p>Plotter Pens. Now available for most makes of plotters.</p>

</body>

</html>","Plotter-Pen.jpg","Plotter-Pen.jpg","INVITEMS","DEFAULT-Plotter_Pen-DEFAULT-Plotter_Pen","","","0","0","0","","1","REGONLY","0","0","0","0","","","","SELECT","SELECT","0","","","","","0","0","","income-service","","","0","0","","","","","Plotter_Blades","Plotter_Blades","","","0","PLOTPEN, SMTKNIFE, GERSTD, GERFST, GEREMT, GERENV, GERODY, ROLAND, GRAPHT, IOLINE, SUMMA, MUTOH, MIMAKI, SIGNPAL","","A","","","","","","","","","","","","","","","","0","plotter,pen,","","","1537446645","0","","0","","CHECKBOX"
"Poli-Flex-Pearl-Glitter-Colour-Cards","Poli-Flex Pearl Glitter Colour Selectors","COLSELPEARL","Poli-Tape","1100","1","DEFAULT","","","","","0","Full colour sample selectors featuring every colour in the Poli-Flex Pearl Glitter range of HTV.","<html>

<title><head>Poli-Flex Pearl Glitter Colour Selectors</title></head>

<body>

<p>Full colour sample selectors featuring every colour in the Poli-Flex Pearl Glitter range of HTV.</p>
<p>Colourcard is A4 sized and also features technical specifications and application instructions.</p>

</body>

</html>
","Poli-Tape_Pearl_Glitter_Colour_Selector.png","Poli-Tape_Pearl_Glitter_Colour_Selector.png","INVITEMS","DEFAULT-Poli-Flex-Pearl-Glitter-Colour-Cards-DEFAULT-Poli-Flex-Pearl-Glitter-Colour-Cards","","","0","0","0","","1","REGONLY","0.00","0","0.00","0","","","","QUANMULT","RADIO","0","","","","","0","0","","income-service","","","0","0","","","","","Marketing","Marketing, 3605_Patterned","","","0","","","A","","","","","","","","","","","","","","","","0","","","","1690371671","0.00","","0","","QUANMULT"
"Poli-Flex-Turbo-Colour-Cards","Poli-Flex Turbo Colour Selectors","COLSELTURBO","Poli-Tape","1090","1","DEFAULT","","","","","0","Full colour sample selectors featuring every colour in the Poli-Flex Turbo range of HTV.","<html>

<title><head>Poli-Flex Turbo Colour Selectors</title></head>

<body>

<p>Full colour sample selectors featuring every colour in the Poli-Flex Turbo range of HTV.</p>
<p>Colourcard is A4 sized and also features technical specifications and application instructions.</p>

</body>

</html>
","Poli-Tape_Turbo-Flex_Colour_Selector.png","Poli-Tape_Turbo-Flex_Colour_Selector.png","INVITEMS","DEFAULT-Poli-Flex-Turbo-Colour-Cards-DEFAULT-Poli-Flex-Turbo-Colour-Cards","","","0","0","0","","1","REGONLY","0.00","0","0.00","0","","","","QUANMULT","RADIO","0","","","","","0","0","","income-service","","","0","0","","","","","Marketing","Marketing, Poli_Flex_Turbo","","","0","","","A","","","","","","","","","","","","","","","","0","","","","1690371414","0.00","","0","","QUANMULT"
"Poli_Print_800","Poli Print 800 - 4 Year Gloss White Digital Vinyl","PP800","Poli-Tape","50","0","DEFAULT","","","","","0","Poli-Print 800 is a 4 year gloss white 80 micron monomeric self-adhesive digital printing vinyl with a transparent permanent adhesive. Designed for short to medium term graphics and signage both inside and outdoors. Fire Rated to Euroclass DIN EN 13501-1:2019-05 with classification B-s1-d0



























","<html>

<head><title>Poli Print 800</title></head>
<body>
<p>Poli-Print 800 is a 4 year gloss white 80 micron monomeric self-adhesive digital printing vinyl with a transparent permanent adhesive. </p>

<span style=""font-weight: bold; color: #d7328a;"">Structure:</span><br>
<ul><li>80<span>&#181;</span>m gloss white monomeric soft PVC</li>
<li>Transparent acrylic dispersion adhesive - Permanent</li>
<li>Silicone coated paper liner  - 135g/m<sup>2</sup>
</li></ul>

<span style=""font-weight: bold; color: #d7328a;"">Suitability:</span><br>
<ul><li>Perfect for creating short to medium term graphics on flat or slightly curved surfaces</li>
<li>Suitable for indoor and outdoor signage, exhibition and event graphics as well as for short term vehicle graphics</li>
<li>A great choice for volume production of stickers and labels</li>
<li>Suitable for dry and wet application</li>
<li>Up to 4 years durability (unprinted)
</li></ul>

<span style=""font-weight: bold; color: #d7328a;"">Advantages:</span><br>
<ul><li>Soft face film means easy weeding</li>
<li>Excellent lay flat properties</li>
<li>Consistently high quality from top name German manufacturer Poli-Tape</li>
<li>Fire Rated to Euroclass DIN EN 13501-1:2019-05 with classification B-s1-d0</li><br>
<img style=""border: 0px solid ; width: 50px; height: 50px; alt=""reward points logo""
src=""media/ecom/onpagegraphics/Reward_Logo.png""><span style=""font-weight: bold; color: #ef7d00;"">Earn Reward Points every time you buy this product</span></ul>


<span style=""font-weight: bold; color: #d7328a;"">Ink Compatibility:</span><br>
<ul>
<img style=""margin: 0px 5px 0px 0px; width: 15px; height: 25px;"" alt=""Eco-Sol Ink""
src=""media/ecom/onpagegraphics/Ink-EcoSol.png"">Eco-solvent &nbsp;&nbsp;
<img style=""margin: 0px 5px 0px 0px; width: 15px; height: 25px;"" alt=""Latex""
src=""media/ecom/onpagegraphics/Ink-Latex.png"">Latex &nbsp;&nbsp;
<img style=""margin: 0px 5px 0px 0px; width: 15px; height: 25px;"" alt=""UV Ink""
src=""media/ecom/onpagegraphics/Ink-UV.png"">UV<br>
<img style=""width: 100px; height: 48px;"" alt=""HP Latex Certified""
src=""https://www.dorotape.co.uk/media/ecom/onpagegraphics/HP-Latex-Certified.jpg""></ul>



<span style=""font-weight: bold; color: #d7328a;"">Technical Information:</span><br>
<ul>
<a href=""media/ecom/pdfs/datasheets/PP800.pdf"" target=""_blank""><img
style=""border: 0px solid ; width: 200px; height: 60px;"" alt=""Poli Print 800 Datasheet""
src=""media/ecom/onpagegraphics/Datasheet.png""></a>
<a href=""media/ecom/pdfs/firecertificates/POLI-TAPE_Monomeric_Vinyl_Fire_Certificate.pdf"" target=""_blank""><img
style=""border: 0px solid ; width: 200px; height: 60px;"" alt=""Poli Print 800 Fire Certificate""
src=""media/ecom/onpagegraphics/Fire.png""></a>
<a href=""media/ecom/pdfs/MSDS/POLI_PRINT_Saftey_Data_Sheet_GB.pdf"" target=""_blank""><img
style=""border: 0px solid ; width: 200px; height: 60px;"" alt=""Poli Tape Safety Data Sheet""
src=""media/ecom/onpagegraphics/MSDS.png""></a>
<a href=""media/ecom/pdfs/applicationguidelines/Poli_Tape_Processingandhandlinginstructions.pdf"" target=""_blank""><img
style=""border: 0px solid ; width: 200px; height: 60px;"" alt=""Poli Tape Processing and Handling Instructions""
src=""media/ecom/onpagegraphics/Hand.png""></a>
<a href=""https://www.dorotape.co.uk/Print-Profiles-User-Guide""
target=""_blank""><img style=""width: 200px; height: 60px;"" alt=""printing profile guide""
src=""media/ecom/onpagegraphics/Profile.png""></a></ul>

<p style=""font-weight: bold; font-size: 1.0em;"">Prices shown are per 50 metre roll</p>
</body>

</html>
","PP800.jpg","PP800.jpg, PP800-Rolls.jpg","INVITEMS","DEFAULT-Poli_Print_800-DEFAULT-Poli_Print_800","","","0","0","0","","1","REGONLY","0","0","0","0","","","","SELECT","SELECT","0","","","","","0","0","","income-service","","","0","0","","","","","Digital_Vinyl_Medium_Term","Digital_Vinyl_Medium_Term, HP-Latex-Compatible-Media, Poli-Print-Monomeric, Poli-Print-Digital-Media-Laminates","","","0","Aslan_Red_Devil_Squeegee, Olfa_X_Design_Heavy_Duty_Knife, Lint-Free-Gloves, Masking_Tape_25mm, Aslan-Gold-Soft-Squeegee, Olfa_Graphic_Cutter, Swann_Morton_3_Handle, Swann_Morton_10A_Blades, Aslan_Squeegee, Float_On, Essential_Gloss_Laminate, Essential_Matt_Laminate","Aslan_Red_Devil_Squeegee, Olfa_X_Design_Heavy_Duty_Knife, Lint-Free-Gloves, Masking_Tape_25mm, Aslan-Gold-Soft-Squeegee, Olfa_Graphic_Cutter, Swann_Morton_3_Handle, Swann_Morton_10A_Blades, Aslan_Squeegee, Float_On, Essential_Gloss_Laminate, Essential_Matt_Laminate","A","superuser","ADHESIVE_GREY, ADHESIVE_PERMANENT","GRADE_MONOMERIC","SUITABILITY_FIRE, SUITABILITY_FLAT, SUITABILITY_OUTDOOR_MEDIUM","","","","","","","","","","","Poli-Print-800","0","poli, politape, poli-tape, monomeric, digital vinyl, vinyl,digital, print, pp800, poli-print, 800, poli-print monomeric, 







xerox,d-jet 100,




































","","","1489752460","0","","0","","CHECKBOX"
"Poli_Print_805","Poli Print 805 - 4 Year Matt White Digital Vinyl","PP805","Poli-Tape","60","0","DEFAULT","","","","","0","Poli-Print 805 is a 4 year matt white 80 micron monomeric self-adhesive digital printing vinyl with a transparent permanent adhesive. Designed for short to medium term graphics and signage both inside and outdoors. Fire Rated to Euroclass DIN EN 13501-1:2019-05 with classification B-s1-d0


























","<html> 

<head><title>Poli Print 805</title></head>
<body>
<p>Poli-Print 805 is a 4 year matt white 80 micron monomeric self-adhesive digital printing vinyl with a transparent permanent adhesive. </p>

<span style=""font-weight: bold; color: #d7328a;"">Structure:</span><br>
<ul><li>80<span>&#181;</span>m matt white monomeric soft PVC</li>
<li>Transparent acrylic dispersion adhesive - Permanent</li>
<li>Silicone coated paper liner  - 135g/m<sup>2</sup>
</li></ul>

<span style=""font-weight: bold; color: #d7328a;"">Suitability:</span><br>
<ul><li>Perfect for creating short to medium term graphics on flat or slightly curved surfaces</li>
<li>Suitable for indoor and outdoor signage, exhibition and event graphics as well as for short term vehicle graphics</li>
<li>A great choice for volume production of stickers and labels</li>
<li>Suitable for dry and wet application</li>
<li>Up to 4 years durability (unprinted)
</li></ul>

<span style=""font-weight: bold; color: #d7328a;"">Advantages:</span><br>
<ul><li>Soft face film means easy weeding</li>
<li>Excellent lay flat properties</li>
<li>Consistently high quality from top name German manufacturer Poli-Tape</li>
<li>Fire Rated to Euroclass DIN EN 13501-1:2019-05 with classification B-s1-d0</li><br>
<img style=""border: 0px solid ; width: 50px; height: 50px; alt=""reward points logo""
src=""media/ecom/onpagegraphics/Reward_Logo.png""><span style=""font-weight: bold; color: #ef7d00;"">Earn Reward Points every time you buy this product</span></ul>


<span style=""font-weight: bold; color: #d7328a;"">Ink Compatibility:</span><br>
<ul>
<img style=""margin: 0px 5px 0px 0px; width: 15px; height: 25px;"" alt=""Eco-Sol Ink""
src=""media/ecom/onpagegraphics/Ink-EcoSol.png"">Eco-solvent &nbsp;&nbsp;
<img style=""margin: 0px 5px 0px 0px; width: 15px; height: 25px;"" alt=""Latex""
src=""media/ecom/onpagegraphics/Ink-Latex.png"">Latex &nbsp;&nbsp;
<img style=""margin: 0px 5px 0px 0px; width: 15px; height: 25px;"" alt=""UV Ink""
src=""media/ecom/onpagegraphics/Ink-UV.png"">UV<br>
<img style=""width: 100px; height: 48px;"" alt=""HP Latex Certified""
src=""https://www.dorotape.co.uk/media/ecom/onpagegraphics/HP-Latex-Certified.jpg""></ul>



<span style=""font-weight: bold; color: #d7328a;"">Technical Information:</span><br>
<ul>
<a href=""media/ecom/pdfs/datasheets/PP805.pdf"" target=""_blank""><img
style=""border: 0px solid ; width: 200px; height: 60px;"" alt=""Poli Print 805 Datasheet""
src=""media/ecom/onpagegraphics/Datasheet.png""></a>
<a href=""media/ecom/pdfs/firecertificates/POLI-TAPE_Monomeric_Vinyl_Fire_Certificate.pdf"" target=""_blank""><img
style=""border: 0px solid ; width: 200px; height: 60px;"" alt=""Poli Print 800 Fire Certificate""
src=""media/ecom/onpagegraphics/Fire.png""></a>
<a href=""media/ecom/pdfs/MSDS/POLI_PRINT_Saftey_Data_Sheet_GB.pdf"" target=""_blank""><img
style=""border: 0px solid ; width: 200px; height: 60px;"" alt=""Poli Tape Safety Data Sheet""
src=""media/ecom/onpagegraphics/MSDS.png""></a>
<a href=""media/ecom/pdfs/applicationguidelines/Poli_Tape_Processingandhandlinginstructions.pdf"" target=""_blank""><img
style=""border: 0px solid ; width: 200px; height: 60px;"" alt=""Poli Tape Processing and Handling Instructions""
src=""media/ecom/onpagegraphics/Hand.png""></a>
<a href=""https://www.dorotape.co.uk/Print-Profiles-User-Guide""
target=""_blank""><img style=""width: 200px; height: 60px;"" alt=""printing profile guide""
src=""media/ecom/onpagegraphics/Profile.png""></a></ul>

<p style=""font-weight: bold; font-size: 1.0em;"">Prices shown are per 50 metre roll</p>
</body>

</html>
","PP800.jpg","PP800.jpg, PP800-Rolls.jpg","INVITEMS","DEFAULT-Poli_Print_805-DEFAULT-Poli_Print_805","","","0","0","0","","1","REGONLY","0","0","0","0","","","","SELECT","SELECT","0","","","","","0","0","","income-service","","","0","0","","","","","Digital_Vinyl_Medium_Term","Digital_Vinyl_Medium_Term, HP-Latex-Compatible-Media, Poli-Print-Monomeric, Poli-Print-Digital-Media-Laminates","","","0","Aslan_Red_Devil_Squeegee, Olfa_X_Design_Heavy_Duty_Knife, Lint-Free-Gloves, Masking_Tape_25mm, Aslan-Gold-Soft-Squeegee, Olfa_Graphic_Cutter, Swann_Morton_3_Handle, Swann_Morton_10A_Blades, Aslan_Squeegee, Float_On, Essential_Gloss_Laminate, Essential_Matt_Laminate","Aslan_Red_Devil_Squeegee, Olfa_X_Design_Heavy_Duty_Knife, Lint-Free-Gloves, Masking_Tape_25mm, Aslan-Gold-Soft-Squeegee, Olfa_Graphic_Cutter, Swann_Morton_3_Handle, Swann_Morton_10A_Blades, Aslan_Squeegee, Float_On, Essential_Gloss_Laminate, Essential_Matt_Laminate","A","superuser","ADHESIVE_GREY, ADHESIVE_PERMANENT","GRADE_MONOMERIC","SUITABILITY_FIRE, SUITABILITY_FLAT, SUITABILITY_OUTDOOR_MEDIUM","","","","","","","","","","","Poli-Print-805","0","poli, politape, poli-tape, monomeric, digital vinyl, vinyl,digital, print, pp805, poli-print, 805, poli-print monomeric, poli print monomeric, 








xerox,d-jet 100,



































","","","1698236791","0","","0","","CHECKBOX"
"Poli_Print_810","Poli Print 810 - 4 Year Gloss Transparent Digital Vinyl","PP810","Poli-Tape","70","0","DEFAULT","","","","","0","Poli-Print 810 is a 4 year gloss transparent 80 micron monomeric self-adhesive digital printing vinyl with a transparent permanent adhesive. Designed for short to medium term graphics and signage both inside and outdoors. Fire Rated to Euroclass DIN EN 13501-1:2019-05 with classification B-s1-d0


























","<html>

<head><title>Poli Print 810</title></head>
<body>
<p>Poli-Print 810 is a 4 year gloss transparent 80 micron monomeric self-adhesive digital printing vinyl with a transparent permanent adhesive. </p>

<span style=""font-weight: bold; color: #d7328a;"">Structure:</span><br>
<ul><li>80<span>&#181;</span>m gloss transparent monomeric soft PVC</li>
<li>Transparent acrylic dispersion adhesive - Permanent</li>
<li>Silicone coated paper liner  - 135g/m<sup>2</sup>
</li></ul>

<span style=""font-weight: bold; color: #d7328a;"">Suitability:</span><br>
<ul><li>Perfect for creating short to medium term graphics on flat or slightly curved surfaces</li>
<li>Suitable for indoor and outdoor signage, exhibition and event graphics as well as for short term vehicle graphics</li>
<li>A great choice for volume production of stickers and labels</li>
<li>Suitable for dry and wet application</li>
<li>Up to 4 years durability (unprinted)
</li></ul>

<span style=""font-weight: bold; color: #d7328a;"">Advantages:</span><br>
<ul><li>Soft face film means easy weeding</li>
<li>Excellent lay flat properties</li>
<li>Consistently high quality from top name German manufacturer Poli-Tape</li>
<li>Fire Rated to Euroclass DIN EN 13501-1:2019-05 with classification B-s1-d0</li><br>
<img style=""border: 0px solid ; width: 50px; height: 50px; alt=""reward points logo""
src=""media/ecom/onpagegraphics/Reward_Logo.png""><span style=""font-weight: bold; color: #ef7d00;"">Earn Reward Points every time you buy this product</span></ul>


<span style=""font-weight: bold; color: #d7328a;"">Ink Compatibility:</span><br>
<ul>
<img style=""margin: 0px 5px 0px 0px; width: 15px; height: 25px;"" alt=""Eco-Sol Ink""
src=""media/ecom/onpagegraphics/Ink-EcoSol.png"">Eco-solvent &nbsp;&nbsp;
<img style=""margin: 0px 5px 0px 0px; width: 15px; height: 25px;"" alt=""Latex""
src=""media/ecom/onpagegraphics/Ink-Latex.png"">Latex &nbsp;&nbsp;
<img style=""margin: 0px 5px 0px 0px; width: 15px; height: 25px;"" alt=""UV Ink""
src=""media/ecom/onpagegraphics/Ink-UV.png"">UV<br>
<img style=""width: 100px; height: 48px;"" alt=""HP Latex Certified""
src=""https://www.dorotape.co.uk/media/ecom/onpagegraphics/HP-Latex-Certified.jpg""></ul>



<span style=""font-weight: bold; color: #d7328a;"">Technical Information:</span><br>
<ul>
<a href=""media/ecom/pdfs/datasheets/PP810.pdf"" target=""_blank""><img
style=""border: 0px solid ; width: 200px; height: 60px;"" alt=""Poli Print 810 Datasheet""
src=""media/ecom/onpagegraphics/Datasheet.png""></a>
<a href=""media/ecom/pdfs/firecertificates/POLI-TAPE_Monomeric_Vinyl_Fire_Certificate.pdf"" target=""_blank""><img
style=""border: 0px solid ; width: 200px; height: 60px;"" alt=""Poli Print 800 Fire Certificate""
src=""media/ecom/onpagegraphics/Fire.png""></a>
<a href=""media/ecom/pdfs/MSDS/POLI_PRINT_Saftey_Data_Sheet_GB.pdf"" target=""_blank""><img
style=""border: 0px solid ; width: 200px; height: 60px;"" alt=""Poli Tape Safety Data Sheet""
src=""media/ecom/onpagegraphics/MSDS.png""></a>
<a href=""media/ecom/pdfs/applicationguidelines/Poli_Tape_Processingandhandlinginstructions.pdf"" target=""_blank""><img
style=""border: 0px solid ; width: 200px; height: 60px;"" alt=""Poli Tape Processing and Handling Instructions""
src=""media/ecom/onpagegraphics/Hand.png""></a>
<a href=""https://www.dorotape.co.uk/Print-Profiles-User-Guide""
target=""_blank""><img style=""width: 200px; height: 60px;"" alt=""printing profile guide""
src=""media/ecom/onpagegraphics/Profile.png""></a></ul>
<p style=""font-weight: bold; font-size: 1.0em;"">Prices shown are per 50 metre roll</p>
</body>

</html>
","PP800.jpg","PP800.jpg, PP800-Rolls.jpg","INVITEMS","DEFAULT-Poli_Print_810-DEFAULT-Poli_Print_810","","","0","0","0","","1","REGONLY","0","0","0","0","","","","SELECT","SELECT","0","","","","","0","0","","income-service","","","0","0","","","","","Digital_Vinyl_Medium_Term","Digital_Vinyl_Medium_Term, HP-Latex-Compatible-Media, Poli-Print-Monomeric, Poli-Print-Digital-Media-Laminates","","","0","Aslan_Red_Devil_Squeegee, Olfa_X_Design_Heavy_Duty_Knife, Lint-Free-Gloves, Masking_Tape_25mm, Aslan-Gold-Soft-Squeegee, Olfa_Graphic_Cutter, Swann_Morton_3_Handle, Swann_Morton_10A_Blades, Aslan_Squeegee, Float_On, Essential_Gloss_Laminate, Essential_Matt_Laminate","Aslan_Red_Devil_Squeegee, Olfa_X_Design_Heavy_Duty_Knife, Lint-Free-Gloves, Masking_Tape_25mm, Aslan-Gold-Soft-Squeegee, Olfa_Graphic_Cutter, Swann_Morton_3_Handle, Swann_Morton_10A_Blades, Aslan_Squeegee, Float_On, Essential_Gloss_Laminate, Essential_Matt_Laminate","A","superuser","ADHESIVE_GREY, ADHESIVE_PERMANENT","GRADE_MONOMERIC","SUITABILITY_FIRE, SUITABILITY_FLAT, SUITABILITY_OUTDOOR_MEDIUM","","","","","","","","","","","Poli-Print-810","0","poli, politape, poli-tape, monomeric, digital vinyl, vinyl,digital, print, pp810, poli-print, 810, poli-print monomeric, poli print monomeric, 








xerox,d-jet 100,



































","","","1698237249","0","","0","","CHECKBOX"
"Poli_Print_815","Poli Print 815 - 4 Year Matt Transparent Digital Vinyl","PP815","Poli-Tape","75","0","DEFAULT","","","","","0","Poli-Print 815 is a 4 year matt transparent 80 micron monomeric self-adhesive digital printing vinyl with a transparent permanent adhesive. Designed for short to medium term graphics and signage both inside and outdoors. Fire Rated to Euroclass DIN EN 13501-1:2019-05 with classification B-s1-d0




























","<html>

<head><title>Poli Print 815</title></head>
<body>
<p>Poli-Print 815 is a 4 year matt transparent 80 micron monomeric self-adhesive digital printing vinyl with a transparent permanent adhesive. </p>

<span style=""font-weight: bold; color: #d7328a;"">Structure:</span><br>
<ul><li>80<span>&#181;</span>m matt transparent monomeric soft PVC</li>
<li>Transparent acrylic dispersion adhesive - Permanent</li>
<li>Silicone coated paper liner  - 135g/m<sup>2</sup>
</li></ul>

<span style=""font-weight: bold; color: #d7328a;"">Suitability:</span><br>
<ul><li>Perfect for creating short to medium term graphics on flat or slightly curved surfaces</li>
<li>Suitable for indoor and outdoor signage, exhibition and event graphics as well as for short term vehicle graphics</li>
<li>A great choice for volume production of stickers and labels</li>
<li>Suitable for dry and wet application</li>
<li>Up to 4 years durability (unprinted)
</li></ul>

<span style=""font-weight: bold; color: #d7328a;"">Advantages:</span><br>
<ul><li>Soft face film means easy weeding</li>
<li>Excellent lay flat properties</li>
<li>Consistently high quality from top name German manufacturer Poli-Tape</li>
<li>Fire Rated to Euroclass DIN EN 13501-1:2019-05 with classification B-s1-d0</li><br>
<img style=""border: 0px solid ; width: 50px; height: 50px; alt=""reward points logo""
src=""media/ecom/onpagegraphics/Reward_Logo.png""><span style=""font-weight: bold; color: #ef7d00;"">Earn Reward Points every time you buy this product</span></ul>


<span style=""font-weight: bold; color: #d7328a;"">Ink Compatibility:</span><br>
<ul>
<img style=""margin: 0px 5px 0px 0px; width: 15px; height: 25px;"" alt=""Eco-Sol Ink""
src=""media/ecom/onpagegraphics/Ink-EcoSol.png"">Eco-solvent &nbsp;&nbsp;
<img style=""margin: 0px 5px 0px 0px; width: 15px; height: 25px;"" alt=""Latex""
src=""media/ecom/onpagegraphics/Ink-Latex.png"">Latex &nbsp;&nbsp;
<img style=""margin: 0px 5px 0px 0px; width: 15px; height: 25px;"" alt=""UV Ink""
src=""media/ecom/onpagegraphics/Ink-UV.png"">UV<br>
<img style=""width: 100px; height: 48px;"" alt=""HP Latex Certified""
src=""https://www.dorotape.co.uk/media/ecom/onpagegraphics/HP-Latex-Certified.jpg""></ul>



<span style=""font-weight: bold; color: #d7328a;"">Technical Information:</span><br>
<ul>
<a href=""media/ecom/pdfs/datasheets/PP815.pdf"" target=""_blank""><img
style=""border: 0px solid ; width: 200px; height: 60px;"" alt=""Poli Print 815 Datasheet""
src=""media/ecom/onpagegraphics/Datasheet.png""></a>
<a href=""media/ecom/pdfs/firecertificates/POLI-TAPE_Monomeric_Vinyl_Fire_Certificate.pdf"" target=""_blank""><img
style=""border: 0px solid ; width: 200px; height: 60px;"" alt=""Poli Print 800 Fire Certificate""
src=""media/ecom/onpagegraphics/Fire.png""></a>
<a href=""media/ecom/pdfs/MSDS/POLI_PRINT_Saftey_Data_Sheet_GB.pdf"" target=""_blank""><img
style=""border: 0px solid ; width: 200px; height: 60px;"" alt=""Poli Tape Safety Data Sheet""
src=""media/ecom/onpagegraphics/MSDS.png""></a>
<a href=""media/ecom/pdfs/applicationguidelines/Poli_Tape_Processingandhandlinginstructions.pdf"" target=""_blank""><img
style=""border: 0px solid ; width: 200px; height: 60px;"" alt=""Poli Tape Processing and Handling Instructions""
src=""media/ecom/onpagegraphics/Hand.png""></a>
<a href=""https://www.dorotape.co.uk/Print-Profiles-User-Guide""
target=""_blank""><img style=""width: 200px; height: 60px;"" alt=""printing profile guide""
src=""media/ecom/onpagegraphics/Profile.png""></a></ul>

<p style=""font-weight: bold; font-size: 1.0em;"">Prices shown are per 50 metre roll</p>
</body>


</html>","PP800.jpg","PP800.jpg, PP800-Rolls.jpg","INVITEMS","DEFAULT-Poli_Print_815-DEFAULT-Poli_Print_815","","","0","0","0","","1","REGONLY","0","0","0","0","","","","SELECT","SELECT","0","","","","","0","0","","income-service","","","0","0","","","","","Digital_Vinyl_Medium_Term","Digital_Vinyl_Medium_Term, HP-Latex-Compatible-Media, Poli-Print-Monomeric, Poli-Print-Digital-Media-Laminates","","","0","Aslan_Red_Devil_Squeegee, Olfa_X_Design_Heavy_Duty_Knife, Lint-Free-Gloves, Masking_Tape_25mm, Aslan-Gold-Soft-Squeegee, Olfa_Graphic_Cutter, Swann_Morton_3_Handle, Swann_Morton_10A_Blades, Aslan_Squeegee, Float_On, Essential_Gloss_Laminate, Essential_Matt_Laminate","Aslan_Red_Devil_Squeegee, Olfa_X_Design_Heavy_Duty_Knife, Lint-Free-Gloves, Masking_Tape_25mm, Aslan-Gold-Soft-Squeegee, Olfa_Graphic_Cutter, Swann_Morton_3_Handle, Swann_Morton_10A_Blades, Aslan_Squeegee, Float_On, Essential_Gloss_Laminate, Essential_Matt_Laminate","N","superuser","ADHESIVE_GREY, ADHESIVE_PERMANENT","GRADE_MONOMERIC","SUITABILITY_FIRE, SUITABILITY_FLAT, SUITABILITY_OUTDOOR_MEDIUM","","","","","","","","","","","Poli-Print-815","0","poli, politape, poli-tape, monomeric, digital vinyl, vinyl, digital, print, pp815, poli-print, 815, poli-print monomeric, poli print monomeric, 








xerox,d-jet 100,



































","","","1714642938","0","","0","","CHECKBOX"
"Poli_Print_820","Poli Print 820 - 4 Year Gloss White (Grey adhesive) Digital Vinyl","PP820","Poli-Tape","80","103","DEFAULT","","","","","0","Poli-Print 820 is a 4 year gloss white 80 micron monomeric self-adhesive digital printing vinyl with a permanent grey adhesive for increased opacity. Designed for short to medium term graphics and signage both inside and outdoors. Fire Rated to Euroclass DIN EN 13501-1:2019-05 with classification B-s1-d0



























","<html>

<head><title>Poli Print 820</title></head>
<body>
<p>Poli-Print 820 is a 4 year gloss white 80 micron monomeric self-adhesive digital printing vinyl with a grey permanent adhesive. </p>

<span style=""font-weight: bold; color: #d7328a;"">Structure:</span><br>
<ul><li>80<span>&#181;</span>m gloss white monomeric soft PVC</li>
<li>Grey acrylic dispersion adhesive - Permanent</li>
<li>Silicone coated paper liner  - 135g/m<sup>2</sup>
</li></ul>

<span style=""font-weight: bold; color: #d7328a;"">Suitability:</span><br>
<ul><li>Perfect for creating short to medium term graphics on flat or slightly curved surfaces</li>
<li>Suitable for indoor and outdoor signage, exhibition and event graphics as well as for short term vehicle graphics</li>
<li>A great choice for volume production of stickers and labels</li>
<li>Ideal for applying on to dark surfaces</li>
<li>Suitable for dry and wet application</li>
<li>Up to 4 years durability (unprinted)
</li></ul>

<span style=""font-weight: bold; color: #d7328a;"">Advantages:</span><br>
<ul><li>Soft face film means easy weeding</li>
<li>Excellent lay flat properties</li>
<li>High level of opacity due to the grey adhesive</li>
<li>Consistently high quality from top name German manufacturer Poli-Tape</li>
<li>Fire Rated to Euroclass DIN EN 13501-1:2019-05 with classification B-s1-d0</li><br>
<img style=""border: 0px solid ; width: 50px; height: 50px; alt=""reward points logo""
src=""media/ecom/onpagegraphics/Reward_Logo.png""><span style=""font-weight: bold; color: #ef7d00;"">Earn Reward Points every time you buy this product</span></ul>


<span style=""font-weight: bold; color: #d7328a;"">Ink Compatibility:</span><br>
<ul>
<img style=""margin: 0px 5px 0px 0px; width: 15px; height: 25px;"" alt=""Eco-Sol Ink""
src=""media/ecom/onpagegraphics/Ink-EcoSol.png"">Eco-solvent &nbsp;&nbsp;
<img style=""margin: 0px 5px 0px 0px; width: 15px; height: 25px;"" alt=""Latex""
src=""media/ecom/onpagegraphics/Ink-Latex.png"">Latex &nbsp;&nbsp;
<img style=""margin: 0px 5px 0px 0px; width: 15px; height: 25px;"" alt=""UV Ink""
src=""media/ecom/onpagegraphics/Ink-UV.png"">UV<br>
<img style=""width: 100px; height: 48px;"" alt=""HP Latex Certified""
src=""https://www.dorotape.co.uk/media/ecom/onpagegraphics/HP-Latex-Certified.jpg""></ul>



<span style=""font-weight: bold; color: #d7328a;"">Technical Information:</span><br>
<ul>
<a href=""media/ecom/pdfs/datasheets/PP820.pdf"" target=""_blank""><img
style=""border: 0px solid ; width: 200px; height: 60px;"" alt=""Poli Print 820 Datasheet""
src=""media/ecom/onpagegraphics/Datasheet.png""></a>
<a href=""media/ecom/pdfs/firecertificates/POLI-TAPE_Monomeric_Vinyl_Fire_Certificate.pdf"" target=""_blank""><img
style=""border: 0px solid ; width: 200px; height: 60px;"" alt=""Poli Print 800 Fire Certificate""
src=""media/ecom/onpagegraphics/Fire.png""></a>
<a href=""media/ecom/pdfs/MSDS/POLI_PRINT_Saftey_Data_Sheet_GB.pdf"" target=""_blank""><img
style=""border: 0px solid ; width: 200px; height: 60px;"" alt=""Poli Tape Safety Data Sheet""
src=""media/ecom/onpagegraphics/MSDS.png""></a>
<a href=""media/ecom/pdfs/applicationguidelines/Poli_Tape_Processingandhandlinginstructions.pdf"" target=""_blank""><img
style=""border: 0px solid ; width: 200px; height: 60px;"" alt=""Poli Tape Processing and Handling Instructions""
src=""media/ecom/onpagegraphics/Hand.png""></a>
<a href=""https://www.dorotape.co.uk/Print-Profiles-User-Guide""
target=""_blank""><img style=""width: 200px; height: 60px;"" alt=""printing profile guide""
src=""media/ecom/onpagegraphics/Profile.png""></a></ul>

<p style=""font-weight: bold; font-size: 1.0em;"">Prices shown are per 50 metre roll</p>
</body>
</html>

","PP800.jpg","PP800.jpg, PP800-Rolls.jpg","INVITEMS","DEFAULT-Poli_Print_820-DEFAULT-Poli_Print_820","","","0","0","0","","1","REGONLY","0","0","0","0","","","","EASYPICK","SELECT","0","","","","","0","0","","income-service","","","0","0","","","","","Digital_Vinyl_Medium_Term","Digital_Vinyl_Medium_Term, HP-Latex-Compatible-Media, Poli-Print-Monomeric, Poli-Print-Digital-Media-Laminates","","","0","Aslan_Red_Devil_Squeegee, Olfa_X_Design_Heavy_Duty_Knife, Lint-Free-Gloves, Masking_Tape_25mm, Aslan-Gold-Soft-Squeegee, Olfa_Graphic_Cutter, Swann_Morton_3_Handle, Swann_Morton_10A_Blades, Aslan_Squeegee, Float_On, Essential_Gloss_Laminate, Essential_Matt_Laminate","Aslan_Red_Devil_Squeegee, Olfa_X_Design_Heavy_Duty_Knife, Lint-Free-Gloves, Masking_Tape_25mm, Aslan-Gold-Soft-Squeegee, Olfa_Graphic_Cutter, Swann_Morton_3_Handle, Swann_Morton_10A_Blades, Aslan_Squeegee, Float_On, Essential_Gloss_Laminate, Essential_Matt_Laminate","A","superuser","ADHESIVE_GREY, ADHESIVE_PERMANENT","GRADE_MONOMERIC","SUITABILITY_FIRE, SUITABILITY_FLAT, SUITABILITY_OUTDOOR_MEDIUM","","","","","","","","","","","Poli-Print-820","0","poli, politape, poli-tape, monomeric, digital vinyl, vinyl,digital, print, pp820, poli-print, 820, poli-print monomeric, poli print monomeric, 








xerox,d-jet 100,



































","","","1698237639","0","","0","","CHECKBOX"
"Polyester_Protection_Film","Polyester Protection Film","CHEVTAPE","Doro_Tape","320","285","DEFAULT","","","","","0","Non-adhesive optically clear Polyester Film suitable for use as temporary barriers, partitions and face level personal protection. This film is waterproof, wipeable and PVC free. Roll size: 1420mm x 50m","<html>
<body>
<p>Non-adhesive optically clear Polyester Film suitable for use as temporary barriers, partitions and face level personal protection.</p>
<p>This film is waterproof, wipeable and PVC free</p>
<p>Roll size: 1420mm x 50m</p>
</body>
</html>

","PPF.png","PPF.png","INVITEMS","DEFAULT-Polyester_Protection_Film-DEFAULT-Polyester_Protection_Film","","","0","0","0","","1","REGONLY","0","0","0","0","","","","SELECT","SELECT","0","","","","","0","0","","income-service","","","0","0","","","","","Covid_Kit","Covid_Kit","","","0","","","A","","","","","","","","","","","","","","","","0","chevron, hazard, warning, tape","","","1590153503","0","","0","",""
"Poly_Canvas","Poly Canvas","CANPOL","Doro_Tape","30","0","DEFAULT","","","","","0","Polyester Canvas is an economical water resistant 260gsm polyester canvas fabric with a whiter, smoother finish compared to fine art canvas.




","<html>

<head><title>Polyester Canvas</title></head>

<body>

<p>Polyester Canvas is an economical water resistant 260gsm polyester canvas fabric with a whiter, smoother finish compared to the Universal fine art canvas.</p>

<span style=""font-weight: bold; color: #d7328a;"">Structure:</span><br>
<ul><li>260gsm (75<span>&#181;</span>m) Polyester fabric
</li></ul>

<a><img style=""border: 0px solid ; width: 75px; height: 75px; float: right;"" alt=""pvc free""
src=""media/ecom/onpagegraphics/PVC_free_logo.png""></a>

<span style=""font-weight: bold; color: #d7328a;"">Suitability:</span><br>
<ul><li>Perfect for art reproductions and displays</li>
<li>Ideal for exhibition and theatre decoration</li>
<li>Internal application only</li>
<li>Compatible with Eco Solvent, Solvent, Latex and UV inks</li></ul>

<span style=""font-weight: bold; color: #d7328a;"">Advantages:</span><br>
<ul><li>Whiter, smoother finish compared to Universal fine art canvas</li>
<li>High opacity, matt white finish for stand out displays</li>
<li>Polyester weave can be stretched without cracking
</li></ul>

<span style=""font-weight: bold; color: #d7328a;"">Ink Compatability:</span>
<ul>
<img style=""margin: 0px 5px 0px 0px; width: 15px; height: 25px;"" alt=""Eco-Sol Ink""
src=""media/ecom/onpagegraphics/Ink-EcoSol.png"">Eco-solvent &nbsp;&nbsp;
<img style=""margin: 0px 5px 0px 0px; width: 15px; height: 25px;"" alt=""Latex""
src=""media/ecom/onpagegraphics/Ink-Latex.png"">Latex &nbsp;&nbsp;
<img style=""margin: 0px 5px 0px 0px; width: 15px; height: 25px;"" alt=""UV Ink""
src=""media/ecom/onpagegraphics/Ink-UV.png"">UV &nbsp;&nbsp;
</ul>

<span style=""font-weight: bold; color: #d7328a;"">Technical Information:</span>
<ul><a href=""media/ecom/pdfs/datasheets/Poly-Canvas.pdf"" target=""_blank""><img style=""border: 0px solid ; width: 200px; height: 60px;"" alt=""Polyester Canvas Datasheet"" src=""media/ecom/onpagegraphics/Datasheet.png""></a>
<a href=""https://www.dorotape.co.uk/Print-Profiles-User-Guide""
target=""_blank""><img style=""width: 200px; height: 60px;"" alt=""printing profile guide""
src=""media/ecom/onpagegraphics/Profile.png""></a></ul>
<br>
<p style=""font-weight: bold; font-size: 1.0em;"">Prices shown are per roll</p>
</body>

</html>","Poly_Canvas.jpg","Poly_Canvas.jpg","INVITEMS","DEFAULT-Poly_Canvas-DEFAULT-Poly_Canvas","","","0","0","0","","1","REGONLY","0","0","0","0","","","","SELECT","SELECT","0","","","","","0","0","","income-service","","","0","0","","","","","Digital_Print_Fabric","Digital_Print_Canvas, Digital_Print_Fabric, PVC_Free_Media","","","0","Olfa_Rotary_Knife, Olfa_Cutting_Matt_A3, ArtWrap-Bracket-Stand, ArtWrap-Canvas-12x12, ArtWrap-Float-Frame-12x16, ArtWrap-Stapler","Olfa_Rotary_Knife, Olfa_Cutting_Matt_A3, ArtWrap-Bracket-Stand, ArtWrap-Canvas-12x12, ArtWrap-Float-Frame-12x16, ArtWrap-Stapler","A","superuser","ADHESIVE_NON","GRADE_FABRIC","SUITABILITY_CANVAS, SUITABILITY_INDOOR","","","","","","","","","","","Poly-Canvas","0","canvas, digital canvas, printable canvas, digitally printable canvas, large format printable canvas, digital canvas





















poster paper,semi gloss paper,200gsm paper,printable paper,




","","","1486576388","0","","0","","CHECKBOX"
"Power_Tabs_White","White Power Tabs","21005","Doro_Tape","150","31","DEFAULT","","","","","0","PowerTabs® are strong white self-adhesive corner tabs for banner finishing.  Use instead of eyelets.  Code: BAN011. Pack size - 100","<html>

<title><head>White Power Tabs</title></head>

<body>


<p>Made of high strength whiter composite film, these PowerTabs® are stronger and less conspicuous than eyelets.</p>
<p>Instantly turn your digital image into a super-strong outdoor banner. No sewing, grommeting or special tools required!</p>

<p>Pack size - 100</p>

</body>

</html>","Power-Tabs-White-(BAN011).jpg","Power-Tabs-White-(BAN011).jpg","INVITEMS","DEFAULT-Power_Tabs_White-DEFAULT-Power_Tabs_White","","","0","0","0","","1","REGONLY","0","0","0","0","","","","SELECT","SELECT","0","","","","","0","0","","income-service","","","0","0","","","http://www.youtube.com/embed/sfM7cY3qxZw?","","Banner_Ups","Banner_Fixings, Banner_Ups","","","0","Edge_Tabs, Power_Punch, Power_Tape","","A","","","","","","","","","","","","","","","Banner_Ups_Power_Tabs_White","0","power Tabs, powertabs, banner ups, bannerups, power tabs, Power Tabs,","","","1546515962","0","","0","","CHECKBOX"
"PP_1200","Poli Print 1200 - 5 Year Polymeric Gloss White Digital Vinyl","PP1200","Poli-Tape","10","0","DEFAULT","","","","","0","Poli-Print 1200 is a 5 year gloss white 75 micron polymeric self-adhesive digital printing vinyl with a grey solvent based permanent adhesive. Designed for medium to long term graphics and signage both inside and outdoors as well as vehicle graphics. Fire Rated to Euroclass DIN EN 13501-1:2019-05 with classification C-s1-d0



























","<html> 

<head><title>Poli Print 1200</title>
</head>
<body>
<p>Poli-Print 1200 is a 5 year gloss white 75 micron polymeric self-adhesive digital printing vinyl with a grey solvent based permanent adhesive.</p>

<span style=""font-weight: bold; color: #d7328a;"">Structure:</span><br>
<ul><li>75<span>&#181;</span>m gloss white polymeric soft PVC</li>
<li>Grey solvent based acrylic adhesive - Permanent</li>
<li>PE and clay coated silicone paper liner  - 144g/m<sup>2</sup>
</li></ul>

<span style=""font-weight: bold; color: #d7328a;"">Suitability:</span><br>
<ul><li>Designed for medium to long term graphics and signage both inside and outdoors as well as vehicle graphics</li>
<li>Excellent conformability to irregular surfaces</li>
<li>A great choice for vehicle graphics and 2D part wraps</li>
<li>Suitable for dry and wet application</li>
<li>Up to 5 years durability (unprinted)
</li></ul>

<span style=""font-weight: bold; color: #d7328a;"">Advantages:</span><br>
<ul><li>Soft face film means easy weeding</li>
<li>Excellent lay flat properties and minimal shrinkage</li>
<li>Liner is printed with product name, batch number and remaining roll length (running countdown 50m - 1m) for easy job planning</li>
<li>Consistently high quality from top name German manufacturer Poli-Tape</li>
<li>Fire Rated to Euroclass DIN EN 13501-1:2019-05 with classification C-s1-d0</li><br>
<img style=""border: 0px solid ; width: 50px; height: 50px; alt=""reward points logo""
src=""media/ecom/onpagegraphics/Reward_Logo.png""><span style=""font-weight: bold; color: #ef7d00;"">Earn Reward Points every time you buy this product</span></ul>


<span style=""font-weight: bold; color: #d7328a;"">Ink Compatibility:</span><br>
<ul>
<img style=""margin: 0px 5px 0px 0px; width: 15px; height: 25px;"" alt=""Eco-Sol Ink""
src=""media/ecom/onpagegraphics/Ink-EcoSol.png"">Eco-solvent &nbsp;&nbsp;
<img style=""margin: 0px 5px 0px 0px; width: 15px; height: 25px;"" alt=""Latex""
src=""media/ecom/onpagegraphics/Ink-Latex.png"">Latex &nbsp;&nbsp;
<img style=""margin: 0px 5px 0px 0px; width: 15px; height: 25px;"" alt=""UV Ink""
src=""media/ecom/onpagegraphics/Ink-UV.png"">UV<br>
<img style=""width: 100px; height: 48px;"" alt=""HP Latex Certified""
src=""https://www.dorotape.co.uk/media/ecom/onpagegraphics/HP-Latex-Certified.jpg""></ul>



<span style=""font-weight: bold; color: #d7328a;"">Technical Information:</span><br>
<ul>
<a href=""media/ecom/pdfs/datasheets/PP1200.pdf"" target=""_blank""><img
style=""border: 0px solid ; width: 200px; height: 60px;"" alt=""Poli Print 1200 Datasheet""
src=""media/ecom/onpagegraphics/Datasheet.png""></a>
<a href=""media/ecom/pdfs/firecertificates/PP1200 series_Fire Certificate.pdf"" target=""_blank""><img
style=""border: 0px solid ; width: 200px; height: 60px;"" alt=""Poli Print 1200 Series Fire Certificate""
src=""media/ecom/onpagegraphics/Fire.png""></a>
<a href=""media/ecom/pdfs/MSDS/POLI_PRINT_Saftey_Data_Sheet_GB.pdf"" target=""_blank""><img
style=""border: 0px solid ; width: 200px; height: 60px;"" alt=""Poli Print Material Safety Data Sheet""
src=""media/ecom/onpagegraphics/MSDS.png""></a>
<a href=""media/ecom/pdfs/applicationguidelines/Poli_Tape_Processingandhandlinginstructions.pdf"" target=""_blank""><img
style=""border: 0px solid ; width: 200px; height: 60px;"" alt=""Poli Tape Processing and Handling Instructions""
src=""media/ecom/onpagegraphics/Hand.png""></a></ul>

<p style=""font-weight: bold; font-size: 1.0em;"">Prices shown are per 50 metre roll</p>
</body>


</html>","PP1200.png","PP1200.png","INVITEMS","DEFAULT-PP_1200-DEFAULT-PP_1200","","","0","0","0","","1","REGONLY","0","0","0","0","","","","SELECT","SELECT","0","","","","","0","0","","income-service","","","0","0","","FREESHIPPING","","","Digital_Vinyl_Long_Term","Digital_Vinyl_Long_Term, Poli-Print-Digital-Media-Laminates","","","0","","","A","superuser","ADHESIVE_GREY, ADHESIVE_PERMANENT","GRADE_POLYMERIC","SUITABILITY_CURVED, SUITABILITY_FIRE, SUITABILITY_OUTDOOR_LONG, SUITABILITY_VEHICLE","","","","","","","","","","","Poli-Print-1200","0","poliprint, polyprint, poli print 1200, polymeric, digital vinyl, vinyl, digital, print, pp1200, poli-tape, poli tape, poli-print, 







xerox,d-jet 100,




































","","","1592997600","0","","0","","CHECKBOX"
"PP_1203","Poli Print 1203 - 5 Year Polymeric Gloss White Digital Vinyl - Grey Air Free Adhesive","PP1203","Poli-Tape","20","0","DEFAULT","","","","","0","Poli-Print 1203 is a 5 year gloss white 75 micron polymeric self-adhesive digital printing vinyl with a grey easy apply air-flow solvent based permanent adhesive.
Designed for medium to long term graphics and signage both inside and outdoors as well as vehicle graphics. Fire Rated to Euroclass DIN EN 13501-1:2019-05 with classification C-s1-d0



























","<html>

<head><title>Poli Print 1203</title>
</head>
<body>
<p>Poli-Print 1203 is a 5 year gloss white 75 micron polymeric self-adhesive digital printing vinyl with a grey easy apply air-flow solvent based permanent adhesive.</p>

<span style=""font-weight: bold; color: #d7328a;"">Structure:</span><br>
<ul><li>75<span>&#181;</span>m gloss white polymeric soft PVC</li>
<li>Grey solvent based acrylic adhesive - Permanent</li>
<li>PE and clay coated silicone paper liner with Air-Flow texture - 141g/m<sup>2</sup>
</li></ul>

<span style=""font-weight: bold; color: #d7328a;"">Suitability:</span><br>
<ul><li>Designed for medium to long term graphics and signage both inside and outdoors as well as vehicle graphics</li>
<li>Excellent conformability to irregular surfaces</li>
<li>Ideal for applying on to dark surfaces</li>
<li>A great choice for vehicle graphics and 2D part wraps</li>
<li>Air-Flow technology ensures easy bubble free application when applying dry</li>
<li>Up to 5 years durability (unprinted)
</li></ul>

<span style=""font-weight: bold; color: #d7328a;"">Advantages:</span><br>
<ul><li>Soft face film means easy weeding</li>
<li>Excellent lay flat properties and minimal shrinkage</li>
<li>High level of opacity due to the grey adhesive</li>
<li>Liner is printed with product name, batch number and remaining roll length (running countdown 50m - 1m) for easy job planning</li>
<li>Consistently high quality from top name German manufacturer Poli-Tape</li>
<li>Fire Rated to Euroclass DIN EN 13501-1:2019-05 with classification C-s1-d0</li><br>
<img style=""border: 0px solid ; width: 50px; height: 50px; alt=""reward points logo""
src=""media/ecom/onpagegraphics/Reward_Logo.png""><span style=""font-weight: bold; color: #ef7d00;"">Earn Reward Points every time you buy this product</span></ul>


<span style=""font-weight: bold; color: #d7328a;"">Ink Compatibility:</span><br>
<ul>
<img style=""margin: 0px 5px 0px 0px; width: 15px; height: 25px;"" alt=""Eco-Sol Ink""
src=""media/ecom/onpagegraphics/Ink-EcoSol.png"">Eco-solvent &nbsp;&nbsp;
<img style=""margin: 0px 5px 0px 0px; width: 15px; height: 25px;"" alt=""Latex""
src=""media/ecom/onpagegraphics/Ink-Latex.png"">Latex &nbsp;&nbsp;
<img style=""margin: 0px 5px 0px 0px; width: 15px; height: 25px;"" alt=""UV Ink""
src=""media/ecom/onpagegraphics/Ink-UV.png"">UV<br>
<img style=""width: 100px; height: 48px;"" alt=""HP Latex Certified""
src=""https://www.dorotape.co.uk/media/ecom/onpagegraphics/HP-Latex-Certified.jpg""></ul>


<span style=""font-weight: bold; color: #d7328a;"">Technical Information:</span><br>
<ul>
<a href=""media/ecom/pdfs/datasheets/PP1203.pdf"" target=""_blank""><img
style=""border: 0px solid ; width: 200px; height: 60px;"" alt=""Poli Print 1203 Datasheet""
src=""media/ecom/onpagegraphics/Datasheet.png""></a>
<a href=""media/ecom/pdfs/firecertificates/PP1200 series_Fire Certificate.pdf"" target=""_blank""><img
style=""border: 0px solid ; width: 200px; height: 60px;"" alt=""Poli Print 1200 Series Fire Certificate""
src=""media/ecom/onpagegraphics/Fire.png""></a>
<a href=""media/ecom/pdfs/MSDS/POLI_PRINT_Saftey_Data_Sheet_GB.pdf"" target=""_blank""><img
style=""border: 0px solid ; width: 200px; height: 60px;"" alt=""Poli Print Material Safety Data Sheet""
src=""media/ecom/onpagegraphics/MSDS.png""></a>
<a href=""media/ecom/pdfs/applicationguidelines/Poli_Tape_Processingandhandlinginstructions.pdf"" target=""_blank""><img
style=""border: 0px solid ; width: 200px; height: 60px;"" alt=""Poli Tape Processing and Handling Instructions""
src=""media/ecom/onpagegraphics/Hand.png""></a></ul>
<p style=""font-weight: bold; font-size: 1.0em;"">Prices shown are per 50 metre roll</p>
</body>

</html>
","PP1203.png","PP1203.png","INVITEMS","DEFAULT-PP_1203-DEFAULT-PP_1203","","","0","0","0","","1","REGONLY","0","0","0","0","","","","SELECT","SELECT","0","","","","","0","0","","income-service","","","0","0","","FREESHIPPING","","","Digital_Vinyl_Long_Term","Digital_Vinyl_Long_Term, Poli-Print-Digital-Media-Laminates","","","0","","","A","superuser","ADHESIVE_GREY, ADHESIVE_PERMANENT","GRADE_POLYMERIC","SUITABILITY_CURVED, SUITABILITY_FIRE, SUITABILITY_OUTDOOR_LONG, SUITABILITY_VEHICLE","","","","","","","","","","","Poli-Print-1203","0","poliprint, polyprint, poli print 1203, polymeric, digital vinyl, vinyl, digital, print, pp1203, poli-tape, poli tape, airfree, airflow, air free, air flow, easy apply, poli-print, 







xerox,d-jet 100,


















","","","1592997987","0","","0","","CHECKBOX"
"PP_1230","Poli Print 1230 - 5 Year Polymeric Transparent Digital Vinyl / Laminate","PP1230","Poli-Tape","30","0","DEFAULT","","","","","0","Poli-Print 1230 is a 5 year transparent gloss 75 micron polymeric self-adhesive digital printing vinyl with a solvent based permanent adhesive. Designed for medium to long term graphics and signage both inside and outdoors as well as vehicle graphics. Fire Rated to Euroclass DIN EN 13501-1:2019-05 with classification C-s1-d0



























","<html>

<head><title>Poli Print 1230</title>
</head>
<body>
<p>Poli-Print 1230 is a 5 year transparent gloss 75 micron polymeric self-adhesive digital printing vinyl with a solvent based permanent adhesive.</p>

<span style=""font-weight: bold; color: #d7328a;"">Structure:</span><br>
<ul><li>75<span>&#181;</span>m transparent gloss polymeric soft PVC</li>
<li>Solvent based acrylic adhesive - Permanent</li>
<li>PE and clay coated silicone paper liner  - 144g/m<sup>2</sup>
</li></ul>

<span style=""font-weight: bold; color: #d7328a;"">Suitability:</span><br>
<ul><li>Designed for medium to long term graphics and signage both inside and outdoors</li>
<li>Excellent conformability to irregular surfaces</li>
<li>A great choice for window graphics</li>
<li>Suitable for wet application</li>
<li>Can also be used as a polymeric grade overlaminate</li>
<li>Up to 5 years durability (unprinted)
</li></ul>

<span style=""font-weight: bold; color: #d7328a;"">Advantages:</span><br>
<ul><li>Soft face film means easy weeding</li>
<li>Excellent lay flat properties and minimal shrinkage</li>
<li>Liner is printed with product name, batch number and remaining roll length (running countdown 50m - 1m) for easy job planning</li>
<li>Consistently high quality from top name German manufacturer Poli-Tape</li>
<li>Fire Rated to Euroclass DIN EN 13501-1:2019-05 with classification C-s1-d0</li><br>
<img style=""border: 0px solid ; width: 50px; height: 50px; alt=""reward points logo""
src=""media/ecom/onpagegraphics/Reward_Logo.png""><span style=""font-weight: bold; color: #ef7d00;"">Earn Reward Points every time you buy this product</span></ul>


<span style=""font-weight: bold; color: #d7328a;"">Ink Compatibility:</span><br>
<ul>
<img style=""margin: 0px 5px 0px 0px; width: 15px; height: 25px;"" alt=""Eco-Sol Ink""
src=""media/ecom/onpagegraphics/Ink-EcoSol.png"">Eco-solvent &nbsp;&nbsp;
<img style=""margin: 0px 5px 0px 0px; width: 15px; height: 25px;"" alt=""Latex""
src=""media/ecom/onpagegraphics/Ink-Latex.png"">Latex &nbsp;&nbsp;
<img style=""margin: 0px 5px 0px 0px; width: 15px; height: 25px;"" alt=""UV Ink""
src=""media/ecom/onpagegraphics/Ink-UV.png"">UV<br>
<img style=""width: 100px; height: 48px;"" alt=""HP Latex Certified""
src=""https://www.dorotape.co.uk/media/ecom/onpagegraphics/HP-Latex-Certified.jpg""></ul>

<span style=""font-weight: bold; color: #d7328a;"">Technical Information:</span><br>
<ul>
<a href=""media/ecom/pdfs/datasheets/PP1230.pdf"" target=""_blank""><img
style=""border: 0px solid ; width: 200px; height: 60px;"" alt=""Poli Print 1230 Datasheet""
src=""media/ecom/onpagegraphics/Datasheet.png""></a>
<a href=""media/ecom/pdfs/firecertificates/PP1200 series_Fire Certificate.pdf"" target=""_blank""><img
style=""border: 0px solid ; width: 200px; height: 60px;"" alt=""Poli Print 1200 Series Fire Certificate""
src=""media/ecom/onpagegraphics/Fire.png""></a>
<a href=""media/ecom/pdfs/MSDS/POLI_PRINT_Saftey_Data_Sheet_GB.pdf"" target=""_blank""><img
style=""border: 0px solid ; width: 200px; height: 60px;"" alt=""Poli Print Material Safety Data Sheet""
src=""media/ecom/onpagegraphics/MSDS.png""></a>
<a href=""media/ecom/pdfs/applicationguidelines/Poli_Tape_Processingandhandlinginstructions.pdf"" target=""_blank""><img
style=""border: 0px solid ; width: 200px; height: 60px;"" alt=""Poli Tape Processing and Handling Instructions""
src=""media/ecom/onpagegraphics/Hand.png""></a></ul>
<p style=""font-weight: bold; font-size: 1.0em;"">Prices shown are per 50 metre roll</p>
</body>

</html>

","PP1230.png","PP_1230.png","INVITEMS","DEFAULT-PP_1230-DEFAULT-PP_1230","","","0","0","0","","1","REGONLY","0","0","0","0","","","","SELECT","SELECT","0","","","","","0","0","","income-service","","","0","0","","","","","Digital_Vinyl_Long_Term","Digital_Vinyl_Long_Term, Gloss_laminate, Poli-Print-Digital-Media-Laminates","","","0","Olfa_Graphic_Cutter, Olfa_X_Design_Heavy_Duty_Knife, Lint-Free-Gloves, Masking_Tape_25mm, Aslan_Squeegee, Swann_Morton_3_Handle, Swann_Morton_10A_Blades, Lint-Free-Cloths, Heavy-Duty-Application-Roller, 4075CT1220,","Olfa_Graphic_Cutter, Olfa_X_Design_Heavy_Duty_Knife, Lint-Free-Gloves, Masking_Tape_25mm, Aslan_Squeegee, Swann_Morton_3_Handle, Swann_Morton_10A_Blades, Lint-Free-Cloths, Heavy-Duty-Application-Roller, 4075CT1220,","A","superuser","ADHESIVE_PERMANENT","GRADE_POLYMERIC","SUITABILITY_CURVED, SUITABILITY_FIRE, SUITABILITY_OUTDOOR_LONG, SUITABILITY_VEHICLE","","","","","","","","","","","Poli-Print-1230","0","poliprint, polyprint, poli print 1230, polymeric, digital vinyl, vinyl, digital, print, pp1230, poli-tape, poli tape, poli-print, 






xerox,d-jet 100,




































","","","1592932161","0","","0","","CHECKBOX"
"PP_1235","Poli Print 1235 - 5 Year Polymeric Transparent Matt Digital Vinyl / Laminate","PP1235","Poli-Tape","40","0","DEFAULT","","","","","0","Poli-Print 1235 is a 5 year transparent matt 75 micron polymeric self-adhesive digital printing vinyl with a solvent based permanent adhesive. Designed for medium to long term graphics and signage both inside and outdoors as well as vehicle graphics. Fire Rated to Euroclass DIN EN 13501-1:2019-05 with classification C-s1-d0



























","<html>

<head><title>Poli Print 1235</title>
</head>
<body>
<p>Poli-Print 1235 is a 5 year transparent matt 75 micron polymeric self-adhesive digital printing vinyl with a solvent based permanent adhesive.</p>

<span style=""font-weight: bold; color: #d7328a;"">Structure:</span><br>
<ul><li>75<span>&#181;</span>m transparent matt polymeric soft PVC</li>
<li>Solvent based acrylic adhesive - Permanent</li>
<li>PE and clay coated silicone paper liner  - 144g/m<sup>2</sup>
</li></ul>

<span style=""font-weight: bold; color: #d7328a;"">Suitability:</span><br>
<ul><li>Designed for medium to long term graphics and signage both inside and outdoors</li>
<li>Excellent conformability to irregular surfaces</li>
<li>A great choice for window graphics</li>
<li>Suitable for wet application</li>
<li>Can also be used as a polymeric grade overlaminate</li>
<li>Up to 5 years durability (unprinted)
</li></ul>

<span style=""font-weight: bold; color: #d7328a;"">Advantages:</span><br>
<ul><li>Soft face film means easy weeding</li>
<li>Excellent lay flat properties and minimal shrinkage</li>
<li>Liner is printed with product name, batch number and remaining roll length (running countdown 50m - 1m) for easy job planning</li>
<li>Consistently high quality from top name German manufacturer Poli-Tape</li>
<li>Fire Rated to Euroclass DIN EN 13501-1:2019-05 with classification C-s1-d0</li><br>
<img style=""border: 0px solid ; width: 50px; height: 50px; alt=""reward points logo""
src=""media/ecom/onpagegraphics/Reward_Logo.png""><span style=""font-weight: bold; color: #ef7d00;"">Earn Reward Points every time you buy this product</span></ul>


<span style=""font-weight: bold; color: #d7328a;"">Ink Compatibility:</span><br>
<ul>
<img style=""margin: 0px 5px 0px 0px; width: 15px; height: 25px;"" alt=""Eco-Sol Ink""
src=""media/ecom/onpagegraphics/Ink-EcoSol.png"">Eco-solvent &nbsp;&nbsp;
<img style=""margin: 0px 5px 0px 0px; width: 15px; height: 25px;"" alt=""Latex""
src=""media/ecom/onpagegraphics/Ink-Latex.png"">Latex &nbsp;&nbsp;
<img style=""margin: 0px 5px 0px 0px; width: 15px; height: 25px;"" alt=""UV Ink""
src=""media/ecom/onpagegraphics/Ink-UV.png"">UV<br>
<img style=""width: 100px; height: 48px;"" alt=""HP Latex Certified""
src=""https://www.dorotape.co.uk/media/ecom/onpagegraphics/HP-Latex-Certified.jpg""></ul>

<span style=""font-weight: bold; color: #d7328a;"">Technical Information:</span><br>
<ul>
<a href=""media/ecom/pdfs/datasheets/PP1235.pdf"" target=""_blank""><img
style=""border: 0px solid ; width: 200px; height: 60px;"" alt=""Poli Print 1235 Datasheet""
src=""media/ecom/onpagegraphics/Datasheet.png""></a>
<a href=""media/ecom/pdfs/firecertificates/PP1200 series_Fire Certificate.pdf"" target=""_blank""><img
style=""border: 0px solid ; width: 200px; height: 60px;"" alt=""Poli Print 1200 Series Fire Certificate""
src=""media/ecom/onpagegraphics/Fire.png""></a>
<a href=""media/ecom/pdfs/MSDS/POLI_PRINT_Saftey_Data_Sheet_GB.pdf"" target=""_blank""><img
style=""border: 0px solid ; width: 200px; height: 60px;"" alt=""Poli Print Material Safety Data Sheet""
src=""media/ecom/onpagegraphics/MSDS.png""></a>
<a href=""media/ecom/pdfs/applicationguidelines/Poli_Tape_Processingandhandlinginstructions.pdf"" target=""_blank""><img
style=""border: 0px solid ; width: 200px; height: 60px;"" alt=""Poli Tape Processing and Handling Instructions""
src=""media/ecom/onpagegraphics/Hand.png""></a>
</ul>
<p style=""font-weight: bold; font-size: 1.0em;"">Prices shown are per 50 metre roll</p>

</body>

</html>

","PP1235.png","PP1235.png","INVITEMS","DEFAULT-PP_1235-DEFAULT-PP_1235","","","0","0","0","","1","REGONLY","0","0","0","0","","","","SELECT","SELECT","0","","","","","0","0","","income-service","","","0","0","","FREESHIPPING","","","Digital_Vinyl_Long_Term","Digital_Vinyl_Long_Term, Matt_laminate, Poli-Print-Digital-Media-Laminates","","","0","Olfa_Graphic_Cutter, Olfa_X_Design_Heavy_Duty_Knife, Lint-Free-Gloves, Masking_Tape_25mm, Aslan_Squeegee, Swann_Morton_3_Handle, Swann_Morton_10A_Blades, Lint-Free-Cloths, Heavy-Duty-Application-Roller, 4075CT1220,","Olfa_Graphic_Cutter, Olfa_X_Design_Heavy_Duty_Knife, Lint-Free-Gloves, Masking_Tape_25mm, Aslan_Squeegee, Swann_Morton_3_Handle, Swann_Morton_10A_Blades, Lint-Free-Cloths, Heavy-Duty-Application-Roller, 4075CT1220,","A","superuser","ADHESIVE_PERMANENT","GRADE_POLYMERIC","SUITABILITY_CURVED, SUITABILITY_FIRE, SUITABILITY_OUTDOOR_LONG, SUITABILITY_VEHICLE","","","","","","","","","","","Poli-Print-1235","0","poliprint, polyprint, poli print 1235, polymeric, digital vinyl, vinyl, digital, print, pp1235, poli-tape, poli tape, poli-print, 







xerox,d-jet 100,




































","","","1617976208","0","","0","","CHECKBOX"
"Pressure-Spray-Bottle","Pressure Spray Bottle 1.25L","PRES2","SOTT","297","18","DEFAULT","","","","","0","High quality pressure sprayer developed by SOTT and Hozelock. Designed for the misting of surfaces and adhesive films, this sprayer has a 1.25 litre capapcity. The heavy duty components and unbreakable hard shell container allow for incredibly high pressure. ","<html>

<title><head>Pressure Spray Bottle 1.25L</title></head>

<body>

<p>High quality pressure sprayer developed by SOTT and Hozelock. Designed for the misting of surfaces and adhesive films, this sprayer has a 1.25 litre capapcity.</p>
<p>The heavy duty components and unbreakable hard shell container allow for incredibly high pressure.</p>
<p>Easy to control.</p>
<p>Adjustable nozzle for spraying or misting.</p>
<p>Not to be used for agressive cleaners or degreasers. The <a href=""https://www.dorotape.co.uk/Item/Spray-Master"" target=""_blank""><font color=""#d7328a"">Spray Master</font></a> is much more suitable for that.</p>

</body>

</html>","Pressure-Spray-Bottle.jpg","Pressure-Spray-Bottle.jpg","INVITEMS","DEFAULT-Pressure-Spray-Bottle-DEFAULT-Pressure-Spray-Bottle","","","0","0","0","","1","REGONLY","0","0","0","0","","","","SELECT","SELECT","0","","","","","0","0","","income-service","","","0","0","","","","","Vehicle_Wrap_Tools","Application_Tools, Cleaners_Cleaning_Tools, Vehicle_Wrap_Tools","","","0","Self_Adhesive_Alcantara","","A","","","","","","","","","","","","","","","","0","Spray, sprayer, trigger, pressure, application","","","1651656048","0","","0","","CHECKBOX"
"Printable-Ferrous-Film","FF200 Printable Ferrous Film (Non adhesive) :: 1260mm Wide","FF200","Doro_Tape","60","0","DEFAULT","","","","","0","FF200 is a digitally printable ultra thin matt white iron based film that is soft, lightweight and highly receptive to magnet. Once printed it is easy to roll up and post making it perfect for quick change in-store displays applied onto our self-adhesive magnetic film. Prices are per roll.














","<html>

<head><title>FF200 Printable Ferrous Film (Non adhesive)- 1260mm Wide</title>
</head>
<body>


<p>FF200 is a digitally printable ultra thin matt white iron based film that is soft, lightweight and highly receptive to magnet. Once printed it is easy to roll up and post making it perfect for quick change in-store displays applied onto our self-adhesive magnetic film.</p>


<span style=""font-weight: bold; color: #d7328a;"">Structure:</span>
<ul><li>0.18mm PET with a matt white ferrous coating</li>
<li>85&#177;5% Iron powder content</li>
<li>5g/cm&sup2; magnetic pull
</li></ul>

<a><img style=""border: 0px solid ; width: 75px; height: 75px; float: right;"" alt=""pvc free""
src=""media/ecom/onpagegraphics/PVC_free_logo.png""></a>

<span style=""font-weight: bold; color: #d7328a;"">Suitability:</span>
<ul><li>Suitable for internal applications up to 6 months</li>
<li>Use in conjunction with a self-adhesive magnetic film for quick-change in-store graphics and displays</li>
<li>Flexible material for smooth flat surfaces and slightly curved panels</li></ul>

<span style=""font-weight: bold; color: #d7328a;"">Advantages:</span>
<ul><li>PVC Free for environmentally friendly applications</li>
<li>Highly magnet receptive</li>
<li>Lightweight and easy to roll up for transporting and posting to site</li>
<li>Easy to cut with scissors, knives or die-cutting
</li></ul>

<span style=""font-weight: bold; color: #d7328a;"">Ink Compatability:</span><br><ul>
<img style=""margin: 0px 5px 0px 0px; width: 15px; height: 25px;"" alt=""Eco-Sol Ink""
src=""media/ecom/onpagegraphics/Ink-EcoSol.png"">Eco-solvent &nbsp;&nbsp;
<img style=""margin: 0px 5px 0px 0px; width: 15px; height: 25px;"" alt=""UV Ink""
src=""media/ecom/onpagegraphics/Ink-UV.png"">UV &nbsp;&nbsp;
<img style=""margin: 0px 5px 0px 0px; width: 15px; height: 25px;"" alt=""Latex Ink""
src=""media/ecom/onpagegraphics/Ink-Latex.png"">Latex (requires test print)</ul><br>


<span style=""font-weight: bold; color: #d7328a;"">Technical Information:</span><br>
<ul>
<a href=""media/ecom/pdfs/datasheets/FF200.pdf"" target=""_blank""><img
style=""border: 0px solid ; width: 200px; height: 60px;"" alt=""FF200 Datasheet""
src=""media/ecom/onpagegraphics/Datasheet.png""></a>
<a href=""https://www.dorotape.co.uk/Print-Profiles-User-Guide""
target=""_blank""><img style=""width: 200px; height: 60px;"" alt=""printing profile guide""
src=""media/ecom/onpagegraphics/Profile.png""></a><br></ul>

<p><a href=https://www.dorotape.co.uk/Article/MagvFerro target=""_blank""><img style=""border: 0px solid ; width: 50px; height: 50px;"" alt=""link to our blog""
src=""media/ecom/onpagegraphics/Blog.png""></p>
<span style=""color:#d7328a""><b>Learn more about magnetic vinyl and ferrous film by reading about it in our Blog</b></span></a></p>

<p style=""font-weight: bold; font-size: 1.0em;"">Prices shown are per roll at 1260mm wide</p>


</body>

</html>","FF200-Ferrous.jpg","FF200-Ferrous.jpg","INVITEMS","DEFAULT-Printable-Ferrous-Film-DEFAULT-Printable-Ferrous-Film","","","0","0","0","","1","REGONLY","0","0","0","0","","","","SELECT","SELECT","0","","","","","0","0","","income-service","","","0","0","","FREESHIPPING","","","Magnetic_Ferrous","Magnetic_Ferrous, Digital_Print_Magnetic_Ferrous, PVC_Free_Media","","","0","D90541250","","A","superuser","ADHESIVE_NON","GRADE_FERROUS","SUITABILITY_INDOOR, SUITABILITY_WALL_DECORATION","","","","","","","","","","","FF200-Printable-Ferrous-Film","0","ferro, ferrous, mag, magnet, magnetic, magnet receptive







































","","","1489929536","0","","0","","CHECKBOX"
"PrintingFAQ","Digital Printing FAQ's","3334","DEFAULT","3","0","DEFAULT","","","","","0","Get help on those digital printing topics.





","
<meta content=""text/html; charset=ISO-8859-1"" http-equiv=""content-type"">
<title>Help &amp; Advise - Printer</title>


<strong>Frequently discussed printer related topics<br>
</strong><br>
<ul>
<li><a href=""ecom-prodshow/Printing+FAQ.html#banding"">Banding
during printing</a></li>
<li><a href=""ecom-prodshow/Printing+FAQ.html#banner_feed"" title=""Banner material doesn't feed properly"">Banner
material doesn't feed into printer properly</a></li>
<li><a href=""ecom-prodshow/Printing+FAQ.html#Blurred_image"">Blurred
image</a></li>
<li><a href=""ecom-prodshow/Printing+FAQ.html#colour_washed_out"" title=""Colours appear washed out"">Colours appear washed out</a></li>
<li><a href=""ecom-prodshow/Printing+FAQ.html#edge_curl"" title=""Edge curl after print &amp; Cut"">Edge curl after print
&amp; cut</a></li>
<li><a href=""ecom-prodshow/Printing+FAQ.html#flecks_in_print"" title=""Flecks appearing in the print"">Flecks appearing in
the print</a></li>
<li><a href=""ecom-prodshow/Printing+FAQ.html#image_pixelated"" title=""Images appear pixelated or blurred"">Images appear
pixelated or blurred</a></li>
<li><a href=""ecom-prodshow/Printing+FAQ.html#ink_pooling"" title=""Ink pooling during printing"">Ink pooling during
printing</a></li>
<li><a href=""ecom-prodshow/Printing+FAQ.html#laminating_problems"">Laminating
Film problems</a><br>
</li>
<li><a href=""ecom-prodshow/Printing+FAQ.html#uneven_colours"" title=""Uneven colours when printing"">Uneven colours when
printing</a></li>
<li><a href=""ecom-prodshow/Printing+FAQ.html#vinyl_not_releasing_from_backing"" title=""Vinyl not releasing from its backing liner"">Vinyl not
releasing from its backing liner</a></li>
<li><a href=""ecom-prodshow/Printing+FAQ.html#vinyl_lifting"" title=""Vinyl peeling, cracking or edge lifting"">Vinyl
peeling, cracking
or edge lifting</a></li>
<li><a href=""ecom-prodshow/Printing+FAQ.html#vinyl_tunnelling"" title=""Vinyl tunnelling"">Vinyl tunnelling</a></li>
<li><a href=""ecom-prodshow/Printing+FAQ.html#watermark_in_print"" title=""Watermark appears during printing"">Watermark appears
during printing</a></li>
</ul>
<br>
<p><a name=""banding""></a><strong>Banding
during printing</strong></p>
<p>Generally the printer should print slower for high quality
prints when it is outputting
more ink and faster for lower quality prints when less ink is being
used.</p>
<p>Consistant&nbsp; horizontal banding is something that may appear
when
printing areas of solid colour
if the ink is being put down too fast for it to dry adequately before
the next print pass.
The result is the overlap of ink on the subsequent bi-directional pass
forming the banding.</p>
<p>To alliviate this effect either use a slower print speed or
re-print using a setting
that uses less ink or switch to printing in a uni-directional mode.
&nbsp;Check that the correct profile is being used.</p>
<p>Wider horizontal banding issues more commonly seen at the edges of
the roll (or may appear as a watermark) can be caused when the roll of
media has been stored on it's side instead of being stored vertically
on end or when the roll has been rested on the printers feeder rollers
overnight. &nbsp;</p>
<p>Very narrow horizontal banding (may also appear as fuzzy text) may
be the result of innaccurate printer nozzle alignment and the nozzle
cleaning function should be performed until a solid colour is acheived.</p>
<p>Vertical banding in the print is the result of variable ink
saturation and it is important to make sure that the heaters are
working correctly and that the heater settings are set to the right
temperature. &nbsp;Too hot and some media will ripple, too cool and the
ink will not dry.</p>
<p style=""padding-bottom: 30px;""><a href=""ecom-prodshow/Printing+FAQ.html"" title=""Back to Top of Page"">Back to Top &lt;&lt; </a></p>
<p><a name=""banner_feed""></a><strong>Banner
material doesn't feed properly</strong></p>
<p>This is often due to the weight of the material roll causing
too much
resistance against
the friction feed of the printer.&nbsp;</p>
<p>To overcome this issue, which is more of a problem with some
older printers we
offer to rewind down 50m rolls to 2 rolls of 25m at no extra cost.
If this is not practical you can overcome this by manually unwinding
the required amount so that it feeds into the printer without
resistance.</p>
<p style=""padding-bottom: 30px;""><a href=""ecom-prodshow/Printing+FAQ.html"" title=""Back to Top of Page"">Back to Top &lt;&lt;</a></p>
<p><span style=""text-decoration: underline;""><span style=""font-weight: bold;""><span style=""text-decoration: underline;""></span></span></span></p>
<p><span style=""font-weight: bold;""><a name=""Blurred_image""></a>Blurred
image</span></p>
<p><span style=""text-decoration: underline;""><span style=""font-weight: bold;""><span style=""text-decoration: underline;""></span></span></span>Check
the original image file to make sure that the quality if high enough
for it to be printed at a high resolution.&nbsp;</p>
<p style=""padding-bottom: 30px;""><a href=""ecom-prodshow/Printing+FAQ.html"" title=""Back to Top of Page"">Back to Top &lt;&lt; </a></p>
<br>
<a name=""colour_washed_out""></a><strong>Colours
appear washed out</strong>
<p>When printing onto transparent or translucent media for window
graphics
and backlit signs the colours can looked washed out. The best way to
overcome this is to overprint the graphics
again so doubling
up on the amount of ink and colour depth.<br>
</p>
<p style=""padding-bottom: 30px;""><a href=""ecom-prodshow/Printing+FAQ.html"" title=""Back to Top of Page"">Back to Top &lt;&lt; </a></p>
<p><a name=""edge_curl""></a><strong>Edge
curl after print &amp; cut</strong></p>
<p>This can be a problem on self adhesive materials if it is
contour cut
straight
after printing especially in darker coloured areas where there is the
most ink
output as the retained solvent from the ink causes the vinyl to soften.</p>
<p>Either select a thicker vinyl such as <a href=""http://www.dorodigital.co.uk/khxc/index.php?app=gbu0&amp;ns=prodshow&amp;ref=D_Jet_100"" title=""Xerox D-Jet 100"">Xerox D-Jet 100 </a>or <a href=""http://www.dorodigital.co.uk/khxc/index.php?app=gbu0&amp;ns=prodshow&amp;ref=D_Jet_200_1400"" title=""D-Jet 200"">D-Jet 200 </a>as these have a
heavier face film and this reduces the likelihood of lifting or allow
24 hours for
the ink to dry before countour cutting.</p>
<p>Do not cut into the printed image as heavy concentrations of
eco solvent ink will
contribute to shrinkage and edge curl. Instead leave a 5mm border
around the image
and always conduct a suitability test.</p>
<p style=""padding-bottom: 30px;""><a href=""ecom-prodshow/Printing+FAQ.html"" title=""Back to Top of Page"">Back to Top &lt;&lt; </a></p>
<p><a name=""flecks_in_print""></a><strong>Flecks
appearing in the print</strong></p>
<p>This is caused by dust or debris contamination from the print
room environment.
The inks tends to either accumulate around this settled debris and so
appears as
a dark fleck
or disperses around the debris and appears as an
unprinted&nbsp;white dot. Either way
it
is important to clean the area thoroughly and&nbsp;dry wipe the
roll using a clean lint free cloth
before trying again.
</p>
<p style=""padding-bottom: 30px;""><a href=""ecom-prodshow/Printing+FAQ.html"" title=""Back to Top of Page"">Back to Top &lt;&lt; </a></p>
<p><a name=""image_pixelated""></a><strong>Image
appears pixelated or blurred</strong></p>
<p>The reason for this is generally the quality of the original
file source or the
editing of the file. It is important to ensure that the resolution
of the original file is of a quality high enough to give satisfactory
results.
</p>
<p style=""padding-bottom: 30px;""><a href=""ecom-prodshow/Printing+FAQ.html"" title=""Back to Top of Page"">Back to Top &lt;&lt; </a></p>
<p><a name=""ink_pooling""></a><strong>Ink
pooling during printing</strong></p>
<p>Caused when too much ink is put down by the printer and shows up as
damp looking areas of&nbsp;colour and is especially noticable on gloss
surfaces. Check that the correct profile has been used and that the
heaters are functioning properly. &nbsp;Also, make sure that the roll
of media is at room temperature as cold rolls can exagerate the issue.
&nbsp;
</p>
<p style=""padding-bottom: 30px;""><a href=""ecom-prodshow/Printing+FAQ.html"" title=""Back to Top of Page"">Back to Top &lt;&lt;</a></p>
<p><a name=""laminating_problems""></a><strong>Laminating Film Problems</strong></p>
<p>It is important to wait 48 hours before laminating your prints to
allow the solvents in the inks to gas off.&nbsp; Failure to do this may
result in excessive laminate shrinkage or delamination as excess
solvents can break down the adhesive structure.&nbsp; Note that some
pale colours may look different when laminated but there is no way
around this.<br>
</p>
<p style=""padding-bottom: 30px;""><a href=""ecom-prodshow/Printing+FAQ.html"" title=""Back to Top of Page"">Back to Top &lt;&lt;</a></p>
<p><a href=""http://dorodigital.co.uk/khxc/gbu0-prodshow/problem_solving.html"" title=""Back to Top of Page""><strong></strong></a></p>
<a name=""uneven_colours""></a><strong>Uneven
colour when printing</strong>
<p>More apparent when printing light pastel colours, the effect
being&nbsp;a
slight noticeable difference
of colour across the width of the roll.&nbsp; The easiest way to
prevent this happenning is to print
using the uni-directional mode.</p>
<p style=""padding-bottom: 30px;""><a href=""ecom-prodshow/Printing+FAQ.html"" title=""Back to Top of Page"">Back to Top &lt;&lt; </a></p>
<p><a name=""vinyl_not_releasing_from_backing""></a><strong>Vinyl
not releasing from its backing liner</strong></p>
<p>It is sometimes easy to assume that the application tape is
too low tack to remove
the cut and weeded text / graphics however this rarely the case.</p>
<p>More often than not the reason for this problem comes down to
excessive cutting blade
pressure, which scores into the backing liner. The best way of checking
is by peeling
back some cut graphics and checking that the blade has only just marked
the backing liner
and that there is no scoring into the liner. Now check the reverse of
the backing liner
to check there are no visible impressions of the cut path coming
through.
If this is visible you need to reduce the cutting pressure
incrementally and produce a
number of test cuts to acheive the optimum pressure. Once this has been
done the graphics
should lift away easily.</p>
<p>The best method of removal instead of pulling the application
tape away from the surface
of the graphics is to turn the graphics over and remove the backing
liner away from the adhesive side.</p>
<p>Please note that each type of material will require you to
perform this test cut routine to
ensure optimum cutting pressure. Thicker materials such as fluorescents
and reflectives
as well as some polyester films generally require greater pressure than
standard vinyls
while thinner materials such as cast vinyls will require less pressure.
It may also be
neccessary to change the cutting blade for one with a greater angle for
sandblast
vinyls, reflectives and fluorescents as well as flock materials.</p>
<p style=""padding-bottom: 30px;""><a href=""ecom-prodshow/Printing+FAQ.html"" title=""Back to Top of Page"">Back to Top &lt;&lt; </a></p>
<p><a name=""vinyl_lifting""></a><strong>Vinyl
peeling, cracking or edge lifting</strong></p>
<p>The most important factor here is selecting the most suitable
film for the
job and remembering that although cast vinyl can be worked into
channels
and recesses as well as around compound curves using heat calenderd
vinyl should
applied onto these areas without putting the film under any
stress.</p>
<p>It is important to promote the initial adhesive contact to
ensure that graphics
do not lift or peel. Surfaces should be cleaned, dried and wiped with
Isopropyl
alcohol before any graphics are applied. In cold conditions it is best
to apply
heat after application to further enhance the bond.</p>
When applying lettering to the sides of tankers and other
vehicles transporting
aggresive liquids such as fuel or solvents we advise that the edges
should be
sealed with a protective varnish.
<p style=""padding-bottom: 30px;""><a href=""ecom-prodshow/Printing+FAQ.html"" title=""Back to Top of Page"">Back to Top &lt;&lt; </a></p>
<a name=""vinyl_tunnelling""></a><strong>Vinyl
tunnelling or rippling</strong>
<p>This is noticable at the point of printing when the vinyl ripples or
seperates from the liner and a 'tunnel'
appears
at the edge of the roll and works its way towards the centre of the
roll. It is caused by the heat of the printer being set too high, often
done to speed up the ink drying process. This excess heat caused the
face
film to expand&nbsp;on the relase liner resulting in
delamination. &nbsp;</p>
<p style=""padding-bottom: 30px;""><a href=""ecom-prodshow/Printing+FAQ.html"" title=""Back to Top of Page"">Back to Top &lt;&lt; </a></p>
<p><a name=""watermark_in_print""></a><strong>Watermark
appears during printing</strong></p>
<p>This effect is noticed towards each end of the media roll and
may be
due to the fact that the roll has been left resting on&nbsp;the
printers feeder rollers for some time, perhaps overnight. The weight of
the roll
resting on the support
rollers
for this long period&nbsp;causes pressure through the roll and when
printed
the uneven surface causes this random effect. &nbsp;When not in use the
rolls of media should be stored vertically on end or in a properly
supportive carton as this can cause the same effect.</p>
<p style=""padding-bottom: 30px;""><a href=""ecom-prodshow/Printing+FAQ.html"" title=""Back to Top of Page"">Back to Top &lt;&lt; </a>
</p>



","Printing.jpg","Printing.jpg","NOTFORSALE","","","","0","0","0","","1","REGONLY","0","0","0","0","","","","SELECT","SELECT","0","","","









","","0","0","","income-service","","","0","0","","","","","1425_W15BO","","","","0","","","A","","","","","","","","","","","","","","","","0","









","","","1774869564","0","","0","","CHECKBOX"
"PTAAF1220","Ritrama PTA Airflow Silver Etch :: 1220mm Wide","PTAAF","Ritrama","40","9","DEFAULT","","","","","0","Ritrama PTA Airflow Silver Etch is a superb translucent material with a semi-permanent solvent acrylic adhesive for creating that sandblast look on windows, office partitions etc. This film gives a uniform appearance onto glass, mirrors and acrylic and is suitable for interior & exterior use. Dry Apply only. Buy it by the metre.

","<html>

<head><title>Ritrama PTA Airflow Silver Etch - 1220mm Wide</title>
</head>

<style>
.responsive {
  width: 50%;
  height: auto;
}
</style>
<body>
<img src=""media/ecom/onpagegraphics/Fedrigoni_Logo.jpg"" alt=""Fedrigoni Logo"" class=""responsive"">

<p>Ritrama PTA Airflow Silver Etch is a superb translucent material with a solvent acrylic adhesive for creating that sandblast look on windows, office partitions etc.</p>

<span style=""font-weight: bold; color: #d7328a;"">Structure:</span>
<ul><li>80<span>&#181;</span>m Polymeric translucent PVC</li>
<li>Solvent based  adhesive - Semi-permanent</li>
<li>Embossed PE coated kraft liner - 140g/m<sup>2</sup>
</li></ul>

<span style=""font-weight: bold; color: #d7328a;"">Suitability:</span>
<ul><li>Dry Apply only</li>
<li>The airflow, solvent based semi-permanent adhesive makes this range perfect for dry applying to glass, acrylic and mirrors, giving a streak free uniform appearance</li>
<li>Turn an ordinary glass window into high quality corporate identity or trendy graphics with a strikingly modern look</li>
<li>Create sandblasted or frosted appearance on windows and office partitions</li>
<li>Reduces glare and creates a more elegant, modern aesthetic</li>
<li>Short term removability for temporary applications
</li></ul>

<span style=""font-weight: bold; color: #d7328a;"">Advantages:</span>
<ul><li>Airflow adhesive for trouble-free, bubble free application</li>
<li>Semi-permanent adhesive for easy short-term removability</li>
<li>Up to 5 years outdoor durability</li>
<li>Polymeric grade film and is easy to cad-cut and weed for a professional long lasting finish</li>
<li>Resistant to UV light, seawater, oils, hydrocarbons and gasoline</li>
<li>Repositionable during application for effortless adjustments</li>
<li>Fire Rated to Euroclass DIN EN 13501-1:2018 with classification. B-s1-d0
</li></ul>

<span style=""font-weight: bold; color: #d7328a;"">Technical Information:</span> <ul>
<p><a href=""media/ecom/pdfs/datasheets/ETCH GLASS-PTA-AIRFLOW-SILVER-05499.pdf"" target=""_blank""><img
style=""border: 0px solid ; width: 200px; height: 60px;"" alt=""pdf""
src=""media/ecom/onpagegraphics/Datasheet.png""></a>
<a href=""media/ecom/pdfs/firecertificates/Statement_Fire Resistance_EN13501_Ri-Mark Etched Glass_B-s1d0_20250908.pdf"" target=""_blank""><img
style=""border: 0px solid ; width: 200px; height: 60px;"" alt=""Ritrama Etch Fire Certifcate""
src=""media/ecom/onpagegraphics/Fire.png""></a>
<a href=""media/ecom/colselxl/Colourcard_RITRAMA_ETCH.pdf"" target=""_blank""><img
style=""border: 0px solid ; width: 200px; height: 60px;"" alt=""pdf""
src=""media/ecom/onpagegraphics/Colour.png""></a></ul>
<a href=https://www.dorotape.co.uk/Article/Glass-Etch-Vinyl target=""_blank""><img style=""border: 0px solid ; width: 50px; height: 50px;"" alt=""link to our blog""
src=""media/ecom/onpagegraphics/Blog.png"">
<span style=""color:#d7328a""><b>Learn more about applying glass etch vinyl wet and dry by reading about it in our Blog</b></span></a></p>

<p style=""font-weight: bold; font-size: 0.9em;"">Prices shown are per linear metre at 1220mm wide</p>


</body>
</html>

","5600_Etch.jpg","5600_Etch.jpg","INVITEMS","DEFAULT-PTAAF1220-DEFAULT-PTAAF1220","","","0","0","0","","1","REGONLY","0","0","0","0","","","","SELECT","SELECT","0","","","","","0","0","","income-service","","","0","0","","","","","Silver_Glass_Etch","Silver_Glass_Etch","","","0","SGE56GB1220, DGE56D1220, FCE57_1220, Blue_Max, Fusion_5, Olfa_Graphic_Cutter, Olfa_X_Design_Heavy_Duty_Knife, Lint-Free-Gloves, Masking_Tape_25mm, Aslan_Squeegee, Swann_Morton_3_Handle, Swann_Morton_10A_Blades, Float_On, IPA_100, Anti_Static_Cleaner,","Blue_Max, Fusion_5, Olfa_Graphic_Cutter, Olfa_X_Design_Heavy_Duty_Knife, Lint-Free-Gloves, Masking_Tape_25mm, Aslan_Squeegee, Swann_Morton_3_Handle, Swann_Morton_10A_Blades, Float_On, IPA_100, Anti_Static_Cleaner,","A","","","","","","","","","","","","","","","","0","glass etch, etch glass, etched glass, frosted glass, frosted vinyl, frosted film, etch glass vinyl, etch glass film, PTA, airflow, airfree, easy apply

","","","1654779266","0","","0","","CHECKBOX"
"PTAS1220","Ritrama PTAS Dark Silver Etch :: 1220mm Wide","PTAS","Ritrama","50","8","DEFAULT","","","","","0","Ritrama PTAS Dark Silver Etch is a superb translucent material with a solvent acrylic adhesive for creating that sandblast look on windows, office partitions etc. This film gives a uniform appearance onto glass, mirrors and acrylic and is suitable for interior & exterior use. Buy it by the metre.


","<html>
<head><title>Ritrama PTAS Dark Silver Etch - 1220mm Wide</title>
</head>
<style>

.responsive {
  width: 50%;
  height: auto;
}
</style>
<body>
<img src=""media/ecom/onpagegraphics/Fedrigoni_Logo.jpg"" alt=""Fedrigoni Logo"" class=""responsive"">

<p>Ritrama PTAS Dark Silver Etch is a superb translucent material with a solvent acrylic adhesive for creating that sandblast look on windows, office partitions etc.</p>

<span style=""font-weight: bold; color: #d7328a;"">Structure:</span>
<ul><li>80<span>&#181;</span>m Polymeric translucent PVC</li>
<li>Solvent based acrylic adhesive - Permanent</li>
<li>Siliconised clay coated kraft liner - 135g/m<sup>2</sup>
</li></ul>

<span style=""font-weight: bold; color: #d7328a;"">Suitability:</span>
<ul><li>The solvent based acrylic adhesive makes this range perfect for wet applying to glass, acrylic and mirrors, giving a streak free uniform appearance</li>
<li>Turn an ordinary glass window into high quality corporate identity or trendy graphics with a strikingly modern look</li>
<li>Create sandblasted or frosted appearance on windows and office partitions</li>
<li>Reduces glare and creates a more elegant, modern aesthetic
</li></ul>

<span style=""font-weight: bold; color: #d7328a;"">Advantages:</span>
<ul><li>Up to 5 years outdoor durability</li>
<li>Polymeric grade film and is easy to cad-cut and weed for a professional long lasting finish</li>
<li>Resistant to UV light, seawater, oils, hydrocarbons and gasoline
<li>Fire Rated to Euroclass DIN EN 13501-1:2018 with classification. B-s1-d0</li></ul>

<span style=""font-weight: bold; color: #d7328a;"">Technical Information:</span> <ul>
<p><a href=""media/ecom/pdfs/datasheets/Ritrama_PTA_Etch.pdf"" target=""_blank""><img
style=""border: 0px solid ; width: 200px; height: 60px;"" alt=""pdf""
src=""media/ecom/onpagegraphics/Datasheet.png""></a>
<a href=""media/ecom/pdfs/firecertificates/Statement_Fire Resistance_EN13501_Ri-Mark Etched Glass_B-s1d0_20250908.pdf"" target=""_blank""><img
style=""border: 0px solid ; width: 200px; height: 60px;"" alt=""Ritrama Etch Fire Certifcate""
src=""media/ecom/onpagegraphics/Fire.png""></a>
<a href=""media/ecom/colselxl/Colourcard_RITRAMA_ETCH.pdf"" target=""_blank""><img
style=""border: 0px solid ; width: 200px; height: 60px;"" alt=""pdf""
src=""media/ecom/onpagegraphics/Colour.png""></a></ul>
<a href=https://www.dorotape.co.uk/Article/Glass-Etch-Vinyl target=""_blank""><img style=""border: 0px solid ; width: 50px; height: 50px;"" alt=""link to our blog""
src=""media/ecom/onpagegraphics/Blog.png"">
<span style=""color:#d7328a""><b>Learn more about applying glass etch vinyl wet and dry by reading about it in our Blog</b></span></a></p>

<p style=""font-weight: bold; font-size: 0.9em;"">Prices shown are per linear metre at 1220mm wide</p>

</body>
</html>
","PTAS.jpg","PTAS.jpg","INVITEMS","DEFAULT-PTAS1220-DEFAULT-PTAS1220","","","0","0","0","","1","REGONLY","0","0","0","0","","","","SELECT","SELECT","0","","","","","0","0","","income-service","","","0","0","","","https://www.youtube.com/embed/BRLnyKJU_vU","","Silver_Glass_Etch","Silver_Glass_Etch","","","0","SGE56GB1220, DGE56D1220, FCE57_1220, Blue_Max, Fusion_5, Olfa_Graphic_Cutter, Olfa_X_Design_Heavy_Duty_Knife, Lint-Free-Gloves, Masking_Tape_25mm, Aslan_Squeegee, Swann_Morton_3_Handle, Swann_Morton_10A_Blades, Float_On, IPA_100, Anti_Static_Cleaner,","Blue_Max, Fusion_5, Olfa_Graphic_Cutter, Olfa_X_Design_Heavy_Duty_Knife, Lint-Free-Gloves, Masking_Tape_25mm, Aslan_Squeegee, Swann_Morton_3_Handle, Swann_Morton_10A_Blades, Float_On, IPA_100, Anti_Static_Cleaner,","A","","","","","","","","","","","","","","","Ritrama-PTAS-Etch-1220","0","glass etch, etch glass, etched glass, frosted glass, frosted vinyl, frosted film, etch glass vinyl, etch glass film, PTAS

","","","1518789013","0","","0","","CHECKBOX"
"PTAS1520","Ritrama PTAS Dark Silver Etch :: 1520mm Wide","PTAS","Ritrama","60","10","DEFAULT","","","","","0","Ritrama PTAS Dark Silver Etch is a superb translucent material with a solvent acrylic adhesive for creating that sandblast look on windows, office partitions etc. This film gives a uniform appearance onto glass, mirrors and acrylic and is suitable for interior & exterior use. Buy it by the metre.","<html>
<head><title>Ritrama PTAS Dark Silver Etch - 1520mm Wide</title>
</head>
<style>

.responsive {
  width: 50%;
  height: auto;
}
</style>
<body>
<img src=""media/ecom/onpagegraphics/Fedrigoni_Logo.jpg"" alt=""Fedrigoni Logo"" class=""responsive"">

<p>Ritrama PTAS Dark Silver Etch is a superb translucent material with a solvent acrylic adhesive for creating that sandblast look on windows, office partitions etc.</p>

<span style=""font-weight: bold; color: #d7328a;"">Structure:</span>
<ul><li>80<span>&#181;</span>m Polymeric translucent PVC</li>
<li>Solvent based acrylic adhesive - Permanent</li>
<li>Siliconised clay coated kraft liner - 135g/m<sup>2</sup>
</li></ul>

<span style=""font-weight: bold; color: #d7328a;"">Suitability:</span>
<ul><li>The solvent based acrylic adhesive makes this range perfect for wet applying to glass, acrylic and mirrors, giving a streak free uniform appearance</li>
<li>Turn an ordinary glass window into high quality corporate identity or trendy graphics with a strikingly modern look</li>
<li>Create sandblasted or frosted appearance on windows and office partitions</li>
<li>Reduces glare and creates a more elegant, modern aesthetic
</li></ul>

<span style=""font-weight: bold; color: #d7328a;"">Advantages:</span>
<ul><li>Up to 5 years outdoor durability</li>
<li>Polymeric grade film and is easy to cad-cut and weed for a professional long lasting finish</li>
<li>Resistant to UV light, seawater, oils, hydrocarbons and gasoline
<li>Fire Rated to Euroclass DIN EN 13501-1:2018 with classification. B-s1-d0</li></ul>

<span style=""font-weight: bold; color: #d7328a;"">Technical Information:</span> <ul>
<p><a href=""media/ecom/pdfs/datasheets/Ritrama_PTA_Etch.pdf"" target=""_blank""><img
style=""border: 0px solid ; width: 200px; height: 60px;"" alt=""pdf""
src=""media/ecom/onpagegraphics/Datasheet.png""></a>
<a href=""media/ecom/pdfs/firecertificates/Statement_Fire Resistance_EN13501_Ri-Mark Etched Glass_B-s1d0_20250908.pdf"" target=""_blank""><img
style=""border: 0px solid ; width: 200px; height: 60px;"" alt=""Ritrama Etch Fire Certifcate""
src=""media/ecom/onpagegraphics/Fire.png""></a>
<a href=""media/ecom/colselxl/Colourcard_RITRAMA_ETCH.pdf"" target=""_blank""><img
style=""border: 0px solid ; width: 200px; height: 60px;"" alt=""pdf""
src=""media/ecom/onpagegraphics/Colour.png""></a></ul>
<a href=https://www.dorotape.co.uk/Article/Glass-Etch-Vinyl target=""_blank""><img style=""border: 0px solid ; width: 50px; height: 50px;"" alt=""link to our blog""
src=""media/ecom/onpagegraphics/Blog.png"">
<span style=""color:#d7328a""><b>Learn more about applying glass etch vinyl wet and dry by reading about it in our Blog</b></span></a></p>


<p style=""font-weight: bold; font-size: 0.9em;"">Prices shown are per linear metre at 1520mm wide</p>


</body>
</html>","PTAS.jpg","PTAS.jpg","INVITEMS","DEFAULT-PTAS1520-DEFAULT-PTAS1520","","","0","0","0","","1","REGONLY","0","0","0","0","","","","SELECT","SELECT","0","","","","","0","0","","income-service","","","0","0","","","https://www.youtube.com/embed/BRLnyKJU_vU","","Silver_Glass_Etch","Silver_Glass_Etch, Decorative-Window-Films","","","0","SGE56GB1220, DGE56D1220, FCE57_1220, Blue_Max, Fusion_5, Olfa_Graphic_Cutter, Olfa_X_Design_Heavy_Duty_Knife, Lint-Free-Gloves, Masking_Tape_25mm, Aslan_Squeegee, Swann_Morton_3_Handle, Swann_Morton_10A_Blades, Float_On, IPA_100, Anti_Static_Cleaner,","Blue_Max, Fusion_5, Olfa_Graphic_Cutter, Olfa_X_Design_Heavy_Duty_Knife, Lint-Free-Gloves, Masking_Tape_25mm, Aslan_Squeegee, Swann_Morton_3_Handle, Swann_Morton_10A_Blades, Float_On, IPA_100, Anti_Static_Cleaner,","A","","","","","","","","","","","","","","","Ritrama-PTAS-Etch-1520","0","glass etch, etch glass, etched glass, frosted glass, frosted vinyl, frosted film, etch glass vinyl, etch glass film, PTAS
","","","1518789081","0","","0","","CHECKBOX"
"PTAS610","Ritrama PTAS Dark Silver Etch :: 610mm Wide","PTAS","Ritrama","40","4","DEFAULT","","","","","0","Ritrama PTAS Dark Silver Etch is a superb translucent material with a solvent acrylic adhesive for creating that sandblast look on windows, office partitions etc. This film gives a uniform appearance onto glass, mirrors and acrylic and is suitable for interior & exterior use. Buy it by the metre.

","<html>
<head><title>Ritrama PTAS Dark Silver Etch - 610mm Wide</title>
</head>
<style>

.responsive {
  width: 50%;
  height: auto;
}
</style>
<body>
<img src=""media/ecom/onpagegraphics/Fedrigoni_Logo.jpg"" alt=""Fedrigoni Logo"" class=""responsive"">

<p>Ritrama PTAS Dark Silver Etch is a superb translucent material with a solvent acrylic adhesive for creating that sandblast look on windows, office partitions etc.</p>

<span style=""font-weight: bold; color: #d7328a;"">Structure:</span>
<ul><li>80<span>&#181;</span>m Polymeric translucent PVC</li>
<li>Solvent based acrylic adhesive - Permanent</li>
<li>Siliconised clay coated kraft liner - 135g/m<sup>2</sup>
</li></ul>

<span style=""font-weight: bold; color: #d7328a;"">Suitability:</span>
<ul><li>The solvent based acrylic adhesive makes this range perfect for wet applying to glass, acrylic and mirrors, giving a streak free uniform appearance</li>
<li>Turn an ordinary glass window into high quality corporate identity or trendy graphics with a strikingly modern look</li>
<li>Create sandblasted or frosted appearance on windows and office partitions</li>
<li>Reduces glare and creates a more elegant, modern aesthetic
</li></ul>

<span style=""font-weight: bold; color: #d7328a;"">Advantages:</span>
<ul><li>Up to 5 years outdoor durability</li>
<li>Polymeric grade film and is easy to cad-cut and weed for a professional long lasting finish</li>
<li>Resistant to UV light, seawater, oils, hydrocarbons and gasoline
<li>Fire Rated to Euroclass DIN EN 13501-1:2018 with classification. B-s1-d0</li></ul>

<span style=""font-weight: bold; color: #d7328a;"">Technical Information:</span> <ul>
<p><a href=""media/ecom/pdfs/datasheets/Ritrama_PTA_Etch.pdf"" target=""_blank""><img
style=""border: 0px solid ; width: 200px; height: 60px;"" alt=""pdf""
src=""media/ecom/onpagegraphics/Datasheet.png""></a>
<a href=""media/ecom/pdfs/firecertificates/Statement_Fire Resistance_EN13501_Ri-Mark Etched Glass_B-s1d0_20250908.pdf"" target=""_blank""><img
style=""border: 0px solid ; width: 200px; height: 60px;"" alt=""Ritrama Etch Fire Certifcate""
src=""media/ecom/onpagegraphics/Fire.png""></a>
<a href=""media/ecom/colselxl/Colourcard_RITRAMA_ETCH.pdf"" target=""_blank""><img
style=""border: 0px solid ; width: 200px; height: 60px;"" alt=""pdf""
src=""media/ecom/onpagegraphics/Colour.png""></a></ul>
<a href=https://www.dorotape.co.uk/Article/Glass-Etch-Vinyl target=""_blank""><img style=""border: 0px solid ; width: 50px; height: 50px;"" alt=""link to our blog""
src=""media/ecom/onpagegraphics/Blog.png"">
<span style=""color:#d7328a""><b>Learn more about applying glass etch vinyl wet and dry by reading about it in our Blog</b></span></a></p>


<p style=""font-weight: bold; font-size: 0.9em;"">Prices shown are per linear metre at 610mm wide</p>


</body>
</html>
","PTAS.jpg","PTAS.jpg","INVITEMS","DEFAULT-PTAS610-DEFAULT-PTAS610","","","0","0","0","","1","REGONLY","0","0","0","0","","","","SELECT","SELECT","0","","","","","0","0","","income-service","","","0","0","","","https://www.youtube.com/embed/BRLnyKJU_vU","","Silver_Glass_Etch","Silver_Glass_Etch","","","0","DGE56D0610, FCE57_0610, SGE56GB0610, Blue_Max, Fusion_5, Olfa_Graphic_Cutter, Olfa_X_Design_Heavy_Duty_Knife, Lint-Free-Gloves, Masking_Tape_25mm, Aslan_Squeegee, Swann_Morton_3_Handle, Swann_Morton_10A_Blades, Float_On, IPA_100, Anti_Static_Cleaner,","Blue_Max, Fusion_5, Olfa_Graphic_Cutter, Olfa_X_Design_Heavy_Duty_Knife, Lint-Free-Gloves, Masking_Tape_25mm, Aslan_Squeegee, Swann_Morton_3_Handle, Swann_Morton_10A_Blades, Float_On, IPA_100, Anti_Static_Cleaner,","A","","","","","","","","","","","","","","","Ritrama-PTAS-Etch-610","0","glass etch, etch glass, etched glass, frosted glass, frosted vinyl, frosted film, etch glass vinyl, etch glass film, PTAS


","","","1518788581","0","","0","","CHECKBOX"
"PureMirror","Pure Mirror Silver :: 1270mm Wide","PUREMIRRORS1270","Doro_Tape","8","28","DEFAULT","","","","","0","Pure Mirror Silver is a self-adhesive highly brilliant true mirror effect film. The 180 micron film has an airfree adhesive and comes with a thin protective top layer. Buy it by the metre.","<head><title>Pure Mirror Silver</title>

<style>
.responsive {
  width: 50%;
  height: auto;
}
</style>
</head>

<body>

<p>Pure Mirror Silver is a self-adhesive highly brilliant true mirror effect film.  The 180 micron film has an airfree adhesive and comes with a thin protective top layer.</p>

<span style=""font-weight: bold; color: #d7328a;"">Structure:</span><br>
<ul><li>20<span>&#181;</span>m PET Protection film</li>
<li>180<span>&#181;</span>m Mirrored PET film</li>
<li>Solvent based adhesive - Permanent</li>
<li>Clear structured PET Airfree liner - 75<span>&#181;</span>m 
</li></ul>

<a><img style=""margin: 5px; width: 75px; height: 75px; float: right;"" alt=""pvc free""
src=""media/ecom/onpagegraphics/PVC_free_logo.png""></a>

<span style=""font-weight: bold; color: #d7328a;"">Suitability:</span><br>
<ul><li>Suitable for indoor and outdoor applications to smooth flat surfaces</li>
<li>Perfect for shop fitting, visual merchandising, interior design and much more</li>
<li>Single sided use only due to the air-free adhesive</li>
<li>Suitable for outdoor use with a durability of 1 years</li>
</ul>

<span style=""font-weight: bold; color: #d7328a;"">Advantages:</span><br>
<ul><li>Air free adhesive for easy bubble free application</li>
<li>Features a protective film on the face of the material for blemish free installation - remove when installed</li>
<li>Brilliant true mirror reflection, almost like a real mirror</li>
<li>Fire Rated to Euroclass DIN EN 13501-1:2018 with classification B-s1-d0
</li></ul>

<span style=""font-weight: bold; color: #d7328a;"">Technical Information:</span><br>
<ul><a href=""media/ecom/pdfs/datasheets/Pure-Mirror-Silver.pdf"" target=""_blank""><img
style=""border: 0px solid ; width: 200px; height: 60px;"" alt=""Pure Mirror Silver Datasheet""
src=""media/ecom/onpagegraphics/Datasheet.png""></a>
<a href=""media/ecom/pdfs/firecertificates/Pure_Mirror.pdf"" target=""_blank""><img
style=""border: 0px solid ; width: 200px; height: 60px;"" alt=""Pure Mirror Fire Certificate""
src=""media/ecom/onpagegraphics/Fire.png""></a></ul>
<p style=""font-weight: bold; font-size: 0.9em;"">Prices shown are per linear metre at 1270mm wide</p>
</body>

</html>","Pure_Mirror.jpg","Pure_Mirror.jpg","INVITEMS","DEFAULT-PureMirror-DEFAULT-PUREMIRRORS1270","","","0","0","0","","1","REGONLY","0","0","0","0","","","","SELECT","SELECT","0","","","","","0","0","","income-service","","","0","0","SPLASH","","","","Mirrored_Films","Mirrored_Films, Silver-Films","","","0","Lint-Free-Cloths, Aslan_SE75_Mirror_Effect_Film_Test_Roll, Blue_Max, Fusion_5, Olfa_Graphic_Cutter, Olfa_X_Design_Heavy_Duty_Knife, Lint-Free-Gloves, Masking_Tape_25mm, Aslan_Squeegee, Swann_Morton_3_Handle, Swann_Morton_10A_Blades, Float_On, IPA_100, Anti_Static_Cleaner,","Blue_Max, Fusion_5, Olfa_Graphic_Cutter, Olfa_X_Design_Heavy_Duty_Knife, Lint-Free-Gloves, Masking_Tape_25mm, Aslan_Squeegee, Swann_Morton_3_Handle, Swann_Morton_10A_Blades, Float_On, IPA_100, Anti_Static_Cleaner,","A","admin, superuser","ADHESIVE_AIRFLOW","","SUITABILITY_WINDOW","","","","","","","","","","","Pure-Mirror-Silver","0","mirror, mirri, true mirror, perfect mirror, true mirror, silver, glossy, reflection, reflect vinyl, 

","Pure Mirror Silver","","1752153150","0","","0","","CHECKBOX"
"PUREMIRRORG1270","Pure Mirror Gold :: 1270mm Wide","PUREMIRRORG1270","Doro_Tape","8","28","DEFAULT","","","","","0","Pure Mirror Gold is a self-adhesive highly brilliant true mirror effect film. The 180 micron film has an airfree adhesive and comes with a thin protective top layer. Buy it by the metre.","<head><title>Pure Mirror Gold</title>

<style>
.responsive {
  width: 50%;
  height: auto;
}
</style>
</head>

<body>

<p>Pure Mirror Gold is a self-adhesive highly brilliant true mirror effect film.  The 180 micron film has an airfree adhesive and comes with a thin protective top layer.</p>

<span style=""font-weight: bold; color: #d7328a;"">Structure:</span><br>
<ul><li>20<span>&#181;</span>m PET Protection film</li>
<li>180<span>&#181;</span>m Mirrored PET film</li>
<li>Solvent based adhesive - Permanent</li>
<li>Clear structured PET Airfree liner - 75<span>&#181;</span>m 
</li></ul>

<a><img style=""margin: 5px; width: 75px; height: 75px; float: right;"" alt=""pvc free""
src=""media/ecom/onpagegraphics/PVC_free_logo.png""></a>

<span style=""font-weight: bold; color: #d7328a;"">Suitability:</span><br>
<ul><li>Suitable for indoor and outdoor applications to smooth flat surfaces</li>
<li>Perfect for shop fitting, visual merchandising, interior design and much more</li>
<li>Single sided use only due to the air-free adhesive</li>
<li>Suitable for outdoor use with a durability of 1 years</li>
<li>This film is silver on the adhesive side</li>
</ul>

<span style=""font-weight: bold; color: #d7328a;"">Advantages:</span><br>
<ul><li>Air free adhesive for easy bubble free application</li>
<li>Features a protective film on the face of the material for blemish free installation - remove when installed</li>
<li>Brilliant true mirror reflection, almost like a real mirror</li>
<li>Fire Rated to Euroclass DIN EN 13501-1:2018 with classification B-s1-d0
</li></ul>

<span style=""font-weight: bold; color: #d7328a;"">Technical Information:</span><br>
<ul><a href=""media/ecom/pdfs/datasheets/Pure-Mirror-Gold.pdf"" target=""_blank""><img
style=""border: 0px solid ; width: 200px; height: 60px;"" alt=""Pure Mirror Gold Datasheet""
src=""media/ecom/onpagegraphics/Datasheet.png""></a>
<a href=""media/ecom/pdfs/firecertificates/Pure_Mirror.pdf"" target=""_blank""><img
style=""border: 0px solid ; width: 200px; height: 60px;"" alt=""Pure Mirror Fire Certificate""
src=""media/ecom/onpagegraphics/Fire.png""></a></ul>
<p style=""font-weight: bold; font-size: 0.9em;"">Prices shown are per linear metre at 1270mm wide</p>
</body>

</html>","Pure-Mirror-Gold.webp","Pure-Mirror-Gold.webp","INVITEMS","DEFAULT-PUREMIRRORG1270-DEFAULT-PUREMIRRORG1270","","","0","0","0","","1","REGONLY","0","0","0","0","","","","SELECT","SELECT","0","","","","","0","0","","income-service","","","0","0","SPLASH","","","","Mirrored_Films","Mirrored_Films, Gold-Films","","","0","Lint-Free-Cloths, Aslan_SE75_Mirror_Effect_Film_Test_Roll, Blue_Max, Fusion_5, Olfa_Graphic_Cutter, Olfa_X_Design_Heavy_Duty_Knife, Lint-Free-Gloves, Masking_Tape_25mm, Aslan_Squeegee, Swann_Morton_3_Handle, Swann_Morton_10A_Blades, Float_On, IPA_100, Anti_Static_Cleaner,","Blue_Max, Fusion_5, Olfa_Graphic_Cutter, Olfa_X_Design_Heavy_Duty_Knife, Lint-Free-Gloves, Masking_Tape_25mm, Aslan_Squeegee, Swann_Morton_3_Handle, Swann_Morton_10A_Blades, Float_On, IPA_100, Anti_Static_Cleaner,","A","admin, superuser","ADHESIVE_AIRFLOW","","SUITABILITY_WINDOW","","","","","","","","","","","Pure-Mirror-Gold","0","mirror, mirri, true mirror, perfect mirror, true mirror, gold, glossy, reflection, reflect vinyl, 

","Pure Mirror Gold","","1758030045","0","","0","","CHECKBOX"
"Q2_Brushed_Silver","Q2 Hard Silver","Cover Styl' Q2","Cover_Styl","100","33","DEFAULT","","","","","0","Cover Styl' Q2 Hard Silver self-adhesive metal effect film. Buy it by the metre.

","<html>
<head>
<title>Cover Styl' Q2 Hard Silver</title></head>
<body>
<p><img style=""height: 76px; width: 300px;"" alt=""Cover Styl' logo""
src=""media/ecom/onpagegraphics/Coverstyl_Logo.png""></p>
<span style=""font-weight: bold; color: #588ec6;"">SUITABILITY:</span>
<p>This product is designed for interior application only and offers exceptional resistance to water, dirt, abrasion, UV rays and wear (yellowing, cracking, scaling, delamination). </p>
<span style=""font-weight: bold; color: #588ec6;"">MATERIAL CHARACTERISTICS:</span>
<ul><li>Grade: Polymeric</li>
<li>Thickness: 250 micron</li>
<li>Adhesive: Easy Apply Air Release</li>
<li>Appearance: Matt</li>
<li>Stretchable: Yes</li>
<li>Scratch Proof: Average</li>
</ul>
<p>Prices shown are per linear metre at 1220mm wide</p>
</body>
</html>","Q2_Brushed_Silver.jpg","Q2_Brushed_Silver.jpg, Q2_Brushed_Silver_Door.jpg","INVITEMS","DEFAULT-Q2_Brushed_Silver-DEFAULT-Q2_Brushed_Silver","","","0","0","0","","1","REGONLY","0","0","0","0","","","","SELECT","SELECT","0","","","","","0","0","","income-service","","","0","0","","","","","Cover_Styl_Metallic","Cover_Styl_Metallic, Silver-Films","","","0","Olfa_Graphic_Cutter, Olfa_X_Design_Heavy_Duty_Knife, Lint-Free-Gloves, Masking_Tape_25mm, Aslan_Squeegee, Swann_Morton_3_Handle, Swann_Morton_10A_Blades, Lint-Free-Cloths, Heavy-Duty-Application-Roller, Rollepro, 4075CT1220, Cover-Styl-Colour-Selector-Box","Olfa_Graphic_Cutter, Olfa_X_Design_Heavy_Duty_Knife, Lint-Free-Gloves, Masking_Tape_25mm, Aslan_Squeegee, Swann_Morton_3_Handle, Swann_Morton_10A_Blades, Lint-Free-Cloths, Heavy-Duty-Application-Roller, Rollepro, 4075CT1220, Cover-Styl-Colour-Selector-Box","A","superuser","ADHESIVE_SEMI_PERMANENT","GRADE_POLYPROPYLENE","","","","","","","","","","","","Cover-Styl-Q2-Hard-Silver","0","coverstyle, cover style, cover styl, cover styl'


","","","1657009731","0","","0","","CHECKBOX"
"Q3_Brushed_Gold","Q3 Hard Gold","Cover Styl' Q3","Cover_Styl","110","33","DEFAULT","","","","","0","Cover Styl' Q3 Hard Gold self-adhesive metal effect film. Buy it by the metre.

","<html>
<head>
<title>Cover Styl' Q3 Hard Gold</title></head>
<body>
<p><img style=""height: 76px; width: 300px;"" alt=""Cover Styl' logo""
src=""media/ecom/onpagegraphics/Coverstyl_Logo.png""></p>
<span style=""font-weight: bold; color: #588ec6;"">SUITABILITY:</span>
<p>This product is designed for interior application only and offers exceptional resistance to water, dirt, abrasion, UV rays and wear (yellowing, cracking, scaling, delamination). </p>
<span style=""font-weight: bold; color: #588ec6;"">MATERIAL CHARACTERISTICS:</span>
<ul><li>Grade: Polymeric</li>
<li>Thickness: 250 micron</li>
<li>Adhesive: Easy Apply Air Release</li>
<li>Appearance: Matt</li>
<li>Stretchable: Yes</li>
<li>Scratch Proof: Average</li>
</ul>
<p>Prices shown are per linear metre at 1220mm wide</p>
</body>
</html>","Q3_Brushed_Gold.jpg","Q3_Brushed_Gold.jpg, Q3_Brushed_Gold_Wall.jpg","INVITEMS","DEFAULT-Q3_Brushed_Gold-DEFAULT-Q3_Brushed_Gold","","","0","0","0","","1","REGONLY","0","0","0","0","","","","SELECT","SELECT","0","","","","","0","0","","income-service","","","0","0","","","","","Cover_Styl_Metallic","Cover_Styl_Metallic","","","0","Olfa_Graphic_Cutter, Olfa_X_Design_Heavy_Duty_Knife, Lint-Free-Gloves, Masking_Tape_25mm, Aslan_Squeegee, Swann_Morton_3_Handle, Swann_Morton_10A_Blades, Lint-Free-Cloths, Heavy-Duty-Application-Roller, Rollepro, 4075CT1220, Cover-Styl-Colour-Selector-Box","Olfa_Graphic_Cutter, Olfa_X_Design_Heavy_Duty_Knife, Lint-Free-Gloves, Masking_Tape_25mm, Aslan_Squeegee, Swann_Morton_3_Handle, Swann_Morton_10A_Blades, Lint-Free-Cloths, Heavy-Duty-Application-Roller, Rollepro, 4075CT1220, Cover-Styl-Colour-Selector-Box","A","superuser","ADHESIVE_SEMI_PERMANENT","GRADE_POLYPROPYLENE","","","","","","","","","","","","Cover-Styl-Q3-Hard-Gold","0","coverstyle, cover style, cover styl, cover styl'


","","","1657009847","0","","0","","CHECKBOX"
"Q50_Dark_Brushed_Silver","Q50 Hard Graphite","Cover Styl' Q50","Cover_Styl","120","33","DEFAULT","","","","","0","Cover Styl' Q50 Hard Graphite self-adhesive metal effect film. Buy it by the metre.

","<html>
<head>
<title>Cover Styl' Q50 Hard Graphite</title></head>
<body>
<p><img style=""height: 76px; width: 300px;"" alt=""Cover Styl' logo""
src=""media/ecom/onpagegraphics/Coverstyl_Logo.png""></p>
<span style=""font-weight: bold; color: #588ec6;"">SUITABILITY:</span>
<p>This product is designed for interior application only and offers exceptional resistance to water, dirt, abrasion, UV rays and wear (yellowing, cracking, scaling, delamination). </p>
<span style=""font-weight: bold; color: #588ec6;"">MATERIAL CHARACTERISTICS:</span>
<ul><li>Grade: Polymeric</li>
<li>Thickness: 250 micron</li>
<li>Adhesive: Easy Apply Air Release</li>
<li>Appearance: Matt</li>
<li>Stretchable: Yes</li>
<li>Scratch Proof: Average</li>
</ul>
<p>Prices shown are per linear metre at 1220mm wide</p>
</body>
</html>","Q50_Dark_Brushed_Silver.jpg","Q50_Dark_Brushed_Silver.jpg, Q50_Dark_Brushed_Silver_Wall.jpg","INVITEMS","DEFAULT-Q50_Dark_Brushed_Silver-DEFAULT-Q50_Dark_Brushed_Silver","","","0","0","0","","1","REGONLY","0","0","0","0","","","","SELECT","SELECT","0","","","","","0","0","","income-service","","","0","0","","","","","Cover_Styl_Metallic","Cover_Styl_Metallic","","","0","Olfa_Graphic_Cutter, Olfa_X_Design_Heavy_Duty_Knife, Lint-Free-Gloves, Masking_Tape_25mm, Aslan_Squeegee, Swann_Morton_3_Handle, Swann_Morton_10A_Blades, Lint-Free-Cloths, Heavy-Duty-Application-Roller, Rollepro, 4075CT1220, Cover-Styl-Colour-Selector-Box","Olfa_Graphic_Cutter, Olfa_X_Design_Heavy_Duty_Knife, Lint-Free-Gloves, Masking_Tape_25mm, Aslan_Squeegee, Swann_Morton_3_Handle, Swann_Morton_10A_Blades, Lint-Free-Cloths, Heavy-Duty-Application-Roller, Rollepro, 4075CT1220, Cover-Styl-Colour-Selector-Box","A","superuser","ADHESIVE_SEMI_PERMANENT","GRADE_POLYPROPYLENE","","","","","","","","","","","","Cover-Styl-Q50-Hard-Graphite","0","coverstyle, cover style, cover styl, cover styl'


","","","1657009963","0","","0","","CHECKBOX"
"R-Tape-VinylEfx-Colour-Selectors","R-Tape VinylEfx Series Colour Selectors","COLSELVINYLEFX","R-Tape","1080","2","DEFAULT","","","","","0","Full colour sample selectors featuring every colour in the R-Tape VinylEfx range of metallised films.","<html>

<title><head>R-Tape VinylEfx Series Colour Selectors</title></head>

<body>

<p>Full colour sample selectors featuring every colour in the R-Tape VinylEfx range of metallised films.</p>
<p>Colourcard is multi page A4 sized and also features technical specifications, usage information and application instructions.</p>
<p>Colour Swatch is pocket sized and features technical specifications.</p>

</body>

</html>","R-Tape_Efx_Colour_Selector.png","R-Tape_Efx_Colour_Selector.png, R-Tape_Efx_Colour_Selector_Open.png","INVITEMS","DEFAULT-R-Tape-VinylEfx-Colour-Selectors-DEFAULT-R-Tape-VinylEfx-Colour-Cards","","","0","0","0","","1","REGONLY","0.00","0","0.00","0","","","","QUANMULT","RADIO","0","","","","","0","0","","income-service","","","0","0","","","","","Marketing","Marketing, VinylEfx_Decorative, VinylEfx_Durable","","","0","","","A","","","","","","","","","","","","","","","","0","","","","1687257975","0.00","","0","","QUANMULT"
"Rainbow_Silver","Rainbow Silver - Brite Overall","7901","iSEE2","10","4","DEFAULT","","","","","0","Rainbow Silver aka Brite Overall has a holographic silver metallised surface offering a ‘rainbow’ effect, making it perfect for eye-catching stickers, labels, promotional signage and decorative displays. Ideal for retail windows, POS displays, exhibitions, concerts and festivals, in fact anywhere that needs standout graphics and signage to catch attention. Buy it by the metre.","<html>
<head>
    <title>Rainbow Silver</title>
</head>
<body>
<img style=""height: 53px; width: 250px;"" alt=""Nekoosa logo""
src=""media/ecom/onpagegraphics/Nekoosa_Logo.jpg""><br><br>

<p>Rainbow Silver aka Brite Overall has a holographic silver metallised surface offering a ‘rainbow’ effect, making it perfect for eye-catching stickers, labels, promotional signage and decorative displays. Ideal for retail windows, POS displays, exhibitions, concerts and festivals, in fact anywhere that needs standout graphics and signage to catch attention.</p>

<span style=""font-weight: bold; color: #d7328a;"">Structure:</span>
<ul>
    <li>100<span>&#181;</span>m PVC</li>
    <li>Solvent based, clear acrylic adhesive - Permanent</li>
    <li>One-sided coated white Kraft paper - 120g/m<sup>2</sup></li>
</ul>

<span style=""font-weight: bold; color: #d7328a;"">Suitability:</span>
<ul>
    <li>Holographic metallised surface for premium-looking graphics, labels and stickers</li>
<li>Rainbow Silver - Brite Overall is ideal for producing eye-catching POS displays and promotional advertising and signage</li>
    <li>Designed for long term interior use on clean, smooth flat or slightly curved 2D surfaces</li>
<li>Short term outdoor use of is possible but edge sealing / laminating is recommended to optimize durability</li>
    <li>These films have the same effect in silver on the adhesive side</li>
</ul>

<span style=""font-weight: bold; color: #d7328a;"">Advantages:</span>
<ul><li>Cuts and weeds easily</li>
<li>Can be printed using Eco-Sol, Solvent & UV ink</li>
<li>Also suitable for new generation Latex inks (700 & 800 series)</li>
    <li>Fire rated to ASTM E-84-11a under classification 'A'</li>
</ul>

<span style=""font-weight: bold; color: #d7328a;"">Ink Compatibility:</span><br>
<ul>
        <img style=""margin: 0 5px 0 0; width: 15px; height: 25px;"" alt=""Eco-Sol Ink"" src=""media/ecom/onpagegraphics/Ink-EcoSol.png""> Eco-solvent&nbsp;&nbsp;
        <img style=""margin: 0 5px 0 0; width: 15px; height: 25px;"" alt=""UV Ink"" src=""media/ecom/onpagegraphics/Ink-UV.png""> UV&nbsp;&nbsp;
<img style=""margin: 0 5px 0 0; width: 15px; height: 25px;"" alt=""Latex Ink"" src=""media/ecom/onpagegraphics/Ink-Latex.png""> Latex (new generation only)
    
</ul>

<span style=""font-weight: bold; color: #d7328a;"">Technical Information:</span><br>
<ul>
    
<a href=""media/ecom/pdfs/datasheets/40.900N_TotalDeco_RainbowSilver_TDS.pdf"" target=""_blank""><img
style=""border: 0px solid ; width: 200px; height: 60px;"" alt=""pdf""
src=""media/ecom/onpagegraphics/Datasheet.png""></a>
</ul>

</body>
</html>","Brite-Overall-Rainbow-Silver.webp","Brite-Overall-Rainbow-Silver.webp, Rainbow-Silver-Brite-Overall-Printed.webp","INVITEMS","DEFAULT-Rainbow_Silver-DEFAULT-Rainbow_Silver","","","0","0","0","","1","REGONLY","0","0","0","0","","","","SELECT","SELECT","0","","","","","0","0","","income-service","","","0","0","","","https://www.youtube.com/embed/J5p7ZKz_DeY","","VinylEfx_Decorative","VinylEfx_Decorative, Holographic_Vinyl, Silver-Films","","","0","Aslan_Red_Devil_Squeegee, Aslan-Gold-Soft-Squeegee, Aslan_Squeegee, Olfa_X_Design_Heavy_Duty_Knife, Olfa_Graphic_Cutter, Application_Gloves, Lint-Free-Gloves, Masking_Tape_25mm, Lint-Free-Cloths, ","Aslan_Red_Devil_Squeegee, Aslan-Gold-Soft-Squeegee, Aslan_Squeegee, Olfa_X_Design_Heavy_Duty_Knife, Olfa_Graphic_Cutter, Application_Gloves, Lint-Free-Gloves, Masking_Tape_25mm, Lint-Free-Cloths, ","A","","","","","","Polished","","","","","","","","","Brite-Overall-Rainbow-Silver","0","metallic, efx, 7901, brite, bright, overall, overal, nekoosa, isee2, iridescent, holographic, 40.900N","","Rainbow Silver aka Brite Overall has a holographic silver metallised surface offering a ‘rainbow’ effect, making it perfect for eye-catching stickers, labels, promotional signage and decorative displays. Buy it by the metre.","1630678961","0","","0","","CHECKBOX"
"Reeded-Glass-Film","Reeded Glass Film :: 1520mm Wide","RGF","Doro_Tape","20","18","DEFAULT","","","","","0","Replicate the style of decades gone by with our self-adhesive reeded glass film. This high quality PET film enhances the elegance of glass panels and creates privacy by diffusing the light. Buy it by the metre at two different reed widths.","<html>

<head><title>Reeded Glass Film</title></head>
<body>
<p>Replicate the style of decades gone by with our self-adhesive reeded glass film. This high quality PET film enhances the elegance of glass panels and creates privacy by diffusing the light.</p>

<span style=""font-weight: bold; color: #d7328a;"">Structure:</span><br>
<ul><li>50<span>&#181;</span>m PET - scratch resistant</li>
<li>Solvent acrylic adhesive - Permanent</li>
<li>25<span>&#181;</span>m PET liner</li></ul>

<span style=""font-weight: bold; color: #d7328a;"">Suitability:</span><br>
<ul><li>Adds a touch of retro charm to glass and acrylic panels for stylish interior d&eacute;cor, furniture and displays</li>
<li>Use it in the home, office, bars and restaurants</li>
<li>Perfect for architectural refurbishment</li>
<li>Choose from 6mm and 12mm wide reeds</li>
<li>Increases privacy</li></ul>

<a><img style=""border: 0px solid ; width: 75px; height: 75px; float: right;"" alt=""pvc free logo""
src=""media/ecom/onpagegraphics/PVC_free_logo.png""></a>

<span style=""font-weight: bold; color: #d7328a;"">Advantages:</span><br>
<ul><li>Easy to install</li>
<li>Reeds run down the length of the roll</li>
<li>Durability of up to 10 years</li>
<li>Obscures vision so only blurred colours and shapes are seen</li>
<li>Lets 90% of visible light through so keep areas nice and bright</li>
<li>No PVC and no VOC's</li></ul>

<a ><img style=""border: 0px solid ; width: 50px; height: 50px;"" alt=""fyi""
src=""media/ecom/onpagegraphics/FYI.png""></a>
<p style=""color:rgb(244,7,138)""><i>When light passes through Reeded Glass, it gets redirected and as a result, it becomes impossible to see anything clearly on the other side.</i></p>

<span style=""font-weight: bold; color: #d7328a;"">Technical Information:</span><br>
<ul>
<a href=""media/ecom/pdfs/datasheets/Reeded-Glass.pdf"" target=""_blank""><img style=""border: 0px solid ; width: 200px; height: 60px;"" alt=""Reeded Glass Film Datasheet""
src=""media/ecom/onpagegraphics/Datasheet.png""></a>
<a href=""media/ecom/pdfs/applicationguidelines/GlassWindow-Installation-Instructions.pdf""
target=""_blank""><img style=""border: 0px solid ; width: 200px; height: 60px;"" alt=""Window Film Application Advice Care Instructions""
src=""media/ecom/onpagegraphics/App.png""></a>
</ul>

<p style=""font-weight: bold; font-size: 0.9em;"">Prices shown are per linear metre at 1520mm wide</p>
</body>
</html>","Reeded-Glass-Film.webp","Reeded-Glass-Film.webp, REEDED-GLASS-FILM-6MM.jpg, REEDED-GLASS-FILM-12MM.jpg","INVITEMS","DEFAULT-Reeded-Glass-Film-DEFAULT-Reeded-Glass-Film","","","0","0","0","","1","REGONLY","0","0","0","0","","","","SELECT","SELECT","0","","","","","0","0","","income-service","","","0","0","","","","","Decorative-Window-Films","2543_WindSolar, Decorative-Window-Films, PVC_Free_Materials","","","0","Blue_Max, Fusion_5, Olfa_Graphic_Cutter, Olfa_X_Design_Heavy_Duty_Knife, Lint-Free-Gloves, Masking_Tape_25mm, Aslan_Squeegee, Swann_Morton_3_Handle, Swann_Morton_10A_Blades, Float_On, IPA_100, Anti_Static_Cleaner,","Blue_Max, Fusion_5, Olfa_Graphic_Cutter, Olfa_X_Design_Heavy_Duty_Knife, Lint-Free-Gloves, Masking_Tape_25mm, Aslan_Squeegee, Swann_Morton_3_Handle, Swann_Morton_10A_Blades, Float_On, IPA_100, Anti_Static_Cleaner,","A","admin, superuser","","","","","","","","","","","","","","","0","reeded glass, reed, reeded, fluted, retro, vintage, fluted glass, ribbed, ribbed glass, obscurity, obscure","","","1714663385","0","","0","","CHECKBOX"
"Regusign-P20-1200","Regusign P20:: 1200mm x 50m","P20","Folex","20","233","DEFAULT","","","","","0","REGUsign P20 is an environmentally friendly special self-adhesive stencil paper offering clean, sharp edge definition even after multi coating layers.  Particularly suitable for painting stencils on smooth surfaces, such as tarpaulin, ACP or plastic sheets, glass, wood and metal. Even when using inks that contain water or solvents, there is no bleed and the cut edges do not become wavy. Can be cut by hand or with a cutting plotter, has excellent lay flat properties and can be removed cleanly without leaving any residue.  Prices are per roll.
","<html>

<head><title>REGUsign P20</title>

<style>
.responsive {
  width: 50%;
  height: auto;
}
</style>
</head>

<body>

<img style=""width: 216px; height: 44px;"" alt=""Regulus Log""
src=""media/ecom/onpagegraphics/Regulus_Logo.png"" class=""responsive""><br><br>

<p>REGUsign P20 is an environmentally friendly special self-adhesive stencil paper.</p>

<span style=""font-weight: bold; color: #d7328a;"">Structure:</span><br>
<ul><li>100<span>&#181;</span>m Paper</li>
<li>Water based adhesive - Removable</li>
<li>Siliconised paper liner - 95gm<sup>2</sup>
</li></ul>

<a><img style=""border: 0px solid ; width: 75px; height: 75px; float: right;"" alt=""pvc free""
src=""media/ecom/onpagegraphics/PVC_free_logo.png""></a>

<span style=""font-weight: bold; color: #d7328a;"">Suitability:</span><br>
<ul>
<li>Designed as self adhesive paint masking material</li>
<li>Perfect for smooth surfaces such as tarpaulin, ACP or plastic sheets and glass</li>
<li>Ideal for use on wood and metal</li>
<li>Suitable for plotter cutting or cutting by hand
</li></ul>

<span style=""font-weight: bold; color: #d7328a;"">Advantages:</span><br>
<ul>
<li>Excellent lay flat properties</li>
<li>Removable adhesive for clean, easy removal</li>
<li>PVC free for environmentally friendly solutions</li>
<li>High performance film offer clean, sharp edge definition even after multi coating layers</li>
<li>Easy to weed for small and large characters</li>
<li>Even when using inks that contain water or solvents, there is no bleed and the cut edges do not become wavy
</li></ul>

<span style=""font-weight: bold; color: #d7328a;"">Technical Information:</span>
<ul><a href=""media/ecom/pdfs/datasheets/P20.pdf""
target=""_blank""><img
style=""border: 0px solid ; width: 200px; height: 60px;"" alt=""Regulus P20 Datasheet""
src=""media/ecom/onpagegraphics/Datasheet.png""></a></ul>


<p style=""font-weight: bold; font-size: 0.9em;"">Prices shown are per 50 metre roll at 1200mm wide</p>

</body>

</html>","Regusign_P20.jpg","Regusign_P20.jpg","INVITEMS","DEFAULT-Regusign-P20-1200-DEFAULT-Regusign-P20-1200","","","0","0","0","","1","REGONLY","0","0","0","0","","","","SELECT","SELECT","0","","","","","0","0","","income-service","","","0","0","","","","","Regulus-Stencil-Paper","Regulus-Stencil-Paper","","","0","Regusign-P20-600, EZ_Weeder, Weeding_Tweezers, Masking_Tape_50mm, 4075CT1220, 3M_Gold_Squeegee, Aslan_Red_Devil_Squeegee, Aslan_Squeegee, Olfa_X_Design_Heavy_Duty_Knife, Olfa_Graphic_Cutter","EZ_Weeder, Weeding_Tweezers, Masking_Tape_50mm, 4075CT1220, 3M_Gold_Squeegee, Aslan_Red_Devil_Squeegee, Aslan_Squeegee, Olfa_X_Design_Heavy_Duty_Knife, Olfa_Graphic_Cutter","N","","","","","","","","","","","","","","","ReguSign-P20-1200mm","0","stencil, stencil mask, masking, stencil film, masking film, regulus, paper mask, paper masking, paper stencil regusign, pf2, p20, regulus, paint mask, paint stencil, ","","","1545305591","0","","0","","CHECKBOX"
"Regusign-P20-600","Regusign P20:: 600mm x 50m","P20","Folex","10","116","DEFAULT","","","","","0","REGUsign P20 is an environmentally friendly special self-adhesive stencil paper offering clean, sharp edge definition even after multi coating layers.  Particularly suitable for painting stencils on smooth surfaces, such as tarpaulin, ACP or plastic sheets, glass, wood and metal. Even when using inks that contain water or solvents, there is no bleed and the cut edges do not become wavy. Can be cut by hand or with a cutting plotter, has excellent lay flat properties and can be removed cleanly without leaving any residue.  Prices are per roll.
","<html>

<head><title>REGUsign P20</title>

<style>
.responsive {
  width: 50%;
  height: auto;
}
</style>
</head>

<body>

<img style=""width: 216px; height: 44px;"" alt=""Regulus Log""
src=""media/ecom/onpagegraphics/Regulus_Logo.png"" class=""responsive""><br><br>

<p>REGUsign P20 is an environmentally friendly special self-adhesive stencil paper.</p>

<span style=""font-weight: bold; color: #d7328a;"">Structure:</span><br>
<ul><li>100<span>&#181;</span>m Paper</li>
<li>Water based adhesive - Removable</li>
<li>Siliconised paper liner - 95gm<sup>2</sup>
</li></ul>

<a><img style=""border: 0px solid ; width: 75px; height: 75px; float: right;"" alt=""pvc free""
src=""media/ecom/onpagegraphics/PVC_free_logo.png""></a>

<span style=""font-weight: bold; color: #d7328a;"">Suitability:</span><br>
<ul>
<li>Designed as self adhesive paint masking material</li>
<li>Perfect for smooth surfaces such as tarpaulin, ACP or plastic sheets and glass</li>
<li>Ideal for use on wood and metal</li>
<li>Suitable for plotter cutting or cutting by hand
</li></ul>

<span style=""font-weight: bold; color: #d7328a;"">Advantages:</span><br>
<ul>
<li>Excellent lay flat properties</li>
<li>Removable adhesive for clean, easy removal</li>
<li>PVC free for environmentally friendly solutions</li>
<li>High performance film offer clean, sharp edge definition even after multi coating layers</li>
<li>Easy to weed for small and large characters</li>
<li>Even when using inks that contain water or solvents, there is no bleed and the cut edges do not become wavy
</li></ul>

<span style=""font-weight: bold; color: #d7328a;"">Technical Information:</span>
<ul><a href=""media/ecom/pdfs/datasheets/P20.pdf""
target=""_blank""><img
style=""border: 0px solid ; width: 200px; height: 60px;"" alt=""Regulus P20 Datasheet""
src=""media/ecom/onpagegraphics/Datasheet.png""></a></ul>


<p style=""font-weight: bold; font-size: 0.9em;"">Prices shown are per 50 metre roll at 600mm wide</p>

</body>

</html>","Regusign_P20.jpg","Regusign_P20.jpg","INVITEMS","DEFAULT-Regusign-P20-600-DEFAULT-Regusign-P20-600","","","0","0","0","","1","REGONLY","0","0","0","0","","","","SELECT","SELECT","0","","","","","0","0","","income-service","","","0","0","","","","","Regulus-Stencil-Paper","Regulus-Stencil-Paper","","","0","Regusign-P20-1200, EZ_Weeder, Weeding_Tweezers, Masking_Tape_50mm, 4075CT1220, 3M_Gold_Squeegee, Aslan_Red_Devil_Squeegee, Aslan_Squeegee, Olfa_X_Design_Heavy_Duty_Knife, Olfa_Graphic_Cutter","EZ_Weeder, Weeding_Tweezers, Masking_Tape_50mm, 4075CT1220, 3M_Gold_Squeegee, Aslan_Red_Devil_Squeegee, Aslan_Squeegee, Olfa_X_Design_Heavy_Duty_Knife, Olfa_Graphic_Cutter","N","","","","","","","","","","","","","","","ReguSign-P20-600mm","0","stencil, stencil mask, masking, stencil film, masking film, regulus, paper mask, paper masking, paper stencil regusign, pf2, p20, regulus, paint mask, paint stencil, ","","","1545305561","0","","0","","CHECKBOX"
"Regusign-PF2-1200","Regusign PF2:: 1200mm x 25m","PF2","Folex","40","203","DEFAULT","","","","","0","REGUsign PF2 is an environmentally friendly special self-adhesive stencil paper offering clean, sharp edge definition even after multi coating layers.  The PF2 has a stronger level of adhesion making it particularly suitable for painting stencils on to rough, uneven or textured surfaces such as plaster, render, concrete, wood and fabrics surfaces and is often used where a PVC stencil will not adhere sufficiently. Even when using inks that contain water or solvents, there is no bleed and the cut edges do not become wavy.  The REGUsign PF2 stencil paper can be cut by hand or with a cutting plotter, has excellent lay flat properties and can be removed cleanly without leaving any residue.  Prices are per roll.
","<html>

<head><title>REGUsign PF2</title>

<style>
.responsive {
  width: 50%;
  height: auto;
}
</style>
</head>

<body>

<img style=""width: 216px; height: 44px;"" alt=""Regulus Log""
src=""media/ecom/onpagegraphics/Regulus_Logo.png"" class=""responsive""><br><br>

<p>REGUsign PF2 is an environmentally friendly special self-adhesive stencil paper.</p>

<span style=""font-weight: bold; color: #d7328a;"">Structure:</span><br>
<ul><li>125<span>&#181;</span>m Paper</li>
<li>Water based adhesive - Removable</li>
<li>Siliconised paper liner - 95gm<sup>2</sup>
</li></ul>

<a><img style=""border: 0px solid ; width: 75px; height: 75px; float: right;"" alt=""pvc free""
src=""media/ecom/onpagegraphics/PVC_free_logo.png""></a>

<span style=""font-weight: bold; color: #d7328a;"">Suitability:</span><br>
<ul>
<li>Designed as self adhesive paint masking material</li>
<li>Perfect for rough, uneven or textured surfaces such as plaster, wood and fabrics</li>
<li>Ideal for use on render, concrete and other surfaces where a PVC stencil will not adhere sufficiently</li>
<li>Suitable for plotter cutting or cutting by hand</li>
</ul>

<span style=""font-weight: bold; color: #d7328a;"">Advantages:</span><br>
<ul>
<li>Excellent lay flat properties</li>
<li>Removable adhesive for clean, easy removal if applied onto appropriate surfaces</li>
<li>PVC free for environmentally friendly solutions</li>
<li>High performance film offer clean, sharp edge definition even after multi coating layers</li>
<li>Easy to weed for small and large characters</li>
<li>Even when using inks that contain water or solvents, there is no bleed and the cut edges do not become wavy
</li></ul>

<span style=""font-weight: bold; color: #d7328a;"">Technical Information:</span>
<ul><a href=""media/ecom/pdfs/datasheets/PF2.pdf""
target=""_blank""><img
style=""border: 0px solid ; width: 200px; height: 60px;"" alt=""Regulus PF2 Datasheet""
src=""media/ecom/onpagegraphics/Datasheet.png""></a></ul>

<p style=""font-weight: bold; font-size: 0.9em;"">Prices shown are per 25 metre roll at 1200mm wide</p>
</body>

</html>","Regusign_PF2.jpg","Regusign_PF2.jpg","INVITEMS","DEFAULT-Regusign-PF2-1200-DEFAULT-Regusign-PF2-1200","","","0","0","0","","1","REGONLY","0","0","0","0","","","","SELECT","SELECT","0","","","","","0","0","","income-service","","","0","0","","","","","Regulus-Stencil-Paper","Regulus-Stencil-Paper","","","0","Regusign-PF2-600, EZ_Weeder, Weeding_Tweezers, Masking_Tape_50mm, 4075CT1220, 3M_Gold_Squeegee, Aslan_Red_Devil_Squeegee, Aslan_Squeegee, Olfa_X_Design_Heavy_Duty_Knife, Olfa_Graphic_Cutter","EZ_Weeder, Weeding_Tweezers, Masking_Tape_50mm, 4075CT1220, 3M_Gold_Squeegee, Aslan_Red_Devil_Squeegee, Aslan_Squeegee, Olfa_X_Design_Heavy_Duty_Knife, Olfa_Graphic_Cutter","A","","","","","","","","","","","","","","","ReguSign-PF2-1200mm","0","stencil, stencil mask, masking, stencil film, masking film, regulus, paper mask, paper masking, paper stencil regusign, pf2, paint mask ,paint stencil, paper stencil, regulus, ","","","1545305643","0","","0","","CHECKBOX"
"Regusign-PF2-600","Regusign PF2:: 600mm x 25m","PF2","Folex","30","101","DEFAULT","","","","","0","REGUsign PF2 is an environmentally friendly special self-adhesive stencil paper offering clean, sharp edge definition even after multi coating layers.  The PF2 has a stronger level of adhesion making it particularly suitable for painting stencils on to rough, uneven or textured surfaces such as plaster, render, concrete, wood and fabrics surfaces and is often used where a PVC stencil will not adhere sufficiently. Even when using inks that contain water or solvents, there is no bleed and the cut edges do not become wavy.  The REGUsign PF2 stencil paper can be cut by hand or with a cutting plotter, has excellent lay flat properties and can be removed cleanly without leaving any residue.  Prices are per roll.
","<html>

<head><title>REGUsign PF2</title>

<style>
.responsive {
  width: 50%;
  height: auto;
}
</style>
</head>

<body>

<img style=""width: 216px; height: 44px;"" alt=""Regulus Log""
src=""media/ecom/onpagegraphics/Regulus_Logo.png"" class=""responsive""><br><br>

<p>REGUsign PF2 is an environmentally friendly special self-adhesive stencil paper.</p>

<span style=""font-weight: bold; color: #d7328a;"">Structure:</span><br>
<ul><li>125<span>&#181;</span>m Paper</li>
<li>Water based adhesive - Removable</li>
<li>Siliconised paper liner - 95gm<sup>2</sup>
</li></ul>

<a><img style=""border: 0px solid ; width: 75px; height: 75px; float: right;"" alt=""pvc free""
src=""media/ecom/onpagegraphics/PVC_free_logo.png""></a>

<span style=""font-weight: bold; color: #d7328a;"">Suitability:</span><br>
<ul>
<li>Designed as self adhesive paint masking material</li>
<li>Perfect for rough, uneven or textured surfaces such as plaster, wood and fabrics</li>
<li>Ideal for use on render, concrete and other surfaces where a PVC stencil will not adhere sufficiently</li>
<li>Suitable for plotter cutting or cutting by hand</li>
</ul>

<span style=""font-weight: bold; color: #d7328a;"">Advantages:</span><br>
<ul>
<li>Excellent lay flat properties</li>
<li>Removable adhesive for clean, easy removal if applied onto appropriate surfaces</li>
<li>PVC free for environmentally friendly solutions</li>
<li>High performance film offer clean, sharp edge definition even after multi coating layers</li>
<li>Easy to weed for small and large characters</li>
<li>Even when using inks that contain water or solvents, there is no bleed and the cut edges do not become wavy
</li></ul>

<span style=""font-weight: bold; color: #d7328a;"">Technical Information:</span>
<ul><a href=""media/ecom/pdfs/datasheets/PF2.pdf""
target=""_blank""><img
style=""border: 0px solid ; width: 200px; height: 60px;"" alt=""Regulus PF2 Datasheet""
src=""media/ecom/onpagegraphics/Datasheet.png""></a></ul>

<p style=""font-weight: bold; font-size: 0.9em;"">Prices shown are per 25 metre roll at 600mm wide</p>
</body>

</html>","Regusign_PF2.jpg","Regusign_PF2.jpg","INVITEMS","DEFAULT-Regusign-PF2-600-DEFAULT-Regusign-PF2-600","","","0","0","0","","1","REGONLY","0","0","0","0","","","","SELECT","SELECT","0","","","","","0","0","","income-service","","","0","0","","","","","Regulus-Stencil-Paper","Regulus-Stencil-Paper","","","0","Regusign-PF2-1200, EZ_Weeder, Weeding_Tweezers, Masking_Tape_50mm, 4075CT1220, 3M_Gold_Squeegee, Aslan_Red_Devil_Squeegee, Aslan_Squeegee, Olfa_X_Design_Heavy_Duty_Knife, Olfa_Graphic_Cutter","EZ_Weeder, Weeding_Tweezers, Masking_Tape_50mm, 4075CT1220, 3M_Gold_Squeegee, Aslan_Red_Devil_Squeegee, Aslan_Squeegee, Olfa_X_Design_Heavy_Duty_Knife, Olfa_Graphic_Cutter","A","","","","","","","","","","","","","","","ReguSign-PF2-600mm","0","stencil, stencil mask, masking, stencil film, masking film, regulus, paper mask, paper masking, paper stencil regusign, pf2, paint mask, paint stencil, paper stencil, regulus, ","","","1545305616","0","","0","","CHECKBOX"
"Retractable_Scalpel_Handle","Swann Morton Retractable Scalpel Handle","RET","Swann-Morton","30","7","DEFAULT","","","","","0","Retractable Safety Scalpel Handle
","<html>

<title><head>Retractable Safety Scalpel Handle</head></title>

<body>

<p>Retractable Safety Scalpel Handle</p>
<p> To take No:10A or No:11 blades</p>

</body>

</html>","Retractable-Handle.jpg","Retractable-Handle.jpg","INVITEMS","DEFAULT-Retractable_Scalpel_Handle-DEFAULT-Retractable_Scalpel_Handle","","","0","0","0","","1","REGONLY","0","0","0","0","","","","SELECT","SELECT","0","","","","","0","0","","income-service","","","0","0","","","","","Knives_Cutting_Tools","Knives_Cutting_Tools","","","0","Swann_Morton_10A_Blades, Swann_Morton_11_Blades, ","","A","","","","","","","","","","","","","","","retractable-scalpel","0","swann morton,retractable,scalpel,handle,

","","","1500459683","0","","0","","CHECKBOX"
"Ri-Jet-Optima-P75","Ri-Jet Optima P75 - 5 Year Polymeric Gloss White Digital Vinyl","RJO75","Ritrama","10","168","DEFAULT","","","","","0","Ri-Jet Optima P75 is a high quality gloss white polymeric grade vinyl offering excellent value as well as exceptional print quality. Coated with a grey water based acrylic adhesive this vinyl is suitable for medium to long term outdoor use and offers minimal shrinkage and perfect flatness. Price shown is for a 1370mm x 50m roll



























","<html>

<head><title>Ri-Jet Optima P75</title></head>
<style>
.responsive {
  width: 50%;
  height: auto;
}
</style>

<body>
<img src=""media/ecom/onpagegraphics/Fedrigoni_Logo.jpg"" alt=""Fedrigoni Logo"" class=""responsive"">
<p>Ri-Jet Optima P75 is a high quality gloss white polymeric grade vinyl offering excellent value as well as exceptional print quality.</p>

<span style=""font-weight: bold; color: #d7328a;"">Structure:</span><br>
<ul><li>75<span>&#181;</span>m White gloss polymeric grade PVC</li>
<li>Grey water based acrylic adhesive - Permanent</li>
<li>Clay coated kraft paper liner  - 135g/m<sup>2</sup>
</li></ul>

<span style=""font-weight: bold; color: #d7328a;"">Suitability:</span><br>
<ul><li>Designed for medium to long term graphics and signage on flat and slightly curved surfaces</li>
<li>Ideal for outdoor use on cars, buses and trains etc</li>
<li>Conforms well over irregular surfaces</li>
<li>A great choice long term indoor signage and retail displays</li>
<li>Suitable for dry and wet application</li>
<li>Up to 5 years durability (unprinted)
</li></ul>

<span style=""font-weight: bold; color: #d7328a;"">Advantages:</span><br>
<ul><li>High level of opacity due to the grey adhesive</li>
<li>Excellent  UV and weather resistant adhesive</li>
<li>Minimal shrinkage and perfect flatness</li><br>
<img style=""border: 0px solid ; width: 50px; height: 50px; alt=""reward points logo""
src=""media/ecom/onpagegraphics/Reward_Logo.png""><span style=""font-weight: bold; color: #ef7d00;"">Earn Reward Points every time you buy this product</span></ul>

<span style=""font-weight: bold; color: #d7328a;"">Ink Compatibility:</span><br>
<ul>
<img style=""margin: 0px 5px 0px 0px; width: 15px; height: 25px;"" alt=""Eco-Sol Ink""
src=""media/ecom/onpagegraphics/Ink-EcoSol.png"">Eco-solvent &nbsp;&nbsp;
<img style=""margin: 0px 5px 0px 0px; width: 15px; height: 25px;"" alt=""Latex""
src=""media/ecom/onpagegraphics/Ink-Latex.png"">Latex &nbsp;&nbsp;
<img style=""margin: 0px 5px 0px 0px; width: 15px; height: 25px;"" alt=""UV Ink""
src=""media/ecom/onpagegraphics/Ink-UV.png"">UV</ul>


<span style=""font-weight: bold; color: #d7328a;"">Technical Information:</span><br>
<ul>
<a href=""media/ecom/pdfs/datasheets/Ri_Jet_Optima_P75.pdf"" target=""_blank""><img
style=""border: 0px solid ; width: 200px; height: 60px;"" alt=""Ri-Jet Optima P75 Datasheet""
src=""media/ecom/onpagegraphics/Datasheet.png""></a></ul>
<p style=""font-weight: bold; font-size: 0.9em;"">Prices shown are per 50 metre roll at 1370mm wide</p>
</body>

</html>
","Ri-Jet-Optima.jpg","Ri-Jet-Optima.jpg","INVITEMS","DEFAULT-Ri-Jet-Optima-P75-DEFAULT-Ri-Jet-Optima-P75","","","0","0","0","","1","REGONLY","0","0","0","0","","","","SELECT","SELECT","0","","","","","0","0","","income-service","","","0","0","","FREESHIPPING","","","Digital_Vinyl_Long_Term","Digital_Vinyl_Long_Term","","","0","Aslan_Red_Devil_Squeegee, Olfa_X_Design_Heavy_Duty_Knife, Lint-Free-Gloves, Masking_Tape_25mm, Aslan-Gold-Soft-Squeegee, Olfa_Graphic_Cutter, Swann_Morton_3_Handle, Swann_Morton_10A_Blades, Aslan_Squeegee, Float_On, PP_1230","Aslan_Red_Devil_Squeegee, Olfa_X_Design_Heavy_Duty_Knife, Lint-Free-Gloves, Masking_Tape_25mm, Aslan-Gold-Soft-Squeegee, Olfa_Graphic_Cutter, Swann_Morton_3_Handle, Swann_Morton_10A_Blades, Aslan_Squeegee, Float_On","A","superuser","ADHESIVE_GREY, ADHESIVE_PERMANENT","GRADE_POLYMERIC","SUITABILITY_CURVED, SUITABILITY_FIRE, SUITABILITY_OUTDOOR_LONG, SUITABILITY_VEHICLE","","","","","","","","","","","Ri-Jet-Optima-P75","0","ritrama, rijet, ri-jet, ri jet optima, ritrama optima, 75, p75, polymeric, grey back, rjo75, fedrigoni, white gloss, polymeric, printable, 







xerox,d-jet 100,




































","","","1695730593","0","","0","","CHECKBOX"
"Ri-Mark-Etch-Colour-Selector","Ri-Mark Etch Series Colour Selectors","COLSELETCH","Ritrama","1040","2","DEFAULT","","","","","0","Full colour sample selectors featuring every colour in the Ri-Mark Etch Series.","<html>

<title><head>Ri-Mark Etch Series Colour Selectors</title></head>

<body>

<p>Full colour sample selectors featuring every colour in the Ri-Mark Etch Series.</p>
<p>Colourcard is multi page A4 sized and also features technical specifications, usage information and application instructions.</p>

</body>

</html>
","Ri-Mark_Etch_Colour_Selectors.png","Ri-Mark_Etch_Colour_Selectors.png, Ri-Mark_Etch_Colour_Selectors_Open.png","INVITEMS","DEFAULT-Ri-Mark-Etch-Colour-Selector-DEFAULT-Ri-Mark-Etch-Colour-Cards","","","0","0","0","","1","REGONLY","0.00","0","0.00","0","","","","QUANMULT","RADIO","0","","","","","0","0","","income-service","","","0","0","","","","","Marketing","Marketing, Silver_Glass_Etch, Dusted_Glass_Etch","","","0","","","A","","","","","","","","","","","","","","","","0","","","","1686844009","0.00","","0","","QUANMULT"
"Ri-Mark-Event-Colour-Selector","Ri-Mark Event Series Colour Selectors","COLSELEVENT","Ritrama","1030","2","DEFAULT","","","","","0","Full colour sample selectors featuring every colour in the Ri-Mark Event Series, which is an economy grade monomeric vinyl.","<html>

<title><head>Ri-Mark Event Series Colour Selectors</title></head>

<body>

<p>Full colour sample selectors featuring every colour in the Ri-Mark Event Series, which is an economy grade monomeric vinyl.</p>
<p>Colourcard is multi page A4 sized and also features technical specifications, usage information and application instructions.</p>
<p>Colour Swatch is pocket sized and features technical specifications.</p>

</body>

</html>","Ri-Mark_Event_Colour_Selectors.png","Ri-Mark_Event_Colour_Selectors.png, Ri-Mark_Event_Colour_Selectors_Open.png","INVITEMS","DEFAULT-Ri-Mark-Event-Colour-Selector-DEFAULT-Ri-Mark-Event-Colour-Cards, DEFAULT-Ri-Mark-Event-Colour-Selector-DEFAULT-Ri-Mark-Event-Colour-Pocket-Swatch","","","0","0","0","","1","REGONLY","0.00","0","0.00","0","","","","QUANMULT","RADIO","0","","","","","0","0","","income-service","","","0","0","","","","","Marketing","Marketing, Ritrama_L_Range","","","0","","","A","","","","","","","","","","","","","","","","0","","","","1686761220","0.00","","0","","QUANMULT"
"Ri-Mark-Optima-Colour-Selectors","Ri-Mark Optima Series Colour Selectors","COLSELOPTIMA","Ritrama","1020","2","DEFAULT","","","","","0","Full colour sample selectors featuring every colour in the Ri-Mark Optima Series, which is an intermediate grade polymeric vinyl.","<html>

<title><head>Ri-Mark Optima Series Colour Selectors</title></head>

<body>

<p>Full colour sample selectors featuring every colour in the Ri-Mark Optima Series, which is an intermediate grade polymeric vinyl.</p>
<p>Colourcard is multi page A4 sized and also features technical specifications, usage information and application instructions.</p>
<p>Colour Swatch is pocket sized and features technical specifications.</p>

</body>

</html>","Ri-Mark_Optima_Colour_Selectors.png","Ri-Mark_Optima_Colour_Selectors.png, Ri-Mark_Optima_Colour_Selectors_Open.png","INVITEMS","DEFAULT-Ri-Mark-Optima-Colour-Selectors-DEFAULT-Ri-Mark-Optima-Colour-Cards, DEFAULT-Ri-Mark-Optima-Colour-Selectors-DEFAULT-Ri-Mark-Optima-Colour-Pocket-Swatch","","","0","0","0","","1","REGONLY","0.00","0","0.00","0","","","","QUANMULT","RADIO","0","","","","","0","0","","income-service","","","0","0","","","","","Marketing","Marketing, Ritrama_O_Range","","","0","","","A","","","","","","","","","","","","","","","Ri-Mark-Optima-Series-Colour-Selectors","0","rimark, ri mark, ri-mark, optima, orange, o range, o-range, optimaseries, optimarange, polymeric, pvc, colours, colour selector, colour, swatch, colour book, swatch book, swatchbook, fanswatch, fan swatch,","","","1686759565","0.00","","0","","QUANMULT"
"Ri-Mark-Platinum-Colour-Selectors","Ri-Mark Platinum Series Colour Selectors","COLSELPLATINUM","Ritrama","1010","2","DEFAULT","","","","","0","Full colour sample selectors featuring every colour in the Ri-Mark Platinum Series of polymeric vinyl, which is an high performance grade polymeric vinyl.","<html>

<title><head>Ri-Mark Platinum Series Colour Selectors</title></head>

<body>

<p>Full colour sample selectors featuring every colour in the Ri-Mark Platinum Series of polymeric vinyl, which is an high performance grade polymeric vinyl.</p>
<p>Colourcard is multi page A4 sized and also features technical specifications, usage information and application instructions.</p>
<p>Colour Swatch is pocket sized and features technical specifications.</p>

</body>

</html>","Ri-Mark_Platinum_Colour_Selectors.png","Ri-Mark_Platinum_Colour_Selectors.png, Ri-Mark_Platinum_Colour_Selectors_Open.png","INVITEMS","DEFAULT-Ri-Mark-Platinum-Colour-Selectors-DEFAULT-Ri-Mark-Platinum-Colour-Cards, DEFAULT-Ri-Mark-Platinum-Colour-Selectors-DEFAULT-Ri-Mark-Platinum-Colour-Pocket-Swatch","","","0","0","0","","1","REGONLY","0.00","0","0.00","0","","","","QUANMULT","RADIO","0","","","","","0","0","","income-service","","","0","0","","","","","Marketing","Ritrama-Platinum-Range, Marketing","","","0","","","A","","","","","","","","","","","","","","","","0","","","","1686736453","0.00","","0","","QUANMULT"
"Ri-Mark-Translucent-Colour-Cards","Ri-Mark Translucent Series Colour Selectors","COLSELTRL","Ritrama","1045","2","DEFAULT","","","","","0","Full colour sample selectors featuring every colour in the Ri-Mark Translucent Series.","<html>

<title><head>Ri-Mark Translucent Series Colour Selectors</title></head>

<body>

<p>Full colour sample selectors featuring every colour in the Ri-Mark Translucent Series.</p>
<p>Colourcard is multi page A4 sized and also features technical specifications, usage information and application instructions.</p>

</body>

</html>
","Ri-Mark_Translucent_Colour_Selectors.png","Ri-Mark_Translucent_Colour_Selectors.png, Ri-Mark_Translucent_Colour_Selectors_Open.png","INVITEMS","DEFAULT-Ri-Mark-Translucent-Colour-Cards-DEFAULT-Ri-Mark-Translucent-Colour-Cards","","","0","0","0","","1","REGONLY","0.00","0","0.00","0","","","","QUANMULT","RADIO","0","","","","","0","0","","income-service","","","0","0","","","","","Marketing","Marketing, Silver_Glass_Etch, Dusted_Glass_Etch","","","0","","","A","","","","","","","","","","","","","","","","0","","","","1690370634","0.00","","0","","QUANMULT"
"Right_Off","Right-Off Cleaner","RIG","Doro_Tape","30","10","DEFAULT","","","","","0","Right-Off Adhesive Removers unique formula removes most adhesives, tar, chewing gum and grease etc from plastics, including perspex and polycarbonate, metals, painted surfaces and carpets in less than 2 minutes. Right-Off is a non-dangerous liquid and is therefore user-friendly.","<html>
<head><title>Right-Off</title></head>
<body>
<p>Right-Off removes most adhesives, tar, chewing gum, grease etc. from plastics, including perspex and polycarbonates, metals, painted surfaces and carpets in less than 2 minutes.</p>
<p>Right-Off is a non-dangerous liquid and is therefore user-friendly.</p>
<p><b>NB: Due to the wide range of materials and paint finishes in use, it is impossible to predict the effect the cleaners would have on a particular surface. It is therefore important that the cleaner is tested on a small inconspicuous area first to satisfy the user of its suitability.</b></p>
<a href=""media/ecom/pdfs/MSDS/MSDS-Right-Off.pdf"" target=""_blank""><img
style=""border: 0px solid ; width: 200px; height: 60px;"" alt=""Right-Off Material Safety Data Sheet""
src=""media/ecom/onpagegraphics/Coshh.png""></a>
</body>
</html>
","Right-Off.jpg","Right-Off.jpg","INVITEMS","DEFAULT-Right_Off-DEFAULT-Right_Off","","","0","0","0","","1","REGONLY","0","0","0","0","","","","SELECT","SELECT","0","","","","","0","0","","income-service","","","0","0","","","","","Cleaners_Cleaning_Tools","Cleaners_Cleaning_Tools","","","0","Cleaning_Cloths, Lint-Free-Cloths","","A","","","","","","","","","","","","","","","Right-Off-Adhesive-Remover","0","right-ff, right, off, adhesive remover, glue remover, cleaner","","Right-Off Adhesive Removers unique formula removes most adhesives, tar, chewing gum and grease etc from plastics, including perspex and polycarbonate, metals, painted surfaces and carpets in less than 2 minutes. Right-Off is pH neutral so is harmless to substrates and can be used on all types of film.","1498749393","0","","0","","CHECKBOX"
"Ripple_Wave_Glass_Film","Ripple Wave Glass Film :: 1520mm Wide","RW","Doro_Tape","20","18","DEFAULT","","","","","0","Add a touch of style and sophistication to any space with Ripple Glass. This high-quality PET film offers both a decorative feature and a practical privacy solution for homes, offices, restaurants, and hotels. Buy it by the metre.","<html>

<head><title>Ripple Wave Glass Film</title></head>
<body>
<p>Add a touch of style and sophistication to any space with Ripple Glass. This high-quality PET film offers both a decorative feature and a practical privacy solution for homes, offices, restaurants, and hotels. By gently diffusing light, it enhances privacy while still allowing natural brightness to flow through.</p>

<span style=""font-weight: bold; color: #d7328a;"">Structure:</span><br>
<ul><li>50<span>&#181;</span>m PET - scratch resistant</li>
<li>Solvent acrylic adhesive - Permanent</li>
<li>25<span>&#181;</span>m PET liner</li></ul>

<span style=""font-weight: bold; color: #d7328a;"">Suitability:</span><br>
<ul><li>Adds a touch of style to glass and acrylic panels for stylish interior d&eacute;cor, furniture and displays</li>
<li>Use it in the home, office, bars and restaurants</li>
<li>Perfect for architectural refurbishment</li>
<li>Increases privacy by obscuring vision</li></ul>

<a><img style=""border: 0px solid ; width: 75px; height: 75px; float: right;"" alt=""pvc free logo""
src=""media/ecom/onpagegraphics/PVC_free_logo.png""></a>

<span style=""font-weight: bold; color: #d7328a;"">Advantages:</span><br>
<ul><li>Easy to install</li>
<li>Durability of up to 10 years</li>
<li>Obscures vision so only blurred colours and shapes are seen</li>
<li>Lets 90% of visible light through so keep areas nice and bright</li>
<li>No PVC and no VOC's</li></ul>

<a ><img style=""border: 0px solid ; width: 50px; height: 50px;"" alt=""fyi""
src=""media/ecom/onpagegraphics/FYI.png""></a>
<p style=""color:rgb(244,7,138)""><i>When light passes through Ripple Wave Glass Film, it gets redirected and as a result, it becomes impossible to see anything clearly on the other side.</i></p>

<span style=""font-weight: bold; color: #d7328a;"">Technical Information:</span><br>
<ul>
<a href=""media/ecom/pdfs/datasheets/Reeded-Glass.pdf"" target=""_blank""><img style=""border: 0px solid ; width: 200px; height: 60px;"" alt=""Reeded Glass Film Datasheet""
src=""media/ecom/onpagegraphics/Datasheet.png""></a>
<a href=""media/ecom/pdfs/applicationguidelines/GlassWindow-Installation-Instructions.pdf""
target=""_blank""><img style=""border: 0px solid ; width: 200px; height: 60px;"" alt=""Window Film Application Advice Care Instructions""
src=""media/ecom/onpagegraphics/App.png""></a>
</ul>

<p style=""font-weight: bold; font-size: 0.9em;"">Prices shown are per linear metre at 1520mm wide</p>
</body>
</html>","Ripple-Wave-Glass-Film.webp","Ripple-Wave-Glass-Film.webp","INVITEMS","DEFAULT-Ripple_Wave_Glass_Film-DEFAULT-Ripple_Wave_Glass_Film","","","0","0","0","","1","REGONLY","0","0","0","0","","","","SELECT","SELECT","0","","","","","0","0","","income-service","","","0","0","","","","","Decorative-Window-Films","2543_WindSolar, Decorative-Window-Films, PVC_Free_Materials","","","0","Blue_Max, Fusion_5, Olfa_Graphic_Cutter, Olfa_X_Design_Heavy_Duty_Knife, Lint-Free-Gloves, Masking_Tape_25mm, Aslan_Squeegee, Swann_Morton_3_Handle, Swann_Morton_10A_Blades, Float_On, IPA_100, Anti_Static_Cleaner,","Blue_Max, Fusion_5, Olfa_Graphic_Cutter, Olfa_X_Design_Heavy_Duty_Knife, Lint-Free-Gloves, Masking_Tape_25mm, Aslan_Squeegee, Swann_Morton_3_Handle, Swann_Morton_10A_Blades, Float_On, IPA_100, Anti_Static_Cleaner,","L","admin, superuser","","","","","","","","","","","","","","Ripple-Wave-Glass-Film","0","timeless, riple, wave, water, vinyl, retro, vintage, obscurity, obscure, ripple, ripplewave, water finish, wave finish, wave vinyl, laminate, ","","","1781096938","0","","0","","CHECKBOX"
"Rivet_Brush","Rivet Brush","RIV","SOTT","310","7","DEFAULT","","","","","0","25mm stiff bristled brush for applying vinyl on surfaces with rivets. Also very useful for applying materials with an embossed surface.","<html>

<title><head>Rivet Brush</title></head>

<body>

<p>25mm stiff bristled brush for applying vinyl on surfaces with rivets.</p>
<p>Also very useful for applying materials with an embossed surface.</p>
<p>With proper use it will not damage the vinyl surface.</p>

</body>

</html>","3055_RIVETBRUSH.jpg","3055_RIVETBRUSH.jpg","INVITEMS","DEFAULT-Rivet_Brush-DEFAULT-Rivet_Brush","","","0","0","0","","1","REGONLY","0","0","0","0","","","","SELECT","SELECT","0","","","","","0","0","","income-service","","","0","0","","","","","Vehicle_Wrap_Tools","Application_Tools, Vehicle_Wrap_Tools","","","0","RULER, PENCIL, GLOVES","","A","","","","","","","","","","","","","","","","0","","","","1519668602","0","","0","","CHECKBOX"
"Ri_Jet_100","Ri-Jet 100 Gloss White Removable - 3 Year Digital Vinyl","RJ100","Ritrama","30","0","DEFAULT","","","","","0","Ri-Jet 100 Removable white gloss 100 micron vinyl with a removable water based acrylic adhesive. This 3 year durable vinyl is designed for promotional advertising where removability is a key requirement.  

























","<html>

<head><title>Ri-Jet 100 Removable</title></head>

<style>
.responsive {
  width: 50%;
  height: auto;
}
</style>

<body>
<img src=""media/ecom/onpagegraphics/Fedrigoni_Logo.jpg"" alt=""Fedrigoni Logo"" class=""responsive"">
<p>Ri-Jet 100 Removable white gloss 100 micron vinyl with a removable water based acrylic adhesive. This 3 year durable vinyl is designed for promotional advertising where removability is a key requirement.</p>

<span style=""font-weight: bold; color: #d7328a;"">Structure:</span><br>
<ul><li>100<span>&#181;</span>m PVC</li>
<li>Water based acrylic adhesive - Removable</li>
<li>Clay coated kraft paper liner - 135g/m<sup>2</sup>
</li></ul>

<span style=""font-weight: bold; color: #d7328a;"">Suitability:</span><br>
<ul><li>Designed for short term advertising on flat surfaces both indoors and outdoors</li>
<li>Perfect for promotional advertising on buses, trains and billboards</li>
<li>Ideal for short term in-store campaigns on windows and displays</li>
<li>Temporary point of sale advertising</li>
<li>Suitable for dry and wet application</li>
<li>Up to 3 years durability (unprinted)
</li></ul>

<span style=""font-weight: bold; color: #d7328a;"">Advantages:</span><br>
<ul><li>Monomeric UV stabilised PVC has an external colour stability of up to 3 years</li>
<li>Excellent ink absorption</li>
<li>Removes easily and cleanly from most substrates</li>
<li>Also available with a black adhesive</li><br>
<img style=""border: 0px solid ; width: 50px; height: 50px; alt=""reward points logo""
src=""media/ecom/onpagegraphics/Reward_Logo.png""><span style=""font-weight: bold; color: #ef7d00;"">Earn Reward Points every time you buy this product</span></ul>


<span style=""font-weight: bold; color: #d7328a;"">Ink Compatibility:</span><br>
<ul>
<img style=""margin: 0px 5px 0px 0px; width: 15px; height: 25px;"" alt=""Eco-Sol Ink""
src=""media/ecom/onpagegraphics/Ink-EcoSol.png"">Eco-solvent &nbsp;&nbsp;
<img style=""margin: 0px 5px 0px 0px; width: 15px; height: 25px;"" alt=""Latex""
src=""media/ecom/onpagegraphics/Ink-Latex.png"">Latex &nbsp;&nbsp;
<img style=""margin: 0px 5px 0px 0px; width: 15px; height: 25px;"" alt=""UV Ink""
src=""media/ecom/onpagegraphics/Ink-UV.png"">UV<br>
<img style=""width: 100px; height: 48px;"" alt=""HP Latex Certified""
src=""https://www.dorotape.co.uk/media/ecom/onpagegraphics/HP-Latex-Certified.jpg""></ul>

<span style=""font-weight: bold; color: #d7328a;"">Technical Information:</span><br>
<ul>
<a href=""media/ecom/pdfs/datasheets/TDS_Ri_JetM100Rem_uk_issue1_51a6.pdf"" target=""_blank""><img
style=""border: 0px solid ; width: 200px; height: 60px;"" alt=""Ri-Jet 100 Removable Datasheet""
src=""media/ecom/onpagegraphics/Datasheet.png""></a>
<a href=""media/ecom/pdfs/firecertificates/Ri-jet-100-series-en13501-11.pdf"" target=""_blank""><img
style=""border: 0px solid ; width: 200px; height: 60px;"" alt=""Ri-Jet 100 Fire Certificate""
src=""media/ecom/onpagegraphics/Fire.png""></a>
<a href=""https://www.dorotape.co.uk/Print-Profiles-User-Guide""
target=""_blank""><img style=""width: 200px; height: 60px;"" alt=""printing profile guide""
src=""media/ecom/onpagegraphics/Profile.png""></a></ul>

<p><a href=""https://www.dorotape.co.uk/Article/Ritrama-Ri-Jet-M100"" target=""_blank""><img style=""border: 0px solid ; width: 50px; height: 50px;"" alt=""link to our blog""
src=""media/ecom/onpagegraphics/Blog.png"">
<span style=""color:#d7328a""><b>Learn more about the Ri-jet 100 from Fedrigoni Ritrama by reading about it in our Blog</b></a></span></p>

<p style=""font-weight: bold; font-size: 1.0em;"">Prices shown are per 50 metre roll</p>

</body>

</html>



","RJ100.jpg","RJ100.jpg","INVITEMS","DEFAULT-Ri_Jet_100-DEFAULT-Ri_Jet_100","","","0","0","0","","1","REGONLY","0","0","0","0","","","","SELECT","SELECT","0","","","","","0","0","","income-service","","","0","0","","","","","Digital_Vinyl_Medium_Term","HP-Latex-Compatible-Media, Digital_Vinyl_Medium_Term","","","0","Boss_Gloss_Laminate, Boss_Lustre_Laminate, Aslan_Red_Devil_Squeegee, Olfa_X_Design_Heavy_Duty_Knife, Lint-Free-Gloves, Masking_Tape_25mm, Aslan-Gold-Soft-Squeegee, Olfa_Graphic_Cutter, Swann_Morton_3_Handle, Swann_Morton_10A_Blades, Aslan_Squeegee, Float_On","Aslan_Red_Devil_Squeegee, Olfa_X_Design_Heavy_Duty_Knife, Lint-Free-Gloves, Masking_Tape_25mm, Aslan-Gold-Soft-Squeegee, Olfa_Graphic_Cutter, Swann_Morton_3_Handle, Swann_Morton_10A_Blades, Aslan_Squeegee, Float_On","A","superuser","ADHESIVE_BLACK, ADHESIVE_REMOVABLE","GRADE_MONOMERIC","SUITABILITY_FLAT, SUITABILITY_OUTDOOR_MEDIUM, SUITABILITY_VEHICLE, SUITABILITY_BLOCKOUT","","","","","","","","","","","Ritrama-Ri-Jet-100","0","ritrama, monomeric, digital vinyl, vinyl, digital, print, rijet, ri-jet, ri jet 100, M100, 







xerox,d-jet 100,




































","","","1678790020","0","","0","","CHECKBOX"
"Ri_Jet_100_Air_Flow","Ri-Jet 100 Gloss White Permanent AirFlow - 3 Year Digital Vinyl","RJ100AF","Ritrama","45","155","DEFAULT","","","","","0","Ri-Jet 100 Permanent Air-Flow is a white gloss 100 micron vinyl with a permanent water based acrylic adhesive with air channels for any trapped air to escape. This 3 year durable vinyl is designed for promotional advertising where an easy bubble free application is a key requirement.  

























","<html> 

<head><title>Ri-Jet 100 Permanent Air-Flow</title></head>

<style>
.responsive {
  width: 50%;
  height: auto;
}
</style>

<body>
<img src=""media/ecom/onpagegraphics/Fedrigoni_Logo.jpg"" alt=""Fedrigoni Logo"" class=""responsive"">
<p>Ri-Jet 100 Permanent Air-Flow is a white gloss 100 micron vinyl with a permanent water based acrylic adhesive with air channels for any trapped air to escape. This 3 year durable vinyl is designed for promotional advertising where an easy bubble free application is a key requirement.  </p>

<span style=""font-weight: bold; color: #d7328a;"">Structure:</span><br>
<ul><li>100<span>&#181;</span>m PVC</li>
<li>Water based acrylic adhesive - Permanent</li>
<li>PE coated kraft paper embossed with airflow texture - 135g/m<sup>2</sup>
</li></ul>

<span style=""font-weight: bold; color: #d7328a;"">Suitability:</span><br>
<ul><li>Designed for short term advertising on flat surfaces both indoors and outdoors</li>
<li>Perfect for promotional advertising on buses, trains and billboards</li>
<li>Ideal for short term in-store campaigns on windows and displays</li>
<li>Temporary point of sale advertising</li>
<li>Suitable for dry application only</li>
<li>Up to 3 years durability (unprinted)
</li></ul>

<span style=""font-weight: bold; color: #d7328a;"">Advantages:</span><br>
<ul><li>Monomeric UV stabilised PVC has an external colour stability of up to 3 years</li>
<li>Air-Flow technology for easy bubble free application</li>
<li>Excellent ink absorption
</li><br>
<img style=""border: 0px solid ; width: 50px; height: 50px; alt=""reward points logo""
src=""media/ecom/onpagegraphics/Reward_Logo.png""><span style=""font-weight: bold; color: #ef7d00;"">Earn Reward Points every time you buy this product</span></ul>


<span style=""font-weight: bold; color: #d7328a;"">Ink Compatibility:</span><br>
<ul>
<img style=""margin: 0px 5px 0px 0px; width: 15px; height: 25px;"" alt=""Eco-Sol Ink""
src=""media/ecom/onpagegraphics/Ink-EcoSol.png"">Eco-solvent &nbsp;&nbsp;
<img style=""margin: 0px 5px 0px 0px; width: 15px; height: 25px;"" alt=""Latex""
src=""media/ecom/onpagegraphics/Ink-Latex.png"">Latex &nbsp;&nbsp;
<img style=""margin: 0px 5px 0px 0px; width: 15px; height: 25px;"" alt=""UV Ink""
src=""media/ecom/onpagegraphics/Ink-UV.png"">UV<br>
<img style=""width: 100px; height: 48px;"" alt=""HP Latex Certified""
src=""https://www.dorotape.co.uk/media/ecom/onpagegraphics/HP-Latex-Certified.jpg""></ul>

<span style=""font-weight: bold; color: #d7328a;"">Technical Information:</span><br>
<ul>
<a href=""media/ecom/pdfs/datasheets/Ri-Jet 100 Air-Flow.pdf"" target=""_blank""><img
style=""border: 0px solid ; width: 200px; height: 60px;"" alt=""Ri-Jet 100 Blockout Removable Datasheet""
src=""media/ecom/onpagegraphics/Datasheet.png""></a>
<a href=""media/ecom/pdfs/firecertificates/Ri-jet-100-series-en13501-11.pdf"" target=""_blank""><img
style=""border: 0px solid ; width: 200px; height: 60px;"" alt=""Ri-Jet 100 Fire Certificate""
src=""media/ecom/onpagegraphics/Fire.png""></a>
<a href=""https://www.dorotape.co.uk/Print-Profiles-User-Guide""
target=""_blank""><img style=""width: 200px; height: 60px;"" alt=""printing profile guide""
src=""media/ecom/onpagegraphics/Profile.png""></a></ul>

<p><a href=""https://www.dorotape.co.uk/Article/Ritrama-Ri-Jet-M100"" target=""_blank""><img style=""border: 0px solid ; width: 50px; height: 50px;"" alt=""link to our blog""
src=""media/ecom/onpagegraphics/Blog.png"">
<span style=""color:#d7328a""><b>Learn more about the Ri-jet 100 from Fedrigoni Ritrama by reading about it in our Blog</b></a></span></p>

<p style=""font-weight: bold; font-size: 1.0em;"">Prices shown are per 50 metre roll</p>

</body>

</html>




","RJ100.jpg","RJ100.jpg","INVITEMS","DEFAULT-Ri_Jet_100_Air_Flow-DEFAULT-Ri_Jet_100_Air_Flow","","","0","0","0","","1","REGONLY","0","0","0","0","","","","SELECT","SELECT","0","","","","","0","0","","income-service","","","0","0","","FREESHIPPING","","","Digital_Vinyl_Medium_Term","HP-Latex-Compatible-Media, Digital_Vinyl_Medium_Term","","","0","Boss_Gloss_Laminate, Boss_Lustre_Laminate, Aslan_Red_Devil_Squeegee, Olfa_X_Design_Heavy_Duty_Knife, Lint-Free-Gloves, Masking_Tape_25mm, Aslan-Gold-Soft-Squeegee, Olfa_Graphic_Cutter, Swann_Morton_3_Handle, Swann_Morton_10A_Blades, Aslan_Squeegee,","Aslan_Red_Devil_Squeegee, Olfa_X_Design_Heavy_Duty_Knife, Lint-Free-Gloves, Masking_Tape_25mm, Aslan-Gold-Soft-Squeegee, Olfa_Graphic_Cutter, Swann_Morton_3_Handle, Swann_Morton_10A_Blades, Aslan_Squeegee,","A","superuser","ADHESIVE_BLACK, ADHESIVE_REMOVABLE","GRADE_MONOMERIC","SUITABILITY_FLAT, SUITABILITY_OUTDOOR_MEDIUM, SUITABILITY_VEHICLE, SUITABILITY_BLOCKOUT","","","","","","","","","","","","0","ritrama, monomeric, digital vinyl, vinyl, digital, print, rijet, ri-jet, ri jet 100, M100







xerox,d-jet 100,




































","","","1716393107","0","","0","","CHECKBOX"
"Ri_Jet_100_Blockout","Ri-Jet 100 Gloss White Blockout Removable - 3 Year Digital Vinyl","RJ100BA","Ritrama","40","151","DEFAULT","","","","","0","Ri-Jet 100 Blockout Removable white gloss 100 micron vinyl with a black removable water based acrylic adhesive. This 3 year durable vinyl is designed for promotional advertising where removability is a key requirement.  

























","<html> 


<head><title>Ri-Jet 100 Blockout Removable</title></head>

<style>
.responsive {
  width: 50%;
  height: auto;
}
</style>

<body>
<img src=""media/ecom/onpagegraphics/Fedrigoni_Logo.jpg"" alt=""Fedrigoni Logo"" class=""responsive"">
<p>Ri-Jet 100 Blockout Removable white gloss 100 micron vinyl with a black removable water based acrylic adhesive. This 3 year durable vinyl is designed for promotional advertising where removability is a key requirement.</p>

<span style=""font-weight: bold; color: #d7328a;"">Structure:</span><br>
<ul><li>100<span>&#181;</span>m PVC</li>
<li>Water based acrylic adhesive - Removable</li>
<li>Clay coated kraft paper liner - 135g/m<sup>2</sup>
</li></ul>

<span style=""font-weight: bold; color: #d7328a;"">Suitability:</span><br>
<ul><li>Designed for short term advertising on flat surfaces both indoors and outdoors</li>
<li>Perfect for promotional advertising on buses, trains and billboards</li>
<li>Ideal for short term in-store campaigns on windows and displays</li>
<li>Temporary point of sale advertising</li>
<li>Suitable for dry and wet application</li>
<li>Up to 3 years durability (unprinted)
</li></ul>

<span style=""font-weight: bold; color: #d7328a;"">Advantages:</span><br>
<ul><li>Monomeric UV stabilised PVC has an external colour stability of up to 3 years</li>
<li>Black adhesive provides perfect opacity</li>
<li>Excellent ink absorption</li>
<li>Removes easily and cleanly from most substrates</li>
<li>Also available with a clear adhesive</li><br>
<img style=""border: 0px solid ; width: 50px; height: 50px; alt=""reward points logo""
src=""media/ecom/onpagegraphics/Reward_Logo.png""><span style=""font-weight: bold; color: #ef7d00;"">Earn Reward Points every time you buy this product</span></ul>


<span style=""font-weight: bold; color: #d7328a;"">Ink Compatibility:</span><br>
<ul>
<img style=""margin: 0px 5px 0px 0px; width: 15px; height: 25px;"" alt=""Eco-Sol Ink""
src=""media/ecom/onpagegraphics/Ink-EcoSol.png"">Eco-solvent &nbsp;&nbsp;
<img style=""margin: 0px 5px 0px 0px; width: 15px; height: 25px;"" alt=""Latex""
src=""media/ecom/onpagegraphics/Ink-Latex.png"">Latex &nbsp;&nbsp;
<img style=""margin: 0px 5px 0px 0px; width: 15px; height: 25px;"" alt=""UV Ink""
src=""media/ecom/onpagegraphics/Ink-UV.png"">UV<br>
<img style=""width: 100px; height: 48px;"" alt=""HP Latex Certified""
src=""https://www.dorotape.co.uk/media/ecom/onpagegraphics/HP-Latex-Certified.jpg""></ul>

<span style=""font-weight: bold; color: #d7328a;"">Technical Information:</span><br>
<ul>
<a href=""media/ecom/pdfs/datasheets/TDS_Ri_JetM100RemBlack_uk_issue1_44cb.pdf"" target=""_blank""><img
style=""border: 0px solid ; width: 200px; height: 60px;"" alt=""Ri-Jet 100 Blockout Removable Datasheet""
src=""media/ecom/onpagegraphics/Datasheet.png""></a>
<a href=""media/ecom/pdfs/firecertificates/Ri-jet-100-series-en13501-11.pdf"" target=""_blank""><img
style=""border: 0px solid ; width: 200px; height: 60px;"" alt=""Ri-Jet 100 Fire Certificate""
src=""media/ecom/onpagegraphics/Fire.png""></a>
<a href=""https://www.dorotape.co.uk/Print-Profiles-User-Guide""
target=""_blank""><img style=""width: 200px; height: 60px;"" alt=""printing profile guide""
src=""media/ecom/onpagegraphics/Profile.png""></a></ul>

<p><a href=""https://www.dorotape.co.uk/Article/Ritrama-Ri-Jet-M100"" target=""_blank""><img style=""border: 0px solid ; width: 50px; height: 50px;"" alt=""link to our blog""
src=""media/ecom/onpagegraphics/Blog.png"">
<span style=""color:#d7328a""><b>Learn more about the Ri-jet 100 from Fedrigoni Ritrama by reading about it in our Blog</b></a></span></p>

<p style=""font-weight: bold; font-size: 1.0em;"">Prices shown are per 50 metre roll</p>

</body>

</html>


","RJ100.jpg","RJ100.jpg","INVITEMS","DEFAULT-Ri_Jet_100_Blockout-DEFAULT-Ri_Jet_100_Blockout","","","0","0","0","","1","REGONLY","0","0","0","0","","","","SELECT","SELECT","0","","","","","0","0","","income-service","","","0","0","","FREESHIPPING","","","Digital_Vinyl_Medium_Term","HP-Latex-Compatible-Media, Digital_Vinyl_Medium_Term","","","0","Boss_Gloss_Laminate, Boss_Lustre_Laminate, Aslan_Red_Devil_Squeegee, Olfa_X_Design_Heavy_Duty_Knife, Lint-Free-Gloves, Masking_Tape_25mm, Aslan-Gold-Soft-Squeegee, Olfa_Graphic_Cutter, Swann_Morton_3_Handle, Swann_Morton_10A_Blades, Aslan_Squeegee, Float_On, Essential_Gloss_Laminate","Aslan_Red_Devil_Squeegee, Olfa_X_Design_Heavy_Duty_Knife, Lint-Free-Gloves, Masking_Tape_25mm, Aslan-Gold-Soft-Squeegee, Olfa_Graphic_Cutter, Swann_Morton_3_Handle, Swann_Morton_10A_Blades, Aslan_Squeegee, Float_On","A","superuser","ADHESIVE_BLACK, ADHESIVE_REMOVABLE","GRADE_MONOMERIC","SUITABILITY_FLAT, SUITABILITY_OUTDOOR_MEDIUM, SUITABILITY_VEHICLE, SUITABILITY_BLOCKOUT","","","","","","","","","","","Ritrama-Ri-Jet-100-Blockout","0","ritrama, monomeric, digital vinyl, vinyl, digital, print, rijet, ri-jet, ri jet 100, blockout, M100







xerox,d-jet 100,




































","","","1489752933","0","","0","","CHECKBOX"
"Ri_Jet_50_Airflow","Ri-Jet C50 Ultimate Slide & Tack Airflow","RJ50STA/F","Ritrama","1","0","DEFAULT","","","","","0","Ri-Jet C50 Ultimate Slide & Tack is a high performance gloss white self-adhesive digital printing film designed for vehicle wraps and with a durability of up to 12 years. The conformability of the cast pvc allows the film to conform well to other structures with complex curves and irregular parts. Easy and quick installation, the quality features help the installer to eliminate any creases and air bubbles that may form.





























","<html>

<head><title>Ri-Jet C50 Ultimate Slide & Tack Airflow</title></head>

<style>
.responsive {
  width: 50%;
  height: auto;
}
</style>

<body>
<img src=""media/ecom/onpagegraphics/Fedrigoni_Logo.jpg"" alt=""Fedrigoni Logo"" class=""responsive""><br><br>

<p>Ri-Jet C50 Ultimate Slide & Tack is a high performance gloss white self-adhesive digital printing film designed for vehicle wraps with a durability of up to 12 years.</p>

<span style=""font-weight: bold; color: #d7328a;"">Structure:</span><br>
<ul><li>50<span>&#181;</span>m Cast PVC vinyl film</li>
<li>Solvent based adhesive - Initially repositionable, Ultimately permanent</li>
<li>Micro embossed PE coated kraft paper - 140gm<sup>2</sup>
</li></ul>

<span style=""font-weight: bold; color: #d7328a;"">Suitability:</span><br>
<ul><li>Perfect for printed vehicle wraps</li>
<li>Easily conformable over complex surfaces</li>
<li>Suitable for outdoor uses with a durability of up to 12 years</li>
<li>Matching laminate available for ultimate vehicle wrapping solution</li></ul>

<span style=""font-weight: bold; color: #d7328a;"">Advantages:</span><br>
<ul><li>Low adhesion (for the first 15 minutes even after squeegeeing) provides effortless positioning, repositioning and final installation</li>
<li>Easily conformable over complex concave and convex curved surfaces such as wing mirrors and bumpers as well as corrugations and rivets</li>
<li>Easy and quick installation, the quality features help the installer to eliminate any creases and air bubbles that may form
</li></ul>


<span style=""font-weight: bold; color: #d7328a;"">Ink Compatability:</span>
<ul><img style=""margin: 0px 5px 0px 0px; width: 15px; height: 25px;"" alt=""Eco-Sol Ink""
src=""media/ecom/onpagegraphics/Ink-EcoSol.png"">Eco-solvent &nbsp;&nbsp;
<img style=""margin: 0px 5px 0px 0px; width: 15px; height: 25px;"" alt=""Sol Ink""
src=""media/ecom/onpagegraphics/Ink-Sol.png"">Solvent &nbsp;&nbsp;
<img style=""margin: 0px 5px 0px 0px; width: 15px; height: 25px;"" alt=""Latex Ink""
src=""media/ecom/onpagegraphics/Ink-Latex.png"">Latex &nbsp;&nbsp;
<img style=""margin: 0px 5px 0px 0px; width: 15px; height: 25px;"" alt=""UV Ink""
src=""media/ecom/onpagegraphics/Ink-UV.png"">UV<br>
<img style=""width: 100px; height: 48px;"" alt=""HP Latex Certified""
src=""https://www.dorotape.co.uk/media/ecom/onpagegraphics/HP-Latex-Certified.jpg""></ul>



<span style=""font-weight: bold; color: #d7328a;"">Technical Information:</span>
<ul><a href=""media/ecom/pdfs/datasheets/TDS___Ri_Jet_C50_Ultimate_Slide__Tack___uk___issue_1_c3dd.pdf"" target=""_blank""><img
style=""border: 0px solid ; width: 200px; height: 60px;"" alt=""Ri-Jet C50 Ultimate Slide & Tack Datasheet""
src=""media/ecom/onpagegraphics/Datasheet.png""></a>
<a href=""media/ecom/pdfs/applicationguidelines/Ri-Jet C50 Ultimate - Application Guide.pdf"" target=""_blank""><img
style=""border: 0px solid ; width: 200px; height: 60px;"" alt=""Ritrama Vinyl Application Guide""
src=""media/ecom/onpagegraphics/App.png""></a>
<a href=""media/ecom/pdfs/applicationguidelines/Ritrama_Warranty.pdf"" target=""_blank""><img
style=""border: 0px solid ; width: 200px; height: 60px;"" alt=""Ritrama Warranty""
src=""media/ecom/onpagegraphics/War.png""></a>
<a href=""https://www.dorotape.co.uk/Print-Profiles-User-Guide""
target=""_blank""><img style=""width: 200px; height: 60px;"" alt=""printing profile guide""
src=""media/ecom/onpagegraphics/Profile.png""></a></ul>

<p style=""font-weight: bold; font-size: 1.0em;"">Prices shown are per roll</p>
</body>

</html>","RJ50C_Ultimate.jpg","RJ50C_Ultimate.jpg","INVITEMS","DEFAULT-Ri_Jet_50_Airflow-DEFAULT-Ri_Jet_50_Airflow","","","0","0","0","","1","REGONLY","0","0","0","0","","","","SELECT","SELECT","0","","","","","0","0","","income-service","","","0","0","","","https://www.youtube.com/embed/iGpkdU3FpEI","","Digital_Print_Vehicle_Wrap_Vinyl","Digital_Print_Vehicle_Wrap_Vinyl, HP-Latex-Compatible-Media","","","0","Vehicle_Wrap_Laminate, Magnetic_Squeegee, Mounting_Magnet, Contour_Squeegee, Olfa_Graphic_Cutter, Swann_Morton_3_Handle, Swann_Morton_10A_Blades, Bubble_Pen, Lint-Free-Gloves, Panel_Wipe, Flat_Nosed_Tweezers","Magnetic_Squeegee, Mounting_Magnet, Contour_Squeegee, Olfa_Graphic_Cutter, Swann_Morton_3_Handle, Swann_Morton_10A_Blades, Bubble_Pen, Lint-Free-Gloves, Panel_Wipe, Flat_Nosed_Tweezers","A","superuser","ADHESIVE_AIRFLOW, ADHESIVE_REPOSITIONABLE","GRADE_CAST","SUITABILITY_CURVED, SUITABILITY_OUTDOOR_LONG, SUITABILITY_VEHICLE, SUITABILITY_VEHICLE_WRAP","","","","","","","","","","","Ri-Jet-C50-Ultimate-Slide-Tack","0","ritrama, ri-jet 50, cast, digital vinyl, vinyl, digital, print, vehicle wrap, car wrap, wrap, cast wrap, airflow, airfree, air escape, easy apply, ultimate, slide, tack, slide & tack







xerox,d-jet 100,

















","","Ri-Jet C50 Ultimate Slide & Tack is a high performance gloss white self-adhesive digital printing film designed for vehicle wraps and with a durability of up to 12 years. The conformability of the cast pvc allows the film to conform well to other structures with complex curves and irregular parts. Easy and quick installation, the quality features help the installer to eliminate any creases and air bubbles that may form.","1489928338","0","","0","","CHECKBOX"
"Ri_Jet_75","Ritrama Ri-Jet 75 - 7 Year Digital Vinyl","RJ75","Ritrama","50","0","DEFAULT","","","","","0","Ri-Jet 75 polymeric self-adhesive vinyl has a permanent solvent acrylic adhesive and a moisture stable PE coated liner for high performance long term graphics and signage.  Prices shown are per roll



























","<html>

<head><title>Ri-Jet 75</title></head>
<style>
.responsive {
  width: 50%;
  height: auto;
}
</style>

<body>
<img src=""media/ecom/onpagegraphics/Fedrigoni_Logo.jpg"" alt=""Fedrigoni Logo"" class=""responsive"">
<p>Ri-Jet 75 polymeric self-adhesive vinyl has a permanent solvent acrylic adhesive and a moisture stable PE coated liner for high performance long term graphics and signage.</p>

<span style=""font-weight: bold; color: #d7328a;"">Structure:</span><br>
<ul><li>75<span>&#181;</span>m Polymeric white gloss PVC</li>
<li>Solvent based acrylic adhesive - Permanent</li>
<li>Siliconised two side PE kraft paper liner  - 140g/m<sup>2</sup>
</li></ul>

<span style=""font-weight: bold; color: #d7328a;"">Suitability:</span><br>
<ul><li>Designed for high performance long term graphics and signage on flat and curved surfaces</li>
<li>Conforms well to irregular surfaces</li>
<li>A great choice for long term vehicle graphics</li>
<li>Suitable for dry and wet application</li>
<li>Up to 7 years durability (unprinted)
</li></ul>

<span style=""font-weight: bold; color: #d7328a;"">Advantages:</span><br>
<ul><li>Solvent based adhesive</li>
<li>Excellent lay flat properties and minimal shrinkage</li>
<li>Soft face film means easy weeding</li>
<li>Consistantly high quality from top name Italian manufacturer Fedrigoni</li><br>
<img style=""border: 0px solid ; width: 50px; height: 50px; alt=""reward points logo""
src=""media/ecom/onpagegraphics/Reward_Logo.png""><span style=""font-weight: bold; color: #ef7d00;"">Earn Reward Points every time you buy this product</span></ul>

<span style=""font-weight: bold; color: #d7328a;"">Ink Compatibility:</span><br>
<ul>
<img style=""margin: 0px 5px 0px 0px; width: 15px; height: 25px;"" alt=""Eco-Sol Ink""
src=""media/ecom/onpagegraphics/Ink-EcoSol.png"">Eco-solvent &nbsp;&nbsp;
<img style=""margin: 0px 5px 0px 0px; width: 15px; height: 25px;"" alt=""Latex""
src=""media/ecom/onpagegraphics/Ink-Latex.png"">Latex &nbsp;&nbsp;
<img style=""margin: 0px 5px 0px 0px; width: 15px; height: 25px;"" alt=""UV Ink""
src=""media/ecom/onpagegraphics/Ink-UV.png"">UV<br>
<img style=""width: 100px; height: 48px;"" alt=""HP Latex Certified""
src=""https://www.dorotape.co.uk/media/ecom/onpagegraphics/HP-Latex-Certified.jpg""></ul>

<span style=""font-weight: bold; color: #d7328a;"">Technical Information:</span><br>
<ul>
<a href=""media/ecom/pdfs/datasheets/TDS_Ri_Jet_P75_Perm.pdf"" target=""_blank""><img
style=""border: 0px solid ; width: 200px; height: 60px;"" alt=""Ri-Jet 75 Datasheet""
src=""media/ecom/onpagegraphics/Datasheet.png""></a>
<a href=""media/ecom/pdfs/applicationguidelines/Ritrama_Application_Guideline_2010.pdf"" target=""_blank""><img
style=""border: 0px solid ; width: 200px; height: 60px;"" alt=""Ritrama Vinyl Application Guidelines""
src=""media/ecom/onpagegraphics/App.png""></a>
<a href=""media/ecom/pdfs/applicationguidelines/Ritrama_Warranty.pdf"" target=""_blank""><img
style=""border: 0px solid ; width: 200px; height: 60px;"" alt=""Ritrama Warranty""
src=""media/ecom/onpagegraphics/War.png""></a>
<a href=""https://www.dorotape.co.uk/Print-Profiles-User-Guide""
target=""_blank""><img style=""width: 200px; height: 60px;"" alt=""printing profile guide""
src=""media/ecom/onpagegraphics/Profile.png""></a></ul>
<p style=""font-weight: bold; font-size: 1.0em;"">Prices shown are per 50 metre roll</p>
</body>
</html>



","Ri-Jet_P75.jpg","Ri-Jet_P75.jpg","INVITEMS","DEFAULT-Ri_Jet_75-DEFAULT-Ri_Jet_75","","","0","0","0","","1","REGONLY","0","0","0","0","","","","SELECT","SELECT","0","","","","","0","0","","income-service","","","0","0","","","","","Digital_Vinyl_Long_Term","Digital_Vinyl_Long_Term, HP-Latex-Compatible-Media","","","0","Aslan_Red_Devil_Squeegee, Olfa_X_Design_Heavy_Duty_Knife, Lint-Free-Gloves, Masking_Tape_25mm, Aslan-Gold-Soft-Squeegee, Olfa_Graphic_Cutter, Swann_Morton_3_Handle, Swann_Morton_10A_Blades, Aslan_Squeegee, Float_On","Aslan_Red_Devil_Squeegee, Olfa_X_Design_Heavy_Duty_Knife, Lint-Free-Gloves, Masking_Tape_25mm, Aslan-Gold-Soft-Squeegee, Olfa_Graphic_Cutter, Swann_Morton_3_Handle, Swann_Morton_10A_Blades, Aslan_Squeegee, Float_On","A","superuser","ADHESIVE_PERMANENT","GRADE_POLYMERIC","SUITABILITY_CURVED, SUITABILITY_OUTDOOR_LONG, SUITABILITY_VEHICLE","","","","","","","","","","","Ri-Jet-75","0","fedrigoni, ritrama, ri-jet 75, polymeric, digital vinyl, vinyl, digital, print, ri jet 75, rj75







xerox,d-jet 100,




































","","","1489769513","0","","0","","CHECKBOX"
"RJ100CLEAR","Ri-Jet M100 Gloss Clear Removable SB - 3 Year Transparent Digital Vinyl","RJ100CLEAR","Ritrama","70","183","DEFAULT","","","","","0","Ri-Jet M100 Gloss Clear Removable SB is a 100 micron transparent vinyl with a removable solvent based acrylic adhesive. This 3 year durable vinyl is designed for promotional advertising where removability is a key requirement. Price shown is for a 1370mm x 50m roll

























","<html>

<head><title>Ri-Jet M100 Gloss Clear Removable SB</title></head>

<style>
.responsive {
  width: 50%;
  height: auto;
}
</style>

<body>
<img src=""media/ecom/onpagegraphics/Fedrigoni_Logo.jpg"" alt=""Fedrigoni Logo"" class=""responsive"">
<p>Ri-Jet M100 Gloss Clear Removable SB is a 100 micron transparent vinyl with a removable solvent based acrylic adhesive. This 3 year durable vinyl is designed for promotional advertising where removability is a key requirement.</p>

<span style=""font-weight: bold; color: #d7328a;"">Structure:</span><br>
<ul><li>100<span>&#181;</span>m PVC</li>
<li>Solvent based acrylic adhesive - Removable</li>
<li>Clay coated kraft paper liner - 135g/m<sup>2</sup>
</li></ul>

<span style=""font-weight: bold; color: #d7328a;"">Suitability:</span><br>
<ul><li>Designed for short term advertising on flat surfaces both indoors and outdoors</li>
<li>Perfect for promotional advertising on buses, trains and billboards</li>
<li>Ideal for short term in-store campaigns on windows and displays</li>
<li>Temporary point of sale advertising</li>
<li>Suitable for dry and wet application</li>
<li>Up to 3 years durability (unprinted)
</li></ul>

<span style=""font-weight: bold; color: #d7328a;"">Advantages:</span><br>
<ul><li>Monomeric UV stabilised PVC has an external colour stability of up to 3 years</li>
<li>Excellent ink absorption</li>
<li>Removes easily and cleanly from most substrates</li>
<br>
<img style=""border: 0px solid ; width: 50px; height: 50px; alt=""reward points logo""
src=""media/ecom/onpagegraphics/Reward_Logo.png""><span style=""font-weight: bold; color: #ef7d00;"">Earn Reward Points every time you buy this product</span></ul>


<span style=""font-weight: bold; color: #d7328a;"">Ink Compatibility:</span><br>
<ul>
<img style=""margin: 0px 5px 0px 0px; width: 15px; height: 25px;"" alt=""Eco-Sol Ink""
src=""media/ecom/onpagegraphics/Ink-EcoSol.png"">Eco-solvent &nbsp;&nbsp;
<img style=""margin: 0px 5px 0px 0px; width: 15px; height: 25px;"" alt=""Latex""
src=""media/ecom/onpagegraphics/Ink-Latex.png"">Latex &nbsp;&nbsp;
<img style=""margin: 0px 5px 0px 0px; width: 15px; height: 25px;"" alt=""UV Ink""
src=""media/ecom/onpagegraphics/Ink-UV.png"">UV<br>
</ul>

<span style=""font-weight: bold; color: #d7328a;"">Technical Information:</span><br>
<ul>
<a href=""media/ecom/pdfs/datasheets/Ri_Jet_M100_Rem_SB.pdf"" target=""_blank""><img
style=""border: 0px solid ; width: 200px; height: 60px;"" alt=""Ri-Jet M100 Gloss Clear Removable Datasheet""
src=""media/ecom/onpagegraphics/Datasheet.png""></a>
<a href=""https://www.dorotape.co.uk/Print-Profiles-User-Guide""
target=""_blank""><img style=""width: 200px; height: 60px;"" alt=""printing profile guide""
src=""media/ecom/onpagegraphics/Profile.png""></a></ul>

<p><a href=""https://www.dorotape.co.uk/Article/Ritrama-Ri-Jet-M100"" target=""_blank""><img style=""border: 0px solid ; width: 50px; height: 50px;"" alt=""link to our blog""
src=""media/ecom/onpagegraphics/Blog.png"">
<span style=""color:#d7328a""><b>Learn more about the Ri-jet 100 from Fedrigoni Ritrama by reading about it in our Blog</b></a></span></p>

<p style=""font-weight: bold; font-size: 0.9em;"">Prices shown are per 1370mm x 50 metre roll</p>

</body>

</html>","Ri-Jet-M100-Clear-Rem.webp","Ri-Jet-M100-Clear-Rem.webp","INVITEMS","DEFAULT-RJ100CLEAR-DEFAULT-RJ100CLEAR","","","0","0","0","","1","REGONLY","0","0","0","0","","","","SELECT","SELECT","0","","","","","0","0","","income-service","","","0","0","","","","","Digital_Vinyl_Medium_Term","HP-Latex-Compatible-Media, Digital_Vinyl_Medium_Term","","","0","Boss_Gloss_Laminate, Boss_Lustre_Laminate, Aslan_Red_Devil_Squeegee, Olfa_X_Design_Heavy_Duty_Knife, Lint-Free-Gloves, Masking_Tape_25mm, Aslan-Gold-Soft-Squeegee, Olfa_Graphic_Cutter, Swann_Morton_3_Handle, Swann_Morton_10A_Blades, Aslan_Squeegee, Float_On, Blue_Max, Fusion_5","Aslan_Red_Devil_Squeegee, Olfa_X_Design_Heavy_Duty_Knife, Lint-Free-Gloves, Masking_Tape_25mm, Aslan-Gold-Soft-Squeegee, Olfa_Graphic_Cutter, Swann_Morton_3_Handle, Swann_Morton_10A_Blades, Aslan_Squeegee, Float_On","A","admin, superuser","ADHESIVE_BLACK, ADHESIVE_REMOVABLE","GRADE_MONOMERIC","SUITABILITY_FLAT, SUITABILITY_OUTDOOR_MEDIUM, SUITABILITY_VEHICLE, SUITABILITY_BLOCKOUT","","","","","","","","","","","Ritrama-Ri-Jet-M100-Gloss-Clear-Removable-SB","0","ritrama, monomeric, digital vinyl, vinyl, digital, print, rijet, ri-jet, ri jet 100, M100, clear, solvent, 







xerox,d-jet 100,




































","","","1759850220","0","","0","","CHECKBOX"
"RJ75HG","Ri-Jet 75 Hi-Grip","RJ75HG1370","Ritrama","50","329","DEFAULT","","","","","0","Ritrama Ri-Jet 75 Hi-Grip is a gloss white digital polymeric vinyl with a super high tack adhesive for use on low energy surfaces. Perfect for use one the plastic fairings of Moto X and quad bikes etc. Also recommended as an exterior floor vinyl on to smooth concrete surfaces.  Prices are per 1370mm x 50m roll","<html> 


<head><title>Ri-Jet 75 High Grip</title></head>
<style>
.responsive {
  width: 50%;
  height: auto;
}
</style>

<body>
<img src=""media/ecom/onpagegraphics/Fedrigoni_Logo.jpg"" alt=""Fedrigoni Logo"" class=""responsive"">
<p>Ritrama Ri-Jet 75 Hi-Grip is a gloss white digital polymeric vinyl with a super high tack adhesive for use on low energy surfaces.</p>

<span style=""font-weight: bold; color: #d7328a;"">Structure:</span><br>
<ul><li>75<span>&#181;</span>m Polymeric white gloss PVC</li>
<li>High Tack clear solvent based acrylic adhesive - Permanent</li>
<li>Siliconised two sided PE kraft paper liner  - 141g/m<sup>2</sup>
</li></ul>

<span style=""font-weight: bold; color: #d7328a;"">Suitability:</span><br>
<ul><li>Designed for medium to long term application of graphics and signage onto apolar and other hard to stick to surfaces</li>
<li>Perfect for use on the plastic fairings of Moto X and quad bikes etc</li>
<li>A great choice for POS and shelf edges</li>
<li>Also recommended as an exterior floor vinyl on to smooth concrete surfaces</li>
<li>Ri-Jet 75 Hi-Grip also washes well and can be used for garment labelling</li>
<li>Up to 7 years durability (unprinted)
</li></ul>

<span style=""font-weight: bold; color: #d7328a;"">Advantages:</span><br>
<ul><li>Superior adhesion to a variety of surfaces</li>
<li>Excellent lay flat properties due to PE coated liner</li>
<li>Consistantly high quality from top name Italian manufacturer Fedrigoni</li><br>
<img style=""border: 0px solid ; width: 50px; height: 50px; alt=""reward points logo""
src=""media/ecom/onpagegraphics/Reward_Logo.png""><span style=""font-weight: bold; color: #ef7d00;"">Earn Reward Points every time you buy this product</span></ul>

<span style=""font-weight: bold; color: #d7328a;"">Ink Compatibility:</span><br>
<ul>
<img style=""margin: 0px 5px 0px 0px; width: 15px; height: 25px;"" alt=""Eco-Sol Ink""
src=""media/ecom/onpagegraphics/Ink-EcoSol.png"">Eco-solvent &nbsp;&nbsp;
<img style=""margin: 0px 5px 0px 0px; width: 15px; height: 25px;"" alt=""Latex""
src=""media/ecom/onpagegraphics/Ink-Latex.png"">Latex &nbsp;&nbsp;
<img style=""margin: 0px 5px 0px 0px; width: 15px; height: 25px;"" alt=""UV Ink""
src=""media/ecom/onpagegraphics/Ink-UV.png"">UV</ul>


<span style=""font-weight: bold; color: #d7328a;"">Technical Information:</span><br>
<ul>
<a href=""media/ecom/pdfs/datasheets/Ri_Jet_P75_Hi_Grip.pdf"" target=""_blank""><img
style=""border: 0px solid ; width: 200px; height: 60px;"" alt=""Ri-Jet 75 High Grip Datasheetf""
src=""media/ecom/onpagegraphics/Datasheet.png""></a>
<a href=""https://www.dorotape.co.uk/Print-Profiles-User-Guide""
target=""_blank""><img style=""width: 200px; height: 60px;"" alt=""printing profile guide""
src=""media/ecom/onpagegraphics/Profile.png""></a></ul>
<p style=""font-weight: bold; font-size: 0.9em;"">Prices shown are per 50 metre roll at 1370mm wide</p>
</body>

</html>


","ritrama-rj75-hg.png","ritrama-rj75-hg.png","INVITEMS","DEFAULT-RJ75HG-DEFAULT-RJ75HG","","","0","0","0","","1","REGONLY","0","0","0","0","","","","SELECT","SELECT","0","","","","","0","0","","income-service","","","0","0","","FREESHIPPING","","","Digital_Vinyl_Long_Term","Digital_Vinyl_Long_Term, Covid_Kit, Floor_Graphic_Films, High_Tack_Digital_Print_Vinyl","","","0","PP_1230, ASLAN-SL05, Aslan_Red_Devil_Squeegee, Olfa_X_Design_Heavy_Duty_Knife, Lint-Free-Gloves, Masking_Tape_25mm, Aslan-Gold-Soft-Squeegee, Olfa_Graphic_Cutter, Swann_Morton_3_Handle, Swann_Morton_10A_Blades, Aslan_Squeegee, Float_On","Aslan_Red_Devil_Squeegee, Olfa_X_Design_Heavy_Duty_Knife, Lint-Free-Gloves, Masking_Tape_25mm, Aslan-Gold-Soft-Squeegee, Olfa_Graphic_Cutter, Swann_Morton_3_Handle, Swann_Morton_10A_Blades, Aslan_Squeegee, Float_On","A","superuser","ADHESIVE_HIGH_TACK, ADHESIVE_PERMANENT","FloorVinyl2","SUITABILITY_CURVED, SUITABILITY_OUTDOOR_LONG","","","","","","","","","","","Ri-Jet-75-High-Grip","0","ri-jet 75, high grip, ultra, high, tack, bond







xerox,d-jet 100,












































","","","1565256590","0","","0","","CHECKBOX"
"RJPET75","Ritrama Ri-Jet PET75 Ultra-Clear SB Series","RJPET75","Ritrama","15","0","DEFAULT","","","","","0","Ritrama PET 75 Ultra Clear SB Series is a 75 micron perfectly clear self-adhesive polyester film with a solvent based crystal clear adhesive designed for wet application onto glass internally or externally. The optically clear film has an internal stability up to 5 years. 













","<html>

<head><title>Ritrama Ri-Jet PET75 Ultra-Clear SB Series</title></head>

<body>

<p>Ritrama Ri-Jet PET75 Ultra Clear SB Series is a 75 micron perfectly clear self-adhesive polyester film with a solvent based crystal clear adhesive designed for wet application onto glass. The optically clear film has an internal stability up to 5 years.</p>

<span style=""font-weight: bold; color: #d7328a;"">Structure:</span><br>
<ul><li>75<span>&#181;</span>m Optically clear Polyester</li>
<li>Solvent based adhesive - Removable</li>
<li>PET backing liner - 36<span>&#181;</span>m
</li></ul>

<a><img style=""border: 0px solid ; width: 75px; height: 75px; float: right;"" alt=""pvc free""
src=""media/ecom/onpagegraphics/PVC_free_logo.png""></a>

<span style=""font-weight: bold; color: #d7328a;"">Suitability:</span><br>
<ul><li>Designed for high impact window graphics applied wet onto glass internally</li>
<li>Suitable for wet applications to glass</li>
<li>Compatible with UV and Latex</li></ul>

<span style=""font-weight: bold; color: #d7328a;"">Advantages:</span><br>
<ul><li>High rigidity makes installation easy</li>
<li>Removable without residue</li>
<li>PVC-free for eco friendly solutions</li>
<li>Optically clear material
</li></ul>

<span style=""font-weight: bold; color: #d7328a;"">Ink Compatability:</span>
<ul>
<img style=""margin: 0px 5px 0px 0px; width: 15px; height: 25px;"" alt=""Latex""
src=""media/ecom/onpagegraphics/Ink-Latex.png"">Latex &nbsp;&nbsp;
<img style=""margin: 0px 5px 0px 0px; width: 15px; height: 25px;"" alt=""UV Ink""
src=""media/ecom/onpagegraphics/Ink-UV.png"">UV<br>
</ul>

<span style=""font-weight: bold; color: #d7328a;"">Technical Information:</span>
<ul>
<a href=""media/ecom/pdfs/datasheets/TDS_Ri_Jet_PET75_Ultra_Clear_SB.pdf"" target=""_blank""><img
style=""border: 0px solid ; width: 200px; height: 60px;"" alt=""Ri-Jet_Pet75_datasheet""
src=""media/ecom/onpagegraphics/Datasheet.png""></a>
<a href=""https://www.dorotape.co.uk/Print-Profiles-User-Guide""
target=""_blank""><img style=""width: 200px; height: 60px;"" alt=""printing profile guide""
src=""media/ecom/onpagegraphics/Profile.png""></a></ul>
<p style=""font-weight: bold; font-size: 1.0em;"">Prices shown are per roll at 1524mm wide</p>
</body>
</html>","Ri-Jet-PET75.png","Ri-Jet-PET75.png, Perfectly_Clear_2.jpg","INVITEMS","DEFAULT-RJPET75-DEFAULT-RJPET75","","","0","0","0","","1","REGONLY","0","0","0","0","","","","SELECT","SELECT","0","","","","","0","0","","income-service","","","0","0","","","","","PVC_Free_Media","Digital_Print_Window_Film, PVC_Free_Media, HP-Latex-Compatible-Media","","","0","Blue_Max, Fusion_5, Olfa_Graphic_Cutter, Olfa_X_Design_Heavy_Duty_Knife, Lint-Free-Gloves, Masking_Tape_25mm, Aslan_Squeegee, Swann_Morton_3_Handle, Swann_Morton_10A_Blades, Float_On, IPA_100, Anti_Static_Cleaner,","Blue_Max, Fusion_5, Olfa_Graphic_Cutter, Olfa_X_Design_Heavy_Duty_Knife, Lint-Free-Gloves, Masking_Tape_25mm, Aslan_Squeegee, Swann_Morton_3_Handle, Swann_Morton_10A_Blades, Float_On, IPA_100, Anti_Static_Cleaner,","A","admin, superuser","ADHESIVE_REMOVABLE","GRADE_POLYESTER","SUITABILITY_WINDOW","","","","","","","","","","","Ri-Jet-PET75","0","window, madico, lintec, optically, clear, glass film, optical, perfclear, perfectly, clear, perfectly clear, invisible, rj75, pet, rjpet75, rj75pet, rj, ri jet, ri-jet, 







































","Ri-Jet PET 75 Ultra Clear SB Series ","","1759246073","0","","0","","CHECKBOX"
"RM04_Brown_Chocolate","RM04 Brown Chocolate","Cover Styl' RM04","Cover_Styl","290","19","DEFAULT","","","","","0","Cover Styl' RM04 Brown Chocolate self-adhesive coloured film. Buy it by the metre.

","<html>
<head>
<title>Cover Styl' RM04 Brown Chocolate</title></head>
<body>
<p><img style=""height: 76px; width: 300px;"" alt=""Cover Styl' logo""
src=""media/ecom/onpagegraphics/Coverstyl_Logo.png""></p>
<span style=""font-weight: bold; color: #588ec6;"">SUITABILITY:</span>
<p>This product is designed for interior application only and offers exceptional resistance to water, dirt, abrasion, UV rays and wear (yellowing, cracking, scaling, delamination). </p>
<span style=""font-weight: bold; color: #588ec6;"">MATERIAL CHARACTERISTICS:</span>
<ul><li>Grade: Polymeric</li>
<li>Thickness: 250 micron</li>
<li>Adhesive: Easy Apply Air Release</li>
<li>Appearance: Matt</li>
<li>Stretchable: Yes</li>
<li>Scratch Proof: Average</li>
</ul>
<p>Prices shown are per linear metre at 1220mm wide</p>
</body>
</html>","RM04_Brown_Chocolate.jpg","RM04_Brown_Chocolate.jpg, RM04_Brown_Chocolate_Cupboard.jpg","INVITEMS","DEFAULT-RM04_Brown_Chocolate-DEFAULT-RM04_Brown_Chocolate","","","0","0","0","","1","REGONLY","0","0","0","0","","","","SELECT","SELECT","0","","","","","0","0","","income-service","","","0","0","","","","","Cover_Styl_Solid_Colour","Cover_Styl_Solid_Colour","","","0","Olfa_Graphic_Cutter, Olfa_X_Design_Heavy_Duty_Knife, Lint-Free-Gloves, Masking_Tape_25mm, Aslan_Squeegee, Swann_Morton_3_Handle, Swann_Morton_10A_Blades, Lint-Free-Cloths, Heavy-Duty-Application-Roller, Rollepro, 4075CT1220, Cover-Styl-Colour-Selector-Box","Olfa_Graphic_Cutter, Olfa_X_Design_Heavy_Duty_Knife, Lint-Free-Gloves, Masking_Tape_25mm, Aslan_Squeegee, Swann_Morton_3_Handle, Swann_Morton_10A_Blades, Lint-Free-Cloths, Heavy-Duty-Application-Roller, Rollepro, 4075CT1220, Cover-Styl-Colour-Selector-Box","A","superuser","ADHESIVE_SEMI_PERMANENT","GRADE_POLYPROPYLENE","","","","","","","","","","","","Cover-Styl-RM04-Brown-Chocolate","0","coverstyle, cover style, cover styl, cover styl'


","","","1656350131","0","","0","","CHECKBOX"
"RM06_Dark_Grey","RM06 Anthracite Grey","Cover Styl' RM06","Cover_Styl","300","19","DEFAULT","","","","","0","Cover Styl' RM06 Anthracite Grey self-adhesive coloured film. Buy it by the metre.

","<html>
<head>
<title>Cover Styl' RM06 Anthracite Grey</title></head>
<body>
<p><img style=""height: 76px; width: 300px;"" alt=""Cover Styl' logo""
src=""media/ecom/onpagegraphics/Coverstyl_Logo.png""></p>
<span style=""font-weight: bold; color: #588ec6;"">SUITABILITY:</span>
<p>This product is designed for interior application only and offers exceptional resistance to water, dirt, abrasion, UV rays and wear (yellowing, cracking, scaling, delamination). </p>
<span style=""font-weight: bold; color: #588ec6;"">MATERIAL CHARACTERISTICS:</span>
<ul><li>Grade: Polymeric</li>
<li>Thickness: 250 micron</li>
<li>Adhesive: Easy Apply Air Release</li>
<li>Appearance: Matt</li>
<li>Stretchable: Yes</li>
<li>Scratch Proof: Average</li>
</ul>
<p>Prices shown are per linear metre at 1220mm wide</p>
</body>
</html>","RM06_Dark_Grey.jpg","RM06_Dark_Grey.jpg, RM06_Dark_Grey_Bathroom.jpg","INVITEMS","DEFAULT-RM06_Dark_Grey-DEFAULT-RM06_Dark_Grey","","","0","0","0","","1","REGONLY","0","0","0","0","","","","SELECT","SELECT","0","","","","","0","0","","income-service","","","0","0","","","","","Cover_Styl_Solid_Colour","Cover_Styl_Solid_Colour","","","0","Olfa_Graphic_Cutter, Olfa_X_Design_Heavy_Duty_Knife, Lint-Free-Gloves, Masking_Tape_25mm, Aslan_Squeegee, Swann_Morton_3_Handle, Swann_Morton_10A_Blades, Lint-Free-Cloths, Heavy-Duty-Application-Roller, Rollepro, 4075CT1220, Cover-Styl-Colour-Selector-Box","Olfa_Graphic_Cutter, Olfa_X_Design_Heavy_Duty_Knife, Lint-Free-Gloves, Masking_Tape_25mm, Aslan_Squeegee, Swann_Morton_3_Handle, Swann_Morton_10A_Blades, Lint-Free-Cloths, Heavy-Duty-Application-Roller, Rollepro, 4075CT1220, Cover-Styl-Colour-Selector-Box","A","superuser","ADHESIVE_SEMI_PERMANENT","GRADE_POLYPROPYLENE","","","","","","","","","","","","Cover-Styl-RM06-Anthracite-Grey","0","coverstyle, cover style, cover styl, cover styl'


","","","1656350220","0","","0","","CHECKBOX"
"RM13_Beige","RM13 Alabaster","Cover Styl' RM13","Cover_Styl","310","19","DEFAULT","","","","","0","Cover Styl' RM13 Alabaster self-adhesive coloured film. Buy it by the metre.

","<html>
<head>
<title>Cover Styl' RM13 Alabaster</title></head>
<body>
<p><img style=""height: 76px; width: 300px;"" alt=""Cover Styl' logo""
src=""media/ecom/onpagegraphics/Coverstyl_Logo.png""></p>
<span style=""font-weight: bold; color: #588ec6;"">SUITABILITY:</span>
<p>This product is designed for interior application only and offers exceptional resistance to water, dirt, abrasion, UV rays and wear (yellowing, cracking, scaling, delamination). </p>
<span style=""font-weight: bold; color: #588ec6;"">MATERIAL CHARACTERISTICS:</span>
<ul><li>Grade: Polymeric</li>
<li>Thickness: 250 micron</li>
<li>Adhesive: Easy Apply Air Release</li>
<li>Appearance: Matt</li>
<li>Stretchable: Yes</li>
<li>Scratch Proof: Average</li>
</ul>
<p>Prices shown are per linear metre at 1220mm wide</p>
</body>
</html>","RM13_Beige.jpg","RM13_Beige.jpg, RM13_Beige_Wall.jpg","INVITEMS","DEFAULT-RM13_Beige-DEFAULT-RM13_Beige","","","0","0","0","","1","REGONLY","0","0","0","0","","","","SELECT","SELECT","0","","","","","0","0","","income-service","","","0","0","","","","","Cover_Styl_Solid_Colour","Cover_Styl_Solid_Colour","","","0","Olfa_Graphic_Cutter, Olfa_X_Design_Heavy_Duty_Knife, Lint-Free-Gloves, Masking_Tape_25mm, Aslan_Squeegee, Swann_Morton_3_Handle, Swann_Morton_10A_Blades, Lint-Free-Cloths, Heavy-Duty-Application-Roller, Rollepro, 4075CT1220, Cover-Styl-Colour-Selector-Box","Olfa_Graphic_Cutter, Olfa_X_Design_Heavy_Duty_Knife, Lint-Free-Gloves, Masking_Tape_25mm, Aslan_Squeegee, Swann_Morton_3_Handle, Swann_Morton_10A_Blades, Lint-Free-Cloths, Heavy-Duty-Application-Roller, Rollepro, 4075CT1220, Cover-Styl-Colour-Selector-Box","A","superuser","ADHESIVE_SEMI_PERMANENT","GRADE_POLYPROPYLENE","","","","","","","","","","","","Cover-Styl-RM13-Alabaster","0","coverstyle, cover style, cover styl, cover styl'


","","","1656350341","0","","0","","CHECKBOX"
"RM29_Anthracite_Grey","RM29 Onyx","Cover Styl' RM29","Cover_Styl","320","19","DEFAULT","","","","","0","Cover Styl' RM29 Onyx self-adhesive coloured film. Buy it by the metre.

","<html>
<head>
<title>Cover Styl' RM29 Onyx</title></head>
<body>
<p><img style=""height: 76px; width: 300px;"" alt=""Cover Styl' logo""
src=""media/ecom/onpagegraphics/Coverstyl_Logo.png""></p>
<span style=""font-weight: bold; color: #588ec6;"">SUITABILITY:</span>
<p>This product is designed for interior application only and offers exceptional resistance to water, dirt, abrasion, UV rays and wear (yellowing, cracking, scaling, delamination). </p>
<span style=""font-weight: bold; color: #588ec6;"">MATERIAL CHARACTERISTICS:</span>
<ul><li>Grade: Polymeric</li>
<li>Thickness: 250 micron</li>
<li>Adhesive: Easy Apply Air Release</li>
<li>Appearance: Matt</li>
<li>Stretchable: Yes</li>
<li>Scratch Proof: Average</li>
</ul>
<p>Prices shown are per linear metre at 1220mm wide</p>
</body>
</html>","RM29_Anthracite_Grey.jpg","RM29_Anthracite_Grey.jpg, RM29_Anthracite_Grey_Cupbard.jpg","INVITEMS","DEFAULT-RM29_Anthracite_Grey-DEFAULT-RM29_Anthracite_Grey","","","0","0","0","","1","REGONLY","0","0","0","0","","","","SELECT","SELECT","0","","","","","0","0","","income-service","","","0","0","","","","","Cover_Styl_Solid_Colour","Cover_Styl_Solid_Colour","","","0","Olfa_Graphic_Cutter, Olfa_X_Design_Heavy_Duty_Knife, Lint-Free-Gloves, Masking_Tape_25mm, Aslan_Squeegee, Swann_Morton_3_Handle, Swann_Morton_10A_Blades, Lint-Free-Cloths, Heavy-Duty-Application-Roller, Rollepro, 4075CT1220, Cover-Styl-Colour-Selector-Box","Olfa_Graphic_Cutter, Olfa_X_Design_Heavy_Duty_Knife, Lint-Free-Gloves, Masking_Tape_25mm, Aslan_Squeegee, Swann_Morton_3_Handle, Swann_Morton_10A_Blades, Lint-Free-Cloths, Heavy-Duty-Application-Roller, Rollepro, 4075CT1220, Cover-Styl-Colour-Selector-Box","A","superuser","ADHESIVE_SEMI_PERMANENT","GRADE_POLYPROPYLENE","","","","","","","","","","","","Cover-Styl-RM29-Onyx","0","coverstyle, cover style, cover styl, cover styl'


","","","1656350436","0","","0","","CHECKBOX"
"Roland-BN20-waste-Tank","Roland BN20 Waste Tank","ROLWASTE","Roland","40","63","DEFAULT","","","","","0","Waste ink tank for Roland BN-20 VersaStudio.","<html>

<head><title>Roland BN-20 Waste Tank</head></title>

<body>

<p>Waste ink tank for Roland BN-20 VersaStudio.</p>

</body>
</html>
","Roland-Waste-Tank.jpg","Roland-Waste-Tank.jpg","INVITEMS","DEFAULT-Roland-BN20-waste-Tank-DEFAULT-Roland-BN20-Waste-Tank","","","0","0","0","","1","REGONLY","0","0","0","0","","","","SELECT","SELECT","0","","","","","0","0","","income-service","","","0","0","","","","","Digital_Print_Inks","Digital_Print_Cleaning","","","0","Cleaning_Pads, Roland-Cleaning-Kit, Easy-Wipe","Easy-Wipe, Roland-Cleaning-Kit, Cleaning_Pads","A","","","","","","","","","","","","","","","","0","roland, bn20, waste tank, ink waste","","","1537448948","0","","0","","CHECKBOX"
"Roland-CAMM-1-Cutter-Blades","Roland CAMM-1 Cutter Blades (ZEC-U1005)","ROLBLADE001","Roland","450","115","DEFAULT","","","","","0","Pack of 5 genuine Roland CAMM-1 blades for cutting vinyls of a standard thickness.  (Code ZECU1005).
","<html>

<title><head>Roland CAMM-1 Cutter Blades (ZEC-U1005)</title></head>

<body>


<p>Pack of 5 genuine Roland CAMM-1 blades for cutting vinyls of a standard thickness.  (Code ZECU1005).</p>

</body>

</html>","Roland _ZEC_U1005.jpg","Roland _ZEC_U1005.jpg","INVITEMS","DEFAULT-Roland-CAMM-1-Cutter-Blades-DEFAULT-Roland-CAMM-1-Cutter-Blades","","","0","0","0","","1","REGONLY","0","0","0","0","","","","SELECT","SELECT","0","","","","","0","0","","income-service","","","0","0","","","","","Plotter_Blades","Plotter_Blades","","","0","Roland-Cutting-Strip","Roland-Cutting-Strip","A","","","","","","","","","","","","","","","","0","roland,camm-1,gs24,cutter blades,plotter blades","","","1526303327","0","","0","","CHECKBOX"
"Roland-Cleaning-Kit","Roland Cleaning Kit for ESL5 inks","ROLC-K","Roland","80","42","DEFAULT","","","","","0","Roland cleaning kit for printers that take Roland ESL5 inks.","<html>

<title><head>Roland Cleaning Kit for ESL5 inks</title></head>

<body>

<p>Roland cleaning kit for printers that take Roland ESL5 inks.</p>
<p>Comes with one bottle of solution and swabs for cleaning.</p>

</body>

</html>

","Roland-Cleaning-Kit.jpg","Roland-Cleaning-Kit.jpg","INVITEMS","DEFAULT-Roland-Cleaning-Kit-DEFAULT-Roland-Cleaning-Kit","","","0","0","0","","1","REGONLY","0","0","0","0","","","","SELECT","SELECT","0","","","","","0","0","","income-service","","","0","0","","","","","Digital_Print_Inks","Digital_Print_Inks","","","0","ESM_Inks, ESM2_Inks, ESM3_Inks, Roland-Wipers","ESM_Inks, ESM2_Inks, ESM3_Inks, Roland-Wipers","A","","","","","","","","","","","","","","","","0","roland, cleaner, cleaning, maintenance","","","1537454424","0","","0","","CHECKBOX"
"Roland-Cleaning-Kit-2","Roland Cleaning Kit for TR2 inks","ROLC-K2","Roland","80","53","DEFAULT","","","","","0","Roland cleaning kit for printers that take Roland TR2 inks.","<html>

<title><head>Roland Cleaning Kit for TR2 inks</title></head>

<body>

<p>Roland cleaning kit for printers that take Roland TR2 inks</p>
<p>Comes with one bottle of solution and swabs for cleaning.</p>

</body>

</html>","Roland-Cleaning-Kit.jpg","Roland-Cleaning-Kit.jpg","INVITEMS","DEFAULT-Roland-Cleaning-Kit-2-DEFAULT-Roland-Cleaning-Kit-TR2","","","0","0","0","","1","REGONLY","0","0","0","0","","","","SELECT","SELECT","0","","","","","0","0","","income-service","","","0","0","","","","","Digital_Print_Inks","Digital_Print_Inks","","","0","ESM_Inks, ESM2_Inks, ESM3_Inks, Roland-Wipers","ESM_Inks, ESM2_Inks, ESM3_Inks, Roland-Wipers","A","","","","","","","","","","","","","","","","0","roland, cleaner, cleaning, maintenance","","","1715860144","0","","0","","CHECKBOX"
"Roland-Cutting-Strip","Roland BN20 Cutting Strip","ROLCUT","Roland","160","16","DEFAULT","","","","","0","Roland cutting strip for Roland BN20 VersaStudio.","<html>

<title><head>Roland BN-20 Cutting Strip</title></head>

<body>

<p>Roland cutting strip for Roland BN20 VersaStudio.</p>
<p>It allows for straight and true cuts without any jagged edges or ruined material.</p>

</body>

</html>","Roland-Cutting-Strip-BN20.jpg","Roland-Cutting-Strip-BN20.jpg","INVITEMS","DEFAULT-Roland-Cutting-Strip-DEFAULT-Roland-Cutting-Strip","","","0","0","0","","1","REGONLY","0","0","0","0","","","","SELECT","SELECT","0","","","","","0","0","","income-service","","","0","0","","","","","Plotter_Blades","Plotter_Blades, Digital_Print_Cleaning","","","0","","","A","","","","","","","","","","","","","","","","0","roland,plotter,cutting strip,cutting pad","","","1537446299","0","","0","","CHECKBOX"
"Roland-Wipers","Roland Wipers","ROLWIPE / 2","Roland","60","12","DEFAULT","","","","","0","Roland rubber & felt wipers for Roland BN20 VersaStudio.","<p>Roland rubber & felt wipers for Roland BN20 VersaStudio.</p>
","Roland-Wipers.jpg","Roland-Wipers.jpg","INVITEMS","DEFAULT-Roland-Wipers-DEFAULT-Roland-Wipers","","","0","0","0","","1","REGONLY","0","0","0","0","","","","SELECT","SELECT","0","","","","","0","0","","income-service","","","0","0","","","","","Plotter_Blades","Digital_Print_Cleaning","","","0","Roland-Cleaning-Kit, Cleaning_Pads, Roland-ESM-Cleaning-Cartridge","Roland-Cleaning-Kit, Cleaning_Pads, Roland-ESM-Cleaning-Cartridge","A","","","","","","","","","","","","","","","","0","roland,plotter,cutting strip,cutting pad","","","1537457726","0","","0","",""
"Roland_Plotter_Blade","Roland Plotter Cutting Blades","R10 / R20","Doro_Tape","60","0","DEFAULT","","","","","0","These plotter cutting blades are for use with Roland plotters. Select the blade suitable for the type of vinyl or film that you are cutting.","<html>

<title><head>Roland Plotter Cutting Blades</title></head>

<body>

<p>These plotter cutting blades are for use with Roland plotters. Select the blade suitable for the type of vinyl or film that you are cutting.</p>
<p>Manufactured to a high specification in the UK from quality Swiss tungsten carbide.</p>

</body>

</html>","R10V.jpg","R10V.jpg","INVITEMS","DEFAULT-Roland_Plotter_Blade-DEFAULT-Roland_Plotter_Blade","","","0","0","0","","1","REGONLY","0","0","0","0","","","","SELECT","SELECT","0","","","","","0","0","","income-service","","","0","0","","","","","Plotter_Blades","Plotter_Blades","","","0","Roland-Cutting-Strip","Roland-Cutting-Strip","A","","","","","","","","","","","","","","","Roland-Plotter-Cutting-Blades","0","roland, plotter, blade, cut cutter, cutting, plotting","","","1537446258","0","","0","","CHECKBOX"
"Roland_Smart_Knives","Roland Smart Knives","RSK / MSK","DEFAULT","10","0","DEFAULT","","","","","0","Smart Knives for all Roland cutters. These cost effective alternative to traditional plotter blades arrive pre-set in their own blade holder ready for use. When the blade eventually blunts just order an Exchange unit and return the original in the jiffy bag provided. These blades will also fit GCC Signpal plotters.
","<html><head><title>Roland Smart Knives</title></head>
<body>
<p>Smart Knives for all the Roland Plotters. These cost effective alternative to traditional plotter blades arrive pre-set in their own blade holder ready for use. When the blade eventually blunts just order an Exchange unit and return the original in the jiffy bag provided. </p>
<p>Choice of blade for different cutting options.</p>
<ul>
<li>Swiss tungsten carbide blade preset for safety, accuracy and longer life</li>
<li>Comes in its own holder, preset for immediate use</li>
<li>No need to fit, adjust or change the blade</li>
<li>They cut all common materials (and many unusual ones too)</li>
<li>Exchange units contain a brand new blade</li>
<li>Used Knives are exchanged for half the price offering significant long term cost savings</li>
<li>Simply return the complete unit including the clear dorotape branded case</li>
<li>These blades will also fit GCC Signpal plotters</li></ul>
</body></html>
","RSK250V.jpg","RSK250V.jpg, MSK500V.jpg, MSK500F.jpg, MSK750F.jpg","INVITEMS","DEFAULT-Roland_Smart_Knives-DEFAULT-Roland_Smart_Knives","","","0","0","0","","1","REGONLY","0","0","0","0","","","","SELECT","SELECT","0","","","","","0","0","","income-service","","","0","0","","","","","Smart-Knives","Smart-Knives","","","0","PLOTPEN, GERSTD, GERFST, GEREMT, GERENV, GERODY, ROLAND, GRAPHT, IOLINE, SUMMA, MUTOH, MIMAKI, SIGNPAL","","A","","","","","","","","","","","","","","","Roland-Smart-Knives","0","smart, knife, knives, roland

","","","1638525595","0","","0","","CHECKBOX"
"Roll-Up-Banner-Stand-850mm","Roll Up Banner Stand 850mm","8016","DEFAULT","75","22","DEFAULT","","","","","0","Our 850mm wide basic Roll-Up Banner stand features a simple design and quality materials make it the perfect entry-level display for budget conscious customers.","<html>
<head>
<title>850mm wide Roll Up Banner Stand</title>
</head>
<body>
<p>Our basic Roll-Up Banner stand features a simple design and quality materials make it the perfect entry-level display for budget conscious customers.</p>
<ul><li>Twin feet for extra stability.</li>
<li>Bungee pole.</li>
<li>Self-adhesive graphic fixing strip.</li>
<li>Dark grey steel end plate.</li>
<li>850mm wide.</li>
<li>Quick and easy to set up.</li>
<li>Complete with padded bag for storage and transportation.</li>
<li>Rigidising bracket for extra strength</li>
</ul>
</body>
</html>","Roll-Up-Banner-Stand.jpg","Roll-Up-Banner-Stand.jpg","INVITEMS","DEFAULT-Roll-Up-Banner-Stand-850mm-DEFAULT-Roll-Up-Banner-Stand-850mm","","","0","0","0","","1","REGONLY","0","0","0","0","","","","SELECT","SELECT","0","","","","","0","0","","income-service","","","0","0","","","","","Roll-Up-Banner-Stands","Roll-Up-Banner-Stands","","","0","HydroSol-165SML-Roll-Up-Film, HydroSol-180STL-Textured-Roll-Up-Film, Stayflat","","A","","","","","","","","","","","","","","","","0","magnetic squeegee,","","","1547727013","0","","0","","CHECKBOX"
"Rollepro","RollePro","ROLLEPRO","SOTT","114","66","DEFAULT","","","","","0","The RollePro is the best tool out there for applying wall films to brick or stone walls and floor graphic films to a variety of surfaces.","<p>The RollePro is the best tool out there for applying wall films to brick or stone walls and floor graphic films to a variety of surfaces.</p>
<p>45mm wide foam roll with ergonomic design for easy application.</p>
<p>The RollePro has a firm foam wheel that works the vinyl into and around curved or uneven surfaces.</p>
<p>Combine gentle heat and a firm pressure for a professional finish.</p> 
","Rollepro.png","Rollepro.png, Rollepro_Side.png, Rollepro-Wall.png","INVITEMS","DEFAULT-Rollepro-DEFAULT-Rollepro","","","0","0","0","","1","REGONLY","0","0","0","0","","","","SELECT","SELECT","0","","","","","0","0","","income-service","","","0","0","","","","","Application_Tools","Application_Tools, Stencil-Film-Accessories","","","0","","","A","","","","","","","","","","","","","","","","0","rollepro, roller, foam","","The RollePro is the best tool out there for applying wall films to brick or stone walls and floor graphic films to a variety of surfaces.","1594392943","0","","0","","CHECKBOX"
"Roll_Storage_Floor_Rack","Floor Rack","ROLL","SOTT","120","343","DEFAULT","","","","","0","Stop searching for that roll your looking for and trying not to knock everything else over! Now you can have everything in one place. Securely store up to 16 full rolls of digital media or sign vinyl with this sturdy chromed floor rack. Made using rigid steel roll holders and solid ball bearing castors, this floor rack is designed to last and rolls will not topple over.","<html>

<title><head>Floor Rack</title></head>

<body>

<p>Stop searching for that roll you're looking for while trying not to knock everything else over!</p>
<p>Now you can have everything in one place. Securely store up to 16 full rolls of digital media or sign vinyl with this sturdy chromed floor rack.</p>
<p>Made using rigid steel roll holders and 9 solid ball bearing castors, this floor rack is designed to last and rolls will not topple over.</p>
<p>Completely manoeuvrable cutting down on heavy lilting.</p>
<p>Size: 700mm x 700mm.</p>

</body>

</html>","Roll_Storage_Floor_Rack.jpg","Roll_Storage_Floor_Rack.jpg","INVITEMS","DEFAULT-Roll_Storage_Floor_Rack-DEFAULT-Roll_Storage_Floor_Rack","","","0","0","0","","1","REGONLY","0","0","0","0","","","","SELECT","SELECT","0","","","","","0","0","","income-service","","","0","0","","FREESHIPPING","","","Roll_Storage","Roll_Storage, Stencil-Film-Accessories","","","0","","","A","","","","","","","","","","","","","","","","0","roll,storage,floor,rack","","","1521725457","0","","0","","CHECKBOX"
"S3162_Smooth_Rose_Gold","VinylEfx Indoor Smooth Rose Gold","S3162","R-Tape","5","4","DEFAULT","","","","","0","Nekoosa VinylEfx 3162 Indoor Smooth Rose Gold is a metallised rose gold vinyl with a highly polished surface for eye-catching signage and displays.","<html>
<head>
    <title>VinylEfx 3162 Indoor Smooth Rose Gold</title>
</head>
<body>
<img style=""height: 53px; width: 250px;"" alt=""Nekoosa logo""
src=""media/ecom/onpagegraphics/Nekoosa_Logo.jpg""><br><br>


<p>Nekoosa VinylEfx® 3162 Indoor Smooth Rose Gold is a metallised rose gold vinyl with a highly polished surface for eye-catching signage and displays.</p>

<span style=""font-weight: bold; color: #d7328a;"">Structure:</span>
<ul>
    <li>75<span>&#181;</span>m PVC</li>
    <li>Water-based, clear acrylic adhesive - Permanent</li>
    <li>One-sided coated white Kraft paper - 143g/m<sup>2</sup></li>
</ul>

<span style=""font-weight: bold; color: #d7328a;"">Suitability:</span>
<ul>
    <li>Highly polished surface for premium-looking graphics, labels and stickers</li>
<li>VinylEfx® is ideal for producing eye-catching POS displays and promotional advertising and signage</li>
    <li>Designed for interior use on clean, smooth flat or slightly curved 2D surfaces</li>
<li>Short term outdoor durability but edge sealing recommended to optimize durability</li>
    <li>Dry apply only</li>
    <li>These films have the same effect in silver on the adhesive side</li>
</ul>

<span style=""font-weight: bold; color: #d7328a;"">Advantages:</span>
<ul><li>Cuts and weeds easily</li>
<li>Can be printed using Eco-Sol, Solvent & UV ink</li>
<li>Also suitable for new generation Latex inks (700 & 800 series)</li>
    <li>Fire rated to ASTM E-84-11a under classification 'A'</li>
</ul>

<span style=""font-weight: bold; color: #d7328a;"">Ink Compatibility:</span><br>
<ul>
        <img style=""margin: 0 5px 0 0; width: 15px; height: 25px;"" alt=""Eco-Sol Ink"" src=""media/ecom/onpagegraphics/Ink-EcoSol.png""> Eco-solvent&nbsp;&nbsp;
        <img style=""margin: 0 5px 0 0; width: 15px; height: 25px;"" alt=""Sol Ink"" src=""media/ecom/onpagegraphics/Ink-Sol.png""> Solvent&nbsp;&nbsp;
        <img style=""margin: 0 5px 0 0; width: 15px; height: 25px;"" alt=""UV Ink"" src=""media/ecom/onpagegraphics/Ink-UV.png""> UV&nbsp;&nbsp;
<img style=""margin: 0 5px 0 0; width: 15px; height: 25px;"" alt=""Latex Ink"" src=""media/ecom/onpagegraphics/Ink-Latex.png""> Latex (new generation only)
    
</ul>

<span style=""font-weight: bold; color: #d7328a;"">Technical Information:</span><br>
<ul>
    
        <a href=""media/ecom/pdfs/datasheets/EFX-Decorative.pdf"" target=""_blank"">
            <img style=""border: 0; width: 200px; height: 60px;"" alt=""EFX Decorative Datasheet"" src=""media/ecom/onpagegraphics/Datasheet.png"">
        </a>
        <a href=""media/ecom/pdfs/firecertificates/VinyEfx-Decorative-Fire-Certification-2023.pdf"" target=""_blank"">
            <img style=""border: 0; width: 200px; height: 60px;"" alt=""EFX Decorative Fire Certificate"" src=""media/ecom/onpagegraphics/Fire.png"">
        </a>
        <a href=""media/ecom/colselxl/Colourcard_EFX.pdf"" target=""_blank"">
            <img style=""border: 0; width: 200px; height: 60px;"" alt=""EFX Colourcard"" src=""media/ecom/onpagegraphics/Colour.png"">
        </a>
        <a href=""media/ecom/pdfs/applicationguidelines/EFX_Application_Reference_Guide.pdf"" target=""_blank"">
            <img style=""border: 0; width: 200px; height: 60px;"" alt=""Application Guide"" src=""media/ecom/onpagegraphics/App.png"">
        </a>
</ul>

</body>

</html>","S3162_Smooth_Rose_Gold.png","S3162_Smooth_Rose_Gold.png","INVITEMS","DEFAULT-S3162_Smooth_Rose_Gold-DEFAULT-S3162_Smooth_Rose_Gold","","","0","0","0","","1","REGONLY","0","0","0","0","","","","SELECT","SELECT","0","","","","","0","0","","income-service","","","0","0","","","","","VinylEfx_Decorative","VinylEfx_Decorative","","","0","Aslan_Red_Devil_Squeegee, Aslan-Gold-Soft-Squeegee, Aslan_Squeegee, Olfa_X_Design_Heavy_Duty_Knife, Olfa_Graphic_Cutter, Application_Gloves, Lint-Free-Gloves, Masking_Tape_25mm, Lint-Free-Cloths, ","Aslan_Red_Devil_Squeegee, Aslan-Gold-Soft-Squeegee, Aslan_Squeegee, Olfa_X_Design_Heavy_Duty_Knife, Olfa_Graphic_Cutter, Application_Gloves, Lint-Free-Gloves, Masking_Tape_25mm, Lint-Free-Cloths, ","A","","","","","","Polished","","","","","","","","","S3162-Smooth-Rose-Gold","0","metallic, efx, vinyl, vinyl efx, vinylefx, rtape, r-tape, r tape, nekoosa, smooth, rose, gold, mirri, mirror, rosegold, pink gold, pink mirror, shiny, 3162, s3162, ","","","1726666109","0","","0","","CHECKBOX"
"S410625","ASLAN S41 :: 625mm x 25m","S41","Aslan","10","122","DEFAULT","","","","","0","ASLAN S41 is a highly flexible stencil film is designed especially for use on uneven surfaces such as exterior and interior walls finished in a render, plaster or textured paper. Price is per 625mm x 25m roll","<html>

<head><title>ASLAN S41</title>

<style>
.responsive {
  width: 50%;
  height: auto;
}
</style>
</head>

<body>

<img style=""height: 50px; width: 236px;"" alt=""Aslan logo""
src=""media/ecom/onpagegraphics/ASLAN_Logo_New.png"" class=""responsive""><br><br>

<p>ASLAN S41 is a highly flexible stencil film is designed especially for use on uneven surfaces such as exterior and interior walls finished in a render, plaster or textured paper.</p>

<span style=""font-weight: bold; color: #d7328a;"">Structure:</span><br>
<ul><li>80<span>&#181;</span>m Special PVC</li>
<li>Water based adhesive - Removable</li>
<li>Silicon cardboard backing liner - 140gm<sup>2</sup>
</li></ul>

<span style=""font-weight: bold; color: #d7328a;"">Suitability:</span><br>
<ul>
<li>Perfect for uneven surfaces such as house fronts, woodchip paper and plastered internal walls</li>
<li>Ideal for computerised cutting of letters, logos and shapes</li>
<li>Effortless to transform building facades into advertising space</li>
<li>Suitable for dry application only
</li></ul>

<span style=""font-weight: bold; color: #d7328a;"">Advantages:</span><br>
<ul>
<li>Highly flexible allows production of sharp contours for the painting process</li>
<li>Removable adhesive for clean, easy removal</li>
<li>Compatible with most paints and inks</li>
<li>Suitable for multi-layer painting on touch-dry paints</li>
<li>Tear-resistant film can be removed easily in one piece without leaving any residue
</li></ul>

<span style=""font-weight: bold; color: #d7328a;"">Technical Information:</span>
<ul><a href=""media/ecom/pdfs/datasheets/WallMask_ASLAN_S41_e.pdf"" target=""_blank""><img
style=""border: 0px solid ; width: 200px; height: 60px;"" alt=""Aslan S41 Datasheet""
src=""media/ecom/onpagegraphics/Datasheet.png""></a></ul>

<p style=""font-weight: bold; font-size: 0.9em;"">Prices shown are per 25 metre roll at 625mm wide</p>
</body>

</html>","S41.jpg","S41.jpg","INVITEMS","DEFAULT-S410625-DEFAULT-S410625","","","0","0","0","","1","REGONLY","0","0","0","0","","","","SELECT","SELECT","0","","","","","0","0","","income-service","","","0","0","","","https://www.youtube.com/embed/eHQaEvAkyQI","","Aslan_S41","Aslan_S41","","","0","S411250, EZ_Weeder, Weeding_Tweezers, Masking_Tape_50mm, 900EMT1220, Olfa_X_Design_Heavy_Duty_Knife, Olfa_Graphic_Cutter, Rollepro, Heavy-Duty-Application-Roller, Application_Rollers","EZ_Weeder, Weeding_Tweezers, Masking_Tape_50mm, 900EMT1220, Olfa_X_Design_Heavy_Duty_Knife, Olfa_Graphic_Cutter, Rollepro, Heavy-Duty-Application-Roller, Application_Rollers","A","","","","","","","","","","","","","","","ASLAN-S41-625mm","0","stencil, stencil mask, masking, paintmask, paint mask, stencil film, masking film, spray mask, aslan, s41, uneven paint mask, wall paint mask, ","","ASLAN S41 is a highly flexible stencil film is designed especially for use on uneven surfaces such as exterior and interior walls finished in a render, plaster or textured paper.","1491483948","0","","0","","CHECKBOX"
"S411250","ASLAN S41 :: 1250mm x 25m","S41","Aslan","20","244","DEFAULT","","","","","0","ASLAN S41 is a highly flexible stencil film is designed especially for use on uneven surfaces such as exterior and interior walls finished in a render, plaster or textured paper. Price is per 1250mm x 25m roll.","<html>

<head><title>ASLAN S41</title>

<style>
.responsive {
  width: 50%;
  height: auto;
}
</style>
</head>

<body>

<img style=""height: 50px; width: 236px;"" alt=""Aslan logo""
src=""media/ecom/onpagegraphics/ASLAN_Logo_New.png"" class=""responsive""><br><br>

<p>ASLAN S41 is a highly flexible stencil film is designed especially for use on uneven surfaces such as exterior and interior walls finished in a render, plaster or textured paper.</p>

<span style=""font-weight: bold; color: #d7328a;"">Structure:</span><br>
<ul><li>80<span>&#181;</span>m Special PVC</li>
<li>Water based adhesive - Removable</li>
<li>Silicon cardboard backing liner - 140gm<sup>2</sup>
</li></ul>

<span style=""font-weight: bold; color: #d7328a;"">Suitability:</span><br>
<ul>
<li>Perfect for uneven surfaces such as house fronts, woodchip paper and plastered internal walls</li>
<li>Ideal for computerised cutting of letters, logos and shapes</li>
<li>Effortless to transform building facades into advertising space</li>
<li>Suitable for dry application only
</li></ul>

<span style=""font-weight: bold; color: #d7328a;"">Advantages:</span><br>
<ul>
<li>Highly flexible allows production of sharp contours for the painting process</li>
<li>Removable adhesive for clean, easy removal</li>
<li>Compatible with most paints and inks</li>
<li>Suitable for multi-layer painting on touch-dry paints</li>
<li>Tear-resistant film can be removed easily in one piece without leaving any residue
</li></ul>

<span style=""font-weight: bold; color: #d7328a;"">Technical Information:</span>
<ul><a href=""media/ecom/pdfs/datasheets/WallMask_ASLAN_S41_e.pdf"" target=""_blank""><img
style=""border: 0px solid ; width: 200px; height: 60px;"" alt=""Aslan S41 Datasheet""
src=""media/ecom/onpagegraphics/Datasheet.png""></a></ul>

<p style=""font-weight: bold; font-size: 0.9em;"">Prices shown are per 25 metre roll at 1250mm wide</p>
</body>

</html>","S41.jpg","S41.jpg","INVITEMS","DEFAULT-S411250-DEFAULT-S411250","","","0","0","0","","1","REGONLY","0","0","0","0","","","","SELECT","SELECT","0","","","","","0","0","","income-service","","","0","0","","","https://www.youtube.com/embed/eHQaEvAkyQI","","Aslan_S41","Aslan_S41","","","0","S410625, EZ_Weeder, Weeding_Tweezers, Masking_Tape_50mm, 900EMT1220, Olfa_X_Design_Heavy_Duty_Knife, Olfa_Graphic_Cutter, Rollepro, Heavy-Duty-Application-Roller, Application_Rollers","EZ_Weeder, Weeding_Tweezers, Masking_Tape_50mm, 900EMT1220, Olfa_X_Design_Heavy_Duty_Knife, Olfa_Graphic_Cutter, Rollepro, Heavy-Duty-Application-Roller, Application_Rollers","A","","","","","","","","","","","","","","","ASLAN-S41-1250mm","0","stencil, stencil mask, masking, paintmask, paint mask, stencil film, masking film, spray mask, spraymask, s41, uneven paint, wall paint mask, aslan, ","","ASLAN S41 is a highly flexible stencil film is designed especially for use on uneven surfaces such as exterior and interior walls finished in a render, plaster or textured paper.","1491483916","0","","0","","CHECKBOX"
"S4402_Florentine_Leaf","VinylEfx Indoor Florentine Gold Leaf","S4402","R-Tape","12","4","DEFAULT","","","","","0","Nekoosa VinylEfx 4402 Indoor Florentine Gold Leaf is a metallised gold vinyl with a patterned metallic surface for eye-catching signage and displays.","<html>
<head>
    <title>VinylEfx 4402 Indoor Florentine Gold Leaf</title>
</head>
<body>
<img style=""height: 53px; width: 250px;"" alt=""Nekoosa logo""
src=""media/ecom/onpagegraphics/Nekoosa_Logo.jpg""><br><br>


<p>Nekoosa VinylEfx® 4402 Indoor Florentine Gold Leaf is a metallised gold vinyl with a metallic patterned surface for eye-catching signage and displays.</p>

<span style=""font-weight: bold; color: #d7328a;"">Structure:</span>
<ul>
    <li>75<span>&#181;</span> PVC</li>
    <li>Water-based, clear acrylic adhesive - Permanent</li>
    <li>One-sided coated white Kraft paper - 143g/m<sup>2</sup></li>
</ul>

<span style=""font-weight: bold; color: #d7328a;"">Suitability:</span>
<ul>
    <li>Patterned metallised surface for premium-looking graphics, labels and stickers</li>
<li>VinylEfx® is ideal for producing eye-catching POS displays and promotional advertising and signage</li>
    <li>Designed for interior use on clean, smooth flat or slightly curved 2D surfaces</li>
<li>Short term outdoor durability but edge sealing recommended to optimize durability</li>
    <li>Dry apply only</li>
    <li>These films have the same effect in silver on the adhesive side</li>
</ul>

<span style=""font-weight: bold; color: #d7328a;"">Advantages:</span>
<ul><li>Cuts and weeds easily</li>
<li>Can be printed using Eco-Sol, Solvent & UV ink</li>
<li>Also suitable for new generation Latex inks (700 & 800 series)</li>
    <li>Also available in an <a href=""Category/Vinyl-Efx-Outdoor-Durable"" target=""_blank"" style=""color: #ef088c;"">outdoor durable series</a></li>
    <li>Fire rated to ASTM E-84-11a under classification 'A'</li>
</ul>

<span style=""font-weight: bold; color: #d7328a;"">Ink Compatibility:</span><br>
<ul>
        <img style=""margin: 0 5px 0 0; width: 15px; height: 25px;"" alt=""Eco-Sol Ink"" src=""media/ecom/onpagegraphics/Ink-EcoSol.png""> Eco-solvent&nbsp;&nbsp;
        <img style=""margin: 0 5px 0 0; width: 15px; height: 25px;"" alt=""UV Ink"" src=""media/ecom/onpagegraphics/Ink-UV.png""> UV&nbsp;&nbsp;
<img style=""margin: 0 5px 0 0; width: 15px; height: 25px;"" alt=""Latex Ink"" src=""media/ecom/onpagegraphics/Ink-Latex.png""> Latex (new generation only)
    
</ul>

<span style=""font-weight: bold; color: #d7328a;"">Technical Information:</span><br>
<ul>
    
        <a href=""media/ecom/pdfs/datasheets/EFX-Decorative.pdf"" target=""_blank"">
            <img style=""border: 0; width: 200px; height: 60px;"" alt=""EFX Decorative Datasheet"" src=""media/ecom/onpagegraphics/Datasheet.png"">
        </a>
        <a href=""media/ecom/pdfs/firecertificates/VinyEfx-Decorative-Fire-Certification-2023.pdf"" target=""_blank"">
            <img style=""border: 0; width: 200px; height: 60px;"" alt=""EFX Decorative Fire Certificate"" src=""media/ecom/onpagegraphics/Fire.png"">
        </a>
        <a href=""media/ecom/colselxl/Colourcard_EFX.pdf"" target=""_blank"">
            <img style=""border: 0; width: 200px; height: 60px;"" alt=""EFX Colourcard"" src=""media/ecom/onpagegraphics/Colour.png"">
        </a>
        <a href=""media/ecom/pdfs/applicationguidelines/EFX_Application_Reference_Guide.pdf"" target=""_blank"">
            <img style=""border: 0; width: 200px; height: 60px;"" alt=""Application Guide"" src=""media/ecom/onpagegraphics/App.png"">
        </a>
</ul>

</body>
</html>","S4402_Florentine_Leaf.png","S4402_Florentine_Leaf.png","INVITEMS","DEFAULT-S4402_Florentine_Leaf-DEFAULT-S4402_Florentine_Leaf","","","0","0","0","","1","REGONLY","0","0","0","0","","","","SELECT","SELECT","0","","","","","0","0","","income-service","","","0","0","","","","","VinylEfx_Decorative","VinylEfx_Decorative","","","0","Aslan_Red_Devil_Squeegee, Aslan-Gold-Soft-Squeegee, Aslan_Squeegee, Olfa_X_Design_Heavy_Duty_Knife, Olfa_Graphic_Cutter, Application_Gloves, Lint-Free-Gloves, Masking_Tape_25mm, Lint-Free-Cloths, ","Aslan_Red_Devil_Squeegee, Aslan-Gold-Soft-Squeegee, Aslan_Squeegee, Olfa_X_Design_Heavy_Duty_Knife, Olfa_Graphic_Cutter, Application_Gloves, Lint-Free-Gloves, Masking_Tape_25mm, Lint-Free-Cloths, ","A","","","","","","","","","","","","","","","S4402-Florentine-Leaf","0","metallic, efx","","","1730204768","0","","0","","CHECKBOX"
"S64_0625","ASLAN S64 :: 625mm Width","S64","Aslan","10","9","DEFAULT","","","","","0","ASLAN S64 is a heavy duty stencil film designed for deep sandblasting onto stone and metal surfaces and as a protection film for controlled shot peening. Prices are per linear metre.
","<head><title>ASLAN S64</title>

<style>
.responsive {
  width: 50%;
  height: auto;
}
</style>
</head>

<img style=""height: 50px; width: 236px;"" alt=""Aslan logo""
src=""media/ecom/onpagegraphics/ASLAN_Logo_New.png"" class=""responsive""><br><br>

<p>ASLAN S64 is a heavy duty stencil film designed for deep sandblasting onto stone and metal surfaces.</p>

<span style=""font-weight: bold; color: #d7328a;"">Structure:</span><br>
<ul><li>330<span>&#181;</span>m Special PVC
<li>Water based adhesive - Removable
<li>Silicon cardboard backing liner - 140gm<sup>2</sup>
</li></ul>

<span style=""font-weight: bold; color: #d7328a;"">Suitability:</span><br>
<ul>
<li>Designed for deep sandblasting onto stone and metal surfaces
<li>Also used as a protection film for controlled shot peening
<li>Suitable for dry application only
</li></ul>

<span style=""font-weight: bold; color: #d7328a;"">Advantages:</span><br>
<ul>

<li>Removable adhesive for clean, easy removal
<li>Easily cut by plotter or by hand
<li>High performance film gives clean, crisp edges
<li>Tear-resistant film can be removed easily in one piece without leaving any residue
<li>Can be drawn on by pencil or marker
</li></ul>

<span style=""font-weight: bold; color: #d7328a;"">Technical Information:</span>
<ul><a href=""media/ecom/pdfs/datasheets/Sandblast_330_ASLAN_S64_e.pdf""
target=""_blank""><img style=""border: 0px solid ; width: 200px; height: 60px;"" alt=""Aslan S64 Datasheet""
src=""media/ecom/onpagegraphics/Datasheet.png""></a></ul>
</ul>
<p><p style=""font-weight: bold; font-size: 0.9em;"">Prices shown are per linear metre at 625mm wide</p>
</body>","S64.jpg","S64.jpg","INVITEMS","DEFAULT-S64_0625-DEFAULT-S64_0625","","","0","0","0","","1","REGONLY","0","0","0","0","","","","SELECT","SELECT","0","","","","","0","0","","income-service","","","0","0","","","","","Aslan-S64","Aslan-S64","","","0","S64_1250, EZ_Weeder, Weeding_Tweezers, Masking_Tape_50mm, 900EMT1220, 3M_Gold_Squeegee, Aslan_Red_Devil_Squeegee, Aslan_Squeegee, Olfa_X_Design_Heavy_Duty_Knife, Olfa_Graphic_Cutter","EZ_Weeder, Weeding_Tweezers, Masking_Tape_50mm, 900EMT1220, 3M_Gold_Squeegee, Aslan_Red_Devil_Squeegee, Aslan_Squeegee, Olfa_X_Design_Heavy_Duty_Knife, Olfa_Graphic_Cutter","A","","","","","","","","","","","","","","","ASLAN-S64-625mm","0","sandblast stencil film, sandblast stencil films, sandblast mask, sand blast mask, blasting film, blasting mask, aslan, s64, anchor, anchor tape, shot, peen, peening","","ASLAN S64 is a heavy duty stencil film designed for deep sandblasting onto stone and metal surfaces and as a protection film for controlled shot peening.
","1545309157","0","","0","","CHECKBOX"
"S64_1250","ASLAN S64 :: 1250mm Width","S64","Aslan","20","19","DEFAULT","","","","","0","ASLAN S64 is a heavy duty stencil film designed for deep sandblasting onto stone and metal surfaces and as a protection film for controlled shot peening. Prices are per linear metre.","<head><title>ASLAN S64</title>

<style>
.responsive {
  width: 50%;
  height: auto;
}
</style>
</head>

<img style=""height: 50px; width: 236px;"" alt=""Aslan logo""
src=""media/ecom/onpagegraphics/ASLAN_Logo_New.png"" class=""responsive""><br><br>

<p>ASLAN S64 is a heavy duty stencil film designed for deep sandblasting onto stone and metal surfaces.</p>

<span style=""font-weight: bold; color: #d7328a;"">Structure:</span><br>
<ul><li>330<span>&#181;</span>m Special PVC
<li>Water based adhesive - Removable
<li>Silicon cardboard backing liner - 140gm<sup>2</sup>
</li></ul>

<span style=""font-weight: bold; color: #d7328a;"">Suitability:</span><br>
<ul>
<li>Designed for deep sandblasting onto stone and metal surfaces
<li>Also used as a protection film for controlled shot peening
<li>Suitable for dry application only
</li></ul>

<span style=""font-weight: bold; color: #d7328a;"">Advantages:</span><br>
<ul>

<li>Removable adhesive for clean, easy removal
<li>Easily cut by plotter or by hand
<li>High performance film gives clean, crisp edges
<li>Tear-resistant film can be removed easily in one piece without leaving any residue
<li>Can be drawn on by pencil or marker
</li></ul>

<span style=""font-weight: bold; color: #d7328a;"">Technical Information:</span>
<ul><a href=""media/ecom/pdfs/datasheets/Sandblast_330_ASLAN_S64_e.pdf""
target=""_blank""><img style=""border: 0px solid ; width: 200px; height: 60px;"" alt=""Aslan S64 Datasheet""
src=""media/ecom/onpagegraphics/Datasheet.png""></a></ul>
</ul>
<p><p style=""font-weight: bold; font-size: 0.9em;"">Prices shown are per linear metre at 1250mm wide</p>
</body>","S64.jpg","S64.jpg","INVITEMS","DEFAULT-S64_1250-DEFAULT-S64_1250","","","0","0","0","","1","REGONLY","0","0","0","0","","","","SELECT","SELECT","0","","","","","0","0","","income-service","","","0","0","","","","","Aslan-S64","Aslan-S64","","","0","S64_0625, EZ_Weeder, Weeding_Tweezers, Masking_Tape_50mm, 4075CT1220, 3M_Gold_Squeegee, Aslan_Red_Devil_Squeegee, Aslan_Squeegee, Olfa_X_Design_Heavy_Duty_Knife, Olfa_Graphic_Cutter","EZ_Weeder, Weeding_Tweezers, Masking_Tape_50mm, 4075CT1220, 3M_Gold_Squeegee, Aslan_Red_Devil_Squeegee, Aslan_Squeegee, Olfa_X_Design_Heavy_Duty_Knife, Olfa_Graphic_Cutter","A","","","","","","","","","","","","","","","ASLAN-S64-1250mm","0","sandblast stencil film, sandblast stencil films, sandblast mask, sand blast mask, blasting film, blasting mask, aslan, s64, anchor, anchor tape, shot, peen, peening","","ASLAN S64 is a heavy duty stencil film designed for deep sandblasting onto stone and metal surfaces and as a protection film for controlled shot peening.","1545309177","0","","0","","CHECKBOX"
"S6501_Fine_Brush_Silver","VinylEfx Indoor Fine Brushed Silver","S6501","R-Tape","11","4","DEFAULT","","","","","0","Nekoosa VinylEfx 6501 Indoor Fine Brushed Silver is a metallised silver vinyl with a brushed metallic surface for eye-catching signage and displays.","<html>
<head>
    <title>VinylEfx 6501 Indoor Brushed Silver</title>
</head>
<body>
<img style=""height: 53px; width: 250px;"" alt=""Nekoosa logo""
src=""media/ecom/onpagegraphics/Nekoosa_Logo.jpg""><br><br>


<p>Nekoosa VinylEfx® 6501 Indoor Brushed Silver is a metallised silver vinyl with a brushed surface for eye-catching signage and displays.</p>

<span style=""font-weight: bold; color: #d7328a;"">Structure:</span>
<ul>
    <li>75<span>&#181;</span>m PVC</li>
    <li>Water-based, clear acrylic adhesive - Permanent</li>
    <li>One-sided coated white Kraft paper - 143g/m<sup>2</sup></li>
</ul>

<span style=""font-weight: bold; color: #d7328a;"">Suitability:</span>
<ul>
    <li>Brushed metallic surface for premium-looking graphics, labels and stickers</li>
<li>VinylEfx® is ideal for producing eye-catching POS displays and promotional advertising and signage</li>
    <li>Designed for interior use on clean, smooth flat or slightly curved 2D surfaces</li>
<li>Short term outdoor durability but edge sealing recommended to optimize durability</li>
    <li>Dry apply only</li>
    <li>These films have the same effect in silver on the adhesive side</li>
</ul>

<span style=""font-weight: bold; color: #d7328a;"">Advantages:</span>
<ul><li>Cuts and weeds easily</li>
<li>Can be printed using Eco-Sol, Solvent & UV ink</li>
<li>Also suitable for new generation Latex inks (700 & 800 series)</li>
    <li>Also available in an <a href=""Category/Vinyl-Efx-Outdoor-Durable"" target=""_blank"" style=""color: #ef088c;"">outdoor durable series</a></li>
    <li>Fire rated to ASTM E-84-11a under classification 'A'</li>
</ul>

<span style=""font-weight: bold; color: #d7328a;"">Ink Compatibility:</span><br>
<ul>
        <img style=""margin: 0 5px 0 0; width: 15px; height: 25px;"" alt=""Eco-Sol Ink"" src=""media/ecom/onpagegraphics/Ink-EcoSol.png""> Eco-solvent&nbsp;&nbsp;
        <img style=""margin: 0 5px 0 0; width: 15px; height: 25px;"" alt=""UV Ink"" src=""media/ecom/onpagegraphics/Ink-UV.png""> UV&nbsp;&nbsp;
<img style=""margin: 0 5px 0 0; width: 15px; height: 25px;"" alt=""Latex Ink"" src=""media/ecom/onpagegraphics/Ink-Latex.png""> Latex (new generation only)
    
</ul>

<span style=""font-weight: bold; color: #d7328a;"">Technical Information:</span><br>
<ul>
    
        <a href=""media/ecom/pdfs/datasheets/EFX-Decorative.pdf"" target=""_blank"">
            <img style=""border: 0; width: 200px; height: 60px;"" alt=""EFX Decorative Datasheet"" src=""media/ecom/onpagegraphics/Datasheet.png"">
        </a>
        <a href=""media/ecom/pdfs/firecertificates/VinyEfx-Decorative-Fire-Certification-2023.pdf"" target=""_blank"">
            <img style=""border: 0; width: 200px; height: 60px;"" alt=""EFX Decorative Fire Certificate"" src=""media/ecom/onpagegraphics/Fire.png"">
        </a>
        <a href=""media/ecom/colselxl/Colourcard_EFX.pdf"" target=""_blank"">
            <img style=""border: 0; width: 200px; height: 60px;"" alt=""EFX Colourcard"" src=""media/ecom/onpagegraphics/Colour.png"">
        </a>
        <a href=""media/ecom/pdfs/applicationguidelines/EFX_Application_Reference_Guide.pdf"" target=""_blank"">
            <img style=""border: 0; width: 200px; height: 60px;"" alt=""Application Guide"" src=""media/ecom/onpagegraphics/App.png"">
        </a>
</ul>

</body>
</html>","S6501_Fine_Brush_Silver.png","S6501_Fine_Brush_Silver.png","INVITEMS","DEFAULT-S6501_Fine_Brush_Silver-DEFAULT-S6501_Fine_Brush_Silver","","","0","0","0","","1","REGONLY","0","0","0","0","","","","SELECT","SELECT","0","","","","","0","0","","income-service","","","0","0","","","","","VinylEfx_Decorative","VinylEfx_Decorative, Silver-Films","","","0","Aslan_Red_Devil_Squeegee, Aslan-Gold-Soft-Squeegee, Aslan_Squeegee, Olfa_X_Design_Heavy_Duty_Knife, Olfa_Graphic_Cutter, Application_Gloves, Lint-Free-Gloves, Masking_Tape_25mm, Lint-Free-Cloths, ","Aslan_Red_Devil_Squeegee, Aslan-Gold-Soft-Squeegee, Aslan_Squeegee, Olfa_X_Design_Heavy_Duty_Knife, Olfa_Graphic_Cutter, Application_Gloves, Lint-Free-Gloves, Masking_Tape_25mm, Lint-Free-Cloths, ","A","","","","","","Brushed","","","","","","","","","S6501-Fine-Brush-Silver","0","vinylefx, efx, 6501, S6501, silver, mirror, polished, chrome, mirri, metallised, metallized, metallic, brushed, shiny, metal vinyl, mirror vinyl, brushed silver, indoor, rtape, r tape, r-tape, nekoosa, ","","","1730204804","0","","0","","CHECKBOX"
"S6502_Fine_Brush_Gold","VinylEfx Indoor Fine Brushed Gold","S6502","R-Tape","11","4","DEFAULT","","","","","0","Nekoosa VinylEfx 6502 Indoor Fine Brushed Gold is a metallised gold vinyl with a brushed metallic surface for eye-catching signage and displays.","<html>
<head>
    <title>VinylEfx 6502 Indoor Brushed Gold</title>
</head>
<body>
<img style=""height: 53px; width: 250px;"" alt=""Nekoosa logo""
src=""media/ecom/onpagegraphics/Nekoosa_Logo.jpg""><br><br>


<p>Nekoosa VinylEfx® 6502 Indoor Brushed Gold is a metallised gold vinyl with a brushed surface for eye-catching signage and displays.</p>

<span style=""font-weight: bold; color: #d7328a;"">Structure:</span>
<ul>
    <li>75<span>&#181;</span>m PVC</li>
    <li>Water-based, clear acrylic adhesive - Permanent</li>
    <li>One-sided coated white Kraft paper - 143g/m<sup>2</sup></li>
</ul>

<span style=""font-weight: bold; color: #d7328a;"">Suitability:</span>
<ul>
    <li>Brushed metallic surface for premium-looking graphics, labels and stickers</li>
<li>VinylEfx® is ideal for producing eye-catching POS displays and promotional advertising and signage</li>
    <li>Designed for interior use on clean, smooth flat or slightly curved 2D surfaces</li>
<li>Short term outdoor durability but edge sealing recommended to optimize durability</li>
    <li>Dry apply only</li>
    <li>These films have the same effect in silver on the adhesive side</li>
</ul>

<span style=""font-weight: bold; color: #d7328a;"">Advantages:</span>
<ul><li>Cuts and weeds easily</li>
<li>Can be printed using Eco-Sol, Solvent & UV ink</li>
<li>Also suitable for new generation Latex inks (700 & 800 series)</li>
    <li>Also available in an <a href=""Category/Vinyl-Efx-Outdoor-Durable"" target=""_blank"" style=""color: #ef088c;"">outdoor durable series</a></li>
    <li>Fire rated to ASTM E-84-11a under classification 'A'</li>
</ul>

<span style=""font-weight: bold; color: #d7328a;"">Ink Compatibility:</span><br>
<ul>
        <img style=""margin: 0 5px 0 0; width: 15px; height: 25px;"" alt=""Eco-Sol Ink"" src=""media/ecom/onpagegraphics/Ink-EcoSol.png""> Eco-solvent&nbsp;&nbsp;
        <img style=""margin: 0 5px 0 0; width: 15px; height: 25px;"" alt=""UV Ink"" src=""media/ecom/onpagegraphics/Ink-UV.png""> UV&nbsp;&nbsp;
<img style=""margin: 0 5px 0 0; width: 15px; height: 25px;"" alt=""Latex Ink"" src=""media/ecom/onpagegraphics/Ink-Latex.png""> Latex (new generation only)
    
</ul>

<span style=""font-weight: bold; color: #d7328a;"">Technical Information:</span><br>
<ul>
    
        <a href=""media/ecom/pdfs/datasheets/EFX-Decorative.pdf"" target=""_blank"">
            <img style=""border: 0; width: 200px; height: 60px;"" alt=""EFX Decorative Datasheet"" src=""media/ecom/onpagegraphics/Datasheet.png"">
        </a>
        <a href=""media/ecom/pdfs/firecertificates/VinyEfx-Decorative-Fire-Certification-2023.pdf"" target=""_blank"">
            <img style=""border: 0; width: 200px; height: 60px;"" alt=""EFX Decorative Fire Certificate"" src=""media/ecom/onpagegraphics/Fire.png"">
        </a>
        <a href=""media/ecom/colselxl/Colourcard_EFX.pdf"" target=""_blank"">
            <img style=""border: 0; width: 200px; height: 60px;"" alt=""EFX Colourcard"" src=""media/ecom/onpagegraphics/Colour.png"">
        </a>
        <a href=""media/ecom/pdfs/applicationguidelines/EFX_Application_Reference_Guide.pdf"" target=""_blank"">
            <img style=""border: 0; width: 200px; height: 60px;"" alt=""Application Guide"" src=""media/ecom/onpagegraphics/App.png"">
        </a>
</ul>

</body>
</html>","E6502_Fine_Brushed_Gold.png","E6502_Fine_Brushed_Gold.png","INVITEMS","DEFAULT-S6502_Fine_Brush_Gold-DEFAULT-S6502_Fine_Brush_Gold","","","0","0","0","","1","REGONLY","0","0","0","0","","","","SELECT","SELECT","0","","","","","0","0","","income-service","","","0","0","","","","","VinylEfx_Decorative","VinylEfx_Decorative, Gold-Films","","","0","Aslan_Red_Devil_Squeegee, Aslan-Gold-Soft-Squeegee, Aslan_Squeegee, Olfa_X_Design_Heavy_Duty_Knife, Olfa_Graphic_Cutter, Application_Gloves, Lint-Free-Gloves, Masking_Tape_25mm, Lint-Free-Cloths, ","Aslan_Red_Devil_Squeegee, Aslan-Gold-Soft-Squeegee, Aslan_Squeegee, Olfa_X_Design_Heavy_Duty_Knife, Olfa_Graphic_Cutter, Application_Gloves, Lint-Free-Gloves, Masking_Tape_25mm, Lint-Free-Cloths, ","A","admin, superuser","","","","","Brushed","","","","","","","","","","0","vinylefx, efx, 6502, E6502, gold, mirror, polished, chrome, mirri, metallised, metallized, metallic, brushed, shiny, metal vinyl, mirror vinyl, brushed gold, indoor, rtape, r tape, r-tape, nekoosa, 6502,","","","1753785675","0","","0","","CHECKBOX"
"S6562_Fine_Brush_Rose_Gold","VinylEfx Indoor Fine Brushed Rose Gold","S6562","R-Tape","9","4","DEFAULT","","","","","0","Nekoosa VinylEfx 6562 Indoor Brushed Rose Gold is a metallised rose gold vinyl with a brushed metallic surface for eye-catching signage and displays.","<html>
<head>
    <title>VinylEfx 6562 Indoor Fine Brushed Rose Gold</title>
</head>
<body>
<img style=""height: 53px; width: 250px;"" alt=""Nekoosa logo""
src=""media/ecom/onpagegraphics/Nekoosa_Logo.jpg""><br><br>


<p>Nekoosa VinylEfx® 6562 Indoor Fine Brushed Rose Gold is a metallised rose gold vinyl with a brushed metallic surface for eye-catching signage and displays.</p>

<span style=""font-weight: bold; color: #d7328a;"">Structure:</span>
<ul>
    <li>75<span>&#181;</span>m PVC</li>
    <li>Water-based, clear acrylic adhesive - Permanent</li>
    <li>One-sided coated white Kraft paper - 143g/m<sup>2</sup></li>
</ul>

<span style=""font-weight: bold; color: #d7328a;"">Suitability:</span>
<ul>
    <li>Brushed metallic surface for premium-looking graphics, labels and stickers</li>
<li>VinylEfx® is ideal for producing eye-catching POS displays and promotional advertising and signage</li>
    <li>Designed for interior use on clean, smooth flat or slightly curved 2D surfaces</li>
<li>Short term outdoor durability but edge sealing recommended to optimize durability</li>
    <li>Dry apply only</li>
    <li>These films have the same effect in silver on the adhesive side</li>
</ul>

<span style=""font-weight: bold; color: #d7328a;"">Advantages:</span>
<ul><li>Cuts and weeds easily</li>
<li>Can be printed using Eco-Sol, Solvent & UV ink</li>
<li>Also suitable for new generation Latex inks (700 & 800 series)</li>
    <li>Fire rated to ASTM E-84-11a under classification 'A'</li>
</ul>

<span style=""font-weight: bold; color: #d7328a;"">Ink Compatibility:</span><br>
<ul>
        <img style=""margin: 0 5px 0 0; width: 15px; height: 25px;"" alt=""Eco-Sol Ink"" src=""media/ecom/onpagegraphics/Ink-EcoSol.png""> Eco-solvent&nbsp;&nbsp;
        <img style=""margin: 0 5px 0 0; width: 15px; height: 25px;"" alt=""UV Ink"" src=""media/ecom/onpagegraphics/Ink-UV.png""> UV&nbsp;&nbsp;
<img style=""margin: 0 5px 0 0; width: 15px; height: 25px;"" alt=""Latex Ink"" src=""media/ecom/onpagegraphics/Ink-Latex.png""> Latex (new generation only)
    
</ul>

<span style=""font-weight: bold; color: #d7328a;"">Technical Information:</span><br>
<ul>
    
        <a href=""media/ecom/pdfs/datasheets/EFX-Decorative.pdf"" target=""_blank"">
            <img style=""border: 0; width: 200px; height: 60px;"" alt=""EFX Decorative Datasheet"" src=""media/ecom/onpagegraphics/Datasheet.png"">
        </a>
        <a href=""media/ecom/pdfs/firecertificates/VinyEfx-Decorative-Fire-Certification-2023.pdf"" target=""_blank"">
            <img style=""border: 0; width: 200px; height: 60px;"" alt=""EFX Decorative Fire Certificate"" src=""media/ecom/onpagegraphics/Fire.png"">
        </a>
        <a href=""media/ecom/colselxl/Colourcard_EFX.pdf"" target=""_blank"">
            <img style=""border: 0; width: 200px; height: 60px;"" alt=""EFX Colourcard"" src=""media/ecom/onpagegraphics/Colour.png"">
        </a>
        <a href=""media/ecom/pdfs/applicationguidelines/EFX_Application_Reference_Guide.pdf"" target=""_blank"">
            <img style=""border: 0; width: 200px; height: 60px;"" alt=""Application Guide"" src=""media/ecom/onpagegraphics/App.png"">
        </a>
</ul>

</body>
</html>","S6562_Fine_Brush_Rose_Gold.png","S6562_Fine_Brush_Rose_Gold.png","INVITEMS","DEFAULT-S6562_Fine_Brush_Rose_Gold-DEFAULT-S6562_Fine_Brush_Rose_Gold","","","0","0","0","","1","REGONLY","0","0","0","0","","","","SELECT","SELECT","0","","","","","0","0","","income-service","","","0","0","","","","","VinylEfx_Decorative","VinylEfx_Decorative","","","0","","","A","","","","","","Brushed","","","","","","","","","S6562-Fine-Brush-Rose-Gold","0","metallic, efx, vinyl, vinyl efx, vinylefx, rtape, r-tape, r tape, nekoosa, brushed, rose, gold, mirri, mirror, rosegold, pink gold, pink mirror, shiny, 6562, s6562, brushed rose, brushedrose, brushed rose gold, brushedrosegold, ","","","1730204856","0","","0","","CHECKBOX"
"S66_0625","ASLAN S66 :: 625mm Width","S66","Aslan","10","7","DEFAULT","","","","","0","ASLAN S66 is a medium duty stencil film designed for deep sandblasting onto glass, stone and metal surfaces. Prices are per metre.","<head><title>ASLAN S66</title>

<style>
.responsive {
  width: 50%;
  height: auto;
}
</style>
</head>

<img style=""height: 50px; width: 236px;"" alt=""Aslan logo""
src=""media/ecom/onpagegraphics/ASLAN_Logo_New.png"" class=""responsive""><br><br>

<p>ASLAN S66 is a medium duty stencil film designed for sandblasting onto glass, stone and metal surfaces.</p>

<span style=""font-weight: bold; color: #d7328a;"">Structure:</span><br>
<ul><li>230<span>&#181;</span>m Special PVC
<li>Water based adhesive - Removable
<li>Silicon cardboard backing liner - 140gm<sup>2</sup>
</li></ul>

<span style=""font-weight: bold; color: #d7328a;"">Suitability:</span><br>
<ul>
<li>Designed for sandblasting onto glass, stone and metal surfaces
<li>Ideal for computerised cuttings of letters, logos etc
<li>Suitable for dry or wet application
</li></ul>

<span style=""font-weight: bold; color: #d7328a;"">Advantages:</span><br>
<ul>

<li>Removable adhesive for clean, easy removal
<li>Easily cut by plotter or by hand
<li>High performance film gives clean, crisp edges
<li>Tear-resistant film can be removed easily in one piece without leaving any residue
<li>Can be drawn on by pencil or marker
</li></ul>

<span style=""font-weight: bold; color: #d7328a;"">Technical Information:</span>
<ul><a href=""media/ecom/pdfs/datasheets/Sandblast_230_ASLAN_S66_e.pdf""
target=""_blank""><img style=""border: 0px solid ; width: 200px; height: 60px;"" alt=""Aslan S66 Datasheet""
src=""media/ecom/onpagegraphics/Datasheet.png""></a></ul>
</ul>
<p><p style=""font-weight: bold; font-size: 0.9em;"">Prices shown are per linear metre at 625mm wide</p>
</body>","S66.jpg","S66.jpg","INVITEMS","DEFAULT-S66_0625-DEFAULT-S66_0625","","","0","0","0","","1","REGONLY","0","0","0","0","","","","SELECT","SELECT","0","","","","","0","0","","income-service","","","0","0","","","","","Aslan-S66","Aslan-S66","","","0","S66_1250, EZ_Weeder, Weeding_Tweezers, Masking_Tape_50mm, 900EMT1220, 3M_Gold_Squeegee, Aslan_Red_Devil_Squeegee, Aslan_Squeegee, Olfa_X_Design_Heavy_Duty_Knife, Olfa_Graphic_Cutter","EZ_Weeder, Weeding_Tweezers, Masking_Tape_50mm, 900EMT1220, 3M_Gold_Squeegee, Aslan_Red_Devil_Squeegee, Aslan_Squeegee, Olfa_X_Design_Heavy_Duty_Knife, Olfa_Graphic_Cutter","A","","","","","","","","","","","","","","","ASLAN-S66-625mm","0","sandblast stencil film, sandblast stencil films, sandblast mask, sand blast mask, blasting film, blasting mask, aslan, s66, anchor, anchor tape","","ASLAN S66 is a medium duty stencil film designed for deep sandblasting onto glass, stone and metal surfaces.","1545309109","0","","0","","CHECKBOX"
"S66_1250","ASLAN S66 :: 1250mm Width","S66","Aslan","20","14","DEFAULT","","","","","0","ASLAN S66 is a medium duty stencil film designed for deep sandblasting onto glass, stone and metal surfaces. Prices are per metre.","<head><title>ASLAN S66</title>

<style>
.responsive {
  width: 50%;
  height: auto;
}
</style>
</head>

<img style=""height: 50px; width: 236px;"" alt=""Aslan logo""
src=""media/ecom/onpagegraphics/ASLAN_Logo_New.png"" class=""responsive""><br><br>

<p>ASLAN S66 is a medium duty stencil film designed for sandblasting onto glass, stone and metal surfaces.</p>

<span style=""font-weight: bold; color: #d7328a;"">Structure:</span><br>
<ul><li>230<span>&#181;</span>m Special PVC
<li>Water based adhesive - Removable
<li>Silicon cardboard backing liner - 140gm<sup>2</sup>
</li></ul>

<span style=""font-weight: bold; color: #d7328a;"">Suitability:</span><br>
<ul>
<li>Designed for sandblasting onto glass, stone and metal surfaces
<li>Ideal for computerised cuttings of letters, logos etc
<li>Suitable for dry or wet application
</li></ul>

<span style=""font-weight: bold; color: #d7328a;"">Advantages:</span><br>
<ul>

<li>Removable adhesive for clean, easy removal
<li>Easily cut by plotter or by hand
<li>High performance film gives clean, crisp edges
<li>Tear-resistant film can be removed easily in one piece without leaving any residue
<li>Can be drawn on by pencil or marker
</li></ul>

<span style=""font-weight: bold; color: #d7328a;"">Technical Information:</span>
<ul><a href=""media/ecom/pdfs/datasheets/Sandblast_230_ASLAN_S66_e.pdf""
target=""_blank""><img style=""border: 0px solid ; width: 200px; height: 60px;"" alt=""Aslan S66 Datasheet""
src=""media/ecom/onpagegraphics/Datasheet.png""></a></ul>
</ul>
<p><p style=""font-weight: bold; font-size: 0.9em;"">Prices shown are per linear metre at 1250mm wide</p>
</body>","S66.jpg","S66.jpg","INVITEMS","DEFAULT-S66_1250-DEFAULT-S66_1250","","","0","0","0","","1","REGONLY","0","0","0","0","","","","SELECT","SELECT","0","","","","","0","0","","income-service","","","0","0","","","","","Aslan-S66","Aslan-S66","","","0","S66_0625, EZ_Weeder, Weeding_Tweezers, Masking_Tape_50mm, 900EMT1220, 3M_Gold_Squeegee, Aslan_Red_Devil_Squeegee, Aslan_Squeegee, Olfa_X_Design_Heavy_Duty_Knife, Olfa_Graphic_Cutter","EZ_Weeder, Weeding_Tweezers, Masking_Tape_50mm, 900EMT1220, 3M_Gold_Squeegee, Aslan_Red_Devil_Squeegee, Aslan_Squeegee, Olfa_X_Design_Heavy_Duty_Knife, Olfa_Graphic_Cutter","A","","","","","","","","","","","","","","","ASLAN-S66-1250mm","0","sandblast stencil film, sandblast stencil films, sandblast mask, sand blast mask, blasting film, blasting mask, aslan, s66, anchor, anchor tape,","","ASLAN S66 is a medium duty stencil film designed for deep sandblasting onto glass, stone and metal surfaces.","1545309129","0","","0","","CHECKBOX"
"S68_0625","ASLAN S68 :: 625mm Width","S68","Aslan","30","5","DEFAULT","","","","","0","ASLAN S68 is a double layer stencil film offering high resistance for sandblasting onto glass and polished stone surfaces. Prices are per linear metre.","<head><title>ASLAN S68</title>

<style>
.responsive {
  width: 50%;
  height: auto;
}
</style>
</head>

<img style=""height: 50px; width: 236px;"" alt=""Aslan logo""
src=""media/ecom/onpagegraphics/ASLAN_Logo_New.png"" class=""responsive""><br><br>

<p>ASLAN S68 is a double layer stencil film offering high resistance for sandblasting onto glass and polished stone surfaces.</p>

<span style=""font-weight: bold; color: #d7328a;"">Structure:</span><br>
<ul><li>180<span>&#181;</span>m Double PVC film
<li>Water based adhesive - Removable
<li>Silicon cardboard backing liner - 140gm<sup>2</sup>
</li></ul>

<span style=""font-weight: bold; color: #d7328a;"">Suitability:</span><br>
<ul>
<li>Designed for sandblasting onto glass and polished stone surfaces
<li>Perfect for different glass creation applications such as relief structures, letterings, logos or satin finish of surface
<li>Ideal for computerised cuttings of letters, logos etc
<li>Suitable for dry application only
</li></ul>

<span style=""font-weight: bold; color: #d7328a;"">Advantages:</span><br>
<ul>

<li>Removable adhesive for clean, easy removal
<li>Easily cut by plotter or by hand
<li>High performance film gives clean, crisp edges
<li>Tear-resistant film can be removed easily in one piece without leaving any residue
<li>Can be drawn on by pencil or marker
</li></ul>

<span style=""font-weight: bold; color: #d7328a;"">Technical Information:</span>
<ul><a href=""media/ecom/pdfs/datasheets/Sandblast_180_ASLAN_S68_e.pdf""
target=""_blank""><img style=""border: 0px solid ; width: 200px; height: 60px;"" alt=""Aslan S68 Datasheet""
src=""media/ecom/onpagegraphics/Datasheet.png""></a></ul>
</ul>
<p><p style=""font-weight: bold; font-size: 0.9em;"">Prices shown are per linear metre at 625mm wide</p>
</body>","S68.jpg","S68.jpg","INVITEMS","DEFAULT-S68_0625-DEFAULT-S68_0625","","","0","0","0","","1","REGONLY","0","0","0","0","","","","SELECT","SELECT","0","","","","","0","0","","income-service","","","0","0","","","","","Aslan-S68","Aslan-S68","","","0","S68_1250, EZ_Weeder, Weeding_Tweezers, Masking_Tape_50mm, 900EMT1220, 3M_Gold_Squeegee, Aslan_Red_Devil_Squeegee, Aslan_Squeegee, Olfa_X_Design_Heavy_Duty_Knife, Olfa_Graphic_Cutter","EZ_Weeder, Weeding_Tweezers, Masking_Tape_50mm, 900EMT1220, 3M_Gold_Squeegee, Aslan_Red_Devil_Squeegee, Aslan_Squeegee, Olfa_X_Design_Heavy_Duty_Knife, Olfa_Graphic_Cutter","A","","","","","","","","","","","","","","","ASLAN-S68-625mm","0","sandblast stencil film, sandblast stencil films, sandblast mask, sand blast mask, blasting film, blasting mask, aslan, s68, anchor, anchor tape","","ASLAN S68 is a double layer stencil film offering high resistance for sandblasting onto glass and polished stone surfaces.","1545309057","0","","0","","CHECKBOX"
"S68_1250","ASLAN S68 :: 1250mm Width","S68","Aslan","40","11","DEFAULT","","","","","0","ASLAN S68 is a double layer stencil film offering high resistance for sandblasting onto glass and polished stone surfaces. Prices are per linear metre.","<head><title>ASLAN S68</title>

<style>
.responsive {
  width: 50%;
  height: auto;
}
</style>
</head>

<img style=""height: 50px; width: 236px;"" alt=""Aslan logo""
src=""media/ecom/onpagegraphics/ASLAN_Logo_New.png"" class=""responsive""><br><br>

<p>ASLAN S68 is a double layer stencil film offering high resistance for sandblasting onto glass and polished stone surfaces.</p>

<span style=""font-weight: bold; color: #d7328a;"">Structure:</span><br>
<ul><li>180<span>&#181;</span>m Double PVC film
<li>Water based adhesive - Removable
<li>Silicon cardboard backing liner - 140gm<sup>2</sup>
</li></ul>

<span style=""font-weight: bold; color: #d7328a;"">Suitability:</span><br>
<ul>
<li>Designed for sandblasting onto glass and polished stone surfaces
<li>Perfect for different glass creation applications such as relief structures, letterings, logos or satin finish of surface
<li>Ideal for computerised cuttings of letters, logos etc
<li>Suitable for dry application only
</li></ul>

<span style=""font-weight: bold; color: #d7328a;"">Advantages:</span><br>
<ul>

<li>Removable adhesive for clean, easy removal
<li>Easily cut by plotter or by hand
<li>High performance film gives clean, crisp edges
<li>Tear-resistant film can be removed easily in one piece without leaving any residue
<li>Can be drawn on by pencil or marker
</li></ul>

<span style=""font-weight: bold; color: #d7328a;"">Technical Information:</span>
<ul><a href=""media/ecom/pdfs/datasheets/Sandblast_180_ASLAN_S68_e.pdf""
target=""_blank""><img style=""border: 0px solid ; width: 200px; height: 60px;"" alt=""Aslan S68 Datasheet""
src=""media/ecom/onpagegraphics/Datasheet.png""></a></ul>
</ul>
<p><p style=""font-weight: bold; font-size: 0.9em;"">Prices shown are per linear metre at 1250mm wide</p>
</body>","S68.jpg","S68.jpg","INVITEMS","DEFAULT-S68_1250-DEFAULT-S68_1250","","","0","0","0","","1","REGONLY","0","0","0","0","","","","SELECT","SELECT","0","","","","","0","0","","income-service","","","0","0","","","","","Aslan-S68","Aslan-S68","","","0","S68_0625, EZ_Weeder, Weeding_Tweezers, Masking_Tape_50mm, 900EMT1220, 3M_Gold_Squeegee, Aslan_Red_Devil_Squeegee, Aslan_Squeegee, Olfa_X_Design_Heavy_Duty_Knife, Olfa_Graphic_Cutter","EZ_Weeder, Weeding_Tweezers, Masking_Tape_50mm, 900EMT1220, 3M_Gold_Squeegee, Aslan_Red_Devil_Squeegee, Aslan_Squeegee, Olfa_X_Design_Heavy_Duty_Knife, Olfa_Graphic_Cutter","A","","","","","","","","","","","","","","","ASLAN-S68-1250mm","0","sandblast stencil film, sandblast stencil films, sandblast mask, sand blast mask, blasting film, blasting mask, aslan, s68, anchor, anchor tape","","ASLAN S68 is a double layer stencil film offering high resistance for sandblasting onto glass and polished stone surfaces.","1545309082","0","","0","","CHECKBOX"
"S790625","ASLAN S79 :: 625mm Width","S79","Aslan","10","0","DEFAULT","","","","","0","ASLAN S79 stencil masking film is a low cost self adhesive PVC paint mask with a removable adhesive that is compatible with most paints and inks.  It is suitable for paint spraying and painting on smooth surfaces and the strong stability of the stencil mask makes it fast and easy to apply. This stencil  will remove easily from smooth rigid and flexible substrates.  Prices are per roll.","<html>

<head><title>ASLAN 79</title>

<style>
.responsive {
  width: 50%;
  height: auto;
}
</style>
</head>

<body>

<img style=""height: 50px; width: 236px;"" alt=""Aslan logo""
src=""media/ecom/onpagegraphics/ASLAN_Logo_New.png"" class=""responsive""><br><br>

<p>ASLAN S79 stencil masking film is a low cost self adhesive PVC paint mask with a removable adhesive that is compatible with most paints and inks.</p>

<span style=""font-weight: bold; color: #d7328a;"">Structure:</span><br>
<ul><li>80<span>&#181;</span>m Special PVC</li>
<li>Water based adhesive - Removable</li>
<li>Silicon cardboard backing liner - 140gm<sup>2</sup>
</li></ul>

<span style=""font-weight: bold; color: #d7328a;"">Suitability:</span><br>
<ul><li>For overlapping paints and multi-colour works</li>
<li>Perfect for smooth surfaces</li>
<li>Suitable for smooth surfaces such as awnings, acyclic glass or plates</li>
<li>Ideal for computerised cutting of letters, logos and shapes</li>
<li>Suitable for dry application only
</li></ul>

<span style=""font-weight: bold; color: #d7328a;"">Advantages:</span><br>
<ul>
<li>Matt grey transparent surface makes it easy to label the working area</li>
<li>Removable adhesive for clean, easy removal</li>
<li>Compatible with most paints and inks</li>
<li>Strong stability of the stencil mask makes it fast and easy to apply
</li></ul>

<span style=""font-weight: bold; color: #d7328a;"">Technical Information:</span>
<ul><a href=""media/ecom/pdfs/datasheets/PaintMask_ASLAN_S79_e.pdf"" target=""_blank""><img
style=""border: 0px solid ; width: 200px; height: 60px;"" alt=""Aslan S79 Datasheet""
src=""media/ecom/onpagegraphics/Datasheet.png""></a></ul>

<p style=""font-weight: bold; font-size: 1.0em;"">Prices shown are per roll at 625mm wide</p>
</body>

</html>
","ASLAN_S79.jpg","ASLAN_S79.jpg","INVITEMS","DEFAULT-S790625-DEFAULT-S790625","","","0","0","0","","1","REGONLY","0","0","0","0","","","","SELECT","SELECT","0","","","","","0","0","","income-service","","","0","0","","","","","Aslan_S79","Aslan_S79","","","0","S791250, EZ_Weeder, Weeding_Tweezers, Masking_Tape_50mm, 900EMT1220, 3M_Gold_Squeegee, Aslan_Red_Devil_Squeegee, Aslan_Squeegee, Olfa_X_Design_Heavy_Duty_Knife, Olfa_Graphic_Cutter","EZ_Weeder, Weeding_Tweezers, Masking_Tape_50mm, 900EMT1220, 3M_Gold_Squeegee, Aslan_Red_Devil_Squeegee, Aslan_Squeegee, Olfa_X_Design_Heavy_Duty_Knife, Olfa_Graphic_Cutter","A","","","","","","","","","","","","","","","ASLAN-S-79-625mm","0","Aslan, S79, S 79, paint mask, stencil film, spraymask, spray mask","","ASLAN S79 stencil masking film is a low cost self adhesive PVC paint mask with a removable adhesive that is compatible with most paints and inks.  It is suitable for paint spraying and painting on smooth surfaces and the strong stability of the stencil mask makes it fast and easy to apply. This stencil  will remove easily from smooth rigid and flexible substrates.","1545305003","0","","0","","CHECKBOX"
"S791250","ASLAN S79 :: 1250mm Width","S79","Aslan","10","0","DEFAULT","","","","","0","ASLAN S79 stencil masking film is a low cost self adhesive PVC paint mask with a removable adhesive that is compatible with most paints and inks.  It is suitable for paint spraying and painting on smooth surfaces and the strong stability of the stencil mask makes it fast and easy to apply. This stencil  will remove easily from smooth rigid and flexible substrates.  Prices are per roll.","<html>

<head><title>ASLAN 79</title>

<style>
.responsive {
  width: 50%;
  height: auto;
}
</style>
</head>

<body>

<img style=""height: 50px; width: 236px;"" alt=""Aslan logo""
src=""media/ecom/onpagegraphics/ASLAN_Logo_New.png"" class=""responsive""><br><br>

<p>ASLAN S79 stencil masking film is a low cost self adhesive PVC paint mask with a removable adhesive that is compatible with most paints and inks.</p>

<span style=""font-weight: bold; color: #d7328a;"">Structure:</span><br>
<ul><li>80<span>&#181;</span>m Special PVC</li>
<li>Water based adhesive - Removable</li>
<li>Silicon cardboard backing liner - 140gm<sup>2</sup>
</li></ul>

<span style=""font-weight: bold; color: #d7328a;"">Suitability:</span><br>
<ul><li>For overlapping paints and multi-colour works</li>
<li>Perfect for smooth surfaces</li>
<li>Suitable for smooth surfaces such as awnings, acyclic glass or plates</li>
<li>Ideal for computerised cutting of letters, logos and shapes</li>
<li>Suitable for dry application only
</li></ul>

<span style=""font-weight: bold; color: #d7328a;"">Advantages:</span><br>
<ul>
<li>Matt grey transparent surface makes it easy to label the working area</li>
<li>Removable adhesive for clean, easy removal</li>
<li>Compatible with most paints and inks</li>
<li>Strong stability of the stencil mask makes it fast and easy to apply
</li></ul>

<span style=""font-weight: bold; color: #d7328a;"">Technical Information:</span>
<ul><a href=""media/ecom/pdfs/datasheets/PaintMask_ASLAN_S79_e.pdf"" target=""_blank""><img
style=""border: 0px solid ; width: 200px; height: 60px;"" alt=""Aslan S79 Datasheet""
src=""media/ecom/onpagegraphics/Datasheet.png""></a></ul>

<p style=""font-weight: bold; font-size: 1.0em;"">Prices shown are per roll at 1250mm wide</p>
</body>

</html>
","ASLAN_S79.jpg","ASLAN_S79.jpg","INVITEMS","DEFAULT-S791250-DEFAULT-S791250","","","0","0","0","","1","REGONLY","0","0","0","0","","","","SELECT","SELECT","0","","","","","0","0","","income-service","","","0","0","","","","","Aslan_S79","Aslan_S79","","","0","S790625, EZ_Weeder, Weeding_Tweezers, Masking_Tape_50mm, 900EMT1220, 3M_Gold_Squeegee, Aslan_Red_Devil_Squeegee, Aslan_Squeegee, Olfa_X_Design_Heavy_Duty_Knife, Olfa_Graphic_Cutter","EZ_Weeder, Weeding_Tweezers, Masking_Tape_50mm, 900EMT1220, 3M_Gold_Squeegee, Aslan_Red_Devil_Squeegee, Aslan_Squeegee, Olfa_X_Design_Heavy_Duty_Knife, Olfa_Graphic_Cutter","A","","","","","","","","","","","","","","","ASLAN-S-79-1250mm","0","Aslan, S79, S 79, paint mask, stencil film, spray mask, spraymask","","ASLAN S79 stencil masking film is a low cost self adhesive PVC paint mask with a removable adhesive that is compatible with most paints and inks.  It is suitable for paint spraying and painting on smooth surfaces and the strong stability of the stencil mask makes it fast and easy to apply. This stencil  will remove easily from smooth rigid and flexible substrates.","1607708528","0","","0","","CHECKBOX"
"SALE_Digital_Print_Media","Digital Print Media for Eco-Solvent, UV & Latex Inks","DPM","DEFAULT","30","95","DEFAULT","","","","","0","These items are suitable for producing digitally printed graphics. There are various qualities available, but they are only compatible with Eco-Solvent, UV and Latex inks so please double check before ordering as we cannot offer a replacement or refund.







","<html>

<head>
<meta content=""text/html; charset=ISO-8859-1"" http-equiv=""content-type""></meta>
<title>Digital Print Media Sale</title></head>
<body>

<p>There are various qualities available and are only compatible with Eco-Solvent, UV & Latex inks so please double check before ordering as we cannot offer a replacement or refund.</p>

<p><b>Important</b><br>All items on SALE are priced at heavily discounted rates.  We have checked that this material looks to be in a saleable condition, however as some defects are only detected once the material has been printed or laminated these rolls are sold on a 'no guarantee' basis and as such we cannot replace or refund the product if you find it unsuitable.</p>

</body>

</html>","Sale_Digital.png","Sale_Digital.png","INVITEMS","DEFAULT-SALE_Digital_Print_Media-DEFAULT-SALE_Digital_Print_Vinyl_DFP33_1370, DEFAULT-SALE_Digital_Print_Media-DEFAULT-SALE_Digital_Print_Film_Enviroprint_1370","","","0","0","0","","1","REGONLY","0","0","0","0","","","","QUANMULT","SELECT","0","","","","","0","0","","income-service","","","0","0","","","","","SALE","SALE","","","0","","","A","superuser","","","","","","","","","","","","","","SALE-Digital-Print-Media","0","digital, print, media, vinyl, paper

































","","","1731597926","0","","0","","CHECKBOX"
"SALE_Digital_Print_Vinyl","Digital Print Media for Aqueous Inks","DPMAQ","DEFAULT","50","36","DEFAULT","","","","","0","These items are suitable for producing digitally printed graphics. There are various qualities available, but they are only compatible with Aqueous inks so please double check before ordering as we cannot offer a replacement or refund.







","<html>

<head>
<meta content=""text/html; charset=ISO-8859-1"" http-equiv=""content-type""></meta>
<title>Digital Print Media Sale</title></head>
<body>

<p>These items are suitable for producing digitally printed graphics.</p>

<p>There are various qualities available and are only compatible with aqueous inks so please double check before ordering as we cannot offer a replacement or refund.</p>

<p><b>Important</b><br>All items on SALE are priced at heavily discounted rates.  We have checked that this material looks to be in a saleable condition, however as some defects are only detected once the material has been printed or laminated these rolls are sold on a 'no guarantee' basis and as such we cannot replace or refund the product if you find it unsuitable.</p>

</body>

</html>
","Sale_Digital.png","Sale_Digital.png","INVITEMS","DEFAULT-SALE_Digital_Print_Vinyl-DEFAULT-SALE_Digital_Print_Vinyl_SAV150G_1520, DEFAULT-SALE_Digital_Print_Vinyl-DEFAULT-SALE_Digital_Print_Vinyl_SAV150M_1118, DEFAULT-SALE_Digital_Print_Vinyl-DEFAULT-SALE_Digital_Print_Fabric_Digi-Fab_610","","","0","0","0","","1","REGONLY","0","0","0","0","","","","QUANMULT","SELECT","0","","","","","0","0","","income-service","","","0","0","","","","","SALE","SALE","","","0","","","A","superuser","","","","","","","","","","","","","","SALE-Aqueous-Digital-Print-Media","0","digital, print, media, vinyl, paper

































","","","1575033616","0","","0","","CHECKBOX"
"SALE_HTV","HTV - Heat Transfer Vinyl","HTV","DEFAULT","20","2","DEFAULT","","","","","0","These HTV films are ideal for cotton and polyester garments and soft furnishings. There are various colours available as well as some more specialist films for so please double check before ordering as we cannot offer a replacement or refund.","<html>

<head>
<meta content=""text/html; charset=ISO-8859-1"" http-equiv=""content-type""></meta>
<title>HTV Sale</title></head>
<body>

<p>These HTV films are ideal for cotton and polyester garments and soft furnishings.</p>

<p>There are various colours available as well as some more specialist films for so please double check before ordering as we cannot offer a replacement or refund.</p>

<p><b>Important</b><br>All items on SALE are priced at heavily discounted rates.  We have checked that this material looks to be in a saleable condition, however as some defects are only detected once the material has been processed, these rolls are sold on a 'no guarantee' basis and as such we cannot replace or refund the product if you find it unsuitable.</p>

</body>

</html>","Sale_Coloured.png","Sale_Coloured.png","INVITEMS","DEFAULT-SALE_HTV-DEFAULT-SALE_ST492, DEFAULT-SALE_HTV-DEFAULT-SALE_7550","","","0","0","0","","1","REGONLY","0","0","0","0","","","","QUANMULT","SELECT","0","","","","","0","0","","income-service","","","0","0","","","","","SALE","SALE","","","0","","","A","superuser","","","","","","","","","","","","","","SALE-HTV","0","htv, heat transfer vinyl, flex, flock

































","","","1732203463","0","","0","","CHECKBOX"
"SALE_Lustre_Laminate","Laminating Films","LF","DEFAULT","40","55","DEFAULT","","","","","0","These laminates are perfect for covering and protecting digitally printed graphics. There are various finishes available so please double check before ordering as we cannot offer a replacement or refund.








","<html>

<head>
<meta content=""text/html; charset=ISO-8859-1"" http-equiv=""content-type""></meta>
<title>Laminating Films Sale</title></head>
<body>

<p>These items are suitable for covering and protecting digitally printed graphics.</p>

<p>There are various finishes available so please double check before ordering as we cannot offer a replacement or refund.</p>

<p><b>Important</b><br>All items on SALE are priced at heavily discounted rates.  We have checked that this material looks to be in a saleable condition, however as some defects are only detected once the material has been laminated these rolls are sold on a 'no guarantee' basis and as such we cannot replace or refund the product if you find it unsuitable.</p>

</body>

</html>","Sale_Laminate.png","Sale_Laminate.png","INVITEMS","DEFAULT-SALE_Lustre_Laminate-DEFAULT-SALE_ENVIRO_LAM_MATT_1370, DEFAULT-SALE_Lustre_Laminate-DEFAULT-SALE_Laminate_Boss_Gloss_1300, DEFAULT-SALE_Lustre_Laminate-DEFAULT-SALE_Laminate_Essential_Gloss_1520, DEFAULT-SALE_Lustre_Laminate-DEFAULT-SALE_Laminate_Essential_Floor_1300, DEFAULT-SALE_Lustre_Laminate-DEFAULT-SALE_Laminate_Essential_Floor_880","","","0","0","0","","1","REGONLY","0","0","0","0","","","","QUANMULT","SELECT","0","","","","","0","0","","income-service","","","0","0","","","","","SALE","SALE","","","0","","","A","superuser","","","","","","","","","","","","","","SALE-Laminates","0","banner,digital banner,printable banner,digitally printable banner,large format printable banner,frontlit banner,frontlit,laminated,laminated banner,440gsm banner,440gsm,

































","","","1574939122","0","","0","","CHECKBOX"
"SALE_Signmaking_Films","Signmaking Vinyl and Films","SMVF","DEFAULT","10","25","DEFAULT","","","","","0","These signmaking vinyl and films are ideal for a wide variety of signage and display applications. There are various colours available as well as some more specialist films for so please double check before ordering as we cannot offer a replacement or refund.","<html>

<head>
<meta content=""text/html; charset=ISO-8859-1"" http-equiv=""content-type""></meta>
<title>Signmaking Vinyl Films Sale</title></head>
<body>

<p>These signmaking vinyl and films are ideal for a wide variety of signage and display applications.</p>

<p>There are various colours available as well as some more specialist films for so please double check before ordering as we cannot offer a replacement or refund.</p>

<p><b>Important</b><br>All items on SALE are priced at heavily discounted rates.  We have checked that this material looks to be in a saleable condition, however as some defects are only detected once the material has been processed, these rolls are sold on a 'no guarantee' basis and as such we cannot replace or refund the product if you find it unsuitable.</p>

</body>

</html>","Sale_Coloured.png","Sale_Coloured.png","INVITEMS","DEFAULT-SALE_Signmaking_Films-DEFAULT-SALE_SC436_1260, DEFAULT-SALE_Signmaking_Films-DEFAULT-SALE_SC447_1260, DEFAULT-SALE_Signmaking_Films-DEFAULT-SALE_7667_1220, DEFAULT-SALE_Signmaking_Films-DEFAULT-SALE_WBL995_1370, DEFAULT-SALE_Signmaking_Films-DEFAULT-SALE_WBL998_1370, DEFAULT-SALE_Signmaking_Films-DEFAULT-SALE_FF550_1370_3, DEFAULT-SALE_Signmaking_Films-DEFAULT-SALE_FF550_1370_2, DEFAULT-SALE_Signmaking_Films-DEFAULT-SALE_FF550_1010, DEFAULT-SALE_Signmaking_Films-DEFAULT-SALE_SW2P","","","0","0","0","","1","REGONLY","0","0","0","0","","","","QUANMULT","SELECT","0","","","","","0","0","","income-service","","","0","0","","","","","SALE","SALE","","","0","","","A","superuser","","","","","","","","","","","","","","SALE-Signmaking-Films","0","sign, vinyl, coloured, signmaking

































","","","1731948253","0","","0","","CHECKBOX"
"SC400","Ri-Mark Optima 400 White","SC400","Ritrama","10","0","DEFAULT","","","","","0","Ri-Mark Optima 400 White polymeric self-adhesive vinyl is suitable for medium to long term signage and advertising on to flat and 2D convex surfaces..","<html>
<head><title>Ri-Mark Optima 400 White</title>

<style>
.responsive {
  width: 50%;
  height: auto;
}
</style>
</head>

<body>
<img src=""media/ecom/onpagegraphics/Fedrigoni_Logo.jpg"" alt=""Fedrigoni Logo"" class=""responsive"">
<p>Ri-Mark Optima 400 White polymeric self-adhesive vinyl is suitable for medium to long term signage and advertising on to flat and 2D convex surfaces.</p>

<span style=""font-weight: bold; color: #d7328a;"">Structure:</span><br>
<ul><li>75<span>&#181;</span>m Polymeric calendered PVC</li>
<li>Transparent water based adhesive - Permanent</li>
<li>Clay coated kraft paper liner - 120gm<sup>2</sup>, grey back printed
</li></ul>

<span style=""font-weight: bold; color: #d7328a;"">Suitability:</span><br>
<ul><li>Excellent for applying to flat and 2D convex surfaces (for deeply concave surfaces or corrugations this vinyl should be cut and applied with an overlap)</li>
<li>UV stabilised material designed for exterior or interior signage and displays</li>
<li>The high gloss face film has a high level of opacity and is engineered to enhance corporate branding projects</li>
<li>Outdoor durability of up to 6 years</li></ul>

<span style=""font-weight: bold; color: #d7328a;"">Advantages:</span><br>
<ul><li>Cohesive water based adhesive provides good dimensional stability and water resistance for long term durability</li>
<li>This film is available with a standard kraft liner that allows for wet or dry application</li>
<li>Designed for trouble free plotting</li>
<li>REACH & RoHS compliant</li></ul>

<span style=""font-weight: bold; color: #d7328a;"">Technical Information:</span><br>
<ul>
<a href=""media/ecom/pdfs/datasheets/TDS_Ri_MarkOptima_uk_issue1_5d8e.pdf"" target=""_blank""><img
style=""border: 0px solid ; width: 200px; height: 60px;"" alt=""Ri-Mark Optima Datasheet""
src=""media/ecom/onpagegraphics/Datasheet.png""></a>
<a href=""media/ecom/colselxl/digital_colour_card_Ri_Mark_Optima.pdf"" target=""_blank""><img
style=""border: 0px solid ; width: 200px; height: 60px;"" alt=""R-Mark Optima Colour Selector""
src=""media/ecom/onpagegraphics/Colour.png""></a></ul>
</body>
</html>","SC400_White.png","SC400_White.png","INVITEMS","DEFAULT-SC400-DEFAULT-SC400","","","0","0","0","","1","REGONLY","0","0","0","0","","","","SELECT","SELECT","0","","","","","0","0","","income-service","","","0","0","","","","","Ritrama_O_Range","Ritrama_O_Range","","","0","900EMT1220, 4075CT1220, 903C1220, Aslan_Red_Devil_Squeegee, Olfa_X_Design_Heavy_Duty_Knife, Masking_Tape_25mm, Aslan-Gold-Soft-Squeegee, Olfa_Graphic_Cutter, Swann_Morton_3_Handle, Swann_Morton_10A_Blades, Float_On","900EMT1220, 4075CT1220, 903C1220, Aslan_Red_Devil_Squeegee, Olfa_X_Design_Heavy_Duty_Knife, Masking_Tape_25mm, Aslan-Gold-Soft-Squeegee, Olfa_Graphic_Cutter, Swann_Morton_3_Handle, Swann_Morton_10A_Blades, Float_On","A","superuser","","","","White","Gloss","","","","","","","","","Ri-Mark-Optima-400-White","0","ritrama, fedrigoni, o range, sc400, polymeric, o series, o grade, optima, orange, o-range, polymericvinyl, vinyl, pvc, poly vinyl, durable vinyl, ri-mark, rimark, ri mark, gloss, glosswhite, gloss white, white
","","","1556722554","0","","0","","CHECKBOX"
"SC400M"," Ri-Mark Optima 498 Matt White","SC498","Ritrama","520","0","DEFAULT","","","","","0","Ri-Mark Optima 498 Matt White polymeric self-adhesive vinyl is is suitable for medium to long term signage and advertising on to flat and 2D convex surfaces.","<html>
<head><title>Ri-Mark Optima 498 Matt White</title>

<style>
.responsive {
  width: 50%;
  height: auto;
}
</style>
</head>

<body>
<img src=""media/ecom/onpagegraphics/Fedrigoni_Logo.jpg"" alt=""Fedrigoni Logo"" class=""responsive"">
<p>Ri-Mark Optima 498 Matt White polymeric self-adhesive vinyl is is suitable for medium to long term signage and advertising on to flat and 2D convex surfaces.</p>

<span style=""font-weight: bold; color: #d7328a;"">Structure:</span><br>
<ul><li>75<span>&#181;</span>m Polymeric calendered PVC</li>
<li>Transparent water based adhesive - Permanent</li>
<li>Clay coated kraft paper liner - 120gm<sup>2</sup>, grey back printed
</li></ul>

<span style=""font-weight: bold; color: #d7328a;"">Suitability:</span><br>
<ul><li>Excellent for applying to flat and 2D convex surfaces (for deeply concave surfaces or corrugations this vinyl should be cut and applied with an overlap)</li>
<li>UV stabilised material designed for exterior or interior signage and displays</li>
<li>The high gloss face film has a high level of opacity and is engineered to enhance corporate branding projects</li>
<li>Outdoor durability of up to 6 years</li></ul>

<span style=""font-weight: bold; color: #d7328a;"">Advantages:</span><br>
<ul><li>Cohesive water based adhesive provides good dimensional stability and water resistance for long term durability</li>
<li>This film is available with a standard kraft liner that allows for wet or dry application</li>
<li>Designed for trouble free plotting</li>
<li>REACH & RoHS compliant</li></ul>

<span style=""font-weight: bold; color: #d7328a;"">Technical Information:</span><br>
<ul>
<a href=""media/ecom/pdfs/datasheets/TDS_Ri_MarkOptima_uk_issue1_5d8e.pdf"" target=""_blank""><img
style=""border: 0px solid ; width: 200px; height: 60px;"" alt=""Ri-Mark Optima Datasheet""
src=""media/ecom/onpagegraphics/Datasheet.png""></a>
<a href=""media/ecom/colselxl/digital_colour_card_Ri_Mark_Optima.pdf"" target=""_blank""><img
style=""border: 0px solid ; width: 200px; height: 60px;"" alt=""R-Mark Optima Colour Selector""
src=""media/ecom/onpagegraphics/Colour.png""></a></ul>
</body>
</html>","SC400M_Matt_White.png","SC400M_Matt_White.png","INVITEMS","DEFAULT-SC400M-DEFAULT-SC400M","","","0","0","0","","1","REGONLY","0","0","0","0","","","","SELECT","SELECT","0","","","","","0","0","","income-service","","","0","0","","","","","Ritrama_O_Range","Ritrama_O_Range","","","0","900EMT1220, 4075CT1220, 903C1220, Aslan_Red_Devil_Squeegee, Olfa_X_Design_Heavy_Duty_Knife, Masking_Tape_25mm, Aslan-Gold-Soft-Squeegee, Olfa_Graphic_Cutter, Swann_Morton_3_Handle, Swann_Morton_10A_Blades, Float_On","900EMT1220, 4075CT1220, 903C1220, Aslan_Red_Devil_Squeegee, Olfa_X_Design_Heavy_Duty_Knife, Masking_Tape_25mm, Aslan-Gold-Soft-Squeegee, Olfa_Graphic_Cutter, Swann_Morton_3_Handle, Swann_Morton_10A_Blades, Float_On","A","superuser","","","","White","Matt","","","","","","","","","Ri-Mark-Optima-498-Matt-White","0","ritrama, fedrigoni, o range, sc498, polymeric, o series, o grade, optima, orange, o-range, polymericvinyl, vinyl, pvc, poly vinyl, durable vinyl, ri-mark, rimark, ri mark, 498, matt, mattwhite, white,
","","","1556723571","0","","0","","CHECKBOX"
"SC401","Ri-Mark Optima 401 Black","SC401","Ritrama","470","0","DEFAULT","","","","","0","Ri-Mark Optima 401 Black polymeric self-adhesive vinyl is suitable for medium to long term signage and advertising on to flat and 2D convex surfaces.","<html>
<head><title>Ri-Mark Optima 401 Black</title>

<style>
.responsive {
  width: 50%;
  height: auto;
}
</style>
</head>

<body>
<img src=""media/ecom/onpagegraphics/Fedrigoni_Logo.jpg"" alt=""Fedrigoni Logo"" class=""responsive"">
<p>Ri-Mark Optima 401 Black polymeric self-adhesive vinyl is suitable for medium to long term signage and advertising on to flat and 2D convex surfaces.</p>

<span style=""font-weight: bold; color: #d7328a;"">Structure:</span><br>
<ul><li>75<span>&#181;</span>m Polymeric calendered PVC</li>
<li>Transparent water based adhesive - Permanent</li>
<li>Clay coated kraft paper liner - 120gm<sup>2</sup>, grey back printed
</li></ul>

<span style=""font-weight: bold; color: #d7328a;"">Suitability:</span><br>
<ul><li>Excellent for applying to flat and 2D convex surfaces (for deeply concave surfaces or corrugations this vinyl should be cut and applied with an overlap)</li>
<li>UV stabilised material designed for exterior or interior signage and displays</li>
<li>The high gloss face film has a high level of opacity and is engineered to enhance corporate branding projects</li>
<li>Outdoor durability of up to 6 years</li></ul>

<span style=""font-weight: bold; color: #d7328a;"">Advantages:</span><br>
<ul><li>Cohesive water based adhesive provides good dimensional stability and water resistance for long term durability</li>
<li>This film is available with a standard kraft liner that allows for wet or dry application</li>
<li>Designed for trouble free plotting</li>
<li>REACH & RoHS compliant</li></ul>

<span style=""font-weight: bold; color: #d7328a;"">Technical Information:</span><br>
<ul>
<a href=""media/ecom/pdfs/datasheets/TDS_Ri_MarkOptima_uk_issue1_5d8e.pdf"" target=""_blank""><img
style=""border: 0px solid ; width: 200px; height: 60px;"" alt=""Ri-Mark Optima Datasheet""
src=""media/ecom/onpagegraphics/Datasheet.png""></a>
<a href=""media/ecom/colselxl/digital_colour_card_Ri_Mark_Optima.pdf"" target=""_blank""><img
style=""border: 0px solid ; width: 200px; height: 60px;"" alt=""R-Mark Optima Colour Selector""
src=""media/ecom/onpagegraphics/Colour.png""></a></ul>
</body>
</html>","SC401_Black.png","SC401_Black.png","INVITEMS","DEFAULT-SC401-DEFAULT-SC401","","","0","0","0","","1","REGONLY","0","0","0","0","","","","SELECT","SELECT","0","","","","","0","0","","income-service","","","0","0","","","","","Ritrama_O_Range","Ritrama_O_Range","","","0","900EMT1220, 4075CT1220, 903C1220, Aslan_Red_Devil_Squeegee, Olfa_X_Design_Heavy_Duty_Knife, Masking_Tape_25mm, Aslan-Gold-Soft-Squeegee, Olfa_Graphic_Cutter, Swann_Morton_3_Handle, Swann_Morton_10A_Blades, Float_On","900EMT1220, 4075CT1220, 903C1220, Aslan_Red_Devil_Squeegee, Olfa_X_Design_Heavy_Duty_Knife, Masking_Tape_25mm, Aslan-Gold-Soft-Squeegee, Olfa_Graphic_Cutter, Swann_Morton_3_Handle, Swann_Morton_10A_Blades, Float_On","A","superuser","","","","Black","Gloss","","","","","","","","","Ri-Mark-Optima-401-Black","0","ritrama, fedrigoni, o range, sc401, polymeric, o series, o grade, optima, orange, o-range, polymericvinyl, vinyl, pvc, poly vinyl, durable vinyl, ri-mark, rimark, ri mark, gloss, glossblack, gloss black, black, 

","","","1556722194","0","","0","","CHECKBOX"
"SC401M","Ri-Mark Optima 497 Matt Black","SC497","Ritrama","530","0","DEFAULT","","","","","0","Ri-Mark Optima 497 Matt Black polymeric self-adhesive vinyl is is suitable for medium to long term signage and advertising on to flat and 2D convex surfaces.","<html>
<head><title>Ri-Mark Optima 497 Matt Black</title>

<style>
.responsive {
  width: 50%;
  height: auto;
}
</style>
</head>

<body>
<img src=""media/ecom/onpagegraphics/Fedrigoni_Logo.jpg"" alt=""Fedrigoni Logo"" class=""responsive"">
<p>Ri-Mark Optima 497 Matt Black polymeric self-adhesive vinyl is suitable for medium to long term signage and advertising on to flat and 2D convex surfaces.</p>

<span style=""font-weight: bold; color: #d7328a;"">Structure:</span><br>
<ul><li>75<span>&#181;</span>m Polymeric calendered PVC</li>
<li>Transparent water based adhesive - Permanent</li>
<li>Clay coated kraft paper liner - 120gm<sup>2</sup>, grey back printed
</li></ul>

<span style=""font-weight: bold; color: #d7328a;"">Suitability:</span><br>
<ul><li>Excellent for applying to flat and 2D convex surfaces (for deeply concave surfaces or corrugations this vinyl should be cut and applied with an overlap)</li>
<li>UV stabilised material designed for exterior or interior signage and displays</li>
<li>The high gloss face film has a high level of opacity and is engineered to enhance corporate branding projects</li>
<li>Outdoor durability of up to 6 years</li></ul>

<span style=""font-weight: bold; color: #d7328a;"">Advantages:</span><br>
<ul><li>Cohesive water based adhesive provides good dimensional stability and water resistance for long term durability</li>
<li>This film is available with a standard kraft liner that allows for wet or dry application</li>
<li>Designed for trouble free plotting</li>
<li>REACH & RoHS compliant</li></ul>

<span style=""font-weight: bold; color: #d7328a;"">Technical Information:</span><br>
<ul>
<a href=""media/ecom/pdfs/datasheets/TDS_Ri_MarkOptima_uk_issue1_5d8e.pdf"" target=""_blank""><img
style=""border: 0px solid ; width: 200px; height: 60px;"" alt=""Ri-Mark Optima Datasheet""
src=""media/ecom/onpagegraphics/Datasheet.png""></a>
<a href=""media/ecom/colselxl/digital_colour_card_Ri_Mark_Optima.pdf"" target=""_blank""><img
style=""border: 0px solid ; width: 200px; height: 60px;"" alt=""R-Mark Optima Colour Selector""
src=""media/ecom/onpagegraphics/Colour.png""></a></ul>
</body>
</html>","SC401M_Matt_Black.png","SC401M_Matt_Black.png","INVITEMS","DEFAULT-SC401M-DEFAULT-SC401M","","","0","0","0","","1","REGONLY","0","0","0","0","","","","SELECT","SELECT","0","","","","","0","0","","income-service","","","0","0","","","","","Ritrama_O_Range","Ritrama_O_Range","","","0","900EMT1220, 4075CT1220, 903C1220, Aslan_Red_Devil_Squeegee, Olfa_X_Design_Heavy_Duty_Knife, Masking_Tape_25mm, Aslan-Gold-Soft-Squeegee, Olfa_Graphic_Cutter, Swann_Morton_3_Handle, Swann_Morton_10A_Blades, Float_On","900EMT1220, 4075CT1220, 903C1220, Aslan_Red_Devil_Squeegee, Olfa_X_Design_Heavy_Duty_Knife, Masking_Tape_25mm, Aslan-Gold-Soft-Squeegee, Olfa_Graphic_Cutter, Swann_Morton_3_Handle, Swann_Morton_10A_Blades, Float_On","A","superuser","","","","Black","Matt","","","","","","","","","Ri-Mark-Optima-497-Matt-Black","0","ritrama, fedrigoni, o range, sc401, polymeric, o series, o grade, optima, orange, o-range, polymericvinyl, vinyl, pvc, poly vinyl, durable vinyl, ri-mark, rimark, ri mark, matt, mattblack, matt black, black, matte,  

","","","1556723597","0","","0","","CHECKBOX"
"SC402","Ri-Mark Optima 402 Anthracite","SC402","Ritrama","480","0","DEFAULT","","","","","0","Ri-Mark Optima 402 Anthracite polymeric self-adhesive vinyl is is suitable for medium to long term signage and advertising on to flat and 2D convex surfaces.","<html>
<head><title>Ri-Mark Optima 402 Anthracite</title>

<style>
.responsive {
  width: 50%;
  height: auto;
}
</style>
</head>

<body>
<img src=""media/ecom/onpagegraphics/Fedrigoni_Logo.jpg"" alt=""Fedrigoni Logo"" class=""responsive"">
<p>Ri-Mark Optima 402 Anthracite polymeric self-adhesive vinyl is is suitable for medium to long term signage and advertising on to flat and 2D convex surfaces.</p>

<span style=""font-weight: bold; color: #d7328a;"">Structure:</span><br>
<ul><li>75<span>&#181;</span>m Polymeric calendered PVC</li>
<li>Transparent water based adhesive - Permanent</li>
<li>Clay coated kraft paper liner - 120gm<sup>2</sup>, grey back printed
</li></ul>

<span style=""font-weight: bold; color: #d7328a;"">Suitability:</span><br>
<ul><li>Excellent for applying to flat and 2D convex surfaces (for deeply concave surfaces or corrugations this vinyl should be cut and applied with an overlap)</li>
<li>UV stabilised material designed for exterior or interior signage and displays</li>
<li>The high gloss face film has a high level of opacity and is engineered to enhance corporate branding projects</li>
<li>Outdoor durability of up to 5 years</li></ul>

<span style=""font-weight: bold; color: #d7328a;"">Advantages:</span><br>
<ul><li>Cohesive water based adhesive provides good dimensional stability and water resistance for long term durability</li>
<li>This film is available with a standard kraft liner that allows for wet or dry application</li>
<li>Designed for trouble free plotting</li>
<li>REACH & RoHS compliant</li></ul>

<span style=""font-weight: bold; color: #d7328a;"">Technical Information:</span><br>
<ul>
<a href=""media/ecom/pdfs/datasheets/TDS_Ri_MarkOptima_uk_issue1_5d8e.pdf"" target=""_blank""><img
style=""border: 0px solid ; width: 200px; height: 60px;"" alt=""Ri-Mark Optima Datasheet""
src=""media/ecom/onpagegraphics/Datasheet.png""></a>
<a href=""media/ecom/colselxl/digital_colour_card_Ri_Mark_Optima.pdf"" target=""_blank""><img
style=""border: 0px solid ; width: 200px; height: 60px;"" alt=""R-Mark Optima Colour Selector""
src=""media/ecom/onpagegraphics/Colour.png""></a></ul>
</body>
</html>","SC402_Anthracite.png","SC402_Anthracite.png","INVITEMS","DEFAULT-SC402-DEFAULT-SC402","","","0","0","0","","1","REGONLY","0","0","0","0","","","","SELECT","SELECT","0","","","","","0","0","","income-service","","","0","0","","","","","Ritrama_O_Range","Ritrama_O_Range","","","0","900EMT1220, 4075CT1220, 903C1220, Aslan_Red_Devil_Squeegee, Olfa_X_Design_Heavy_Duty_Knife, Masking_Tape_25mm, Aslan-Gold-Soft-Squeegee, Olfa_Graphic_Cutter, Swann_Morton_3_Handle, Swann_Morton_10A_Blades, Float_On","900EMT1220, 4075CT1220, 903C1220, Aslan_Red_Devil_Squeegee, Olfa_X_Design_Heavy_Duty_Knife, Masking_Tape_25mm, Aslan-Gold-Soft-Squeegee, Olfa_Graphic_Cutter, Swann_Morton_3_Handle, Swann_Morton_10A_Blades, Float_On","A","superuser","","","","Metallics, Greys, Colours","Gloss","","","","","","","","","Ri-Mark-Optima-402-Anthracite","0","ritrama, fedrigoni, o range, sc402, polymeric, o series, o grade, optima, orange, o-range, polymericvinyl, vinyl, pvc, poly vinyl, durable vinyl, ri-mark, rimark, ri mark, gloss, glossanthracite, anthracite, 402, 
","","","1556723586","0","","0","","CHECKBOX"
"SC403","Ri-Mark Optima 403 Charcoal","SC403","Ritrama","460","0","DEFAULT","","","","","0","Ri-Mark Optima 403 Charcoal polymeric self-adhesive vinyl is is suitable for medium to long term signage and advertising on to flat and 2D convex surfaces.","<html>
<head><title>Ri-Mark Optima 403 Charcoal</title>

<style>
.responsive {
  width: 50%;
  height: auto;
}
</style>
</head>

<body>
<img src=""media/ecom/onpagegraphics/Fedrigoni_Logo.jpg"" alt=""Fedrigoni Logo"" class=""responsive"">
<p>Ri-Mark Optima 403 Charcoal polymeric self-adhesive vinyl is is suitable for medium to long term signage and advertising on to flat and 2D convex surfaces.</p>

<span style=""font-weight: bold; color: #d7328a;"">Structure:</span><br>
<ul><li>75<span>&#181;</span>m Polymeric calendered PVC</li>
<li>Transparent water based adhesive - Permanent</li>
<li>Clay coated kraft paper liner - 120gm<sup>2</sup>, grey back printed
</li></ul>

<span style=""font-weight: bold; color: #d7328a;"">Suitability:</span><br>
<ul><li>Excellent for applying to flat and 2D convex surfaces (for deeply concave surfaces or corrugations this vinyl should be cut and applied with an overlap)</li>
<li>UV stabilised material designed for exterior or interior signage and displays</li>
<li>The high gloss face film has a high level of opacity and is engineered to enhance corporate branding projects</li>
<li>Outdoor durability of up to 5 years</li></ul>

<span style=""font-weight: bold; color: #d7328a;"">Advantages:</span><br>
<ul><li>Cohesive water based adhesive provides good dimensional stability and water resistance for long term durability</li>
<li>This film is available with a standard kraft liner that allows for wet or dry application</li>
<li>Designed for trouble free plotting</li>
<li>REACH & RoHS compliant</li></ul>

<span style=""font-weight: bold; color: #d7328a;"">Technical Information:</span><br>
<ul>
<a href=""media/ecom/pdfs/datasheets/TDS_Ri_MarkOptima_uk_issue1_5d8e.pdf"" target=""_blank""><img
style=""border: 0px solid ; width: 200px; height: 60px;"" alt=""Ri-Mark Optima Datasheet""
src=""media/ecom/onpagegraphics/Datasheet.png""></a>
<a href=""media/ecom/colselxl/digital_colour_card_Ri_Mark_Optima.pdf"" target=""_blank""><img
style=""border: 0px solid ; width: 200px; height: 60px;"" alt=""R-Mark Optima Colour Selector""
src=""media/ecom/onpagegraphics/Colour.png""></a></ul>
</body>
</html>","SC403_Charcoal.png","SC403_Charcoal.png","INVITEMS","DEFAULT-SC403-DEFAULT-SC403","","","0","0","0","","1","REGONLY","0","0","0","0","","","","SELECT","SELECT","0","","","","","0","0","","income-service","","","0","0","","","","","Ritrama_O_Range","Ritrama_O_Range","","","0","900EMT1220, 4075CT1220, 903C1220, Aslan_Red_Devil_Squeegee, Olfa_X_Design_Heavy_Duty_Knife, Masking_Tape_25mm, Aslan-Gold-Soft-Squeegee, Olfa_Graphic_Cutter, Swann_Morton_3_Handle, Swann_Morton_10A_Blades, Float_On","900EMT1220, 4075CT1220, 903C1220, Aslan_Red_Devil_Squeegee, Olfa_X_Design_Heavy_Duty_Knife, Masking_Tape_25mm, Aslan-Gold-Soft-Squeegee, Olfa_Graphic_Cutter, Swann_Morton_3_Handle, Swann_Morton_10A_Blades, Float_On","A","superuser","","","","Greys, Colours","Gloss","","","","","","","","","Ri-Mark-Optima-403-Charcoal","0","ritrama, fedrigoni, o range, sc403, polymeric, o series, o grade, optima, orange, o-range, polymericvinyl, vinyl, pvc, poly vinyl, durable vinyl, ri-mark, rimark, ri mark, gloss, charcoal, 403, 


","","","1556723611","0","","0","","CHECKBOX"
"SC404","Ri-Mark Optima 404 Grey","SC404","Ritrama","440","0","DEFAULT","","","","","0","Ri-Mark Optima 404 Grey polymeric self-adhesive vinyl is is suitable for medium to long term signage and advertising on to flat and 2D convex surfaces.","<html>
<head><title>Ri-Mark Optima 404 Grey</title>

<style>
.responsive {
  width: 50%;
  height: auto;
}
</style>
</head>

<body>
<img src=""media/ecom/onpagegraphics/Fedrigoni_Logo.jpg"" alt=""Fedrigoni Logo"" class=""responsive"">
<p>Ri-Mark Optima 404 Grey polymeric self-adhesive vinyl is is suitable for medium to long term signage and advertising on to flat and 2D convex surfaces.</p>

<span style=""font-weight: bold; color: #d7328a;"">Structure:</span><br>
<ul><li>75<span>&#181;</span>m Polymeric calendered PVC</li>
<li>Transparent water based adhesive - Permanent</li>
<li>Clay coated kraft paper liner - 120gm<sup>2</sup>, grey back printed
</li></ul>

<span style=""font-weight: bold; color: #d7328a;"">Suitability:</span><br>
<ul><li>Excellent for applying to flat and 2D convex surfaces (for deeply concave surfaces or corrugations this vinyl should be cut and applied with an overlap)</li>
<li>UV stabilised material designed for exterior or interior signage and displays</li>
<li>The high gloss face film has a high level of opacity and is engineered to enhance corporate branding projects</li>
<li>Outdoor durability of up to 5 years</li></ul>

<span style=""font-weight: bold; color: #d7328a;"">Advantages:</span><br>
<ul><li>Cohesive water based adhesive provides good dimensional stability and water resistance for long term durability</li>
<li>This film is available with a standard kraft liner that allows for wet or dry application</li>
<li>Designed for trouble free plotting</li>
<li>REACH & RoHS compliant</li></ul>

<span style=""font-weight: bold; color: #d7328a;"">Technical Information:</span><br>
<ul>
<a href=""media/ecom/pdfs/datasheets/TDS_Ri_MarkOptima_uk_issue1_5d8e.pdf"" target=""_blank""><img
style=""border: 0px solid ; width: 200px; height: 60px;"" alt=""Ri-Mark Optima Datasheet""
src=""media/ecom/onpagegraphics/Datasheet.png""></a>
<a href=""media/ecom/colselxl/digital_colour_card_Ri_Mark_Optima.pdf"" target=""_blank""><img
style=""border: 0px solid ; width: 200px; height: 60px;"" alt=""R-Mark Optima Colour Selector""
src=""media/ecom/onpagegraphics/Colour.png""></a></ul>
</body>
</html>","SC404_Grey.png","SC404_Grey.png","INVITEMS","DEFAULT-SC404-DEFAULT-SC404","","","0","0","0","","1","REGONLY","0","0","0","0","","","","SELECT","SELECT","0","","","","","0","0","","income-service","","","0","0","","","","","Ritrama_O_Range","Ritrama_O_Range","","","0","900EMT1220, 4075CT1220, 903C1220, Aslan_Red_Devil_Squeegee, Olfa_X_Design_Heavy_Duty_Knife, Masking_Tape_25mm, Aslan-Gold-Soft-Squeegee, Olfa_Graphic_Cutter, Swann_Morton_3_Handle, Swann_Morton_10A_Blades, Float_On","900EMT1220, 4075CT1220, 903C1220, Aslan_Red_Devil_Squeegee, Olfa_X_Design_Heavy_Duty_Knife, Masking_Tape_25mm, Aslan-Gold-Soft-Squeegee, Olfa_Graphic_Cutter, Swann_Morton_3_Handle, Swann_Morton_10A_Blades, Float_On","A","superuser","","","","Greys, Colours","Gloss","","","","","","","","","Ri-Mark-Optima-404-Grey","0","ritrama, fedrigoni, o range, sc404, polymeric, o series, o grade, optima, orange, o-range, polymericvinyl, vinyl, pvc, poly vinyl, durable vinyl, ri-mark, rimark, ri mark, gloss, grey, 404, 

","","","1556723623","0","","0","","CHECKBOX"
"SC405","Ri-Mark Optima 405 Beige","SC405","Ritrama","180","0","DEFAULT","","","","","0","Ri-Mark Optima 405 Beige polymeric self-adhesive vinyl is suitable for medium to long term signage and advertising on to flat and 2D convex surfaces.","<html>
<head><title>Ri-Mark Optima 405 Beige</title>

<style>
.responsive {
  width: 50%;
  height: auto;
}
</style>
</head>

<body>
<img src=""media/ecom/onpagegraphics/Fedrigoni_Logo.jpg"" alt=""Fedrigoni Logo"" class=""responsive"">
<p>Ri-Mark Optima 405 Beige polymeric self-adhesive vinyl is suitable for medium to long term signage and advertising on to flat and 2D convex surfaces.</p>

<span style=""font-weight: bold; color: #d7328a;"">Structure:</span><br>
<ul><li>75<span>&#181;</span>m Polymeric calendered PVC</li>
<li>Transparent water based adhesive - Permanent</li>
<li>Clay coated kraft paper liner - 120gm<sup>2</sup>, grey back printed
</li></ul>

<span style=""font-weight: bold; color: #d7328a;"">Suitability:</span><br>
<ul><li>Excellent for applying to flat and 2D convex surfaces (for deeply concave surfaces or corrugations this vinyl should be cut and applied with an overlap)</li>
<li>UV stabilised material designed for exterior or interior signage and displays</li>
<li>The high gloss face film has a high level of opacity and is engineered to enhance corporate branding projects</li>
<li>Outdoor durability of up to 5 years</li></ul>

<span style=""font-weight: bold; color: #d7328a;"">Advantages:</span><br>
<ul><li>Cohesive water based adhesive provides good dimensional stability and water resistance for long term durability</li>
<li>This film is available with a standard kraft liner that allows for wet or dry application</li>
<li>Designed for trouble free plotting</li>
<li>REACH & RoHS compliant</li></ul>

<span style=""font-weight: bold; color: #d7328a;"">Technical Information:</span><br>
<ul>
<a href=""media/ecom/pdfs/datasheets/TDS_Ri_MarkOptima_uk_issue1_5d8e.pdf"" target=""_blank""><img
style=""border: 0px solid ; width: 200px; height: 60px;"" alt=""Ri-Mark Optima Datasheet""
src=""media/ecom/onpagegraphics/Datasheet.png""></a>
<a href=""media/ecom/colselxl/digital_colour_card_Ri_Mark_Optima.pdf"" target=""_blank""><img
style=""border: 0px solid ; width: 200px; height: 60px;"" alt=""R-Mark Optima Colour Selector""
src=""media/ecom/onpagegraphics/Colour.png""></a></ul>
</body>
</html>","SC405_Beige.png","SC405_Beige.png","INVITEMS","DEFAULT-SC405-DEFAULT-SC405","","","0","0","0","","1","REGONLY","0","0","0","0","","","","SELECT","SELECT","0","","","","","0","0","","income-service","","","0","0","","","","","Ritrama_O_Range","Ritrama_O_Range","","","0","900EMT1220, 4075CT1220, 903C1220, Aslan_Red_Devil_Squeegee, Olfa_X_Design_Heavy_Duty_Knife, Masking_Tape_25mm, Aslan-Gold-Soft-Squeegee, Olfa_Graphic_Cutter, Swann_Morton_3_Handle, Swann_Morton_10A_Blades, Float_On","900EMT1220, 4075CT1220, 903C1220, Aslan_Red_Devil_Squeegee, Olfa_X_Design_Heavy_Duty_Knife, Masking_Tape_25mm, Aslan-Gold-Soft-Squeegee, Olfa_Graphic_Cutter, Swann_Morton_3_Handle, Swann_Morton_10A_Blades, Float_On","A","superuser","","","","Beiges, Colours","Gloss","","","","","","","","","Ri-Mark-Optima-405-Beige","0","ritrama, fedrigoni, o range, sc405, polymeric, o series, o grade, optima, orange, o-range, polymericvinyl, vinyl, pvc, poly vinyl, durable vinyl, ri-mark, rimark, ri mark, gloss, beige, 405, 

","","","1556723633","0","","0","","CHECKBOX"
"SC407","Ri-Mark Optima 407 Medium Grey","SC407","Ritrama","450","0","DEFAULT","","","","","0","Ri-Mark Optima 407 Medium Grey polymeric self-adhesive vinyl is suitable for medium to long term signage and advertising on to flat and 2D convex surfaces.","<html>
<head><title>Ri-Mark Optima 407 Medium Grey</title>

<style>
.responsive {
  width: 50%;
  height: auto;
}
</style>
</head>

<body>
<img src=""media/ecom/onpagegraphics/Fedrigoni_Logo.jpg"" alt=""Fedrigoni Logo"" class=""responsive"">
<p>Ri-Mark Optima 407 Medium Grey polymeric self-adhesive vinyl is suitable for medium to long term signage and advertising on to flat and 2D convex surfaces.</p>

<span style=""font-weight: bold; color: #d7328a;"">Structure:</span><br>
<ul><li>75<span>&#181;</span>m Polymeric calendered PVC</li>
<li>Transparent water based adhesive - Permanent</li>
<li>Clay coated kraft paper liner - 120gm<sup>2</sup>, grey back printed
</li></ul>

<span style=""font-weight: bold; color: #d7328a;"">Suitability:</span><br>
<ul><li>Excellent for applying to flat and 2D convex surfaces (for deeply concave surfaces or corrugations this vinyl should be cut and applied with an overlap)</li>
<li>UV stabilised material designed for exterior or interior signage and displays</li>
<li>The high gloss face film has a high level of opacity and is engineered to enhance corporate branding projects</li>
<li>Outdoor durability of up to 5 years</li></ul>

<span style=""font-weight: bold; color: #d7328a;"">Advantages:</span><br>
<ul><li>Cohesive water based adhesive provides good dimensional stability and water resistance for long term durability</li>
<li>This film is available with a standard kraft liner that allows for wet or dry application</li>
<li>Designed for trouble free plotting</li>
<li>REACH & RoHS compliant</li></ul>

<span style=""font-weight: bold; color: #d7328a;"">Technical Information:</span><br>
<ul>
<a href=""media/ecom/pdfs/datasheets/TDS_Ri_MarkOptima_uk_issue1_5d8e.pdf"" target=""_blank""><img
style=""border: 0px solid ; width: 200px; height: 60px;"" alt=""Ri-Mark Optima Datasheet""
src=""media/ecom/onpagegraphics/Datasheet.png""></a>
<a href=""media/ecom/colselxl/digital_colour_card_Ri_Mark_Optima.pdf"" target=""_blank""><img
style=""border: 0px solid ; width: 200px; height: 60px;"" alt=""R-Mark Optima Colour Selector""
src=""media/ecom/onpagegraphics/Colour.png""></a></ul>
</body>
</html>","SC407_Medium_Grey.png","SC407_Medium_Grey.png","INVITEMS","DEFAULT-SC407-DEFAULT-SC407","","","0","0","0","","1","REGONLY","0","0","0","0","","","","SELECT","SELECT","0","","","","","0","0","","income-service","","","0","0","","","","","Ritrama_O_Range","Ritrama_O_Range","","","0","900EMT1220, 4075CT1220, 903C1220, Aslan_Red_Devil_Squeegee, Olfa_X_Design_Heavy_Duty_Knife, Masking_Tape_25mm, Aslan-Gold-Soft-Squeegee, Olfa_Graphic_Cutter, Swann_Morton_3_Handle, Swann_Morton_10A_Blades, Float_On","900EMT1220, 4075CT1220, 903C1220, Aslan_Red_Devil_Squeegee, Olfa_X_Design_Heavy_Duty_Knife, Masking_Tape_25mm, Aslan-Gold-Soft-Squeegee, Olfa_Graphic_Cutter, Swann_Morton_3_Handle, Swann_Morton_10A_Blades, Float_On","A","superuser","","","","Greys, Colours","Gloss","","","","","","","","","Ri-Mark-Optima-407-Medium-Grey","0","ritrama, fedrigoni, o range, sc407, polymeric, o series, o grade, optima, orange, o-range, polymeric vinyl, vinyl, pvc, poly vinyl, durable vinyl, ri-mark, rimark, ri mark, grey, mediumgrey, medium grey, 407, 

","","","1556723643","0","","0","","CHECKBOX"
"SC409","Ri-Mark Optima 409 Light Grey","SC409","Ritrama","430","0","DEFAULT","","","","","0","Ri-Mark Optima 409 Light Grey polymeric self-adhesive vinyl is suitable for medium to long term signage and advertising on to flat and 2D convex surfaces.","<html>
<head><title>Ri-Mark Optima 409 Light Grey</title>

<style>
.responsive {
  width: 50%;
  height: auto;
}
</style>
</head>

<body>
<img src=""media/ecom/onpagegraphics/Fedrigoni_Logo.jpg"" alt=""Fedrigoni Logo"" class=""responsive"">
<p>Ri-Mark Optima 409 Light Grey polymeric self-adhesive vinyl is suitable for medium to long term signage and advertising on to flat and 2D convex surfaces.</p>

<span style=""font-weight: bold; color: #d7328a;"">Structure:</span><br>
<ul><li>75<span>&#181;</span>m Polymeric calendered PVC</li>
<li>Transparent water based adhesive - Permanent</li>
<li>Clay coated kraft paper liner - 120gm<sup>2</sup>, grey back printed
</li></ul>

<span style=""font-weight: bold; color: #d7328a;"">Suitability:</span><br>
<ul><li>Excellent for applying to flat and 2D convex surfaces (for deeply concave surfaces or corrugations this vinyl should be cut and applied with an overlap)</li>
<li>UV stabilised material designed for exterior or interior signage and displays</li>
<li>The high gloss face film has a high level of opacity and is engineered to enhance corporate branding projects</li>
<li>Outdoor durability of up to 5 years</li></ul>

<span style=""font-weight: bold; color: #d7328a;"">Advantages:</span><br>
<ul><li>Cohesive water based adhesive provides good dimensional stability and water resistance for long term durability</li>
<li>This film is available with a standard kraft liner that allows for wet or dry application</li>
<li>Designed for trouble free plotting</li>
<li>REACH & RoHS compliant</li></ul>

<span style=""font-weight: bold; color: #d7328a;"">Technical Information:</span><br>
<ul>
<a href=""media/ecom/pdfs/datasheets/TDS_Ri_MarkOptima_uk_issue1_5d8e.pdf"" target=""_blank""><img
style=""border: 0px solid ; width: 200px; height: 60px;"" alt=""Ri-Mark Optima Datasheet""
src=""media/ecom/onpagegraphics/Datasheet.png""></a>
<a href=""media/ecom/colselxl/digital_colour_card_Ri_Mark_Optima.pdf"" target=""_blank""><img
style=""border: 0px solid ; width: 200px; height: 60px;"" alt=""R-Mark Optima Colour Selector""
src=""media/ecom/onpagegraphics/Colour.png""></a></ul>
</body>
</html>","SC409_Light_Grey.png","SC409_Light_Grey.png","INVITEMS","DEFAULT-SC409-DEFAULT-SC409","","","0","0","0","","1","REGONLY","0","0","0","0","","","","SELECT","SELECT","0","","","","","0","0","","income-service","","","0","0","","","","","Ritrama_O_Range","Ritrama_O_Range","","","0","900EMT1220, 4075CT1220, 903C1220, Aslan_Red_Devil_Squeegee, Olfa_X_Design_Heavy_Duty_Knife, Masking_Tape_25mm, Aslan-Gold-Soft-Squeegee, Olfa_Graphic_Cutter, Swann_Morton_3_Handle, Swann_Morton_10A_Blades, Float_On","900EMT1220, 4075CT1220, 903C1220, Aslan_Red_Devil_Squeegee, Olfa_X_Design_Heavy_Duty_Knife, Masking_Tape_25mm, Aslan-Gold-Soft-Squeegee, Olfa_Graphic_Cutter, Swann_Morton_3_Handle, Swann_Morton_10A_Blades, Float_On","A","superuser","","","","Greys, Colours","Gloss","","","","","","","","","Ri-Mark-Optima-409-Light-Grey","0","ritrama, fedrigoni, o range, sc409, polymeric, o series, o grade, optima, orange, o-range, polymericvinyl, vinyl, pvc, poly vinyl, durable vinyl, ri-mark, rimark, ri mark, grey, lightgrey, light grey, 409, 

","","","1556723653","0","","0","","CHECKBOX"
"SC410","Ri-Mark Optima 410 Primrose","SC410","Ritrama","20","0","DEFAULT","","","","","0","Ri-Mark Optima 410 Primrose polymeric self-adhesive vinyl is suitable for medium to long term signage and advertising on to flat and 2D convex surfaces.","<html>
<head><title>Ri-Mark Optima 410 Primrose</title>

<style>
.responsive {
  width: 50%;
  height: auto;
}
</style>
</head>

<body>
<img src=""media/ecom/onpagegraphics/Fedrigoni_Logo.jpg"" alt=""Fedrigoni Logo"" class=""responsive"">
<p>Ri-Mark Optima 410 Primrose polymeric self-adhesive vinyl is suitable for medium to long term signage and advertising on to flat and 2D convex surfaces.</p>

<span style=""font-weight: bold; color: #d7328a;"">Structure:</span><br>
<ul><li>75<span>&#181;</span>m Polymeric calendered PVC</li>
<li>Transparent water based adhesive - Permanent</li>
<li>Clay coated kraft paper liner - 120gm<sup>2</sup>, grey back printed
</li></ul>

<span style=""font-weight: bold; color: #d7328a;"">Suitability:</span><br>
<ul><li>Excellent for applying to flat and 2D convex surfaces (for deeply concave surfaces or corrugations this vinyl should be cut and applied with an overlap)</li>
<li>UV stabilised material designed for exterior or interior signage and displays</li>
<li>The high gloss face film has a high level of opacity and is engineered to enhance corporate branding projects</li>
<li>Outdoor durability of up to 5 years</li></ul>

<span style=""font-weight: bold; color: #d7328a;"">Advantages:</span><br>
<ul><li>Cohesive water based adhesive provides good dimensional stability and water resistance for long term durability</li>
<li>This film is available with a standard kraft liner that allows for wet or dry application</li>
<li>Designed for trouble free plotting</li>
<li>REACH & RoHS compliant</li></ul>

<span style=""font-weight: bold; color: #d7328a;"">Technical Information:</span><br>
<ul>
<a href=""media/ecom/pdfs/datasheets/TDS_Ri_MarkOptima_uk_issue1_5d8e.pdf"" target=""_blank""><img
style=""border: 0px solid ; width: 200px; height: 60px;"" alt=""Ri-Mark Optima Datasheet""
src=""media/ecom/onpagegraphics/Datasheet.png""></a>
<a href=""media/ecom/colselxl/digital_colour_card_Ri_Mark_Optima.pdf"" target=""_blank""><img
style=""border: 0px solid ; width: 200px; height: 60px;"" alt=""R-Mark Optima Colour Selector""
src=""media/ecom/onpagegraphics/Colour.png""></a></ul>
</body>
</html>","SC410_Primrose.png","SC410_Primrose.png","INVITEMS","DEFAULT-SC410-DEFAULT-SC410","","","0","0","0","","1","REGONLY","0","0","0","0","","","","SELECT","SELECT","0","","","","","0","0","","income-service","","","0","0","","","","","Ritrama_O_Range","Ritrama_O_Range","","","0","900EMT1220, 4075CT1220, 903C1220, Aslan_Red_Devil_Squeegee, Olfa_X_Design_Heavy_Duty_Knife, Masking_Tape_25mm, Aslan-Gold-Soft-Squeegee, Olfa_Graphic_Cutter, Swann_Morton_3_Handle, Swann_Morton_10A_Blades, Float_On","900EMT1220, 4075CT1220, 903C1220, Aslan_Red_Devil_Squeegee, Olfa_X_Design_Heavy_Duty_Knife, Masking_Tape_25mm, Aslan-Gold-Soft-Squeegee, Olfa_Graphic_Cutter, Swann_Morton_3_Handle, Swann_Morton_10A_Blades, Float_On","A","superuser","","","","Yellows, Colours","Gloss","","","","","","","","","Ri-Mark-Optima-410-Primrose","0","ritrama, fedrigoni, o range, sc410, polymeric, o series, o grade, optima, orange, o-range, polymericvinyl, vinyl, pvc, poly vinyl, durable vinyl, ri-mark, rimark, ri mark, primrose, primyellow, primrose yellow, yellow, 410, 


","","","1556723691","0","","0","","CHECKBOX"
"SC412","Ri-Mark Optima 412 Yellow","SC412","Ritrama","40","0","DEFAULT","","","","","0","Ri-Mark Optima 412 Yellow polymeric self-adhesive vinyl is suitable for medium to long term signage and advertising on to flat and 2D convex surfaces.","<html>
<head><title>Ri-Mark Optima 412 Yellow</title>

<style>
.responsive {
  width: 50%;
  height: auto;
}
</style>
</head>

<body>
<img src=""media/ecom/onpagegraphics/Fedrigoni_Logo.jpg"" alt=""Fedrigoni Logo"" class=""responsive"">
<p>Ri-Mark Optima 412 Yellow polymeric self-adhesive vinyl is suitable for medium to long term signage and advertising on to flat and 2D convex surfaces.</p>

<span style=""font-weight: bold; color: #d7328a;"">Structure:</span><br>
<ul><li>75<span>&#181;</span>m Polymeric calendered PVC</li>
<li>Transparent water based adhesive - Permanent</li>
<li>Clay coated kraft paper liner - 120gm<sup>2</sup>, grey back printed
</li></ul>

<span style=""font-weight: bold; color: #d7328a;"">Suitability:</span><br>
<ul><li>Excellent for applying to flat and 2D convex surfaces (for deeply concave surfaces or corrugations this vinyl should be cut and applied with an overlap)</li>
<li>UV stabilised material designed for exterior or interior signage and displays</li>
<li>The high gloss face film has a high level of opacity and is engineered to enhance corporate branding projects</li>
<li>Outdoor durability of up to 5 years</li></ul>

<span style=""font-weight: bold; color: #d7328a;"">Advantages:</span><br>
<ul><li>Cohesive water based adhesive provides good dimensional stability and water resistance for long term durability</li>
<li>This film is available with a standard kraft liner that allows for wet or dry application</li>
<li>Designed for trouble free plotting</li>
<li>REACH & RoHS compliant</li></ul>

<span style=""font-weight: bold; color: #d7328a;"">Technical Information:</span><br>
<ul>
<a href=""media/ecom/pdfs/datasheets/TDS_Ri_MarkOptima_uk_issue1_5d8e.pdf"" target=""_blank""><img
style=""border: 0px solid ; width: 200px; height: 60px;"" alt=""Ri-Mark Optima Datasheet""
src=""media/ecom/onpagegraphics/Datasheet.png""></a>
<a href=""media/ecom/colselxl/digital_colour_card_Ri_Mark_Optima.pdf"" target=""_blank""><img
style=""border: 0px solid ; width: 200px; height: 60px;"" alt=""R-Mark Optima Colour Selector""
src=""media/ecom/onpagegraphics/Colour.png""></a></ul>
</body>
</html>","SC412_Yellow.png","SC412_Yellow.png","INVITEMS","DEFAULT-SC412-DEFAULT-SC412","","","0","0","0","","1","REGONLY","0","0","0","0","","","","SELECT","SELECT","0","","","","","0","0","","income-service","","","0","0","","","","","Ritrama_O_Range","Ritrama_O_Range","","","0","900EMT1220, 4075CT1220, 903C1220, Aslan_Red_Devil_Squeegee, Olfa_X_Design_Heavy_Duty_Knife, Masking_Tape_25mm, Aslan-Gold-Soft-Squeegee, Olfa_Graphic_Cutter, Swann_Morton_3_Handle, Swann_Morton_10A_Blades, Float_On","900EMT1220, 4075CT1220, 903C1220, Aslan_Red_Devil_Squeegee, Olfa_X_Design_Heavy_Duty_Knife, Masking_Tape_25mm, Aslan-Gold-Soft-Squeegee, Olfa_Graphic_Cutter, Swann_Morton_3_Handle, Swann_Morton_10A_Blades, Float_On","A","superuser","","","","Yellows, Colours","Gloss","","","","","","","","","Ri-Mark-Optima-412-Yellow","0","ritrama, fedrigoni, o range, sc412, polymeric, o series, o grade, optima, orange, o-range, polymericvinyl, vinyl, pvc, poly vinyl, durable vinyl, ri-mark, rimark, ri mark, yellow, gloss, 412, 

","","","1556723701","0","","0","","CHECKBOX"
"SC415","Ri-Mark Optima 415 Sun Yellow","SC415","Ritrama","50","0","DEFAULT","","","","","0","Ri-Mark Optima 415 Sun Yellow polymeric self-adhesive vinyl is suitable for medium to long term signage and advertising on to flat and 2D convex surfaces.","<html>
<head><title>Ri-Mark Optima 415 Sun Yellow</title>

<style>
.responsive {
  width: 50%;
  height: auto;
}
</style>
</head>

<body>
<img src=""media/ecom/onpagegraphics/Fedrigoni_Logo.jpg"" alt=""Fedrigoni Logo"" class=""responsive"">
<p>Ri-Mark Optima 415 Sun Yellow polymeric self-adhesive vinyl is suitable for medium to long term signage and advertising on to flat and 2D convex surfaces.</p>

<span style=""font-weight: bold; color: #d7328a;"">Structure:</span><br>
<ul><li>75<span>&#181;</span>m Polymeric calendered PVC</li>
<li>Transparent water based adhesive - Permanent</li>
<li>Clay coated kraft paper liner - 120gm<sup>2</sup>, grey back printed
</li></ul>

<span style=""font-weight: bold; color: #d7328a;"">Suitability:</span><br>
<ul><li>Excellent for applying to flat and 2D convex surfaces (for deeply concave surfaces or corrugations this vinyl should be cut and applied with an overlap)</li>
<li>UV stabilised material designed for exterior or interior signage and displays</li>
<li>The high gloss face film has a high level of opacity and is engineered to enhance corporate branding projects</li>
<li>Outdoor durability of up to 5 years</li></ul>

<span style=""font-weight: bold; color: #d7328a;"">Advantages:</span><br>
<ul><li>Cohesive water based adhesive provides good dimensional stability and water resistance for long term durability</li>
<li>This film is available with a standard kraft liner that allows for wet or dry application</li>
<li>Designed for trouble free plotting</li>
<li>REACH & RoHS compliant</li></ul>

<span style=""font-weight: bold; color: #d7328a;"">Technical Information:</span><br>
<ul>
<a href=""media/ecom/pdfs/datasheets/TDS_Ri_MarkOptima_uk_issue1_5d8e.pdf"" target=""_blank""><img
style=""border: 0px solid ; width: 200px; height: 60px;"" alt=""Ri-Mark Optima Datasheet""
src=""media/ecom/onpagegraphics/Datasheet.png""></a>
<a href=""media/ecom/colselxl/digital_colour_card_Ri_Mark_Optima.pdf"" target=""_blank""><img
style=""border: 0px solid ; width: 200px; height: 60px;"" alt=""R-Mark Optima Colour Selector""
src=""media/ecom/onpagegraphics/Colour.png""></a></ul>
</body>
</html>","SC415_Sun_Yellow.png","SC415_Sun_Yellow.png","INVITEMS","DEFAULT-SC415-DEFAULT-SC415","","","0","0","0","","1","REGONLY","0","0","0","0","","","","SELECT","SELECT","0","","","","","0","0","","income-service","","","0","0","","","","","Ritrama_O_Range","Ritrama_O_Range","","","0","900EMT1220, 4075CT1220, 903C1220, Aslan_Red_Devil_Squeegee, Olfa_X_Design_Heavy_Duty_Knife, Masking_Tape_25mm, Aslan-Gold-Soft-Squeegee, Olfa_Graphic_Cutter, Swann_Morton_3_Handle, Swann_Morton_10A_Blades, Float_On","900EMT1220, 4075CT1220, 903C1220, Aslan_Red_Devil_Squeegee, Olfa_X_Design_Heavy_Duty_Knife, Masking_Tape_25mm, Aslan-Gold-Soft-Squeegee, Olfa_Graphic_Cutter, Swann_Morton_3_Handle, Swann_Morton_10A_Blades, Float_On","A","superuser","","","","Yellows, Colours","Gloss","","","","","","","","","Ri-Mark-Optima-415-Sun-Yellow","0","ritrama, fedrigoni, o range, sc415, polymeric, o series, o grade, optima, orange, o-range, polymericvinyl, vinyl, pvc, poly vinyl, durable vinyl, ri-mark, rimark, ri mark, sunyellow, sun, sun yellow, yellow, 415, gloss,

","","","1556722050","0","","0","","CHECKBOX"
"SC417","Ri-Mark Optima 417 Medium Yellow","SC417","Ritrama","60","0","DEFAULT","","","","","0","Ri-Mark Optima 417 Medium Yellow polymeric self-adhesive vinyl is suitable for medium to long term signage and advertising on to flat and 2D convex surfaces.","<html>
<head><title>Ri-Mark Optima 417 Medium Yellow</title>

<style>
.responsive {
  width: 50%;
  height: auto;
}
</style>
</head>

<body>
<img src=""media/ecom/onpagegraphics/Fedrigoni_Logo.jpg"" alt=""Fedrigoni Logo"" class=""responsive"">
<p>Ri-Mark Optima 417 Medium Yellow polymeric self-adhesive vinyl is suitable for medium to long term signage and advertising on to flat and 2D convex surfaces.</p>

<span style=""font-weight: bold; color: #d7328a;"">Structure:</span><br>
<ul><li>75<span>&#181;</span>m Polymeric calendered PVC</li>
<li>Transparent water based adhesive - Permanent</li>
<li>Clay coated kraft paper liner - 120gm<sup>2</sup>, grey back printed
</li></ul>

<span style=""font-weight: bold; color: #d7328a;"">Suitability:</span><br>
<ul><li>Excellent for applying to flat and 2D convex surfaces (for deeply concave surfaces or corrugations this vinyl should be cut and applied with an overlap)</li>
<li>UV stabilised material designed for exterior or interior signage and displays</li>
<li>The high gloss face film has a high level of opacity and is engineered to enhance corporate branding projects</li>
<li>Outdoor durability of up to 5 years</li></ul>

<span style=""font-weight: bold; color: #d7328a;"">Advantages:</span><br>
<ul><li>Cohesive water based adhesive provides good dimensional stability and water resistance for long term durability</li>
<li>This film is available with a standard kraft liner that allows for wet or dry application</li>
<li>Designed for trouble free plotting</li>
<li>REACH & RoHS compliant</li></ul>

<span style=""font-weight: bold; color: #d7328a;"">Technical Information:</span><br>
<ul>
<a href=""media/ecom/pdfs/datasheets/TDS_Ri_MarkOptima_uk_issue1_5d8e.pdf"" target=""_blank""><img
style=""border: 0px solid ; width: 200px; height: 60px;"" alt=""Ri-Mark Optima Datasheet""
src=""media/ecom/onpagegraphics/Datasheet.png""></a>
<a href=""media/ecom/colselxl/digital_colour_card_Ri_Mark_Optima.pdf"" target=""_blank""><img
style=""border: 0px solid ; width: 200px; height: 60px;"" alt=""R-Mark Optima Colour Selector""
src=""media/ecom/onpagegraphics/Colour.png""></a></ul>
</body>
</html>","SC417_Medium_Yellow.png","SC417_Medium_Yellow.png","INVITEMS","DEFAULT-SC417-DEFAULT-SC417","","","0","0","0","","1","REGONLY","0","0","0","0","","","","SELECT","SELECT","0","","","","","0","0","","income-service","","","0","0","","","","","Ritrama_O_Range","Ritrama_O_Range","","","0","900EMT1220, 4075CT1220, 903C1220, Aslan_Red_Devil_Squeegee, Olfa_X_Design_Heavy_Duty_Knife, Masking_Tape_25mm, Aslan-Gold-Soft-Squeegee, Olfa_Graphic_Cutter, Swann_Morton_3_Handle, Swann_Morton_10A_Blades, Float_On","900EMT1220, 4075CT1220, 903C1220, Aslan_Red_Devil_Squeegee, Olfa_X_Design_Heavy_Duty_Knife, Masking_Tape_25mm, Aslan-Gold-Soft-Squeegee, Olfa_Graphic_Cutter, Swann_Morton_3_Handle, Swann_Morton_10A_Blades, Float_On","A","superuser","","","","Yellows, Colours","Gloss","","","","","","","","","Ri-Mark-Optima-417-Medium-Yellow","0","ritrama, fedrigoni, o range, sc417, polymeric, o series, o grade, optima, orange, o-range, polymericvinyl, vinyl, pvc, poly vinyl, durable vinyl, ri-mark, rimark, ri mark, mediumyellow, sun, medium yellow, yellow, 417, gloss,

","","","1556721948","0","","0","","CHECKBOX"
"SC419","Ri-Mark Optima 419 Light Yellow","SC419","Ritrama","30","0","DEFAULT","","","","","0","Ri-Mark Optima 419 Light Yellow polymeric self-adhesive vinyl is suitable for medium to long term signage and advertising on to flat and 2D convex surfaces.","<head><title>Ri-Mark Optima 419 Light Yellow</title>

<style>
.responsive {
  width: 50%;
  height: auto;
}
</style>
</head>

<body>
<img src=""media/ecom/onpagegraphics/Fedrigoni_Logo.jpg"" alt=""Fedrigoni Logo"" class=""responsive"">
<p>Ri-Mark Optima 419 Light Yellow polymeric self-adhesive vinyl is suitable for medium to long term signage and advertising on to flat and 2D convex surfaces.</p>

<span style=""font-weight: bold; color: #d7328a;"">Structure:</span><br>
<ul><li>75<span>&#181;</span>m Polymeric calendered PVC</li>
<li>Transparent water based adhesive - Permanent</li>
<li>Clay coated kraft paper liner - 120gm<sup>2</sup>, grey back printed
</li></ul>

<span style=""font-weight: bold; color: #d7328a;"">Suitability:</span><br>
<ul><li>Excellent for applying to flat and 2D convex surfaces (for deeply concave surfaces or corrugations this vinyl should be cut and applied with an overlap)</li>
<li>UV stabilised material designed for exterior or interior signage and displays</li>
<li>The high gloss face film has a high level of opacity and is engineered to enhance corporate branding projects</li>
<li>Outdoor durability of up to 5 years</li></ul>

<span style=""font-weight: bold; color: #d7328a;"">Advantages:</span><br>
<ul><li>Cohesive water based adhesive provides good dimensional stability and water resistance for long term durability</li>
<li>This film is available with a standard kraft liner that allows for wet or dry application</li>
<li>Designed for trouble free plotting</li>
<li>REACH & RoHS compliant</li></ul>

<span style=""font-weight: bold; color: #d7328a;"">Technical Information:</span><br>
<ul>
<a href=""media/ecom/pdfs/datasheets/TDS_Ri_MarkOptima_uk_issue1_5d8e.pdf"" target=""_blank""><img
style=""border: 0px solid ; width: 200px; height: 60px;"" alt=""Ri-Mark Optima Datasheet""
src=""media/ecom/onpagegraphics/Datasheet.png""></a>
<a href=""media/ecom/colselxl/digital_colour_card_Ri_Mark_Optima.pdf"" target=""_blank""><img
style=""border: 0px solid ; width: 200px; height: 60px;"" alt=""R-Mark Optima Colour Selector""
src=""media/ecom/onpagegraphics/Colour.png""></a></ul>
</body>","SC419_Light_Yellow.png","SC419_Light_Yellow.png","INVITEMS","DEFAULT-SC419-DEFAULT-SC419","","","0","0","0","","1","REGONLY","0","0","0","0","","","","SELECT","SELECT","0","","","","","0","0","","income-service","","","0","0","","","","","Ritrama_O_Range","Ritrama_O_Range","","","0","900EMT1220, 4075CT1220, 903C1220, Aslan_Red_Devil_Squeegee, Olfa_X_Design_Heavy_Duty_Knife, Masking_Tape_25mm, Aslan-Gold-Soft-Squeegee, Olfa_Graphic_Cutter, Swann_Morton_3_Handle, Swann_Morton_10A_Blades, Float_On","900EMT1220, 4075CT1220, 903C1220, Aslan_Red_Devil_Squeegee, Olfa_X_Design_Heavy_Duty_Knife, Masking_Tape_25mm, Aslan-Gold-Soft-Squeegee, Olfa_Graphic_Cutter, Swann_Morton_3_Handle, Swann_Morton_10A_Blades, Float_On","A","superuser","","","","Yellows, Colours","Gloss","","","","","","","","","Ri-Mark-Optima-419-Light-Yellow","0","ritrama, fedrigoni, o range, sc419, polymeric, o series, o grade, optima, orange, o-range, polymericvinyl, vinyl, pvc, poly vinyl, durable vinyl, ri-mark, rimark, ri mark, yellow, lightyellow, light yellow, 419, 
","","","1556723720","0","","0","","CHECKBOX"
"SC420","Ri-Mark Optima 420 Orange","SC420","Ritrama","70","0","DEFAULT","","","","","0","Ri-Mark Optima 420 Orange polymeric self-adhesive vinyl is suitable for medium to long term signage and advertising on to flat and 2D convex surfaces.","<html>
<head><title>Ri-Mark Optima 420 Orange</title>

<style>
.responsive {
  width: 50%;
  height: auto;
}
</style>
</head>

<body>
<img src=""media/ecom/onpagegraphics/Fedrigoni_Logo.jpg"" alt=""Fedrigoni Logo"" class=""responsive"">
<p>Ri-Mark Optima 420 Orange polymeric self-adhesive vinyl is suitable for medium to long term signage and advertising on to flat and 2D convex surfaces.</p>

<span style=""font-weight: bold; color: #d7328a;"">Structure:</span><br>
<ul><li>75<span>&#181;</span>m Polymeric calendered PVC</li>
<li>Transparent water based adhesive - Permanent</li>
<li>Clay coated kraft paper liner - 120gm<sup>2</sup>, grey back printed
</li></ul>

<span style=""font-weight: bold; color: #d7328a;"">Suitability:</span><br>
<ul><li>Excellent for applying to flat and 2D convex surfaces (for deeply concave surfaces or corrugations this vinyl should be cut and applied with an overlap)</li>
<li>UV stabilised material designed for exterior or interior signage and displays</li>
<li>The high gloss face film has a high level of opacity and is engineered to enhance corporate branding projects</li>
<li>Outdoor durability of up to 5 years</li></ul>

<span style=""font-weight: bold; color: #d7328a;"">Advantages:</span><br>
<ul><li>Cohesive water based adhesive provides good dimensional stability and water resistance for long term durability</li>
<li>This film is available with a standard kraft liner that allows for wet or dry application</li>
<li>Designed for trouble free plotting</li>
<li>REACH & RoHS compliant</li></ul>

<span style=""font-weight: bold; color: #d7328a;"">Technical Information:</span><br>
<ul>
<a href=""media/ecom/pdfs/datasheets/TDS_Ri_MarkOptima_uk_issue1_5d8e.pdf"" target=""_blank""><img
style=""border: 0px solid ; width: 200px; height: 60px;"" alt=""Ri-Mark Optima Datasheet""
src=""media/ecom/onpagegraphics/Datasheet.png""></a>
<a href=""media/ecom/colselxl/digital_colour_card_Ri_Mark_Optima.pdf"" target=""_blank""><img
style=""border: 0px solid ; width: 200px; height: 60px;"" alt=""R-Mark Optima Colour Selector""
src=""media/ecom/onpagegraphics/Colour.png""></a></ul>
</body>
</html>","SC420_Orange.png","SC420_Orange.png","INVITEMS","DEFAULT-SC420-DEFAULT-SC420","","","0","0","0","","1","REGONLY","0","0","0","0","","","","SELECT","SELECT","0","","","","","0","0","","income-service","","","0","0","","","","","Ritrama_O_Range","Ritrama_O_Range","","","0","900EMT1220, 4075CT1220, 903C1220, Aslan_Red_Devil_Squeegee, Olfa_X_Design_Heavy_Duty_Knife, Masking_Tape_25mm, Aslan-Gold-Soft-Squeegee, Olfa_Graphic_Cutter, Swann_Morton_3_Handle, Swann_Morton_10A_Blades, Float_On","900EMT1220, 4075CT1220, 903C1220, Aslan_Red_Devil_Squeegee, Olfa_X_Design_Heavy_Duty_Knife, Masking_Tape_25mm, Aslan-Gold-Soft-Squeegee, Olfa_Graphic_Cutter, Swann_Morton_3_Handle, Swann_Morton_10A_Blades, Float_On","A","superuser","","","","Oranges, Colours","Gloss","","","","","","","","","Ri-Mark-Optima-420-Orange","0","ritrama, fedrigoni, o range, sc420, polymeric, o series, o grade, optima, orange, o-range, polymericvinyl, vinyl, pvc, poly vinyl, durable vinyl, ri-mark, rimark, ri mark, orange, 420, 
","","","1556723731","0","","0","","CHECKBOX"
"SC423","Ri-Mark Optima 423 Light Orange","SC423","Ritrama","80","0","DEFAULT","","","","","0","Ri-Mark Optima 423 Light Orange polymeric self-adhesive vinyl is suitable for medium to long term signage and advertising on to flat and 2D convex surfaces.","<html>
<head><title>Ri-Mark Optima 423 Light Orange</title>

<style>
.responsive {
  width: 50%;
  height: auto;
}
</style>
</head>

<body>
<img src=""media/ecom/onpagegraphics/Fedrigoni_Logo.jpg"" alt=""Fedrigoni Logo"" class=""responsive"">
<p>Ri-Mark Optima 423 Light Orange polymeric self-adhesive vinyl is suitable for medium to long term signage and advertising on to flat and 2D convex surfaces.</p>

<span style=""font-weight: bold; color: #d7328a;"">Structure:</span><br>
<ul><li>75<span>&#181;</span>m Polymeric calendered PVC</li>
<li>Transparent water based adhesive - Permanent</li>
<li>Clay coated kraft paper liner - 120gm<sup>2</sup>, grey back printed
</li></ul>

<span style=""font-weight: bold; color: #d7328a;"">Suitability:</span><br>
<ul><li>Excellent for applying to flat and 2D convex surfaces (for deeply concave surfaces or corrugations this vinyl should be cut and applied with an overlap)</li>
<li>UV stabilised material designed for exterior or interior signage and displays</li>
<li>The high gloss face film has a high level of opacity and is engineered to enhance corporate branding projects</li>
<li>Outdoor durability of up to 5 years</li></ul>

<span style=""font-weight: bold; color: #d7328a;"">Advantages:</span><br>
<ul><li>Cohesive water based adhesive provides good dimensional stability and water resistance for long term durability</li>
<li>This film is available with a standard kraft liner that allows for wet or dry application</li>
<li>Designed for trouble free plotting</li>
<li>REACH & RoHS compliant</li></ul>

<span style=""font-weight: bold; color: #d7328a;"">Technical Information:</span><br>
<ul>
<a href=""media/ecom/pdfs/datasheets/TDS_Ri_MarkOptima_uk_issue1_5d8e.pdf"" target=""_blank""><img
style=""border: 0px solid ; width: 200px; height: 60px;"" alt=""Ri-Mark Optima Datasheet""
src=""media/ecom/onpagegraphics/Datasheet.png""></a>
<a href=""media/ecom/colselxl/digital_colour_card_Ri_Mark_Optima.pdf"" target=""_blank""><img
style=""border: 0px solid ; width: 200px; height: 60px;"" alt=""R-Mark Optima Colour Selector""
src=""media/ecom/onpagegraphics/Colour.png""></a></ul>
</body>
</html>","SC423_Light_Orange.png","SC423_Light_Orange.png","INVITEMS","DEFAULT-SC423-DEFAULT-SC423","","","0","0","0","","1","REGONLY","0","0","0","0","","","","SELECT","SELECT","0","","","","","0","0","","income-service","","","0","0","","","","","Ritrama_O_Range","Ritrama_O_Range","","","0","900EMT1220, 4075CT1220, 903C1220, Aslan_Red_Devil_Squeegee, Olfa_X_Design_Heavy_Duty_Knife, Masking_Tape_25mm, Aslan-Gold-Soft-Squeegee, Olfa_Graphic_Cutter, Swann_Morton_3_Handle, Swann_Morton_10A_Blades, Float_On","900EMT1220, 4075CT1220, 903C1220, Aslan_Red_Devil_Squeegee, Olfa_X_Design_Heavy_Duty_Knife, Masking_Tape_25mm, Aslan-Gold-Soft-Squeegee, Olfa_Graphic_Cutter, Swann_Morton_3_Handle, Swann_Morton_10A_Blades, Float_On","A","superuser","","","","Oranges, Colours","Gloss","","","","","","","","","Ri-Mark-Optima-423-Light-Orange","0","ritrama, fedrigoni, o range, sc423, polymeric, o series, o grade, optima, orange, o-range, polymericvinyl, vinyl, pvc, poly vinyl, durable vinyl, ri-mark, rimark, ri mark, light orange, lightorange, 423, orange

","","","1556723744","0","","0","","CHECKBOX"
"SC426","Ri-Mark Optima 426 Dark Orange","SC426","Ritrama","90","0","DEFAULT","","","","","0","Ri-Mark Optima 426 Dark Orange polymeric self-adhesive vinyl is suitable for medium to long term signage and advertising on to flat and 2D convex surfaces.","<html>
<head><title>Ri-Mark Optima 426 Dark Orange</title>

<style>
.responsive {
  width: 50%;
  height: auto;
}
</style>
</head>

<body>
<img src=""media/ecom/onpagegraphics/Fedrigoni_Logo.jpg"" alt=""Fedrigoni Logo"" class=""responsive"">
<p>Ri-Mark Optima 426 Dark Orange polymeric self-adhesive vinyl is suitable for medium to long term signage and advertising on to flat and 2D convex surfaces.</p>

<span style=""font-weight: bold; color: #d7328a;"">Structure:</span><br>
<ul><li>75<span>&#181;</span>m Polymeric calendered PVC</li>
<li>Transparent water based adhesive - Permanent</li>
<li>Clay coated kraft paper liner - 120gm<sup>2</sup>, grey back printed
</li></ul>

<span style=""font-weight: bold; color: #d7328a;"">Suitability:</span><br>
<ul><li>Excellent for applying to flat and 2D convex surfaces (for deeply concave surfaces or corrugations this vinyl should be cut and applied with an overlap)</li>
<li>UV stabilised material designed for exterior or interior signage and displays</li>
<li>The high gloss face film has a high level of opacity and is engineered to enhance corporate branding projects</li>
<li>Outdoor durability of up to 5 years</li></ul>

<span style=""font-weight: bold; color: #d7328a;"">Advantages:</span><br>
<ul><li>Cohesive water based adhesive provides good dimensional stability and water resistance for long term durability</li>
<li>This film is available with a standard kraft liner that allows for wet or dry application</li>
<li>Designed for trouble free plotting</li>
<li>REACH & RoHS compliant</li></ul>

<span style=""font-weight: bold; color: #d7328a;"">Technical Information:</span><br>
<ul>
<a href=""media/ecom/pdfs/datasheets/TDS_Ri_MarkOptima_uk_issue1_5d8e.pdf"" target=""_blank""><img
style=""border: 0px solid ; width: 200px; height: 60px;"" alt=""Ri-Mark Optima Datasheet""
src=""media/ecom/onpagegraphics/Datasheet.png""></a>
<a href=""media/ecom/colselxl/digital_colour_card_Ri_Mark_Optima.pdf"" target=""_blank""><img
style=""border: 0px solid ; width: 200px; height: 60px;"" alt=""R-Mark Optima Colour Selector""
src=""media/ecom/onpagegraphics/Colour.png""></a></ul>
</body>
</html>","SC426_Dark_Orange.png","SC426_Dark_Orange.png","INVITEMS","DEFAULT-SC426-DEFAULT-SC426","","","0","0","0","","1","REGONLY","0","0","0","0","","","","SELECT","SELECT","0","","","","","0","0","","income-service","","","0","0","","","","","Ritrama_O_Range","Ritrama_O_Range","","","0","900EMT1220, 4075CT1220, 903C1220, Aslan_Red_Devil_Squeegee, Olfa_X_Design_Heavy_Duty_Knife, Masking_Tape_25mm, Aslan-Gold-Soft-Squeegee, Olfa_Graphic_Cutter, Swann_Morton_3_Handle, Swann_Morton_10A_Blades, Float_On","900EMT1220, 4075CT1220, 903C1220, Aslan_Red_Devil_Squeegee, Olfa_X_Design_Heavy_Duty_Knife, Masking_Tape_25mm, Aslan-Gold-Soft-Squeegee, Olfa_Graphic_Cutter, Swann_Morton_3_Handle, Swann_Morton_10A_Blades, Float_On","A","superuser","","","","Oranges, Colours","Gloss","","","","","","","","","Ri-Mark-Optima-426-Dark-Orange","0","ritrama, fedrigoni, o range, sc426, polymeric, o series, o grade, optima, orange, o-range, polymericvinyl, vinyl, pvc, poly vinyl, durable vinyl, ri-mark, rimark, ri mark, dark orange, darkorange, 426, orange, 

","","","1556723759","0","","0","","CHECKBOX"
"SC429","Ri-Mark Optima 429 Light Red","SC429","Ritrama","100","0","DEFAULT","","","","","0","Ri-Mark Optima 429 Light Red polymeric self-adhesive vinyl is suitable for medium to long term signage and advertising on to flat and 2D convex surfaces.","<html>
<head><title>Ri-Mark Optima 429 Light Red</title>

<style>
.responsive {
  width: 50%;
  height: auto;
}
</style>
</head>

<body>
<img src=""media/ecom/onpagegraphics/Fedrigoni_Logo.jpg"" alt=""Fedrigoni Logo"" class=""responsive"">
<p>Ri-Mark Optima 429 Light Red polymeric self-adhesive vinyl is suitable for medium to long term signage and advertising on to flat and 2D convex surfaces.</p>

<span style=""font-weight: bold; color: #d7328a;"">Structure:</span><br>
<ul><li>75<span>&#181;</span>m Polymeric calendered PVC</li>
<li>Transparent water based adhesive - Permanent</li>
<li>Clay coated kraft paper liner - 120gm<sup>2</sup>, grey back printed
</li></ul>

<span style=""font-weight: bold; color: #d7328a;"">Suitability:</span><br>
<ul><li>Excellent for applying to flat and 2D convex surfaces (for deeply concave surfaces or corrugations this vinyl should be cut and applied with an overlap)</li>
<li>UV stabilised material designed for exterior or interior signage and displays</li>
<li>The high gloss face film has a high level of opacity and is engineered to enhance corporate branding projects</li>
<li>Outdoor durability of up to 5 years</li></ul>

<span style=""font-weight: bold; color: #d7328a;"">Advantages:</span><br>
<ul><li>Cohesive water based adhesive provides good dimensional stability and water resistance for long term durability</li>
<li>This film is available with a standard kraft liner that allows for wet or dry application</li>
<li>Designed for trouble free plotting</li>
<li>REACH & RoHS compliant</li></ul>

<span style=""font-weight: bold; color: #d7328a;"">Technical Information:</span><br>
<ul>
<a href=""media/ecom/pdfs/datasheets/TDS_Ri_MarkOptima_uk_issue1_5d8e.pdf"" target=""_blank""><img
style=""border: 0px solid ; width: 200px; height: 60px;"" alt=""Ri-Mark Optima Datasheet""
src=""media/ecom/onpagegraphics/Datasheet.png""></a>
<a href=""media/ecom/colselxl/digital_colour_card_Ri_Mark_Optima.pdf"" target=""_blank""><img
style=""border: 0px solid ; width: 200px; height: 60px;"" alt=""R-Mark Optima Colour Selector""
src=""media/ecom/onpagegraphics/Colour.png""></a></ul>
</body>
</html>","SC429_Light_Red.png","SC429_Light_Red.png","INVITEMS","DEFAULT-SC429-DEFAULT-SC429","","","0","0","0","","1","REGONLY","0","0","0","0","","","","SELECT","SELECT","0","","","","","0","0","","income-service","","","0","0","","","","","Ritrama_O_Range","Ritrama_O_Range","","","0","900EMT1220, 4075CT1220, 903C1220, Aslan_Red_Devil_Squeegee, Olfa_X_Design_Heavy_Duty_Knife, Masking_Tape_25mm, Aslan-Gold-Soft-Squeegee, Olfa_Graphic_Cutter, Swann_Morton_3_Handle, Swann_Morton_10A_Blades, Float_On","900EMT1220, 4075CT1220, 903C1220, Aslan_Red_Devil_Squeegee, Olfa_X_Design_Heavy_Duty_Knife, Masking_Tape_25mm, Aslan-Gold-Soft-Squeegee, Olfa_Graphic_Cutter, Swann_Morton_3_Handle, Swann_Morton_10A_Blades, Float_On","A","superuser","","","","Reds, Colours","Gloss","","","","","","","","","Ri-Mark-Optima-429-Light-Red","0","ritrama, fedrigoni, o range, sc429, polymeric, o series, o grade, optima, orange, o-range, polymericvinyl, vinyl, pvc, poly vinyl, durable vinyl, ri-mark, rimark, ri mark, light red, lightred, 429, 

","","","1556723770","0","","0","","CHECKBOX"
"SC430","Ri-Mark Optima 430 Red","SC430","Ritrama","110","0","DEFAULT","","","","","0","Ri-Mark Optima 430 Red polymeric self-adhesive vinyl is suitable for medium to long term signage and advertising on to flat and 2D convex surfaces.","<html>
<head><title>Ri-Mark Optima 430 Red</title>

<style>
.responsive {
  width: 50%;
  height: auto;
}
</style>
</head>

<body>
<img src=""media/ecom/onpagegraphics/Fedrigoni_Logo.jpg"" alt=""Fedrigoni Logo"" class=""responsive"">
<p>Ri-Mark Optima 430 Red polymeric self-adhesive vinyl is suitable for medium to long term signage and advertising on to flat and 2D convex surfaces.</p>

<span style=""font-weight: bold; color: #d7328a;"">Structure:</span><br>
<ul><li>75<span>&#181;</span>m Polymeric calendered PVC</li>
<li>Transparent water based adhesive - Permanent</li>
<li>Clay coated kraft paper liner - 120gm<sup>2</sup>, grey back printed
</li></ul>

<span style=""font-weight: bold; color: #d7328a;"">Suitability:</span><br>
<ul><li>Excellent for applying to flat and 2D convex surfaces (for deeply concave surfaces or corrugations this vinyl should be cut and applied with an overlap)</li>
<li>UV stabilised material designed for exterior or interior signage and displays</li>
<li>The high gloss face film has a high level of opacity and is engineered to enhance corporate branding projects</li>
<li>Outdoor durability of up to 5 years</li></ul>

<span style=""font-weight: bold; color: #d7328a;"">Advantages:</span><br>
<ul><li>Cohesive water based adhesive provides good dimensional stability and water resistance for long term durability</li>
<li>This film is available with a standard kraft liner that allows for wet or dry application</li>
<li>Designed for trouble free plotting</li>
<li>REACH & RoHS compliant</li></ul>

<span style=""font-weight: bold; color: #d7328a;"">Technical Information:</span><br>
<ul>
<a href=""media/ecom/pdfs/datasheets/TDS_Ri_MarkOptima_uk_issue1_5d8e.pdf"" target=""_blank""><img
style=""border: 0px solid ; width: 200px; height: 60px;"" alt=""Ri-Mark Optima Datasheet""
src=""media/ecom/onpagegraphics/Datasheet.png""></a>
<a href=""media/ecom/colselxl/digital_colour_card_Ri_Mark_Optima.pdf"" target=""_blank""><img
style=""border: 0px solid ; width: 200px; height: 60px;"" alt=""R-Mark Optima Colour Selector""
src=""media/ecom/onpagegraphics/Colour.png""></a></ul>
</body>
</html>","SC430_Red.png","SC430_Red.png","INVITEMS","DEFAULT-SC430-DEFAULT-SC430","","","0","0","0","","1","REGONLY","0","0","0","0","","","","SELECT","SELECT","0","","","","","0","0","","income-service","","","0","0","","","","","Ritrama_O_Range","Ritrama_O_Range","","","0","900EMT1220, 4075CT1220, 903C1220, Aslan_Red_Devil_Squeegee, Olfa_X_Design_Heavy_Duty_Knife, Masking_Tape_25mm, Aslan-Gold-Soft-Squeegee, Olfa_Graphic_Cutter, Swann_Morton_3_Handle, Swann_Morton_10A_Blades, Float_On","900EMT1220, 4075CT1220, 903C1220, Aslan_Red_Devil_Squeegee, Olfa_X_Design_Heavy_Duty_Knife, Masking_Tape_25mm, Aslan-Gold-Soft-Squeegee, Olfa_Graphic_Cutter, Swann_Morton_3_Handle, Swann_Morton_10A_Blades, Float_On","A","superuser","","","","Reds, Colours","Gloss","","","","","","","","","Ri-Mark-Optima-430-Red","0","ritrama, fedrigoni, o range, sc430, polymeric, o series, o grade, optima, orange, o-range, polymericvinyl, vinyl, pvc, poly vinyl, durable vinyl, ri-mark, rimark, ri mark, red, 430, 
","","","1556723783","0","","0","","CHECKBOX"
"SC433","Ri-Mark Optima 433 Dark Red","SC433","Ritrama","120","0","DEFAULT","","","","","0","Ri-Mark Optima 433 Dark Red polymeric self-adhesive vinyl is suitable for medium to long term signage and advertising on to flat and 2D convex surfaces.","<html>
<head><title>Ri-Mark Optima 433 Dark Red</title>

<style>
.responsive {
  width: 50%;
  height: auto;
}
</style>
</head>

<body>
<img src=""media/ecom/onpagegraphics/Fedrigoni_Logo.jpg"" alt=""Fedrigoni Logo"" class=""responsive"">
<p>Ri-Mark Optima 433 Dark Red polymeric self-adhesive vinyl is suitable for medium to long term signage and advertising on to flat and 2D convex surfaces.</p>

<span style=""font-weight: bold; color: #d7328a;"">Structure:</span><br>
<ul><li>75<span>&#181;</span>m Polymeric calendered PVC</li>
<li>Transparent water based adhesive - Permanent</li>
<li>Clay coated kraft paper liner - 120gm<sup>2</sup>, grey back printed
</li></ul>

<span style=""font-weight: bold; color: #d7328a;"">Suitability:</span><br>
<ul><li>Excellent for applying to flat and 2D convex surfaces (for deeply concave surfaces or corrugations this vinyl should be cut and applied with an overlap)</li>
<li>UV stabilised material designed for exterior or interior signage and displays</li>
<li>The high gloss face film has a high level of opacity and is engineered to enhance corporate branding projects</li>
<li>Outdoor durability of up to 5 years</li></ul>

<span style=""font-weight: bold; color: #d7328a;"">Advantages:</span><br>
<ul><li>Cohesive water based adhesive provides good dimensional stability and water resistance for long term durability</li>
<li>This film is available with a standard kraft liner that allows for wet or dry application</li>
<li>Designed for trouble free plotting</li>
<li>REACH & RoHS compliant</li></ul>

<span style=""font-weight: bold; color: #d7328a;"">Technical Information:</span><br>
<ul>
<a href=""media/ecom/pdfs/datasheets/TDS_Ri_MarkOptima_uk_issue1_5d8e.pdf"" target=""_blank""><img
style=""border: 0px solid ; width: 200px; height: 60px;"" alt=""Ri-Mark Optima Datasheet""
src=""media/ecom/onpagegraphics/Datasheet.png""></a>
<a href=""media/ecom/colselxl/digital_colour_card_Ri_Mark_Optima.pdf"" target=""_blank""><img
style=""border: 0px solid ; width: 200px; height: 60px;"" alt=""R-Mark Optima Colour Selector""
src=""media/ecom/onpagegraphics/Colour.png""></a></ul>
</body>
</html>","SC433_Dark_Red.png","SC433_Dark_Red.png","INVITEMS","DEFAULT-SC433-DEFAULT-SC433","","","0","0","0","","1","REGONLY","0","0","0","0","","","","SELECT","SELECT","0","","","","","0","0","","income-service","","","0","0","","","","","Ritrama_O_Range","Ritrama_O_Range","","","0","900EMT1220, 4075CT1220, 903C1220, Aslan_Red_Devil_Squeegee, Olfa_X_Design_Heavy_Duty_Knife, Masking_Tape_25mm, Aslan-Gold-Soft-Squeegee, Olfa_Graphic_Cutter, Swann_Morton_3_Handle, Swann_Morton_10A_Blades, Float_On","900EMT1220, 4075CT1220, 903C1220, Aslan_Red_Devil_Squeegee, Olfa_X_Design_Heavy_Duty_Knife, Masking_Tape_25mm, Aslan-Gold-Soft-Squeegee, Olfa_Graphic_Cutter, Swann_Morton_3_Handle, Swann_Morton_10A_Blades, Float_On","A","superuser","","","","Reds, Colours","Gloss","","","","","","","","","Ri-Mark-Optima-433-Dark-Red","0","ritrama, fedrigoni, o range, sc433, polymeric, o series, o grade, optima, orange, o-range, polymericvinyl, vinyl, pvc, poly vinyl, durable vinyl, ri-mark, rimark, ri mark, red, 433, dark red, darkred,
","","","1556723794","0","","0","","CHECKBOX"
"SC435","Ri-Mark Optima 435 Burgundy","SC435","Ritrama","140","0","DEFAULT","","","","","0","Ri-Mark Optima 435 Burgundy polymeric self-adhesive vinyl is suitable for medium to long term signage and advertising on to flat and 2D convex surfaces.","<html>
<head><title>Ri-Mark Optima 435 Burgundy</title>

<style>
.responsive {
  width: 50%;
  height: auto;
}
</style>
</head>

<body>
<img src=""media/ecom/onpagegraphics/Fedrigoni_Logo.jpg"" alt=""Fedrigoni Logo"" class=""responsive"">
<p>Ri-Mark Optima 435 Burgundy polymeric self-adhesive vinyl is suitable for medium to long term signage and advertising on to flat and 2D convex surfaces.</p>

<span style=""font-weight: bold; color: #d7328a;"">Structure:</span><br>
<ul><li>75<span>&#181;</span>m Polymeric calendered PVC</li>
<li>Transparent water based adhesive - Permanent</li>
<li>Clay coated kraft paper liner - 120gm<sup>2</sup>, grey back printed
</li></ul>

<span style=""font-weight: bold; color: #d7328a;"">Suitability:</span><br>
<ul><li>Excellent for applying to flat and 2D convex surfaces (for deeply concave surfaces or corrugations this vinyl should be cut and applied with an overlap)</li>
<li>UV stabilised material designed for exterior or interior signage and displays</li>
<li>The high gloss face film has a high level of opacity and is engineered to enhance corporate branding projects</li>
<li>Outdoor durability of up to 5 years</li></ul>

<span style=""font-weight: bold; color: #d7328a;"">Advantages:</span><br>
<ul><li>Cohesive water based adhesive provides good dimensional stability and water resistance for long term durability</li>
<li>This film is available with a standard kraft liner that allows for wet or dry application</li>
<li>Designed for trouble free plotting</li>
<li>REACH & RoHS compliant</li></ul>

<span style=""font-weight: bold; color: #d7328a;"">Technical Information:</span><br>
<ul>
<a href=""media/ecom/pdfs/datasheets/TDS_Ri_MarkOptima_uk_issue1_5d8e.pdf"" target=""_blank""><img
style=""border: 0px solid ; width: 200px; height: 60px;"" alt=""Ri-Mark Optima Datasheet""
src=""media/ecom/onpagegraphics/Datasheet.png""></a>
<a href=""media/ecom/colselxl/digital_colour_card_Ri_Mark_Optima.pdf"" target=""_blank""><img
style=""border: 0px solid ; width: 200px; height: 60px;"" alt=""R-Mark Optima Colour Selector""
src=""media/ecom/onpagegraphics/Colour.png""></a></ul>
</body>
</html>","SC435_Burgundy.png","SC435_Burgundy.png","INVITEMS","DEFAULT-SC435-DEFAULT-SC435","","","0","0","0","","1","REGONLY","0","0","0","0","","","","SELECT","SELECT","0","","","","","0","0","","income-service","","","0","0","","","","","Ritrama_O_Range","Ritrama_O_Range","","","0","900EMT1220, 4075CT1220, 903C1220, Aslan_Red_Devil_Squeegee, Olfa_X_Design_Heavy_Duty_Knife, Masking_Tape_25mm, Aslan-Gold-Soft-Squeegee, Olfa_Graphic_Cutter, Swann_Morton_3_Handle, Swann_Morton_10A_Blades, Float_On","900EMT1220, 4075CT1220, 903C1220, Aslan_Red_Devil_Squeegee, Olfa_X_Design_Heavy_Duty_Knife, Masking_Tape_25mm, Aslan-Gold-Soft-Squeegee, Olfa_Graphic_Cutter, Swann_Morton_3_Handle, Swann_Morton_10A_Blades, Float_On","A","superuser","","","","Reds, Colours","Gloss","","","","","","","","","Ri-Mark-Optima-435-Burgundy","0","ritrama, fedrigoni, o range, sc435, polymeric, o series, o grade, optima, orange, o-range, polymericvinyl, vinyl, pvc, poly vinyl, durable vinyl, ri-mark, rimark, ri mark, red, 435, burgundy, 

","","","1556723805","0","","0","","CHECKBOX"
"SC436","Ri-Mark Optima 436 Wine Red","SC436","Ritrama","130","0","DEFAULT","","","","","0","Ri-Mark Optima 436 Wine Red polymeric self-adhesive vinyl is is suitable for medium to long term signage and advertising on to flat and 2D convex surfaces.","<html>
<head><title>Ri-Mark Optima 436 Wine Red</title>

<style>
.responsive {
  width: 50%;
  height: auto;
}
</style>
</head>

<body>
<img src=""media/ecom/onpagegraphics/Fedrigoni_Logo.jpg"" alt=""Fedrigoni Logo"" class=""responsive"">
<p>Ri-Mark Optima 436 Wine Red polymeric self-adhesive vinyl is is suitable for medium to long term signage and advertising on to flat and 2D convex surfaces.</p>

<span style=""font-weight: bold; color: #d7328a;"">Structure:</span><br>
<ul><li>75<span>&#181;</span>m Polymeric calendered PVC</li>
<li>Transparent water based adhesive - Permanent</li>
<li>Clay coated kraft paper liner - 120gm<sup>2</sup>, grey back printed
</li></ul>

<span style=""font-weight: bold; color: #d7328a;"">Suitability:</span><br>
<ul><li>Excellent for applying to flat and 2D convex surfaces (for deeply concave surfaces or corrugations this vinyl should be cut and applied with an overlap)</li>
<li>UV stabilised material designed for exterior or interior signage and displays</li>
<li>The high gloss face film has a high level of opacity and is engineered to enhance corporate branding projects</li>
<li>Outdoor durability of up to 5 years</li></ul>

<span style=""font-weight: bold; color: #d7328a;"">Advantages:</span><br>
<ul><li>Cohesive water based adhesive provides good dimensional stability and water resistance for long term durability</li>
<li>This film is available with a standard kraft liner that allows for wet or dry application</li>
<li>Designed for trouble free plotting</li>
<li>REACH & RoHS compliant</li></ul>

<span style=""font-weight: bold; color: #d7328a;"">Technical Information:</span><br>
<ul>
<a href=""media/ecom/pdfs/datasheets/TDS_Ri_MarkOptima_uk_issue1_5d8e.pdf"" target=""_blank""><img
style=""border: 0px solid ; width: 200px; height: 60px;"" alt=""Ri-Mark Optima Datasheet""
src=""media/ecom/onpagegraphics/Datasheet.png""></a>
<a href=""media/ecom/colselxl/digital_colour_card_Ri_Mark_Optima.pdf"" target=""_blank""><img
style=""border: 0px solid ; width: 200px; height: 60px;"" alt=""R-Mark Optima Colour Selector""
src=""media/ecom/onpagegraphics/Colour.png""></a></ul>
</body>
</html>","SC436_Wine_Red.png","SC436_Wine_Red.png","INVITEMS","DEFAULT-SC436-DEFAULT-SC436","","","0","0","0","","1","REGONLY","0","0","0","0","","","","SELECT","SELECT","0","","","","","0","0","","income-service","","","0","0","","","","","Ritrama_O_Range","Ritrama_O_Range","","","0","900EMT1220, 4075CT1220, 903C1220, Aslan_Red_Devil_Squeegee, Olfa_X_Design_Heavy_Duty_Knife, Masking_Tape_25mm, Aslan-Gold-Soft-Squeegee, Olfa_Graphic_Cutter, Swann_Morton_3_Handle, Swann_Morton_10A_Blades, Float_On","900EMT1220, 4075CT1220, 903C1220, Aslan_Red_Devil_Squeegee, Olfa_X_Design_Heavy_Duty_Knife, Masking_Tape_25mm, Aslan-Gold-Soft-Squeegee, Olfa_Graphic_Cutter, Swann_Morton_3_Handle, Swann_Morton_10A_Blades, Float_On","A","superuser","","","","Reds, Colours","Gloss","","","","","","","","","Ri-Mark-Optima-436-Wine-Red","0","ritrama, fedrigoni, o range, sc436, polymeric, o series, o grade, optima, orange, o-range, polymericvinyl, vinyl, pvc, poly vinyl, durable vinyl, ri-mark, rimark, ri mark, red, 436, wine red, winered,  

","","","1556722084","0","","0","","CHECKBOX"
"SC441","Ri-Mark Optima 441 Pink","SC441","Ritrama","210","0","DEFAULT","","","","","0","Ri-Mark Optima 441 Pink polymeric self-adhesive vinyl is suitable for medium to long term signage and advertising on to flat and 2D convex surfaces.","<html>
<head><title>Ri-Mark Optima 441 Pink</title>

<style>
.responsive {
  width: 50%;
  height: auto;
}
</style>
</head>

<body>
<img src=""media/ecom/onpagegraphics/Fedrigoni_Logo.jpg"" alt=""Fedrigoni Logo"" class=""responsive"">
<p>Ri-Mark Optima 441 Pink polymeric self-adhesive vinyl is suitable for medium to long term signage and advertising on to flat and 2D convex surfaces.</p>

<span style=""font-weight: bold; color: #d7328a;"">Structure:</span><br>
<ul><li>75<span>&#181;</span>m Polymeric calendered PVC</li>
<li>Transparent water based adhesive - Permanent</li>
<li>Clay coated kraft paper liner - 120gm<sup>2</sup>, grey back printed
</li></ul>

<span style=""font-weight: bold; color: #d7328a;"">Suitability:</span><br>
<ul><li>Excellent for applying to flat and 2D convex surfaces (for deeply concave surfaces or corrugations this vinyl should be cut and applied with an overlap)</li>
<li>UV stabilised material designed for exterior or interior signage and displays</li>
<li>The high gloss face film has a high level of opacity and is engineered to enhance corporate branding projects</li>
<li>Outdoor durability of up to 5 years</li></ul>

<span style=""font-weight: bold; color: #d7328a;"">Advantages:</span><br>
<ul><li>Cohesive water based adhesive provides good dimensional stability and water resistance for long term durability</li>
<li>This film is available with a standard kraft liner that allows for wet or dry application</li>
<li>Designed for trouble free plotting</li>
<li>REACH & RoHS compliant</li></ul>

<span style=""font-weight: bold; color: #d7328a;"">Technical Information:</span><br>
<ul>
<a href=""media/ecom/pdfs/datasheets/TDS_Ri_MarkOptima_uk_issue1_5d8e.pdf"" target=""_blank""><img
style=""border: 0px solid ; width: 200px; height: 60px;"" alt=""Ri-Mark Optima Datasheet""
src=""media/ecom/onpagegraphics/Datasheet.png""></a>
<a href=""media/ecom/colselxl/digital_colour_card_Ri_Mark_Optima.pdf"" target=""_blank""><img
style=""border: 0px solid ; width: 200px; height: 60px;"" alt=""R-Mark Optima Colour Selector""
src=""media/ecom/onpagegraphics/Colour.png""></a></ul>
</body>
</html>","SC441_Pink.png","SC441_Pink.png","INVITEMS","DEFAULT-SC441-DEFAULT-SC441","","","0","0","0","","1","REGONLY","0","0","0","0","","","","SELECT","SELECT","0","","","","","0","0","","income-service","","","0","0","","","","","Ritrama_O_Range","Ritrama_O_Range","","","0","900EMT1220, 4075CT1220, 903C1220, Aslan_Red_Devil_Squeegee, Olfa_X_Design_Heavy_Duty_Knife, Masking_Tape_25mm, Aslan-Gold-Soft-Squeegee, Olfa_Graphic_Cutter, Swann_Morton_3_Handle, Swann_Morton_10A_Blades, Float_On","900EMT1220, 4075CT1220, 903C1220, Aslan_Red_Devil_Squeegee, Olfa_X_Design_Heavy_Duty_Knife, Masking_Tape_25mm, Aslan-Gold-Soft-Squeegee, Olfa_Graphic_Cutter, Swann_Morton_3_Handle, Swann_Morton_10A_Blades, Float_On","A","superuser","","","","Reds, Colours","Gloss","","","","","","","","","Ri-Mark-Optima-441-Pink","0","ritrama, fedrigoni, o range, sc441, polymeric, o series, o grade, optima, orange, o-range, polymericvinyl, vinyl, pvc, poly vinyl, durable vinyl, ri-mark, rimark, ri mark, pink, 441, 

","","","1556723828","0","","0","","CHECKBOX"
"SC445","Ri-Mark Optima 445 Brown","SC445","Ritrama","150","0","DEFAULT","","","","","0","Ri-Mark Optima 445 Brown polymeric self-adhesive vinyl is suitable for medium to long term signage and advertising on to flat and 2D convex surfaces.","<html>
<head><title>Ri-Mark Optima 445 Brown</title>

<style>
.responsive {
  width: 50%;
  height: auto;
}
</style>
</head>

<body>
<img src=""media/ecom/onpagegraphics/Fedrigoni_Logo.jpg"" alt=""Fedrigoni Logo"" class=""responsive"">
<p>Ri-Mark Optima 445 Brown polymeric self-adhesive vinyl is suitable for medium to long term signage and advertising on to flat and 2D convex surfaces.</p>

<span style=""font-weight: bold; color: #d7328a;"">Structure:</span><br>
<ul><li>75<span>&#181;</span>m Polymeric calendered PVC</li>
<li>Transparent water based adhesive - Permanent</li>
<li>Clay coated kraft paper liner - 120gm<sup>2</sup>, grey back printed
</li></ul>

<span style=""font-weight: bold; color: #d7328a;"">Suitability:</span><br>
<ul><li>Excellent for applying to flat and 2D convex surfaces (for deeply concave surfaces or corrugations this vinyl should be cut and applied with an overlap)</li>
<li>UV stabilised material designed for all exterior or interior signage and displays</li>
<li>The high gloss face film has a high level of opacity and is engineered to enhance corporate branding projects</li>
<li>Outdoor durability of up to 5 years</li></ul>

<span style=""font-weight: bold; color: #d7328a;"">Advantages:</span><br>
<ul><li>Cohesive water based adhesive provides good dimensional stability and water resistance for long term durability</li>
<li>This film is available with a standard kraft liner that allows for wet or dry application</li>
<li>Designed for trouble free plotting</li>
<li>REACH & RoHS compliant</li></ul>

<span style=""font-weight: bold; color: #d7328a;"">Technical Information:</span><br>
<ul>
<a href=""media/ecom/pdfs/datasheets/TDS_Ri_MarkOptima_uk_issue1_5d8e.pdf"" target=""_blank""><img
style=""border: 0px solid ; width: 200px; height: 60px;"" alt=""Ri-Mark Optima Datasheet""
src=""media/ecom/onpagegraphics/Datasheet.png""></a>
<a href=""media/ecom/colselxl/digital_colour_card_Ri_Mark_Optima.pdf"" target=""_blank""><img
style=""border: 0px solid ; width: 200px; height: 60px;"" alt=""R-Mark Optima Colour Selector""
src=""media/ecom/onpagegraphics/Colour.png""></a></ul>
</body>
</html>","SC445_Brown.png","SC445_Brown.png","INVITEMS","DEFAULT-SC445-DEFAULT-SC445","","","0","0","0","","1","REGONLY","0","0","0","0","","","","SELECT","SELECT","0","","","","","0","0","","income-service","","","0","0","","","","","Ritrama_O_Range","Ritrama_O_Range","","","0","900EMT1220, 4075CT1220, 903C1220, Aslan_Red_Devil_Squeegee, Olfa_X_Design_Heavy_Duty_Knife, Masking_Tape_25mm, Aslan-Gold-Soft-Squeegee, Olfa_Graphic_Cutter, Swann_Morton_3_Handle, Swann_Morton_10A_Blades, Float_On","900EMT1220, 4075CT1220, 903C1220, Aslan_Red_Devil_Squeegee, Olfa_X_Design_Heavy_Duty_Knife, Masking_Tape_25mm, Aslan-Gold-Soft-Squeegee, Olfa_Graphic_Cutter, Swann_Morton_3_Handle, Swann_Morton_10A_Blades, Float_On","A","superuser","","","","Browns, Colours","Gloss","","","","","","","","","Ri-Mark-Optima-445-Brown","0","ritrama, fedrigoni, o range, sc445, polymeric, o series, o grade, optima, orange, o-range, polymericvinyl, vinyl, pvc, poly vinyl, durable vinyl, ri-mark, rimark, ri mark, brown, 445, 

","","","1556723838","0","","0","","CHECKBOX"
"SC447","Ri-Mark Optima 447 Nut Brown","SC447","Ritrama","160","0","DEFAULT","","","","","0","Ri-Mark Optima 447 Nut Brown polymeric self-adhesive vinyl is suitable for medium to long term signage and advertising on to flat and 2D convex surfaces.","<html>
<head><title>Ri-Mark Optima 447 Nut Brown</title>

<style>
.responsive {
  width: 50%;
  height: auto;
}
</style>
</head>

<body>
<img src=""media/ecom/onpagegraphics/Fedrigoni_Logo.jpg"" alt=""Fedrigoni Logo"" class=""responsive"">
<p>Ri-Mark Optima 447 Nut Brown polymeric self-adhesive vinyl is suitable for medium to long term signage and advertising on to flat and 2D convex surfaces.</p>

<span style=""font-weight: bold; color: #d7328a;"">Structure:</span><br>
<ul><li>75<span>&#181;</span>m Polymeric calendered PVC</li>
<li>Transparent water based adhesive - Permanent</li>
<li>Clay coated kraft paper liner - 120gm<sup>2</sup>, grey back printed
</li></ul>

<span style=""font-weight: bold; color: #d7328a;"">Suitability:</span><br>
<ul><li>Excellent for applying to flat and 2D convex surfaces (for deeply concave surfaces or corrugations this vinyl should be cut and applied with an overlap)</li>
<li>UV stabilised material designed for exterior or interior signage and displays</li>
<li>The high gloss face film has a high level of opacity and is engineered to enhance corporate branding projects</li>
<li>Outdoor durability of up to 5 years</li></ul>

<span style=""font-weight: bold; color: #d7328a;"">Advantages:</span><br>
<ul><li>Cohesive water based adhesive provides good dimensional stability and water resistance for long term durability</li>
<li>This film is available with a standard kraft liner that allows for wet or dry application</li>
<li>Designed for trouble free plotting</li>
<li>REACH & RoHS compliant</li></ul>

<span style=""font-weight: bold; color: #d7328a;"">Technical Information:</span><br>
<ul>
<a href=""media/ecom/pdfs/datasheets/TDS_Ri_MarkOptima_uk_issue1_5d8e.pdf"" target=""_blank""><img
style=""border: 0px solid ; width: 200px; height: 60px;"" alt=""Ri-Mark Optima Datasheet""
src=""media/ecom/onpagegraphics/Datasheet.png""></a>
<a href=""media/ecom/colselxl/digital_colour_card_Ri_Mark_Optima.pdf"" target=""_blank""><img
style=""border: 0px solid ; width: 200px; height: 60px;"" alt=""R-Mark Optima Colour Selector""
src=""media/ecom/onpagegraphics/Colour.png""></a></ul>
</body>
</html>","SC447_Nut_Brown.png","SC447_Nut_Brown.png","INVITEMS","DEFAULT-SC447-DEFAULT-SC447","","","0","0","0","","1","REGONLY","0","0","0","0","","","","SELECT","SELECT","0","","","","","0","0","","income-service","","","0","0","","","","","Ritrama_O_Range","Ritrama_O_Range","","","0","900EMT1220, 4075CT1220, 903C1220, Aslan_Red_Devil_Squeegee, Olfa_X_Design_Heavy_Duty_Knife, Masking_Tape_25mm, Aslan-Gold-Soft-Squeegee, Olfa_Graphic_Cutter, Swann_Morton_3_Handle, Swann_Morton_10A_Blades, Float_On","900EMT1220, 4075CT1220, 903C1220, Aslan_Red_Devil_Squeegee, Olfa_X_Design_Heavy_Duty_Knife, Masking_Tape_25mm, Aslan-Gold-Soft-Squeegee, Olfa_Graphic_Cutter, Swann_Morton_3_Handle, Swann_Morton_10A_Blades, Float_On","A","superuser","","","","Browns, Colours","Gloss","","","","","","","","","Ri-Mark-Optima-447-Nut-Brown","0","ritrama, fedrigoni, o range, sc447, polymeric, o series, o grade, optima, orange, o-range, polymericvinyl, vinyl, pvc, poly vinyl, durable vinyl, ri-mark, rimark, ri mark, nut brown, 447, nutbrown, brown,  

","","","1556723852","0","","0","","CHECKBOX"
"SC448","Ri-Mark Optima 448 Light Brown","SC448","Ritrama","170","0","DEFAULT","","","","","0","Ri-Mark Optima 448 Light Brown polymeric self-adhesive vinyl is suitable for medium to long term signage and advertising on to flat and 2D convex surfaces.","<html>
<head><title>Ri-Mark Optima 448 Light Brown</title>

<style>
.responsive {
  width: 50%;
  height: auto;
}
</style>
</head>

<body>
<img src=""media/ecom/onpagegraphics/Fedrigoni_Logo.jpg"" alt=""Fedrigoni Logo"" class=""responsive"">
<p>Ri-Mark Optima 448 Light Brown polymeric self-adhesive vinyl is suitable for medium to long term signage and advertising on to flat and 2D convex surfaces.</p>

<span style=""font-weight: bold; color: #d7328a;"">Structure:</span><br>
<ul><li>75<span>&#181;</span>m Polymeric calendered PVC</li>
<li>Transparent water based adhesive - Permanent</li>
<li>Clay coated kraft paper liner - 120gm<sup>2</sup>, grey back printed
</li></ul>

<span style=""font-weight: bold; color: #d7328a;"">Suitability:</span><br>
<ul><li>Excellent for applying to flat and 2D convex surfaces (for deeply concave surfaces or corrugations this vinyl should be cut and applied with an overlap)</li>
<li>UV stabilised material designed for exterior or interior signage and displays</li>
<li>The high gloss face film has a high level of opacity and is engineered to enhance corporate branding projects</li>
<li>Outdoor durability of up to 5 years</li></ul>

<span style=""font-weight: bold; color: #d7328a;"">Advantages:</span><br>
<ul><li>Cohesive water based adhesive provides good dimensional stability and water resistance for long term durability</li>
<li>This film is available with a standard kraft liner that allows for wet or dry application</li>
<li>Designed for trouble free plotting</li>
<li>REACH & RoHS compliant</li></ul>

<span style=""font-weight: bold; color: #d7328a;"">Technical Information:</span><br>
<ul>
<a href=""media/ecom/pdfs/datasheets/TDS_Ri_MarkOptima_uk_issue1_5d8e.pdf"" target=""_blank""><img
style=""border: 0px solid ; width: 200px; height: 60px;"" alt=""Ri-Mark Optima Datasheet""
src=""media/ecom/onpagegraphics/Datasheet.png""></a>
<a href=""media/ecom/colselxl/digital_colour_card_Ri_Mark_Optima.pdf"" target=""_blank""><img
style=""border: 0px solid ; width: 200px; height: 60px;"" alt=""R-Mark Optima Colour Selector""
src=""media/ecom/onpagegraphics/Colour.png""></a></ul>
</body>
</html>","SC448_Light_Brown.png","SC448_Light_Brown.png","INVITEMS","DEFAULT-SC448-DEFAULT-SC448","","","0","0","0","","1","REGONLY","0","0","0","0","","","","SELECT","SELECT","0","","","","","0","0","","income-service","","","0","0","","","","","Ritrama_O_Range","Ritrama_O_Range","","","0","900EMT1220, 4075CT1220, 903C1220, Aslan_Red_Devil_Squeegee, Olfa_X_Design_Heavy_Duty_Knife, Masking_Tape_25mm, Aslan-Gold-Soft-Squeegee, Olfa_Graphic_Cutter, Swann_Morton_3_Handle, Swann_Morton_10A_Blades, Float_On","900EMT1220, 4075CT1220, 903C1220, Aslan_Red_Devil_Squeegee, Olfa_X_Design_Heavy_Duty_Knife, Masking_Tape_25mm, Aslan-Gold-Soft-Squeegee, Olfa_Graphic_Cutter, Swann_Morton_3_Handle, Swann_Morton_10A_Blades, Float_On","A","superuser","","","","Browns, Colours","Gloss","","","","","","","","","Ri-Mark-Optima-448 Light-Brown","0","ritrama, fedrigoni, o range, sc448, polymeric, o series, o grade, optima, orange, o-range, polymericvinyl, vinyl, pvc, poly vinyl, durable vinyl, ri-mark, rimark, ri mark, brown, 448, light brown, lightbrown, 


","","","1556723866","0","","0","","CHECKBOX"
"SC449","Ri-Mark Optima 449 Light Beige","SC449","Ritrama","190","0","DEFAULT","","","","","0","Ri-Mark Optima 449 Light Beige polymeric self-adhesive vinyl is suitable for medium to long term signage and advertising on to flat and 2D convex surfaces.","<html>
<head><title>Ri-Mark Optima 449 Light Beige</title>

<style>
.responsive {
  width: 50%;
  height: auto;
}
</style>
</head>

<body>
<img src=""media/ecom/onpagegraphics/Fedrigoni_Logo.jpg"" alt=""Fedrigoni Logo"" class=""responsive"">
<p>Ri-Mark Optima 449 Light Beige polymeric self-adhesive vinyl is suitable for medium to long term signage and advertising on to flat and 2D convex surfaces.</p>

<span style=""font-weight: bold; color: #d7328a;"">Structure:</span><br>
<ul><li>75<span>&#181;</span>m Polymeric calendered PVC</li>
<li>Transparent water based adhesive - Permanent</li>
<li>Clay coated kraft paper liner - 120gm<sup>2</sup>, grey back printed
</li></ul>

<span style=""font-weight: bold; color: #d7328a;"">Suitability:</span><br>
<ul><li>Excellent for applying to flat and 2D convex surfaces (for deeply concave surfaces or corrugations this vinyl should be cut and applied with an overlap)</li>
<li>UV stabilised material designed for exterior or interior signage and displays</li>
<li>The high gloss face film has a high level of opacity and is engineered to enhance corporate branding projects</li>
<li>Outdoor durability of up to 5 years</li></ul>

<span style=""font-weight: bold; color: #d7328a;"">Advantages:</span><br>
<ul><li>Cohesive water based adhesive provides good dimensional stability and water resistance for long term durability</li>
<li>This film is available with a standard kraft liner that allows for wet or dry application</li>
<li>Designed for trouble free plotting</li>
<li>REACH & RoHS compliant</li></ul>

<span style=""font-weight: bold; color: #d7328a;"">Technical Information:</span><br>
<ul>
<a href=""media/ecom/pdfs/datasheets/TDS_Ri_MarkOptima_uk_issue1_5d8e.pdf"" target=""_blank""><img
style=""border: 0px solid ; width: 200px; height: 60px;"" alt=""Ri-Mark Optima Datasheet""
src=""media/ecom/onpagegraphics/Datasheet.png""></a>
<a href=""media/ecom/colselxl/digital_colour_card_Ri_Mark_Optima.pdf"" target=""_blank""><img
style=""border: 0px solid ; width: 200px; height: 60px;"" alt=""R-Mark Optima Colour Selector""
src=""media/ecom/onpagegraphics/Colour.png""></a></ul>
</body>
</html>","SC449_Light_Beige.png","SC449_Light_Beige.png","INVITEMS","DEFAULT-SC449-DEFAULT-SC449","","","0","0","0","","1","REGONLY","0","0","0","0","","","","SELECT","SELECT","0","","","","","0","0","","income-service","","","0","0","","","","","Ritrama_O_Range","Ritrama_O_Range","","","0","900EMT1220, 4075CT1220, 903C1220, Aslan_Red_Devil_Squeegee, Olfa_X_Design_Heavy_Duty_Knife, Masking_Tape_25mm, Aslan-Gold-Soft-Squeegee, Olfa_Graphic_Cutter, Swann_Morton_3_Handle, Swann_Morton_10A_Blades, Float_On","900EMT1220, 4075CT1220, 903C1220, Aslan_Red_Devil_Squeegee, Olfa_X_Design_Heavy_Duty_Knife, Masking_Tape_25mm, Aslan-Gold-Soft-Squeegee, Olfa_Graphic_Cutter, Swann_Morton_3_Handle, Swann_Morton_10A_Blades, Float_On","A","superuser","","","","Beiges, Colours","Gloss","","","","","","","","","Ri-Mark-Optima-449-Light-Beige","0","ritrama, fedrigoni, o range, sc449, polymeric, o series, o grade, optima, orange, o-range, polymericvinyl, vinyl, pvc, poly vinyl, durable vinyl, ri-mark, rimark, ri mark, 449, beige, light beige, lightbeige, 


","","","1556723878","0","","0","","CHECKBOX"
"SC451","Ri-Mark Optima 451 Purple","SC451","Ritrama","240","0","DEFAULT","","","","","0","Ri-Mark Optima 451 Purple polymeric self-adhesive vinyl is suitable for medium to long term signage and advertising on to flat and 2D convex surfaces.","<html>
<head><title>Ri-Mark Optima 451 Purple</title>

<style>
.responsive {
  width: 50%;
  height: auto;
}
</style>
</head>

<body>
<img src=""media/ecom/onpagegraphics/Fedrigoni_Logo.jpg"" alt=""Fedrigoni Logo"" class=""responsive"">
<p>Ri-Mark Optima 451 Purple polymeric self-adhesive vinyl is suitable for medium to long term signage and advertising on to flat and 2D convex surfaces.</p>

<span style=""font-weight: bold; color: #d7328a;"">Structure:</span><br>
<ul><li>75<span>&#181;</span>m Polymeric calendered PVC</li>
<li>Transparent water based adhesive - Permanent</li>
<li>Clay coated kraft paper liner - 120gm<sup>2</sup>, grey back printed
</li></ul>

<span style=""font-weight: bold; color: #d7328a;"">Suitability:</span><br>
<ul><li>Excellent for applying to flat and 2D convex surfaces (for deeply concave surfaces or corrugations this vinyl should be cut and applied with an overlap)</li>
<li>UV stabilised material designed for exterior or interior signage and displays</li>
<li>The high gloss face film has a high level of opacity and is engineered to enhance corporate branding projects</li>
<li>Outdoor durability of up to 5 years</li></ul>

<span style=""font-weight: bold; color: #d7328a;"">Advantages:</span><br>
<ul><li>Cohesive water based adhesive provides good dimensional stability and water resistance for long term durability</li>
<li>This film is available with a standard kraft liner that allows for wet or dry application</li>
<li>Designed for trouble free plotting</li>
<li>REACH & RoHS compliant</li></ul>

<span style=""font-weight: bold; color: #d7328a;"">Technical Information:</span><br>
<ul>
<a href=""media/ecom/pdfs/datasheets/TDS_Ri_MarkOptima_uk_issue1_5d8e.pdf"" target=""_blank""><img
style=""border: 0px solid ; width: 200px; height: 60px;"" alt=""Ri-Mark Optima Datasheet""
src=""media/ecom/onpagegraphics/Datasheet.png""></a>
<a href=""media/ecom/colselxl/digital_colour_card_Ri_Mark_Optima.pdf"" target=""_blank""><img
style=""border: 0px solid ; width: 200px; height: 60px;"" alt=""R-Mark Optima Colour Selector""
src=""media/ecom/onpagegraphics/Colour.png""></a></ul>
</body>
</html>","SC451_Purple.png","SC451_Purple.png","INVITEMS","DEFAULT-SC451-DEFAULT-SC451","","","0","0","0","","1","REGONLY","0","0","0","0","","","","SELECT","SELECT","0","","","","","0","0","","income-service","","","0","0","","","","","Ritrama_O_Range","Ritrama_O_Range","","","0","900EMT1220, 4075CT1220, 903C1220, Aslan_Red_Devil_Squeegee, Olfa_X_Design_Heavy_Duty_Knife, Masking_Tape_25mm, Aslan-Gold-Soft-Squeegee, Olfa_Graphic_Cutter, Swann_Morton_3_Handle, Swann_Morton_10A_Blades, Float_On","900EMT1220, 4075CT1220, 903C1220, Aslan_Red_Devil_Squeegee, Olfa_X_Design_Heavy_Duty_Knife, Masking_Tape_25mm, Aslan-Gold-Soft-Squeegee, Olfa_Graphic_Cutter, Swann_Morton_3_Handle, Swann_Morton_10A_Blades, Float_On","A","superuser","","","","Reds, Blues, Colours","Gloss","","","","","","","","","Ri-Mark-Optima-451-Purple","0","ritrama, fedrigoni, o range, sc451, polymeric, o series, o grade, optima, orange, o-range, polymericvinyl, vinyl, pvc, poly vinyl, durable vinyl, ri-mark, rimark, ri mark, purple, 451, 


","","","1556723890","0","","0","","CHECKBOX"
"SC452","Ri-Mark Optima 452 Violet","SC452","Ritrama","250","0","DEFAULT","","","","","0","Ri-Mark Optima 452 Violet polymeric self-adhesive vinyl is suitable for medium to long term signage and advertising on to flat and 2D convex surfaces.","<head><title>Ri-Mark Optima 452 Violet</title>

<style>
.responsive {
  width: 50%;
  height: auto;
}
</style>
</head>

<body>
<img src=""media/ecom/onpagegraphics/Fedrigoni_Logo.jpg"" alt=""Fedrigoni Logo"" class=""responsive"">
<p>Ri-Mark Optima 452 Violet polymeric self-adhesive vinyl is suitable for medium to long term signage and advertising on to flat and 2D convex surfaces.</p>

<span style=""font-weight: bold; color: #d7328a;"">Structure:</span><br>
<ul><li>75<span>&#181;</span>m Polymeric calendered PVC</li>
<li>Transparent water based adhesive - Permanent</li>
<li>Clay coated kraft paper liner - 120gm<sup>2</sup>, grey back printed
</li></ul>

<span style=""font-weight: bold; color: #d7328a;"">Suitability:</span><br>
<ul><li>Excellent for applying to flat and 2D convex surfaces (for deeply concave surfaces or corrugations this vinyl should be cut and applied with an overlap)</li>
<li>UV stabilised material designed for exterior or interior signage and displays</li>
<li>The high gloss face film has a high level of opacity and is engineered to enhance corporate branding projects</li>
<li>Outdoor durability of up to 5 years</li></ul>

<span style=""font-weight: bold; color: #d7328a;"">Advantages:</span><br>
<ul><li>Cohesive water based adhesive provides good dimensional stability and water resistance for long term durability</li>
<li>This film is available with a standard kraft liner that allows for wet or dry application</li>
<li>Designed for trouble free plotting</li>
<li>REACH & RoHS compliant</li></ul>

<span style=""font-weight: bold; color: #d7328a;"">Technical Information:</span><br>
<ul>
<a href=""media/ecom/pdfs/datasheets/TDS_Ri_MarkOptima_uk_issue1_5d8e.pdf"" target=""_blank""><img
style=""border: 0px solid ; width: 200px; height: 60px;"" alt=""Ri-Mark Optima Datasheet""
src=""media/ecom/onpagegraphics/Datasheet.png""></a>
<a href=""media/ecom/colselxl/digital_colour_card_Ri_Mark_Optima.pdf"" target=""_blank""><img
style=""border: 0px solid ; width: 200px; height: 60px;"" alt=""R-Mark Optima Colour Selector""
src=""media/ecom/onpagegraphics/Colour.png""></a></ul>
</body>","SC452_Violet.png","SC452_Violet.png","INVITEMS","DEFAULT-SC452-DEFAULT-SC452","","","0","0","0","","1","REGONLY","0","0","0","0","","","","SELECT","SELECT","0","","","","","0","0","","income-service","","","0","0","","","","","Ritrama_O_Range","Ritrama_O_Range","","","0","900EMT1220, 4075CT1220, 903C1220, Aslan_Red_Devil_Squeegee, Olfa_X_Design_Heavy_Duty_Knife, Masking_Tape_25mm, Aslan-Gold-Soft-Squeegee, Olfa_Graphic_Cutter, Swann_Morton_3_Handle, Swann_Morton_10A_Blades, Float_On","900EMT1220, 4075CT1220, 903C1220, Aslan_Red_Devil_Squeegee, Olfa_X_Design_Heavy_Duty_Knife, Masking_Tape_25mm, Aslan-Gold-Soft-Squeegee, Olfa_Graphic_Cutter, Swann_Morton_3_Handle, Swann_Morton_10A_Blades, Float_On","A","superuser","","","","Reds, Blues, Colours","Gloss","","","","","","","","","Ri-Mark-Optima-452-Violet","0","ritrama, fedrigoni, o range, sc452, polymeric, o series, o grade, optima, orange, o-range, polymericvinyl, vinyl, pvc, poly vinyl, durable vinyl, ri-mark, rimark, ri mark, violet, 452,  


","","","1556723902","0","","0","","CHECKBOX"
"SC454","Ri-Mark Optima 454 Lilac","SC454","Ritrama","220","0","DEFAULT","","","","","0","Ri-Mark Optima 454 Lilac polymeric self-adhesive vinyl is suitable for medium to long term signage and advertising on to flat and 2D convex surfaces.","<html>
<head><title>Ri-Mark Optima 454 Lilac</title>

<style>
.responsive {
  width: 50%;
  height: auto;
}
</style>
</head>

<body>
<img src=""media/ecom/onpagegraphics/Fedrigoni_Logo.jpg"" alt=""Fedrigoni Logo"" class=""responsive"">
<p>Ri-Mark Optima 454 Lilac polymeric self-adhesive vinyl is suitable for medium to long term signage and advertising on to flat and 2D convex surfaces.</p>

<span style=""font-weight: bold; color: #d7328a;"">Structure:</span><br>
<ul><li>75<span>&#181;</span>m Polymeric calendered PVC</li>
<li>Transparent water based adhesive - Permanent</li>
<li>Clay coated kraft paper liner - 120gm<sup>2</sup>, grey back printed
</li></ul>

<span style=""font-weight: bold; color: #d7328a;"">Suitability:</span><br>
<ul><li>Excellent for applying to flat and 2D convex surfaces (for deeply concave surfaces or corrugations this vinyl should be cut and applied with an overlap)</li>
<li>UV stabilised material designed for exterior or interior signage and displays</li>
<li>The high gloss face film has a high level of opacity and is engineered to enhance corporate branding projects</li>
<li>Outdoor durability of up to 5 years</li></ul>

<span style=""font-weight: bold; color: #d7328a;"">Advantages:</span><br>
<ul><li>Cohesive water based adhesive provides good dimensional stability and water resistance for long term durability</li>
<li>This film is available with a standard kraft liner that allows for wet or dry application</li>
<li>Designed for trouble free plotting</li>
<li>REACH & RoHS compliant</li></ul>

<span style=""font-weight: bold; color: #d7328a;"">Technical Information:</span><br>
<ul>
<a href=""media/ecom/pdfs/datasheets/TDS_Ri_MarkOptima_uk_issue1_5d8e.pdf"" target=""_blank""><img
style=""border: 0px solid ; width: 200px; height: 60px;"" alt=""Ri-Mark Optima Datasheet""
src=""media/ecom/onpagegraphics/Datasheet.png""></a>
<a href=""media/ecom/colselxl/digital_colour_card_Ri_Mark_Optima.pdf"" target=""_blank""><img
style=""border: 0px solid ; width: 200px; height: 60px;"" alt=""R-Mark Optima Colour Selector""
src=""media/ecom/onpagegraphics/Colour.png""></a></ul>
</body>
</html>","SC454_Lilac.png","SC454_Lilac.png","INVITEMS","DEFAULT-SC454-DEFAULT-SC454","","","0","0","0","","1","REGONLY","0","0","0","0","","","","SELECT","SELECT","0","","","","","0","0","","income-service","","","0","0","","","","","Ritrama_O_Range","Ritrama_O_Range","","","0","900EMT1220, 4075CT1220, 903C1220, Aslan_Red_Devil_Squeegee, Olfa_X_Design_Heavy_Duty_Knife, Masking_Tape_25mm, Aslan-Gold-Soft-Squeegee, Olfa_Graphic_Cutter, Swann_Morton_3_Handle, Swann_Morton_10A_Blades, Float_On","900EMT1220, 4075CT1220, 903C1220, Aslan_Red_Devil_Squeegee, Olfa_X_Design_Heavy_Duty_Knife, Masking_Tape_25mm, Aslan-Gold-Soft-Squeegee, Olfa_Graphic_Cutter, Swann_Morton_3_Handle, Swann_Morton_10A_Blades, Float_On","A","superuser","","","","Reds, Blues, Colours","Gloss","","","","","","","","","Ri-Mark-Optima-454-Lilac","0","ritrama, fedrigoni, o range, sc454, polymeric, o series, o grade, optima, orange, o-range, polymericvinyl, vinyl, pvc, poly vinyl, durable vinyl, ri-mark, rimark, ri mark, 454, lilac, 

","","","1556723914","0","","0","","CHECKBOX"
"SC455"," Ri-Mark Optima 455 Lavender","SC455","Ritrama","230","0","DEFAULT","","","","","0","Ri-Mark Optima 455 Lavender polymeric self-adhesive vinyl is suitable for medium to long term signage and advertising on to flat and 2D convex surfaces.","<html>
<head><title>Ri-Mark Optima 455 Lavender</title>

<style>
.responsive {
  width: 50%;
  height: auto;
}
</style>
</head>

<body>
<img src=""media/ecom/onpagegraphics/Fedrigoni_Logo.jpg"" alt=""Fedrigoni Logo"" class=""responsive"">
<p>Ri-Mark Optima 455 Lavender polymeric self-adhesive vinyl is suitable for medium to long term signage and advertising on to flat and 2D convex surfaces.</p>

<span style=""font-weight: bold; color: #d7328a;"">Structure:</span><br>
<ul><li>75<span>&#181;</span>m Polymeric calendered PVC</li>
<li>Transparent water based adhesive - Permanent</li>
<li>Clay coated kraft paper liner - 120gm<sup>2</sup>, grey back printed
</li></ul>

<span style=""font-weight: bold; color: #d7328a;"">Suitability:</span><br>
<ul><li>Excellent for applying to flat and 2D convex surfaces (for deeply concave surfaces or corrugations this vinyl should be cut and applied with an overlap)</li>
<li>UV stabilised material designed for exterior or interior signage and displays</li>
<li>The high gloss face film has a high level of opacity and is engineered to enhance corporate branding projects</li>
<li>Outdoor durability of up to 5 years</li></ul>

<span style=""font-weight: bold; color: #d7328a;"">Advantages:</span><br>
<ul><li>Cohesive water based adhesive provides good dimensional stability and water resistance for long term durability</li>
<li>This film is available with a standard kraft liner that allows for wet or dry application</li>
<li>Designed for trouble free plotting</li>
<li>REACH & RoHS compliant</li></ul>

<span style=""font-weight: bold; color: #d7328a;"">Technical Information:</span><br>
<ul>
<a href=""media/ecom/pdfs/datasheets/TDS_Ri_MarkOptima_uk_issue1_5d8e.pdf"" target=""_blank""><img
style=""border: 0px solid ; width: 200px; height: 60px;"" alt=""Ri-Mark Optima Datasheet""
src=""media/ecom/onpagegraphics/Datasheet.png""></a>
<a href=""media/ecom/colselxl/digital_colour_card_Ri_Mark_Optima.pdf"" target=""_blank""><img
style=""border: 0px solid ; width: 200px; height: 60px;"" alt=""R-Mark Optima Colour Selector""
src=""media/ecom/onpagegraphics/Colour.png""></a></ul>
</body>
</html>","SC455_Lavender.png","SC455_Lavender.png","INVITEMS","DEFAULT-SC455-DEFAULT-SC455","","","0","0","0","","1","REGONLY","0","0","0","0","","","","SELECT","SELECT","0","","","","","0","0","","income-service","","","0","0","","","","","Ritrama_O_Range","Ritrama_O_Range","","","0","900EMT1220, 4075CT1220, 903C1220, Aslan_Red_Devil_Squeegee, Olfa_X_Design_Heavy_Duty_Knife, Masking_Tape_25mm, Aslan-Gold-Soft-Squeegee, Olfa_Graphic_Cutter, Swann_Morton_3_Handle, Swann_Morton_10A_Blades, Float_On","900EMT1220, 4075CT1220, 903C1220, Aslan_Red_Devil_Squeegee, Olfa_X_Design_Heavy_Duty_Knife, Masking_Tape_25mm, Aslan-Gold-Soft-Squeegee, Olfa_Graphic_Cutter, Swann_Morton_3_Handle, Swann_Morton_10A_Blades, Float_On","A","superuser","","","","Reds, Blues, Colours","Gloss","","","","","","","","","Ri-Mark-Optima-455-Lavender","0","ritrama, fedrigoni, o range, sc455, polymeric, o series, o grade, optima, orange, o-range, polymericvinyl, vinyl, pvc, poly vinyl, durable vinyl, ri-mark, rimark, ri mark, lavender, 455, 


","","","1556723927","0","","0","","CHECKBOX"
"SC457","Ri-Mark Optima 457 Ice Blue","SC457","Ritrama","340","0","DEFAULT","","","","","0","Ri-Mark Optima 457 Ice Blue polymeric self-adhesive vinyl is suitable for medium to long term signage and advertising on to flat and 2D convex surfaces.","<html>
<head><title>Ri-Mark Optima 457 Ice Blue</title>

<style>
.responsive {
  width: 50%;
  height: auto;
}
</style>
</head>

<body>
<img src=""media/ecom/onpagegraphics/Fedrigoni_Logo.jpg"" alt=""Fedrigoni Logo"" class=""responsive"">
<p>Ri-Mark Optima 457 Ice Blue polymeric self-adhesive vinyl is suitable for medium to long term signage and advertising on to flat and 2D convex surfaces.</p>

<span style=""font-weight: bold; color: #d7328a;"">Structure:</span><br>
<ul><li>75<span>&#181;</span>m Polymeric calendered PVC</li>
<li>Transparent water based adhesive - Permanent</li>
<li>Clay coated kraft paper liner - 120gm<sup>2</sup>, grey back printed
</li></ul>

<span style=""font-weight: bold; color: #d7328a;"">Suitability:</span><br>
<ul><li>Excellent for applying to flat and 2D convex surfaces (for deeply concave surfaces or corrugations this vinyl should be cut and applied with an overlap)</li>
<li>UV stabilised material designed for exterior or interior signage and displays</li>
<li>The high gloss face film has a high level of opacity and is engineered to enhance corporate branding projects</li>
<li>Outdoor durability of up to 5 years</li></ul>

<span style=""font-weight: bold; color: #d7328a;"">Advantages:</span><br>
<ul><li>Cohesive water based adhesive provides good dimensional stability and water resistance for long term durability</li>
<li>This film is available with a standard kraft liner that allows for wet or dry application</li>
<li>Designed for trouble free plotting</li>
<li>REACH & RoHS compliant</li></ul>

<span style=""font-weight: bold; color: #d7328a;"">Technical Information:</span><br>
<ul>
<a href=""media/ecom/pdfs/datasheets/TDS_Ri_MarkOptima_uk_issue1_5d8e.pdf"" target=""_blank""><img
style=""border: 0px solid ; width: 200px; height: 60px;"" alt=""Ri-Mark Optima Datasheet""
src=""media/ecom/onpagegraphics/Datasheet.png""></a>
<a href=""media/ecom/colselxl/digital_colour_card_Ri_Mark_Optima.pdf"" target=""_blank""><img
style=""border: 0px solid ; width: 200px; height: 60px;"" alt=""R-Mark Optima Colour Selector""
src=""media/ecom/onpagegraphics/Colour.png""></a></ul>
</body>
</html>","SC457_Ice_Blue.png","SC457_Ice_Blue.png","INVITEMS","DEFAULT-SC457-DEFAULT-SC457","","","0","0","0","","1","REGONLY","0","0","0","0","","","","SELECT","SELECT","0","","","","","0","0","","income-service","","","0","0","","","","","Ritrama_O_Range","Ritrama_O_Range","","","0","900EMT1220, 4075CT1220, 903C1220, Aslan_Red_Devil_Squeegee, Olfa_X_Design_Heavy_Duty_Knife, Masking_Tape_25mm, Aslan-Gold-Soft-Squeegee, Olfa_Graphic_Cutter, Swann_Morton_3_Handle, Swann_Morton_10A_Blades, Float_On","900EMT1220, 4075CT1220, 903C1220, Aslan_Red_Devil_Squeegee, Olfa_X_Design_Heavy_Duty_Knife, Masking_Tape_25mm, Aslan-Gold-Soft-Squeegee, Olfa_Graphic_Cutter, Swann_Morton_3_Handle, Swann_Morton_10A_Blades, Float_On","A","superuser","","","","Blues, Colours","Gloss","","","","","","","","","Ri-Mark-Optima-457-Ice-Blue","0","ritrama, fedrigoni, o range, sc457, polymeric, o series, o grade, optima, orange, o-range, polymericvinyl, vinyl, pvc, poly vinyl, durable vinyl, ri-mark, rimark, ri mark, blue, 457, ice blue, iceblue,  


","","","1556723940","0","","0","","CHECKBOX"
"SC458","Ri-Mark Optima 458 Olympic Blue","SC458","Ritrama","330","0","DEFAULT","","","","","0","Ri-Mark Optima 458 Olympic Blue polymeric self-adhesive vinyl is suitable for medium to long term signage and advertising on to flat and 2D convex surfaces.","<html>
<head><title>Ri-Mark Optima 458 Olympic Blue</title>

<style>
.responsive {
  width: 50%;
  height: auto;
}
</style>
</head>

<body>
<img src=""media/ecom/onpagegraphics/Fedrigoni_Logo.jpg"" alt=""Fedrigoni Logo"" class=""responsive"">
<p>Ri-Mark Optima 458 Olympic Blue polymeric self-adhesive vinyl is suitable for medium to long term signage and advertising on to flat and 2D convex surfaces.</p>

<span style=""font-weight: bold; color: #d7328a;"">Structure:</span><br>
<ul><li>75<span>&#181;</span>m Polymeric calendered PVC</li>
<li>Transparent water based adhesive - Permanent</li>
<li>Clay coated kraft paper liner - 120gm<sup>2</sup>, grey back printed
</li></ul>

<span style=""font-weight: bold; color: #d7328a;"">Suitability:</span><br>
<ul><li>Excellent for applying to flat and 2D convex surfaces (for deeply concave surfaces or corrugations this vinyl should be cut and applied with an overlap)</li>
<li>UV stabilised material designed for exterior or interior signage and displays</li>
<li>The high gloss face film has a high level of opacity and is engineered to enhance corporate branding projects</li>
<li>Outdoor durability of up to 5 years</li></ul>

<span style=""font-weight: bold; color: #d7328a;"">Advantages:</span><br>
<ul><li>Cohesive water based adhesive provides good dimensional stability and water resistance for long term durability</li>
<li>This film is available with a standard kraft liner that allows for wet or dry application</li>
<li>Designed for trouble free plotting</li>
<li>REACH & RoHS compliant</li></ul>

<span style=""font-weight: bold; color: #d7328a;"">Technical Information:</span><br>
<ul>
<a href=""media/ecom/pdfs/datasheets/TDS_Ri_MarkOptima_uk_issue1_5d8e.pdf"" target=""_blank""><img
style=""border: 0px solid ; width: 200px; height: 60px;"" alt=""Ri-Mark Optima Datasheet""
src=""media/ecom/onpagegraphics/Datasheet.png""></a>
<a href=""media/ecom/colselxl/digital_colour_card_Ri_Mark_Optima.pdf"" target=""_blank""><img
style=""border: 0px solid ; width: 200px; height: 60px;"" alt=""R-Mark Optima Colour Selector""
src=""media/ecom/onpagegraphics/Colour.png""></a></ul>
</body>
</html>","SC458_Olympic_Blue.png","SC458_Olympic_Blue.png","INVITEMS","DEFAULT-SC458-DEFAULT-SC458","","","0","0","0","","1","REGONLY","0","0","0","0","","","","SELECT","SELECT","0","","","","","0","0","","income-service","","","0","0","","","","","Ritrama_O_Range","Ritrama_O_Range","","","0","900EMT1220, 4075CT1220, 903C1220, Aslan_Red_Devil_Squeegee, Olfa_X_Design_Heavy_Duty_Knife, Masking_Tape_25mm, Aslan-Gold-Soft-Squeegee, Olfa_Graphic_Cutter, Swann_Morton_3_Handle, Swann_Morton_10A_Blades, Float_On","900EMT1220, 4075CT1220, 903C1220, Aslan_Red_Devil_Squeegee, Olfa_X_Design_Heavy_Duty_Knife, Masking_Tape_25mm, Aslan-Gold-Soft-Squeegee, Olfa_Graphic_Cutter, Swann_Morton_3_Handle, Swann_Morton_10A_Blades, Float_On","A","superuser","","","","Blues, Colours","Gloss","","","","","","","","","Ri-Mark-Optima-458-Olympic-Blue","0","ritrama, fedrigoni, o range, sc458, polymeric, o series, o grade, optima, orange, o-range, polymericvinyl, vinyl, pvc, poly vinyl, durable vinyl, ri-mark, rimark, ri mark, blue, 458, olympic blue, olympicblue,  
","","","1556723952","0","","0","","CHECKBOX"
"SC459","Ri-Mark Optima 459 Azure Blue","SC459","Ritrama","320","0","DEFAULT","","","","","0","Ri-Mark Optima 459 Azure Blue polymeric self-adhesive vinyl is suitable for medium to long term signage and advertising on to flat and 2D convex surfaces.","<html>
<head><title>Ri-Mark Optima 459 Azure Blue</title>

<style>
.responsive {
  width: 50%;
  height: auto;
}
</style>
</head>

<body>
<img src=""media/ecom/onpagegraphics/Fedrigoni_Logo.jpg"" alt=""Fedrigoni Logo"" class=""responsive"">
<p>Ri-Mark Optima 459 Azure Blue polymeric self-adhesive vinyl is suitable for medium to long term signage and advertising on to flat and 2D convex surfaces.</p>

<span style=""font-weight: bold; color: #d7328a;"">Structure:</span><br>
<ul><li>75<span>&#181;</span>m Polymeric calendered PVC</li>
<li>Transparent water based adhesive - Permanent</li>
<li>Clay coated kraft paper liner - 120gm<sup>2</sup>, grey back printed
</li></ul>

<span style=""font-weight: bold; color: #d7328a;"">Suitability:</span><br>
<ul><li>Excellent for applying to flat and 2D convex surfaces (for deeply concave surfaces or corrugations this vinyl should be cut and applied with an overlap)</li>
<li>UV stabilised material designed for exterior or interior signage and displays</li>
<li>The high gloss face film has a high level of opacity and is engineered to enhance corporate branding projects</li>
<li>Outdoor durability of up to 5 years</li></ul>

<span style=""font-weight: bold; color: #d7328a;"">Advantages:</span><br>
<ul><li>Cohesive water based adhesive provides good dimensional stability and water resistance for long term durability</li>
<li>This film is available with a standard kraft liner that allows for wet or dry application</li>
<li>Designed for trouble free plotting</li>
<li>REACH & RoHS compliant</li></ul>

<span style=""font-weight: bold; color: #d7328a;"">Technical Information:</span><br>
<ul>
<a href=""media/ecom/pdfs/datasheets/TDS_Ri_MarkOptima_uk_issue1_5d8e.pdf"" target=""_blank""><img
style=""border: 0px solid ; width: 200px; height: 60px;"" alt=""Ri-Mark Optima Datasheet""
src=""media/ecom/onpagegraphics/Datasheet.png""></a>
<a href=""media/ecom/colselxl/digital_colour_card_Ri_Mark_Optima.pdf"" target=""_blank""><img
style=""border: 0px solid ; width: 200px; height: 60px;"" alt=""R-Mark Optima Colour Selector""
src=""media/ecom/onpagegraphics/Colour.png""></a></ul>
</body>
</html>","SC459_Azure_Blue.png","SC459_Azure_Blue.png","INVITEMS","DEFAULT-SC459-DEFAULT-SC459","","","0","0","0","","1","REGONLY","0","0","0","0","","","","SELECT","SELECT","0","","","","","0","0","","income-service","","","0","0","","","","","Ritrama_O_Range","Ritrama_O_Range","","","0","900EMT1220, 4075CT1220, 903C1220, Aslan_Red_Devil_Squeegee, Olfa_X_Design_Heavy_Duty_Knife, Masking_Tape_25mm, Aslan-Gold-Soft-Squeegee, Olfa_Graphic_Cutter, Swann_Morton_3_Handle, Swann_Morton_10A_Blades, Float_On","900EMT1220, 4075CT1220, 903C1220, Aslan_Red_Devil_Squeegee, Olfa_X_Design_Heavy_Duty_Knife, Masking_Tape_25mm, Aslan-Gold-Soft-Squeegee, Olfa_Graphic_Cutter, Swann_Morton_3_Handle, Swann_Morton_10A_Blades, Float_On","A","superuser","","","","Blues, Colours","Gloss","","","","","","","","","Ri-Mark-Optima-459-Azure-Blue","0","ritrama, fedrigoni, o range, sc459, polymeric, o series, o grade, optima, orange, o-range, polymericvinyl, vinyl, pvc, poly vinyl, durable vinyl, ri-mark, rimark, ri mark, blue, 459, azure blue, azureblue,  
","","","1556723965","0","","0","","CHECKBOX"
"SC460","Ri-Mark Optima 460 Permanent Blue","SC460","Ritrama","310","0","DEFAULT","","","","","0","Ri-Mark Optima 460 Permanent Blue polymeric self-adhesive vinyl is suitable for medium to long term signage and advertising on to flat and 2D convex surfaces.","<html>
<head><title>Ri-Mark Optima 460 Permanent Blue</title>

<style>
.responsive {
  width: 50%;
  height: auto;
}
</style>
</head>

<body>
<img src=""media/ecom/onpagegraphics/Fedrigoni_Logo.jpg"" alt=""Fedrigoni Logo"" class=""responsive"">
<p>Ri-Mark Optima 460 Permanent Blue polymeric self-adhesive vinyl is suitable for medium to long term signage and advertising on to flat and 2D convex surfaces.</p>

<span style=""font-weight: bold; color: #d7328a;"">Structure:</span><br>
<ul><li>75<span>&#181;</span>m Polymeric calendered PVC</li>
<li>Transparent water based adhesive - Permanent</li>
<li>Clay coated kraft paper liner - 120gm<sup>2</sup>, grey back printed
</li></ul>

<span style=""font-weight: bold; color: #d7328a;"">Suitability:</span><br>
<ul><li>Excellent for applying to flat and 2D convex surfaces (for deeply concave surfaces or corrugations this vinyl should be cut and applied with an overlap)</li>
<li>UV stabilised material designed for exterior or interior signage and displays</li>
<li>The high gloss face film has a high level of opacity and is engineered to enhance corporate branding projects</li>
<li>Outdoor durability of up to 5 years</li></ul>

<span style=""font-weight: bold; color: #d7328a;"">Advantages:</span><br>
<ul><li>Cohesive water based adhesive provides good dimensional stability and water resistance for long term durability</li>
<li>This film is available with a standard kraft liner that allows for wet or dry application</li>
<li>Designed for trouble free plotting</li>
<li>REACH & RoHS compliant</li></ul>

<span style=""font-weight: bold; color: #d7328a;"">Technical Information:</span><br>
<ul>
<a href=""media/ecom/pdfs/datasheets/TDS_Ri_MarkOptima_uk_issue1_5d8e.pdf"" target=""_blank""><img
style=""border: 0px solid ; width: 200px; height: 60px;"" alt=""Ri-Mark Optima Datasheet""
src=""media/ecom/onpagegraphics/Datasheet.png""></a>
<a href=""media/ecom/colselxl/digital_colour_card_Ri_Mark_Optima.pdf"" target=""_blank""><img
style=""border: 0px solid ; width: 200px; height: 60px;"" alt=""R-Mark Optima Colour Selector""
src=""media/ecom/onpagegraphics/Colour.png""></a></ul>
</body>
</html>","SC460_Permanent_Blue.png","SC460_Permanent_Blue.png","INVITEMS","DEFAULT-SC460-DEFAULT-SC460","","","0","0","0","","1","REGONLY","0","0","0","0","","","","SELECT","SELECT","0","","","","","0","0","","income-service","","","0","0","","","","","Ritrama_O_Range","Ritrama_O_Range","","","0","900EMT1220, 4075CT1220, 903C1220, Aslan_Red_Devil_Squeegee, Olfa_X_Design_Heavy_Duty_Knife, Masking_Tape_25mm, Aslan-Gold-Soft-Squeegee, Olfa_Graphic_Cutter, Swann_Morton_3_Handle, Swann_Morton_10A_Blades, Float_On","900EMT1220, 4075CT1220, 903C1220, Aslan_Red_Devil_Squeegee, Olfa_X_Design_Heavy_Duty_Knife, Masking_Tape_25mm, Aslan-Gold-Soft-Squeegee, Olfa_Graphic_Cutter, Swann_Morton_3_Handle, Swann_Morton_10A_Blades, Float_On","A","superuser","","","","Blues, Colours","Gloss","","","","","","","","","Ri-Mark-Optima-460-Permanent-Blue","0","ritrama, fedrigoni, o range, sc460, polymeric, o series, o grade, optima, orange, o-range, polymericvinyl, vinyl, pvc, poly vinyl, durable vinyl, ri-mark, rimark, ri mark, blue, 460, permanent blue, permanentblue,  

","","","1556723985","0","","0","","CHECKBOX"
"SC464","Ri-Mark Optima 464 Marine Blue","SC464","Ritrama","300","0","DEFAULT","","","","","0","Ri-Mark Optima 464 Marine Blue polymeric self-adhesive vinyl is suitable for medium to long term signage and advertising on to flat and 2D convex surfaces.","<html>
<head><title>Ri-Mark Optima 464 Marine Blue</title>

<style>
.responsive {
  width: 50%;
  height: auto;
}
</style>
</head>

<body>
<img src=""media/ecom/onpagegraphics/Fedrigoni_Logo.jpg"" alt=""Fedrigoni Logo"" class=""responsive"">
<p>Ri-Mark Optima 464 Marine Blue polymeric self-adhesive vinyl is suitable for medium to long term signage and advertising on to flat and 2D convex surfaces.</p>

<span style=""font-weight: bold; color: #d7328a;"">Structure:</span><br>
<ul><li>75<span>&#181;</span>m Polymeric calendered PVC</li>
<li>Transparent water based adhesive - Permanent</li>
<li>Clay coated kraft paper liner - 120gm<sup>2</sup>, grey back printed
</li></ul>

<span style=""font-weight: bold; color: #d7328a;"">Suitability:</span><br>
<ul><li>Excellent for applying to flat and 2D convex surfaces (for deeply concave surfaces or corrugations this vinyl should be cut and applied with an overlap)</li>
<li>UV stabilised material designed for exterior or interior signage and displays</li>
<li>The high gloss face film has a high level of opacity and is engineered to enhance corporate branding projects</li>
<li>Outdoor durability of up to 5 years</li></ul>

<span style=""font-weight: bold; color: #d7328a;"">Advantages:</span><br>
<ul><li>Cohesive water based adhesive provides good dimensional stability and water resistance for long term durability</li>
<li>This film is available with a standard kraft liner that allows for wet or dry application</li>
<li>Designed for trouble free plotting</li>
<li>REACH & RoHS compliant</li></ul>

<span style=""font-weight: bold; color: #d7328a;"">Technical Information:</span><br>
<ul>
<a href=""media/ecom/pdfs/datasheets/TDS_Ri_MarkOptima_uk_issue1_5d8e.pdf"" target=""_blank""><img
style=""border: 0px solid ; width: 200px; height: 60px;"" alt=""Ri-Mark Optima Datasheet""
src=""media/ecom/onpagegraphics/Datasheet.png""></a>
<a href=""media/ecom/colselxl/digital_colour_card_Ri_Mark_Optima.pdf"" target=""_blank""><img
style=""border: 0px solid ; width: 200px; height: 60px;"" alt=""R-Mark Optima Colour Selector""
src=""media/ecom/onpagegraphics/Colour.png""></a></ul>
</body>
</html>","SC464_Marine_Blue.png","SC464_Marine_Blue.png","INVITEMS","DEFAULT-SC464-DEFAULT-SC464","","","0","0","0","","1","REGONLY","0","0","0","0","","","","SELECT","SELECT","0","","","","","0","0","","income-service","","","0","0","","","","","Ritrama_O_Range","Ritrama_O_Range","","","0","900EMT1220, 4075CT1220, 903C1220, Aslan_Red_Devil_Squeegee, Olfa_X_Design_Heavy_Duty_Knife, Masking_Tape_25mm, Aslan-Gold-Soft-Squeegee, Olfa_Graphic_Cutter, Swann_Morton_3_Handle, Swann_Morton_10A_Blades, Float_On","900EMT1220, 4075CT1220, 903C1220, Aslan_Red_Devil_Squeegee, Olfa_X_Design_Heavy_Duty_Knife, Masking_Tape_25mm, Aslan-Gold-Soft-Squeegee, Olfa_Graphic_Cutter, Swann_Morton_3_Handle, Swann_Morton_10A_Blades, Float_On","A","superuser","","","","Blues, Colours","Gloss","","","","","","","","","Ri-Mark-Optima-464-Marine-Blue","0","ritrama, fedrigoni, o range, sc464, polymeric, o series, o grade, optima, orange, o-range, polymericvinyl, vinyl, pvc, poly vinyl, durable vinyl, ri-mark, rimark, ri mark, blue, 464, marine blue, marineblue,  

","","","1556723997","0","","0","","CHECKBOX"
"SC466","Ri-Mark Optima 466 Vivid Blue","SC466","Ritrama","290","0","DEFAULT","","","","","0","Ri-Mark Optima 466 Vivid Blue polymeric self-adhesive vinyl is suitable for medium to long term signage and advertising on to flat and 2D convex surfaces.","<html>
<head><title>Ri-Mark Optima 466 Vivid Blue</title>

<style>
.responsive {
  width: 50%;
  height: auto;
}
</style>
</head>

<body>
<img src=""media/ecom/onpagegraphics/Fedrigoni_Logo.jpg"" alt=""Fedrigoni Logo"" class=""responsive"">
<p>Ri-Mark Optima 466 Vivid Blue polymeric self-adhesive vinyl is suitable for medium to long term signage and advertising on to flat and 2D convex surfaces.</p>

<span style=""font-weight: bold; color: #d7328a;"">Structure:</span><br>
<ul><li>75<span>&#181;</span>m Polymeric calendered PVC</li>
<li>Transparent water based adhesive - Permanent</li>
<li>Clay coated kraft paper liner - 120gm<sup>2</sup>, grey back printed
</li></ul>

<span style=""font-weight: bold; color: #d7328a;"">Suitability:</span><br>
<ul><li>Excellent for applying to flat and 2D convex surfaces (for deeply concave surfaces or corrugations this vinyl should be cut and applied with an overlap)</li>
<li>UV stabilised material designed for exterior or interior signage and displays</li>
<li>The high gloss face film has a high level of opacity and is engineered to enhance corporate branding projects</li>
<li>Outdoor durability of up to 5 years</li></ul>

<span style=""font-weight: bold; color: #d7328a;"">Advantages:</span><br>
<ul><li>Cohesive water based adhesive provides good dimensional stability and water resistance for long term durability</li>
<li>This film is available with a standard kraft liner that allows for wet or dry application</li>
<li>Designed for trouble free plotting</li>
<li>REACH & RoHS compliant</li></ul>

<span style=""font-weight: bold; color: #d7328a;"">Technical Information:</span><br>
<ul>
<a href=""media/ecom/pdfs/datasheets/TDS_Ri_MarkOptima_uk_issue1_5d8e.pdf"" target=""_blank""><img
style=""border: 0px solid ; width: 200px; height: 60px;"" alt=""Ri-Mark Optima Datasheet""
src=""media/ecom/onpagegraphics/Datasheet.png""></a>
<a href=""media/ecom/colselxl/digital_colour_card_Ri_Mark_Optima.pdf"" target=""_blank""><img
style=""border: 0px solid ; width: 200px; height: 60px;"" alt=""R-Mark Optima Colour Selector""
src=""media/ecom/onpagegraphics/Colour.png""></a></ul>
</body>
</html>","SC466_Vivid_Blue.png","SC466_Vivid_Blue.png","INVITEMS","DEFAULT-SC466-DEFAULT-SC466","","","0","0","0","","1","REGONLY","0","0","0","0","","","","SELECT","SELECT","0","","","","","0","0","","income-service","","","0","0","","","","","Ritrama_O_Range","Ritrama_O_Range","","","0","900EMT1220, 4075CT1220, 903C1220, Aslan_Red_Devil_Squeegee, Olfa_X_Design_Heavy_Duty_Knife, Masking_Tape_25mm, Aslan-Gold-Soft-Squeegee, Olfa_Graphic_Cutter, Swann_Morton_3_Handle, Swann_Morton_10A_Blades, Float_On","900EMT1220, 4075CT1220, 903C1220, Aslan_Red_Devil_Squeegee, Olfa_X_Design_Heavy_Duty_Knife, Masking_Tape_25mm, Aslan-Gold-Soft-Squeegee, Olfa_Graphic_Cutter, Swann_Morton_3_Handle, Swann_Morton_10A_Blades, Float_On","A","superuser","","","","Blues, Colours","Gloss","","","","","","","","","Ri-Mark-Optima-466-Vivid-Blue","0","ritrama, fedrigoni, o range, sc466, polymeric, o series, o grade, optima, orange, o-range, polymericvinyl, vinyl, pvc, poly vinyl, durable vinyl, ri-mark, rimark, ri mark, blue, 466, vivid blue, vividblue,  

","","","1556724010","0","","0","","CHECKBOX"
"SC468","Ri-Mark Optima 468 Brilliant Blue","SC468","Ritrama","280","0","DEFAULT","","","","","0","Ri-Mark Optima 468 Brilliant Blue polymeric self-adhesive vinyl is suitable for medium to long term signage and advertising on to flat and 2D convex surfaces.","<html>
<head><title>Ri-Mark Optima 468 Brilliant Blue</title>

<style>
.responsive {
  width: 50%;
  height: auto;
}
</style>
</head>

<body>
<img src=""media/ecom/onpagegraphics/Fedrigoni_Logo.jpg"" alt=""Fedrigoni Logo"" class=""responsive"">
<p>Ri-Mark Optima 468 Brilliant Blue polymeric self-adhesive vinyl is suitable for medium to long term signage and advertising on to flat and 2D convex surfaces.</p>

<span style=""font-weight: bold; color: #d7328a;"">Structure:</span><br>
<ul><li>75<span>&#181;</span>m Polymeric calendered PVC</li>
<li>Transparent water based adhesive - Permanent</li>
<li>Clay coated kraft paper liner - 120gm<sup>2</sup>, grey back printed
</li></ul>

<span style=""font-weight: bold; color: #d7328a;"">Suitability:</span><br>
<ul><li>Excellent for applying to flat and 2D convex surfaces (for deeply concave surfaces or corrugations this vinyl should be cut and applied with an overlap)</li>
<li>UV stabilised material designed for exterior or interior signage and displays</li>
<li>The high gloss face film has a high level of opacity and is engineered to enhance corporate branding projects</li>
<li>Outdoor durability of up to 5 years</li></ul>

<span style=""font-weight: bold; color: #d7328a;"">Advantages:</span><br>
<ul><li>Cohesive water based adhesive provides good dimensional stability and water resistance for long term durability</li>
<li>This film is available with a standard kraft liner that allows for wet or dry application</li>
<li>Designed for trouble free plotting</li>
<li>REACH & RoHS compliant</li></ul>

<span style=""font-weight: bold; color: #d7328a;"">Technical Information:</span><br>
<ul>
<a href=""media/ecom/pdfs/datasheets/TDS_Ri_MarkOptima_uk_issue1_5d8e.pdf"" target=""_blank""><img
style=""border: 0px solid ; width: 200px; height: 60px;"" alt=""Ri-Mark Optima Datasheet""
src=""media/ecom/onpagegraphics/Datasheet.png""></a>
<a href=""media/ecom/colselxl/digital_colour_card_Ri_Mark_Optima.pdf"" target=""_blank""><img
style=""border: 0px solid ; width: 200px; height: 60px;"" alt=""R-Mark Optima Colour Selector""
src=""media/ecom/onpagegraphics/Colour.png""></a></ul>
</body>
</html>","SC468_Brilliant_Blue.png","SC468_Brilliant_Blue.png","INVITEMS","DEFAULT-SC468-DEFAULT-SC468","","","0","0","0","","1","REGONLY","0","0","0","0","","","","SELECT","SELECT","0","","","","","0","0","","income-service","","","0","0","","","","","Ritrama_O_Range","Ritrama_O_Range","","","0","900EMT1220, 4075CT1220, 903C1220, Aslan_Red_Devil_Squeegee, Olfa_X_Design_Heavy_Duty_Knife, Masking_Tape_25mm, Aslan-Gold-Soft-Squeegee, Olfa_Graphic_Cutter, Swann_Morton_3_Handle, Swann_Morton_10A_Blades, Float_On","900EMT1220, 4075CT1220, 903C1220, Aslan_Red_Devil_Squeegee, Olfa_X_Design_Heavy_Duty_Knife, Masking_Tape_25mm, Aslan-Gold-Soft-Squeegee, Olfa_Graphic_Cutter, Swann_Morton_3_Handle, Swann_Morton_10A_Blades, Float_On","A","superuser","","","","Blues, Colours","Gloss","","","","","","","","","Ri-Mark-Optima-468-Brilliant-Blue","0","ritrama, fedrigoni, o range, sc468, polymeric, o series, o grade, optima, orange, o-range, polymericvinyl, vinyl, pvc, poly vinyl, durable vinyl, ri-mark, rimark, ri mark, blue, 468, brilliant blue, brilliantblue,  


","","","1556724023","0","","0","","CHECKBOX"
"SC470","Ri-Mark Optima 470 Ultra Blue","SC470","Ritrama","270","0","DEFAULT","","","","","0","Ri-Mark Optima 470 Ultra Blue polymeric self-adhesive vinyl is suitable for medium to long term signage and advertising on to flat and 2D convex surfaces.","<html>
<head><title>Ri-Mark Optima 470 Ultra Blue</title>

<style>
.responsive {
  width: 50%;
  height: auto;
}
</style>
</head>

<body>
<img src=""media/ecom/onpagegraphics/Fedrigoni_Logo.jpg"" alt=""Fedrigoni Logo"" class=""responsive"">
<p>Ri-Mark Optima 470 Ultra Blue polymeric self-adhesive vinyl is suitable for medium to long term signage and advertising on to flat and 2D convex surfaces.</p>

<span style=""font-weight: bold; color: #d7328a;"">Structure:</span><br>
<ul><li>75<span>&#181;</span>m Polymeric calendered PVC</li>
<li>Transparent water based adhesive - Permanent</li>
<li>Clay coated kraft paper liner - 120gm<sup>2</sup>, grey back printed
</li></ul>

<span style=""font-weight: bold; color: #d7328a;"">Suitability:</span><br>
<ul><li>Excellent for applying to flat and 2D convex surfaces (for deeply concave surfaces or corrugations this vinyl should be cut and applied with an overlap)</li>
<li>UV stabilised material designed for exterior or interior signage and displays</li>
<li>The high gloss face film has a high level of opacity and is engineered to enhance corporate branding projects</li>
<li>Outdoor durability of up to 5 years</li></ul>

<span style=""font-weight: bold; color: #d7328a;"">Advantages:</span><br>
<ul><li>Cohesive water based adhesive provides good dimensional stability and water resistance for long term durability</li>
<li>This film is available with a standard kraft liner that allows for wet or dry application</li>
<li>Designed for trouble free plotting</li>
<li>REACH & RoHS compliant</li></ul>

<span style=""font-weight: bold; color: #d7328a;"">Technical Information:</span><br>
<ul>
<a href=""media/ecom/pdfs/datasheets/TDS_Ri_MarkOptima_uk_issue1_5d8e.pdf"" target=""_blank""><img
style=""border: 0px solid ; width: 200px; height: 60px;"" alt=""Ri-Mark Optima Datasheet""
src=""media/ecom/onpagegraphics/Datasheet.png""></a>
<a href=""media/ecom/colselxl/digital_colour_card_Ri_Mark_Optima.pdf"" target=""_blank""><img
style=""border: 0px solid ; width: 200px; height: 60px;"" alt=""R-Mark Optima Colour Selector""
src=""media/ecom/onpagegraphics/Colour.png""></a></ul>
</body>
</html>","SC470_Ultra_Blue.png","SC470_Ultra_Blue.png","INVITEMS","DEFAULT-SC470-DEFAULT-SC470","","","0","0","0","","1","REGONLY","0","0","0","0","","","","SELECT","SELECT","0","","","","","0","0","","income-service","","","0","0","","","","","Ritrama_O_Range","Ritrama_O_Range","","","0","900EMT1220, 4075CT1220, 903C1220, Aslan_Red_Devil_Squeegee, Olfa_X_Design_Heavy_Duty_Knife, Masking_Tape_25mm, Aslan-Gold-Soft-Squeegee, Olfa_Graphic_Cutter, Swann_Morton_3_Handle, Swann_Morton_10A_Blades, Float_On","900EMT1220, 4075CT1220, 903C1220, Aslan_Red_Devil_Squeegee, Olfa_X_Design_Heavy_Duty_Knife, Masking_Tape_25mm, Aslan-Gold-Soft-Squeegee, Olfa_Graphic_Cutter, Swann_Morton_3_Handle, Swann_Morton_10A_Blades, Float_On","A","superuser","","","","Blues, Colours","Gloss","","","","","","","","","Ri-Mark-Optima-470-Ultra-Blue","0","ritrama, fedrigoni, o range, sc470, polymeric, o series, o grade, optima, orange, o-range, polymericvinyl, vinyl, pvc, poly vinyl, durable vinyl, ri-mark, rimark, ri mark, blue, 470, ultra blue, ultrablue,  


","","","1556724050","0","","0","","CHECKBOX"
"SC471","Ri-Mark Optima 471 Gold","SC471","Ritrama","500","0","DEFAULT","","","","","0","Ri-Mark Optima 471 Gold polymeric self-adhesive vinyl is suitable for medium to long term signage and advertising on to flat and 2D convex surfaces.","<html>
<head><title>Ri-Mark Optima 471 Gold</title>

<style>
.responsive {
  width: 50%;
  height: auto;
}
</style>
</head>

<body>
<img src=""media/ecom/onpagegraphics/Fedrigoni_Logo.jpg"" alt=""Fedrigoni Logo"" class=""responsive"">
<p>Ri-Mark Optima 471 Gold polymeric self-adhesive vinyl is suitable for medium to long term signage and advertising on to flat and 2D convex surfaces.</p>

<span style=""font-weight: bold; color: #d7328a;"">Structure:</span><br>
<ul><li>75<span>&#181;</span>m Polymeric calendered PVC</li>
<li>Transparent water based adhesive - Permanent</li>
<li>Clay coated kraft paper liner - 120gm<sup>2</sup>, grey back printed
</li></ul>

<span style=""font-weight: bold; color: #d7328a;"">Suitability:</span><br>
<ul><li>Excellent for applying to flat and 2D convex surfaces (for deeply concave surfaces or corrugations this vinyl should be cut and applied with an overlap)</li>
<li>UV stabilised material designed for exterior or interior signage and displays</li>
<li>The high gloss face film has a high level of opacity and is engineered to enhance corporate branding projects</li>
<li>Outdoor durability of up to 5 years</li></ul>

<span style=""font-weight: bold; color: #d7328a;"">Advantages:</span><br>
<ul><li>Cohesive water based adhesive provides good dimensional stability and water resistance for long term durability</li>
<li>This film is available with a standard kraft liner that allows for wet or dry application</li>
<li>Designed for trouble free plotting</li>
<li>REACH & RoHS compliant</li></ul>

<span style=""font-weight: bold; color: #d7328a;"">Technical Information:</span><br>
<ul>
<a href=""media/ecom/pdfs/datasheets/TDS_Ri_MarkOptima_uk_issue1_5d8e.pdf"" target=""_blank""><img
style=""border: 0px solid ; width: 200px; height: 60px;"" alt=""Ri-Mark Optima Datasheet""
src=""media/ecom/onpagegraphics/Datasheet.png""></a>
<a href=""media/ecom/colselxl/digital_colour_card_Ri_Mark_Optima.pdf"" target=""_blank""><img
style=""border: 0px solid ; width: 200px; height: 60px;"" alt=""R-Mark Optima Colour Selector""
src=""media/ecom/onpagegraphics/Colour.png""></a></ul>
</body>
</html>","SC471_Gold.png","SC471_Gold.png","INVITEMS","DEFAULT-SC471-DEFAULT-SC471","","","0","0","0","","1","REGONLY","0","0","0","0","","","","SELECT","SELECT","0","","","","","0","0","","income-service","","","0","0","","","","","Ritrama_O_Range","Ritrama_O_Range","","","0","900EMT1220, 4075CT1220, 903C1220, Aslan_Red_Devil_Squeegee, Olfa_X_Design_Heavy_Duty_Knife, Masking_Tape_25mm, Aslan-Gold-Soft-Squeegee, Olfa_Graphic_Cutter, Swann_Morton_3_Handle, Swann_Morton_10A_Blades, Float_On","900EMT1220, 4075CT1220, 903C1220, Aslan_Red_Devil_Squeegee, Olfa_X_Design_Heavy_Duty_Knife, Masking_Tape_25mm, Aslan-Gold-Soft-Squeegee, Olfa_Graphic_Cutter, Swann_Morton_3_Handle, Swann_Morton_10A_Blades, Float_On","A","superuser","","","","Metallics","Gloss","","","","","","","","","Ri-Mark-Optima-471-Gold","0","ritrama, fedrigoni, o range, sc471, polymeric, o series, o grade, optima, orange, o-range, polymericvinyl, vinyl, pvc, poly vinyl, durable vinyl, ri-mark, rimark, ri mark, gold, 471,


","","","1556724064","0","","0","","CHECKBOX"
"SC472","Ri-Mark Optima 472 Dark Blue","SC472","Ritrama","260","0","DEFAULT","","","","","0","Ri-Mark Optima 472 Dark Blue polymeric self-adhesive vinyl is suitable for medium to long term signage and advertising on to flat and 2D convex surfaces.","<html>
<head><title>Ri-Mark Optima 472 Dark Blue</title>

<style>
.responsive {
  width: 50%;
  height: auto;
}
</style>
</head>

<body>
<img src=""media/ecom/onpagegraphics/Fedrigoni_Logo.jpg"" alt=""Fedrigoni Logo"" class=""responsive"">
<p>Ri-Mark Optima 472 Dark Blue polymeric self-adhesive vinyl is suitable for medium to long term signage and advertising on to flat and 2D convex surfaces.</p>

<span style=""font-weight: bold; color: #d7328a;"">Structure:</span><br>
<ul><li>75<span>&#181;</span>m Polymeric calendered PVC</li>
<li>Transparent water based adhesive - Permanent</li>
<li>Clay coated kraft paper liner - 120gm<sup>2</sup>, grey back printed
</li></ul>

<span style=""font-weight: bold; color: #d7328a;"">Suitability:</span><br>
<ul><li>Excellent for applying to flat and 2D convex surfaces (for deeply concave surfaces or corrugations this vinyl should be cut and applied with an overlap)</li>
<li>UV stabilised material designed for exterior or interior signage and displays</li>
<li>The high gloss face film has a high level of opacity and is engineered to enhance corporate branding projects</li>
<li>Outdoor durability of up to 5 years</li></ul>

<span style=""font-weight: bold; color: #d7328a;"">Advantages:</span><br>
<ul><li>Cohesive water based adhesive provides good dimensional stability and water resistance for long term durability</li>
<li>This film is available with a standard kraft liner that allows for wet or dry application</li>
<li>Designed for trouble free plotting</li>
<li>REACH & RoHS compliant</li></ul>

<span style=""font-weight: bold; color: #d7328a;"">Technical Information:</span><br>
<ul>
<a href=""media/ecom/pdfs/datasheets/TDS_Ri_MarkOptima_uk_issue1_5d8e.pdf"" target=""_blank""><img
style=""border: 0px solid ; width: 200px; height: 60px;"" alt=""Ri-Mark Optima Datasheet""
src=""media/ecom/onpagegraphics/Datasheet.png""></a>
<a href=""media/ecom/colselxl/digital_colour_card_Ri_Mark_Optima.pdf"" target=""_blank""><img
style=""border: 0px solid ; width: 200px; height: 60px;"" alt=""R-Mark Optima Colour Selector""
src=""media/ecom/onpagegraphics/Colour.png""></a></ul>
</body>
</html>","SC472_Dark_Blue.png","SC472_Dark_Blue.png","INVITEMS","DEFAULT-SC472-DEFAULT-SC472","","","0","0","0","","1","REGONLY","0","0","0","0","","","","SELECT","SELECT","0","","","","","0","0","","income-service","","","0","0","","","","","Ritrama_O_Range","Ritrama_O_Range","","","0","900EMT1220, 4075CT1220, 903C1220, Aslan_Red_Devil_Squeegee, Olfa_X_Design_Heavy_Duty_Knife, Masking_Tape_25mm, Aslan-Gold-Soft-Squeegee, Olfa_Graphic_Cutter, Swann_Morton_3_Handle, Swann_Morton_10A_Blades, Float_On","900EMT1220, 4075CT1220, 903C1220, Aslan_Red_Devil_Squeegee, Olfa_X_Design_Heavy_Duty_Knife, Masking_Tape_25mm, Aslan-Gold-Soft-Squeegee, Olfa_Graphic_Cutter, Swann_Morton_3_Handle, Swann_Morton_10A_Blades, Float_On","A","superuser","","","","Blues, Colours","Gloss","","","","","","","","","Ri-Mark-Optima-472-Dark-Blue","0","ritrama, fedrigoni, o range, sc472, polymeric, o series, o grade, optima, orange, o-range, polymericvinyl, vinyl, pvc, poly vinyl, durable vinyl, ri-mark, rimark, ri mark, blue, 472, dark blue, darkblue, 

","","","1556724078","0","","0","","CHECKBOX"
"SC474","Ri-Mark Optima 474 Copper","SC474","Ritrama","510","0","DEFAULT","","","","","0","Ri-Mark Optima 474 Copper polymeric self-adhesive vinyl is suitable for medium to long term signage and advertising on to flat and 2D convex surfaces.","<html>
<head><title>Ri-Mark Optima 474 Copper</title>

<style>
.responsive {
  width: 50%;
  height: auto;
}
</style>
</head>

<body>
<img src=""media/ecom/onpagegraphics/Fedrigoni_Logo.jpg"" alt=""Fedrigoni Logo"" class=""responsive"">
<p>Ri-Mark Optima 474 Copper polymeric self-adhesive vinyl is suitable for medium to long term signage and advertising on to flat and 2D convex surfaces.</p>

<span style=""font-weight: bold; color: #d7328a;"">Structure:</span><br>
<ul><li>75<span>&#181;</span>m Polymeric calendered PVC</li>
<li>Transparent water based adhesive - Permanent</li>
<li>Clay coated kraft paper liner - 120gm<sup>2</sup>, grey back printed
</li></ul>

<span style=""font-weight: bold; color: #d7328a;"">Suitability:</span><br>
<ul><li>Excellent for applying to flat and 2D convex surfaces (for deeply concave surfaces or corrugations this vinyl should be cut and applied with an overlap)</li>
<li>UV stabilised material designed for exterior or interior signage and displays</li>
<li>The high gloss face film has a high level of opacity and is engineered to enhance corporate branding projects</li>
<li>Outdoor durability of up to 5 years</li></ul>

<span style=""font-weight: bold; color: #d7328a;"">Advantages:</span><br>
<ul><li>Cohesive water based adhesive provides good dimensional stability and water resistance for long term durability</li>
<li>This film is available with a standard kraft liner that allows for wet or dry application</li>
<li>Designed for trouble free plotting</li>
<li>REACH & RoHS compliant</li></ul>

<span style=""font-weight: bold; color: #d7328a;"">Technical Information:</span><br>
<ul>
<a href=""media/ecom/pdfs/datasheets/TDS_Ri_MarkOptima_uk_issue1_5d8e.pdf"" target=""_blank""><img
style=""border: 0px solid ; width: 200px; height: 60px;"" alt=""Ri-Mark Optima Datasheet""
src=""media/ecom/onpagegraphics/Datasheet.png""></a>
<a href=""media/ecom/colselxl/digital_colour_card_Ri_Mark_Optima.pdf"" target=""_blank""><img
style=""border: 0px solid ; width: 200px; height: 60px;"" alt=""R-Mark Optima Colour Selector""
src=""media/ecom/onpagegraphics/Colour.png""></a></ul>
</body>
</html>","SC474_Copper.png","SC474_Copper.png","INVITEMS","DEFAULT-SC474-DEFAULT-SC474","","","0","0","0","","1","REGONLY","0","0","0","0","","","","SELECT","SELECT","0","","","","","0","0","","income-service","","","0","0","","","","","Ritrama_O_Range","Ritrama_O_Range","","","0","900EMT1220, 4075CT1220, 903C1220, Aslan_Red_Devil_Squeegee, Olfa_X_Design_Heavy_Duty_Knife, Masking_Tape_25mm, Aslan-Gold-Soft-Squeegee, Olfa_Graphic_Cutter, Swann_Morton_3_Handle, Swann_Morton_10A_Blades, Float_On","900EMT1220, 4075CT1220, 903C1220, Aslan_Red_Devil_Squeegee, Olfa_X_Design_Heavy_Duty_Knife, Masking_Tape_25mm, Aslan-Gold-Soft-Squeegee, Olfa_Graphic_Cutter, Swann_Morton_3_Handle, Swann_Morton_10A_Blades, Float_On","A","superuser","","","","Metallics, Oranges, Colours, Browns","Gloss","","","","","","","","","Ri-Mark-Optima-474-Copper","0","ritrama, fedrigoni, o range, sc474, polymeric, o series, o grade, optima, orange, o-range, polymericvinyl, vinyl, pvc, poly vinyl, durable vinyl, ri-mark, rimark, ri mark, copper, 474,

","","","1556724090","0","","0","","CHECKBOX"
"SC475","Ri-Mark Optima 475 Mint","SC475","Ritrama","350","0","DEFAULT","","","","","0","Ri-Mark Optima 475 Mint polymeric self-adhesive vinyl is suitable for medium to long term signage and advertising on to flat and 2D convex surfaces.","<html>
<head><title>Ri-Mark Optima 475 Mint</title>

<style>
.responsive {
  width: 50%;
  height: auto;
}
</style>
</head>

<body>
<img src=""media/ecom/onpagegraphics/Fedrigoni_Logo.jpg"" alt=""Fedrigoni Logo"" class=""responsive"">
<p>Ri-Mark Optima 475 Mint polymeric self-adhesive vinyl is suitable for medium to long term signage and advertising on to flat and 2D convex surfaces.</p>

<span style=""font-weight: bold; color: #d7328a;"">Structure:</span><br>
<ul><li>75<span>&#181;</span>m Polymeric calendered PVC</li>
<li>Transparent water based adhesive - Permanent</li>
<li>Clay coated kraft paper liner - 120gm<sup>2</sup>, grey back printed
</li></ul>

<span style=""font-weight: bold; color: #d7328a;"">Suitability:</span><br>
<ul><li>Excellent for applying to flat and 2D convex surfaces (for deeply concave surfaces or corrugations this vinyl should be cut and applied with an overlap)</li>
<li>UV stabilised material designed for exterior or interior signage and displays</li>
<li>The high gloss face film has a high level of opacity and is engineered to enhance corporate branding projects</li>
<li>Outdoor durability of up to 5 years</li></ul>

<span style=""font-weight: bold; color: #d7328a;"">Advantages:</span><br>
<ul><li>Cohesive water based adhesive provides good dimensional stability and water resistance for long term durability</li>
<li>This film is available with a standard kraft liner that allows for wet or dry application</li>
<li>Designed for trouble free plotting</li>
<li>REACH & RoHS compliant</li></ul>

<span style=""font-weight: bold; color: #d7328a;"">Technical Information:</span><br>
<ul>
<a href=""media/ecom/pdfs/datasheets/TDS_Ri_MarkOptima_uk_issue1_5d8e.pdf"" target=""_blank""><img
style=""border: 0px solid ; width: 200px; height: 60px;"" alt=""Ri-Mark Optima Datasheet""
src=""media/ecom/onpagegraphics/Datasheet.png""></a>
<a href=""media/ecom/colselxl/digital_colour_card_Ri_Mark_Optima.pdf"" target=""_blank""><img
style=""border: 0px solid ; width: 200px; height: 60px;"" alt=""R-Mark Optima Colour Selector""
src=""media/ecom/onpagegraphics/Colour.png""></a></ul>
</body>
</html>","SC475_Mint.png","SC475_Mint.png","INVITEMS","DEFAULT-SC475-DEFAULT-SC475","","","0","0","0","","1","REGONLY","0","0","0","0","","","","SELECT","SELECT","0","","","","","0","0","","income-service","","","0","0","","","","","Ritrama_O_Range","Ritrama_O_Range","","","0","900EMT1220, 4075CT1220, 903C1220, Aslan_Red_Devil_Squeegee, Olfa_X_Design_Heavy_Duty_Knife, Masking_Tape_25mm, Aslan-Gold-Soft-Squeegee, Olfa_Graphic_Cutter, Swann_Morton_3_Handle, Swann_Morton_10A_Blades, Float_On","900EMT1220, 4075CT1220, 903C1220, Aslan_Red_Devil_Squeegee, Olfa_X_Design_Heavy_Duty_Knife, Masking_Tape_25mm, Aslan-Gold-Soft-Squeegee, Olfa_Graphic_Cutter, Swann_Morton_3_Handle, Swann_Morton_10A_Blades, Float_On","A","superuser","","","","Greens, Colours","Gloss","","","","","","","","","Ri-Mark-Optima-475-Mint","0","ritrama, fedrigoni, o range, sc475, polymeric, o series, o grade, optima, orange, o-range, polymericvinyl, vinyl, pvc, poly vinyl, durable vinyl, ri-mark, rimark, ri mark, mint, 475,

","","","1556724101","0","","0","","CHECKBOX"
"SC476","Ri-Mark Optima 476 Aqua Green","SC476","Ritrama","360","0","DEFAULT","","","","","0","Ri-Mark Optima 476 Aqua Green polymeric self-adhesive vinyl is suitable for medium to long term signage and advertising on to flat and 2D convex surfaces.","<html>
<head><title>Ri-Mark Optima 476 Aqua Green</title>

<style>
.responsive {
  width: 50%;
  height: auto;
}
</style>
</head>

<body>
<img src=""media/ecom/onpagegraphics/Fedrigoni_Logo.jpg"" alt=""Fedrigoni Logo"" class=""responsive"">
<p>Ri-Mark Optima 476 Aqua Green polymeric self-adhesive vinyl is suitable for medium to long term signage and advertising on to flat and 2D convex surfaces.</p>

<span style=""font-weight: bold; color: #d7328a;"">Structure:</span><br>
<ul><li>75<span>&#181;</span>m Polymeric calendered PVC</li>
<li>Transparent water based adhesive - Permanent</li>
<li>Clay coated kraft paper liner - 120gm<sup>2</sup>, grey back printed
</li></ul>

<span style=""font-weight: bold; color: #d7328a;"">Suitability:</span><br>
<ul><li>Excellent for applying to flat and 2D convex surfaces (for deeply concave surfaces or corrugations this vinyl should be cut and applied with an overlap)</li>
<li>UV stabilised material designed for exterior or interior signage and displays</li>
<li>The high gloss face film has a high level of opacity and is engineered to enhance corporate branding projects</li>
<li>Outdoor durability of up to 5 years</li></ul>

<span style=""font-weight: bold; color: #d7328a;"">Advantages:</span><br>
<ul><li>Cohesive water based adhesive provides good dimensional stability and water resistance for long term durability</li>
<li>This film is available with a standard kraft liner that allows for wet or dry application</li>
<li>Designed for trouble free plotting</li>
<li>REACH & RoHS compliant</li></ul>

<span style=""font-weight: bold; color: #d7328a;"">Technical Information:</span><br>
<ul>
<a href=""media/ecom/pdfs/datasheets/TDS_Ri_MarkOptima_uk_issue1_5d8e.pdf"" target=""_blank""><img
style=""border: 0px solid ; width: 200px; height: 60px;"" alt=""Ri-Mark Optima Datasheet""
src=""media/ecom/onpagegraphics/Datasheet.png""></a>
<a href=""media/ecom/colselxl/digital_colour_card_Ri_Mark_Optima.pdf"" target=""_blank""><img
style=""border: 0px solid ; width: 200px; height: 60px;"" alt=""R-Mark Optima Colour Selector""
src=""media/ecom/onpagegraphics/Colour.png""></a></ul>
</body>
</html>","SC476_Aqua_Green.png","SC476_Aqua_Green.png","INVITEMS","DEFAULT-SC476-DEFAULT-SC476","","","0","0","0","","1","REGONLY","0","0","0","0","","","","SELECT","SELECT","0","","","","","0","0","","income-service","","","0","0","","","","","Ritrama_O_Range","Ritrama_O_Range","","","0","900EMT1220, 4075CT1220, 903C1220, Aslan_Red_Devil_Squeegee, Olfa_X_Design_Heavy_Duty_Knife, Masking_Tape_25mm, Aslan-Gold-Soft-Squeegee, Olfa_Graphic_Cutter, Swann_Morton_3_Handle, Swann_Morton_10A_Blades, Float_On","900EMT1220, 4075CT1220, 903C1220, Aslan_Red_Devil_Squeegee, Olfa_X_Design_Heavy_Duty_Knife, Masking_Tape_25mm, Aslan-Gold-Soft-Squeegee, Olfa_Graphic_Cutter, Swann_Morton_3_Handle, Swann_Morton_10A_Blades, Float_On","A","superuser","","","","Greens, Colours","Gloss","","","","","","","","","Ri-Mark-Optima-476-Aqua-Green","0","ritrama, fedrigoni, o range, sc476, polymeric, o series, o grade, optima, orange, o-range, polymericvinyl, vinyl, pvc, poly vinyl, durable vinyl, ri-mark, rimark, ri mark, aqua green, 476, aquagreen, ","","","1556724114","0","","0","","CHECKBOX"
"SC477","Ri-Mark Optima 477 Turquoise","SC477","Ritrama","370","0","DEFAULT","","","","","0","Ri-Mark Optima 477 Turquoise polymeric self-adhesive vinyl is suitable for medium to long term signage and advertising on to flat and 2D convex surfaces.","<html>
<head><title>Ri-Mark Optima 477 Turquoise</title>

<style>
.responsive {
  width: 50%;
  height: auto;
}
</style>
</head>

<body>
<img src=""media/ecom/onpagegraphics/Fedrigoni_Logo.jpg"" alt=""Fedrigoni Logo"" class=""responsive"">
<p>Ri-Mark Optima 477 Turquoise polymeric self-adhesive vinyl is suitable for medium to long term signage and advertising on to flat and 2D convex surfaces.</p>

<span style=""font-weight: bold; color: #d7328a;"">Structure:</span><br>
<ul><li>75<span>&#181;</span>m Polymeric calendered PVC</li>
<li>Transparent water based adhesive - Permanent</li>
<li>Clay coated kraft paper liner - 120gm<sup>2</sup>, grey back printed
</li></ul>

<span style=""font-weight: bold; color: #d7328a;"">Suitability:</span><br>
<ul><li>Excellent for applying to flat and 2D convex surfaces (for deeply concave surfaces or corrugations this vinyl should be cut and applied with an overlap)</li>
<li>UV stabilised material designed for exterior or interior signage and displays</li>
<li>The high gloss face film has a high level of opacity and is engineered to enhance corporate branding projects</li>
<li>Outdoor durability of up to 5 years</li></ul>

<span style=""font-weight: bold; color: #d7328a;"">Advantages:</span><br>
<ul><li>Cohesive water based adhesive provides good dimensional stability and water resistance for long term durability</li>
<li>This film is available with a standard kraft liner that allows for wet or dry application</li>
<li>Designed for trouble free plotting</li>
<li>REACH & RoHS compliant</li></ul>

<span style=""font-weight: bold; color: #d7328a;"">Technical Information:</span><br>
<ul>
<a href=""media/ecom/pdfs/datasheets/TDS_Ri_MarkOptima_uk_issue1_5d8e.pdf"" target=""_blank""><img
style=""border: 0px solid ; width: 200px; height: 60px;"" alt=""Ri-Mark Optima Datasheet""
src=""media/ecom/onpagegraphics/Datasheet.png""></a>
<a href=""media/ecom/colselxl/digital_colour_card_Ri_Mark_Optima.pdf"" target=""_blank""><img
style=""border: 0px solid ; width: 200px; height: 60px;"" alt=""R-Mark Optima Colour Selector""
src=""media/ecom/onpagegraphics/Colour.png""></a></ul>
</body>
</html>","SC477_Turquoise.png","SC477_Turquoise.png","INVITEMS","DEFAULT-SC477-DEFAULT-SC477","","","0","0","0","","1","REGONLY","0","0","0","0","","","","SELECT","SELECT","0","","","","","0","0","","income-service","","","0","0","","","","","Ritrama_O_Range","Ritrama_O_Range","","","0","900EMT1220, 4075CT1220, 903C1220, Aslan_Red_Devil_Squeegee, Olfa_X_Design_Heavy_Duty_Knife, Masking_Tape_25mm, Aslan-Gold-Soft-Squeegee, Olfa_Graphic_Cutter, Swann_Morton_3_Handle, Swann_Morton_10A_Blades, Float_On","900EMT1220, 4075CT1220, 903C1220, Aslan_Red_Devil_Squeegee, Olfa_X_Design_Heavy_Duty_Knife, Masking_Tape_25mm, Aslan-Gold-Soft-Squeegee, Olfa_Graphic_Cutter, Swann_Morton_3_Handle, Swann_Morton_10A_Blades, Float_On","A","superuser","","","","Blues, Greens, Colours","Gloss","","","","","","","","","Ri-Mark-Optima-477-Turquoise","0","ritrama, fedrigoni, o range, sc477, polymeric, o series, o grade, optima, orange, o-range, polymericvinyl, vinyl, pvc, poly vinyl, durable vinyl, ri-mark, rimark, ri mark, turquoise, 477,
","","","1556724126","0","","0","","CHECKBOX"
"SC480","Ri-Mark Optima 480 Medium Green","SC480","Ritrama","390","0","DEFAULT","","","","","0","Ri-Mark Optima 480 Medium Green polymeric self-adhesive vinyl is suitable for medium to long term signage and advertising on to flat and 2D convex surfaces.","<html>
<head><title>Ri-Mark Optima 480 Medium Green</title>

<style>
.responsive {
  width: 50%;
  height: auto;
}
</style>
</head>

<body>
<img src=""media/ecom/onpagegraphics/Fedrigoni_Logo.jpg"" alt=""Fedrigoni Logo"" class=""responsive"">
<p>Ri-Mark Optima 480 Medium Green polymeric self-adhesive vinyl is suitable for medium to long term signage and advertising on to flat and 2D convex surfaces.</p>

<span style=""font-weight: bold; color: #d7328a;"">Structure:</span><br>
<ul><li>75<span>&#181;</span>m Polymeric calendered PVC</li>
<li>Transparent water based adhesive - Permanent</li>
<li>Clay coated kraft paper liner - 120gm<sup>2</sup>, grey back printed
</li></ul>

<span style=""font-weight: bold; color: #d7328a;"">Suitability:</span><br>
<ul><li>Excellent for applying to flat and 2D convex surfaces (for deeply concave surfaces or corrugations this vinyl should be cut and applied with an overlap)</li>
<li>UV stabilised material designed for exterior or interior signage and displays</li>
<li>The high gloss face film has a high level of opacity and is engineered to enhance corporate branding projects</li>
<li>Outdoor durability of up to 5 years</li></ul>

<span style=""font-weight: bold; color: #d7328a;"">Advantages:</span><br>
<ul><li>Cohesive water based adhesive provides good dimensional stability and water resistance for long term durability</li>
<li>This film is available with a standard kraft liner that allows for wet or dry application</li>
<li>Designed for trouble free plotting</li>
<li>REACH & RoHS compliant</li></ul>

<span style=""font-weight: bold; color: #d7328a;"">Technical Information:</span><br>
<ul>
<a href=""media/ecom/pdfs/datasheets/TDS_Ri_MarkOptima_uk_issue1_5d8e.pdf"" target=""_blank""><img
style=""border: 0px solid ; width: 200px; height: 60px;"" alt=""Ri-Mark Optima Datasheet""
src=""media/ecom/onpagegraphics/Datasheet.png""></a>
<a href=""media/ecom/colselxl/digital_colour_card_Ri_Mark_Optima.pdf"" target=""_blank""><img
style=""border: 0px solid ; width: 200px; height: 60px;"" alt=""R-Mark Optima Colour Selector""
src=""media/ecom/onpagegraphics/Colour.png""></a></ul>
</body>
</html>","SC480_Medium_Green.png","SC480_Medium_Green.png","INVITEMS","DEFAULT-SC480-DEFAULT-SC480","","","0","0","0","","1","REGONLY","0","0","0","0","","","","SELECT","SELECT","0","","","","","0","0","","income-service","","","0","0","","","","","Ritrama_O_Range","Ritrama_O_Range","","","0","900EMT1220, 4075CT1220, 903C1220, Aslan_Red_Devil_Squeegee, Olfa_X_Design_Heavy_Duty_Knife, Masking_Tape_25mm, Aslan-Gold-Soft-Squeegee, Olfa_Graphic_Cutter, Swann_Morton_3_Handle, Swann_Morton_10A_Blades, Float_On","900EMT1220, 4075CT1220, 903C1220, Aslan_Red_Devil_Squeegee, Olfa_X_Design_Heavy_Duty_Knife, Masking_Tape_25mm, Aslan-Gold-Soft-Squeegee, Olfa_Graphic_Cutter, Swann_Morton_3_Handle, Swann_Morton_10A_Blades, Float_On","A","superuser","","","","Greens, Colours","Gloss","","","","","","","","","Ri-Mark-Optima-480-Medium-Green","0","ritrama, fedrigoni, o range, sc480, polymeric, o series, o grade, optima, orange, o-range, polymericvinyl, vinyl, pvc, poly vinyl, durable vinyl, ri-mark, rimark, ri mark, medium green, green, mediumgreen, 480,
","","","1556724138","0","","0","","CHECKBOX"
"SC481","Ri-Mark Optima 481 Silver","SC481","Ritrama","490","0","DEFAULT","","","","","0","Ri-Mark Optima 481 Silver polymeric self-adhesive vinyl is suitable for medium to long term signage and advertising on to flat and 2D convex surfaces.","<html>
<head><title>Ri-Mark Optima 481 Silver</title>

<style>
.responsive {
  width: 50%;
  height: auto;
}
</style>
</head>

<body>
<img src=""media/ecom/onpagegraphics/Fedrigoni_Logo.jpg"" alt=""Fedrigoni Logo"" class=""responsive"">
<p>Ri-Mark Optima 481 Silver polymeric self-adhesive vinyl is suitable for medium to long term signage and advertising on to flat and 2D convex surfaces.</p>

<span style=""font-weight: bold; color: #d7328a;"">Structure:</span><br>
<ul><li>75<span>&#181;</span>m Polymeric calendered PVC</li>
<li>Transparent water based adhesive - Permanent</li>
<li>Clay coated kraft paper liner - 120gm<sup>2</sup>, grey back printed
</li></ul>

<span style=""font-weight: bold; color: #d7328a;"">Suitability:</span><br>
<ul><li>Excellent for applying to flat and 2D convex surfaces (for deeply concave surfaces or corrugations this vinyl should be cut and applied with an overlap)</li>
<li>UV stabilised material designed for exterior or interior signage and displays</li>
<li>The high gloss face film has a high level of opacity and is engineered to enhance corporate branding projects</li>
<li>Outdoor durability of up to 5 years</li></ul>

<span style=""font-weight: bold; color: #d7328a;"">Advantages:</span><br>
<ul><li>Cohesive water based adhesive provides good dimensional stability and water resistance for long term durability</li>
<li>This film is available with a standard kraft liner that allows for wet or dry application</li>
<li>Designed for trouble free plotting</li>
<li>REACH & RoHS compliant</li></ul>

<span style=""font-weight: bold; color: #d7328a;"">Technical Information:</span><br>
<ul>
<a href=""media/ecom/pdfs/datasheets/TDS_Ri_MarkOptima_uk_issue1_5d8e.pdf"" target=""_blank""><img
style=""border: 0px solid ; width: 200px; height: 60px;"" alt=""Ri-Mark Optima Datasheet""
src=""media/ecom/onpagegraphics/Datasheet.png""></a>
<a href=""media/ecom/colselxl/digital_colour_card_Ri_Mark_Optima.pdf"" target=""_blank""><img
style=""border: 0px solid ; width: 200px; height: 60px;"" alt=""R-Mark Optima Colour Selector""
src=""media/ecom/onpagegraphics/Colour.png""></a></ul>
</body>
</html>","SC481_Silver.png","SC481_Silver.png","INVITEMS","DEFAULT-SC481-DEFAULT-SC481","","","0","0","0","","1","REGONLY","0","0","0","0","","","","SELECT","SELECT","0","","","","","0","0","","income-service","","","0","0","","","","","Ritrama_O_Range","Ritrama_O_Range, Silver-Films","","","0","900EMT1220, 4075CT1220, 903C1220, Aslan_Red_Devil_Squeegee, Olfa_X_Design_Heavy_Duty_Knife, Masking_Tape_25mm, Aslan-Gold-Soft-Squeegee, Olfa_Graphic_Cutter, Swann_Morton_3_Handle, Swann_Morton_10A_Blades, Float_On","900EMT1220, 4075CT1220, 903C1220, Aslan_Red_Devil_Squeegee, Olfa_X_Design_Heavy_Duty_Knife, Masking_Tape_25mm, Aslan-Gold-Soft-Squeegee, Olfa_Graphic_Cutter, Swann_Morton_3_Handle, Swann_Morton_10A_Blades, Float_On","A","superuser","","","","Metallics","Gloss","","","","","","","","","Ri-Mark-Optima-481-Silver","0","ritrama, fedrigoni, o range, sc481, polymeric, o series, o grade, optima, orange, o-range, polymericvinyl, vinyl, pvc, poly vinyl, durable vinyl, ri-mark, rimark, ri mark, silver, 481,
","","","1556724149","0","","0","","CHECKBOX"
"SC482","Ri-Mark Optima 482 Light Green","SC482","Ritrama","400","0","DEFAULT","","","","","0","Ri-Mark Optima 482 Light Green polymeric self-adhesive vinyl is suitable for medium to long term signage and advertising on to flat and 2D convex surfaces.","<html>
<head><title>Ri-Mark Optima 482 Light Green</title>

<style>
.responsive {
  width: 50%;
  height: auto;
}
</style>
</head>

<body>
<img src=""media/ecom/onpagegraphics/Fedrigoni_Logo.jpg"" alt=""Fedrigoni Logo"" class=""responsive"">
<p>Ri-Mark Optima 482 Light Green polymeric self-adhesive vinyl is suitable for medium to long term signage and advertising on to flat and 2D convex surfaces.</p>

<span style=""font-weight: bold; color: #d7328a;"">Structure:</span><br>
<ul><li>75<span>&#181;</span>m Polymeric calendered PVC</li>
<li>Transparent water based adhesive - Permanent</li>
<li>Clay coated kraft paper liner - 120gm<sup>2</sup>, grey back printed
</li></ul>

<span style=""font-weight: bold; color: #d7328a;"">Suitability:</span><br>
<ul><li>Excellent for applying to flat and 2D convex surfaces (for deeply concave surfaces or corrugations this vinyl should be cut and applied with an overlap)</li>
<li>UV stabilised material designed for exterior or interior signage and displays</li>
<li>The high gloss face film has a high level of opacity and is engineered to enhance corporate branding projects</li>
<li>Outdoor durability of up to 5 years</li></ul>

<span style=""font-weight: bold; color: #d7328a;"">Advantages:</span><br>
<ul><li>Cohesive water based adhesive provides good dimensional stability and water resistance for long term durability</li>
<li>This film is available with a standard kraft liner that allows for wet or dry application</li>
<li>Designed for trouble free plotting</li>
<li>REACH & RoHS compliant</li></ul>

<span style=""font-weight: bold; color: #d7328a;"">Technical Information:</span><br>
<ul>
<a href=""media/ecom/pdfs/datasheets/TDS_Ri_MarkOptima_uk_issue1_5d8e.pdf"" target=""_blank""><img
style=""border: 0px solid ; width: 200px; height: 60px;"" alt=""Ri-Mark Optima Datasheet""
src=""media/ecom/onpagegraphics/Datasheet.png""></a>
<a href=""media/ecom/colselxl/digital_colour_card_Ri_Mark_Optima.pdf"" target=""_blank""><img
style=""border: 0px solid ; width: 200px; height: 60px;"" alt=""R-Mark Optima Colour Selector""
src=""media/ecom/onpagegraphics/Colour.png""></a></ul>
</body>
</html>","SC482_Light_Green.png","SC482_Light_Green.png","INVITEMS","DEFAULT-SC482-DEFAULT-SC482","","","0","0","0","","1","REGONLY","0","0","0","0","","","","SELECT","SELECT","0","","","","","0","0","","income-service","","","0","0","","","","","Ritrama_O_Range","Ritrama_O_Range","","","0","900EMT1220, 4075CT1220, 903C1220, Aslan_Red_Devil_Squeegee, Olfa_X_Design_Heavy_Duty_Knife, Masking_Tape_25mm, Aslan-Gold-Soft-Squeegee, Olfa_Graphic_Cutter, Swann_Morton_3_Handle, Swann_Morton_10A_Blades, Float_On","900EMT1220, 4075CT1220, 903C1220, Aslan_Red_Devil_Squeegee, Olfa_X_Design_Heavy_Duty_Knife, Masking_Tape_25mm, Aslan-Gold-Soft-Squeegee, Olfa_Graphic_Cutter, Swann_Morton_3_Handle, Swann_Morton_10A_Blades, Float_On","A","superuser","","","","Greens, Colours","Gloss","","","","","","","","","Ri-Mark-Optima-482-Light-Green","0","ritrama, fedrigoni, o range, sc482, polymeric, o series, o grade, optima, orange, o-range, polymericvinyl, vinyl, pvc, poly vinyl, durable vinyl, ri-mark, rimark, ri mark, light green, green, lightgreen, 482,

","","","1556724160","0","","0","","CHECKBOX"
"SC483","Ri-Mark Optima 483 Forest Green","SC483","Ritrama","380","0","DEFAULT","","","","","0","Ri-Mark Optima 483 Forest Green polymeric self-adhesive vinyl is suitable for medium to long term signage and advertising on to flat and 2D convex surfaces.","<html>
<head><title>Ri-Mark Optima 483 Forest Green</title>

<style>
.responsive {
  width: 50%;
  height: auto;
}
</style>
</head>

<body>
<img src=""media/ecom/onpagegraphics/Fedrigoni_Logo.jpg"" alt=""Fedrigoni Logo"" class=""responsive"">
<p>Ri-Mark Optima 483 Forest Green polymeric self-adhesive vinyl is suitable for medium to long term signage and advertising on to flat and 2D convex surfaces.</p>

<span style=""font-weight: bold; color: #d7328a;"">Structure:</span><br>
<ul><li>75<span>&#181;</span>m Polymeric calendered PVC
<li>Transparent water based adhesive - Permanent
<li>Clay coated kraft paper liner - 120gm<sup>2</sup>, grey back printed
</li></ul>

<span style=""font-weight: bold; color: #d7328a;"">Suitability:</span><br>
<ul><li>Excellent for applying to flat and 2D convex surfaces (for deeply concave surfaces or corrugations this vinyl should be cut and applied with an overlap)
<li>UV stabilised material designed for exterior or interior signage and displays
<li>The high gloss face film has a high level of opacity and is engineered to enhance corporate branding projects
<li>Outdoor durability of up to 5 years</li></ul>

<span style=""font-weight: bold; color: #d7328a;"">Advantages:</span><br>
<ul><li>Cohesive water based adhesive provides good dimensional stability and water resistance for long term durability
<li>This film is available with a standard kraft liner that allows for wet or dry application
<li>Designed for trouble free plotting
<li>REACH & RoHS compliant</li></ul>

<span style=""font-weight: bold; color: #d7328a;"">Technical Information:</span><br>
<ul>
<a href=""media/ecom/pdfs/datasheets/TDS_Ri_MarkOptima_uk_issue1_5d8e.pdf"" target=""_blank""><img
style=""border: 0px solid ; width: 200px; height: 60px;"" alt=""Ri-Mark Optima Datasheet""
src=""media/ecom/onpagegraphics/Datasheet.png""></a>
<a href=""media/ecom/colselxl/digital_colour_card_Ri_Mark_Optima.pdf"" target=""_blank""><img
style=""border: 0px solid ; width: 200px; height: 60px;"" alt=""R-Mark Optima Colour Selector""
src=""media/ecom/onpagegraphics/Colour.png""></a></ul>
</body>
</html>","SC483_Forest_Green.png","SC483_Forest_Green.png","INVITEMS","DEFAULT-SC483-DEFAULT-SC483","","","0","0","0","","1","REGONLY","0","0","0","0","","","","SELECT","SELECT","0","","","","","0","0","","income-service","","","0","0","","","","","Ritrama_O_Range","Ritrama_O_Range","","","0","900EMT1220, 4075CT1220, 903C1220, Aslan_Red_Devil_Squeegee, Olfa_X_Design_Heavy_Duty_Knife, Masking_Tape_25mm, Aslan-Gold-Soft-Squeegee, Olfa_Graphic_Cutter, Swann_Morton_3_Handle, Swann_Morton_10A_Blades, Float_On","900EMT1220, 4075CT1220, 903C1220, Aslan_Red_Devil_Squeegee, Olfa_X_Design_Heavy_Duty_Knife, Masking_Tape_25mm, Aslan-Gold-Soft-Squeegee, Olfa_Graphic_Cutter, Swann_Morton_3_Handle, Swann_Morton_10A_Blades, Float_On","A","superuser","","","","Greens, Colours","Gloss","","","","","","","","","Ri-Mark-Optima-483-Forest-Green","0","ritrama, fedrigoni, o range, sc483, polymeric, o series, o grade, optima, orange, o-range, polymericvinyl, vinyl, pvc, poly vinyl, durable vinyl, ri-mark, rimark, ri mark, forest green, green, forestgreen, 483,

","","","1556724171","0","","0","","CHECKBOX"
"SC485","Ri-Mark Optima 485 Green","SC485","Ritrama","410","0","DEFAULT","","","","","0","Ri-Mark Optima 485 Green polymeric self-adhesive vinyl is suitable for medium to long term signage and advertising on to flat and 2D convex surfaces.","<html>
<head><title>Ri-Mark Optima 485 Green</title>

<style>
.responsive {
  width: 50%;
  height: auto;
}
</style>
</head>

<body>
<img src=""media/ecom/onpagegraphics/Fedrigoni_Logo.jpg"" alt=""Fedrigoni Logo"" class=""responsive"">
<p>Ri-Mark Optima 485 Green polymeric self-adhesive vinyl is suitable for medium to long term signage and advertising on to flat and 2D convex surfaces.</p>

<span style=""font-weight: bold; color: #d7328a;"">Structure:</span><br>
<ul><li>75<span>&#181;</span>m Polymeric calendered PVC</li>
<li>Transparent water based adhesive - Permanent</li>
<li>Clay coated kraft paper liner - 120gm<sup>2</sup>, grey back printed
</li></ul>

<span style=""font-weight: bold; color: #d7328a;"">Suitability:</span><br>
<ul><li>Excellent for applying to flat and 2D convex surfaces (for deeply concave surfaces or corrugations this vinyl should be cut and applied with an overlap)</li>
<li>UV stabilised material designed for exterior or interior signage and displays</li>
<li>The high gloss face film has a high level of opacity and is engineered to enhance corporate branding projects</li>
<li>Outdoor durability of up to 5 years</li></ul>

<span style=""font-weight: bold; color: #d7328a;"">Advantages:</span><br>
<ul><li>Cohesive water based adhesive provides good dimensional stability and water resistance for long term durability</li>
<li>This film is available with a standard kraft liner that allows for wet or dry application</li>
<li>Designed for trouble free plotting</li>
<li>REACH & RoHS compliant</li></ul>

<span style=""font-weight: bold; color: #d7328a;"">Technical Information:</span><br>
<ul>
<a href=""media/ecom/pdfs/datasheets/TDS_Ri_MarkOptima_uk_issue1_5d8e.pdf"" target=""_blank""><img
style=""border: 0px solid ; width: 200px; height: 60px;"" alt=""Ri-Mark Optima Datasheet""
src=""media/ecom/onpagegraphics/Datasheet.png""></a>
<a href=""media/ecom/colselxl/digital_colour_card_Ri_Mark_Optima.pdf"" target=""_blank""><img
style=""border: 0px solid ; width: 200px; height: 60px;"" alt=""R-Mark Optima Colour Selector""
src=""media/ecom/onpagegraphics/Colour.png""></a></ul>
</body>
</html>","SC485_Green.png","SC485_Green.png","INVITEMS","DEFAULT-SC485-DEFAULT-SC485","","","0","0","0","","1","REGONLY","0","0","0","0","","","","SELECT","SELECT","0","","","","","0","0","","income-service","","","0","0","","","","","Ritrama_O_Range","Ritrama_O_Range","","","0","900EMT1220, 4075CT1220, 903C1220, Aslan_Red_Devil_Squeegee, Olfa_X_Design_Heavy_Duty_Knife, Masking_Tape_25mm, Aslan-Gold-Soft-Squeegee, Olfa_Graphic_Cutter, Swann_Morton_3_Handle, Swann_Morton_10A_Blades, Float_On","900EMT1220, 4075CT1220, 903C1220, Aslan_Red_Devil_Squeegee, Olfa_X_Design_Heavy_Duty_Knife, Masking_Tape_25mm, Aslan-Gold-Soft-Squeegee, Olfa_Graphic_Cutter, Swann_Morton_3_Handle, Swann_Morton_10A_Blades, Float_On","A","superuser","","","","Greens, Colours","Gloss","","","","","","","","","Ri-Mark-Optima-485-Green","0","ritrama, fedrigoni, o range, sc485, polymeric, o series, o grade, optima, orange, o-range, polymericvinyl, vinyl, pvc, poly vinyl, durable vinyl, ri-mark, rimark, ri mark, green, 485,

","","","1556724232","0","","0","","CHECKBOX"
"SC487","Ri-Mark Optima 487 Lime Green","SC487","Ritrama","420","0","DEFAULT","","","","","0","Ri-Mark Optima 487 Lime Green polymeric self-adhesive vinyl is suitable for medium to long term signage and advertising on to flat and 2D convex surfaces.","<html>
<head><title>Ri-Mark Optima 487 Lime Green</title>

<style>
.responsive {
  width: 50%;
  height: auto;
}
</style>
</head>

<body>
<img src=""media/ecom/onpagegraphics/Fedrigoni_Logo.jpg"" alt=""Fedrigoni Logo"" class=""responsive"">
<p>Ri-Mark Optima 487 Lime Green polymeric self-adhesive vinyl is suitable for medium to long term signage and advertising on to flat and 2D convex surfaces.</p>

<span style=""font-weight: bold; color: #d7328a;"">Structure:</span><br>
<ul><li>75<span>&#181;</span>m Polymeric calendered PVC</li>
<li>Transparent water based adhesive - Permanent</li>
<li>Clay coated kraft paper liner - 120gm<sup>2</sup>, grey back printed
</li></ul>

<span style=""font-weight: bold; color: #d7328a;"">Suitability:</span><br>
<ul><li>Excellent for applying to flat and 2D convex surfaces (for deeply concave surfaces or corrugations this vinyl should be cut and applied with an overlap)</li>
<li>UV stabilised material designed for exterior or interior signage and displays</li>
<li>The high gloss face film has a high level of opacity and is engineered to enhance corporate branding projects</li>
<li>Outdoor durability of up to 5 years</li></ul>

<span style=""font-weight: bold; color: #d7328a;"">Advantages:</span><br>
<ul><li>Cohesive water based adhesive provides good dimensional stability and water resistance for long term durability</li>
<li>This film is available with a standard kraft liner that allows for wet or dry application</li>
<li>Designed for trouble free plotting</li>
<li>REACH & RoHS compliant</li></ul>

<span style=""font-weight: bold; color: #d7328a;"">Technical Information:</span><br>
<ul>
<a href=""media/ecom/pdfs/datasheets/TDS_Ri_MarkOptima_uk_issue1_5d8e.pdf"" target=""_blank""><img
style=""border: 0px solid ; width: 200px; height: 60px;"" alt=""Ri-Mark Optima Datasheet""
src=""media/ecom/onpagegraphics/Datasheet.png""></a>
<a href=""media/ecom/colselxl/digital_colour_card_Ri_Mark_Optima.pdf"" target=""_blank""><img
style=""border: 0px solid ; width: 200px; height: 60px;"" alt=""R-Mark Optima Colour Selector""
src=""media/ecom/onpagegraphics/Colour.png""></a></ul>
</body>
</html>","SC487_Lime_Green.png","SC487_Lime_Green.png","INVITEMS","DEFAULT-SC487-DEFAULT-SC487","","","0","0","0","","1","REGONLY","0","0","0","0","","","","SELECT","SELECT","0","","","","","0","0","","income-service","","","0","0","","","","","Ritrama_O_Range","Ritrama_O_Range","","","0","900EMT1220, 4075CT1220, 903C1220, Aslan_Red_Devil_Squeegee, Olfa_X_Design_Heavy_Duty_Knife, Masking_Tape_25mm, Aslan-Gold-Soft-Squeegee, Olfa_Graphic_Cutter, Swann_Morton_3_Handle, Swann_Morton_10A_Blades, Float_On","900EMT1220, 4075CT1220, 903C1220, Aslan_Red_Devil_Squeegee, Olfa_X_Design_Heavy_Duty_Knife, Masking_Tape_25mm, Aslan-Gold-Soft-Squeegee, Olfa_Graphic_Cutter, Swann_Morton_3_Handle, Swann_Morton_10A_Blades, Float_On","A","superuser","","","","Greens, Colours","Gloss","","","","","","","","","Ri-Mark-Optima-487-Lime-Green","0","ritrama, fedrigoni, o range, sc487, polymeric, o series, o grade, optima, orange, o-range, polymericvinyl, vinyl, pvc, poly vinyl, durable vinyl, ri-mark, rimark, ri mark, lime green, green, limegreen, 487, lime, 

","","","1556724241","0","","0","","CHECKBOX"
"SC489","Ri-Mark Optima 489 Magenta","SC489","Ritrama","200","0","DEFAULT","","","","","0","Ri-Mark Optima 489 Magenta polymeric self-adhesive vinyl is suitable for medium to long term signage and advertising on to flat and 2D convex surfaces.","<html>
<head><title>Ri-Mark Optima 489 Magenta</title>

<style>
.responsive {
  width: 50%;
  height: auto;
}
</style>
</head>

<body>
<img src=""media/ecom/onpagegraphics/Fedrigoni_Logo.jpg"" alt=""Fedrigoni Logo"" class=""responsive"">
<p>Ri-Mark Optima 489 Magenta polymeric self-adhesive vinyl is suitable for medium to long term signage and advertising on to flat and 2D convex surfaces.</p>

<span style=""font-weight: bold; color: #d7328a;"">Structure:</span><br>
<ul><li>75<span>&#181;</span>m Polymeric calendered PVC</li>
<li>Transparent water based adhesive - Permanent</li>
<li>Clay coated kraft paper liner - 120gm<sup>2</sup>, grey back printed
</li></ul>

<span style=""font-weight: bold; color: #d7328a;"">Suitability:</span><br>
<ul><li>Excellent for applying to flat and 2D convex surfaces (for deeply concave surfaces or corrugations this vinyl should be cut and applied with an overlap)</li>
<li>UV stabilised material designed for exterior or interior signage and displays</li>
<li>The high gloss face film has a high level of opacity and is engineered to enhance corporate branding projects</li>
<li>Outdoor durability of up to 5 years</li></ul>

<span style=""font-weight: bold; color: #d7328a;"">Advantages:</span><br>
<ul><li>Cohesive water based adhesive provides good dimensional stability and water resistance for long term durability</li>
<li>This film is available with a standard kraft liner that allows for wet or dry application</li>
<li>Designed for trouble free plotting</li>
<li>REACH & RoHS compliant</li></ul>

<span style=""font-weight: bold; color: #d7328a;"">Technical Information:</span><br>
<ul>
<a href=""media/ecom/pdfs/datasheets/TDS_Ri_MarkOptima_uk_issue1_5d8e.pdf"" target=""_blank""><img
style=""border: 0px solid ; width: 200px; height: 60px;"" alt=""Ri-Mark Optima Datasheet""
src=""media/ecom/onpagegraphics/Datasheet.png""></a>
<a href=""media/ecom/colselxl/digital_colour_card_Ri_Mark_Optima.pdf"" target=""_blank""><img
style=""border: 0px solid ; width: 200px; height: 60px;"" alt=""R-Mark Optima Colour Selector""
src=""media/ecom/onpagegraphics/Colour.png""></a></ul>
</body>
</html>","SC489_Magenta.png","SC489_Magenta.png","INVITEMS","DEFAULT-SC489-DEFAULT-SC489","","","0","0","0","","1","REGONLY","0","0","0","0","","","","SELECT","SELECT","0","","","","","0","0","","income-service","","","0","0","","","","","Ritrama_O_Range","Ritrama_O_Range","","","0","900EMT1220, 4075CT1220, 903C1220, Aslan_Red_Devil_Squeegee, Olfa_X_Design_Heavy_Duty_Knife, Masking_Tape_25mm, Aslan-Gold-Soft-Squeegee, Olfa_Graphic_Cutter, Swann_Morton_3_Handle, Swann_Morton_10A_Blades, Float_On","900EMT1220, 4075CT1220, 903C1220, Aslan_Red_Devil_Squeegee, Olfa_X_Design_Heavy_Duty_Knife, Masking_Tape_25mm, Aslan-Gold-Soft-Squeegee, Olfa_Graphic_Cutter, Swann_Morton_3_Handle, Swann_Morton_10A_Blades, Float_On","A","superuser","","","","Reds, Colours","Gloss","","","","","","","","","Ri-Mark-Optima-489-Magenta","0","ritrama, fedrigoni, o range, sc489, polymeric, o series, o grade, optima, orange, o-range, polymericvinyl, vinyl, pvc, poly vinyl, durable vinyl, ri-mark, rimark, ri mark, magenta, 489, 
","","","1556724250","0","","0","","CHECKBOX"
"SCNRF_0508","Slate Charcoal Non-reflective Film :: 508mm Width","12003","Doro_Tape","20","3","DEFAULT","","","","","0","Slate Charcoal Non-reflective Film. Buy it by the metre.
","<html>

<head><title>Slate Charcoal Non-reflective Film</title>

<style>
.responsive {
  width: 50%;
  height: auto;
}
</style>
</head>

<body>

<p>High quality automotive grade non-reflective 40 micron polyester film for use on vehicle windows.  These films offer greater security by cutting down on visibility from outside whilst giving excellent protection against glare, UV light and breaking glass.</p>

<span style=""font-weight: bold; color: #d7328a;"">Structure:</span><br>
<ul><li>35<span>&#181;</span> Polyester film</li>
<li>Water based adhesive - Permanent</li>
<li>Polyester Liner - 25<span>&#181;</span>
</li></ul>

<span style=""font-weight: bold; color: #d7328a;"">Suitability:</span><br>
<ul><li>Easy fit, heat shrinkable film</li>
<li>Ideal for vehicle window tints</li>
<li>Available in 3 different levels of tint
</li></ul>

<span style=""font-weight: bold; color: #d7328a;"">Advantages:</span><br>
<ul><li>Non fading dyed colourfastness</li>
<li>Increase vehicle security</li>
<li>Reduce solar heat gain</li></ul>


<span style=""font-weight: bold; color: #d7328a;"">Technical Information:</span><br>
<ul>
<a href=""media/ecom/pdfs/datasheets/SC05-Tint.pdf"" target=""_blank""><img style=""border: 0px solid ; width: 200px; height: 60px;"" alt=""SC05 Datasheet""
src=""media/ecom/onpagegraphics/Datasheet.png""></a>
<a href=""media/ecom/pdfs/datasheets/SC35-Tint.pdf"" target=""_blank""><img style=""border: 0px solid ; width: 200px; height: 60px;"" alt=""SC35 Datasheet""
src=""media/ecom/onpagegraphics/Datasheet.png""></a>
<a href=""media/ecom/pdfs/datasheets/SC50-Tint.pdf"" target=""_blank""><img style=""border: 0px solid ; width: 200px; height: 60px;"" alt=""SC50 Datasheet""
src=""media/ecom/onpagegraphics/Datasheet.png""></a><br></ul>
<a ><img style=""border: 0px solid ; width: 50px; height: 50px;"" alt=""fyi""
src=""media/ecom/onpagegraphics/FYI.png""></a>
<p style=""color: #d7328a"">Unlike Architectural window tint films which are reflective and commonly seen on commercial buildings, Automotive tint films are non-reflective and therefore absorb energy from the sun. This absorption can lead to high levels of heat build up which is not a problem in a moving car but if used on flat glass, this absorption can lead to breakage. We therefore recommend that you check that you are using the correct film for the job.</p>

<p style=""font-weight: bold; font-size: 0.9em;"">Prices shown are per linear metre at 508mm wide</p>
</body>

</html>","Charcoal_Tint.jpg","Charcoal_Tint.jpg","INVITEMS","DEFAULT-SCNRF_0508-DEFAULT-SCNRF_0508","","","0","0","0","","1","REGONLY","0","0","0","0","","","","SELECT","SELECT","0","","","","","0","0","","income-service","","","0","0","","","","","2525_SCNRF","2525_SCNRF","","","0","SCNRF_0508, SS100_0760, SS100_1524, SS15_0760, SS15_1524","","A","","","","","","","","","","","","","","","Automotive-Window-Tint-Film-508","0","window tint, charcoal tint, car tint, limo tint, limo black","","","1502370007","0","","0","","CHECKBOX"
"SCNRF_1524","Slate Charcoal Non-reflective Film :: 1524mm Width","SC05 / SC35 / SC50","Doro_Tape","20","9","DEFAULT","","","","","0","Slate Charcoal Non-reflective Film. Buy it by the metre.
","<html>

<title><head>Slate Charcoal Non-reflective Film</title></head>

<style>
.responsive {
  width: 50%;
  height: auto;
}
</style>

<body>


<p>High quality automotive grade non-reflective 40 micron polyester film for use on vehicle windows.  These films offer greater security by cutting down on visibility from outside whilst giving excellent protection against glare, UV light and breaking glass.</p>

<p><span style=""font-weight: bold; color: #d7328a;"">Structure:</span></p>
<ul><li>35<span>µ</span> Polyester film</li>
<li>Water based adhesive - Permanent</li>
<li>Polyester Liner - 25<span>µ</span>
</li></ul>

<p><span style=""font-weight: bold; color: #d7328a;"">Suitability:</span></p>
<ul><li>Easy fit, heat shrinkable film</li>
<li>Ideal for vehicle window tints</li>
<li>Available in 3 different levels of tint
</li></ul>

<p><span style=""font-weight: bold; color: #d7328a;"">Advantages:</span></p>
<ul><li>Non fading dyed colourfastness
</li><li>Increase vehicle security
</li><li>Reduce solar heat gain</li></ul>


<p><span style=""font-weight: bold; color: #d7328a;"">Technical Information:</span></p>
<ul>
<a href=""media/ecom/pdfs/datasheets/SC05-Tint.pdf"" target=""_blank""><img style=""border: 0px solid ; width: 200px; height: 60px;"" alt=""SC05 Datasheet"" src=""media/ecom/onpagegraphics/Datasheet.png""></a>
<a href=""media/ecom/pdfs/datasheets/SC35-Tint.pdf"" target=""_blank""><img style=""border: 0px solid ; width: 200px; height: 60px;"" alt=""SC35 Datasheet"" src=""media/ecom/onpagegraphics/Datasheet.png""></a>
<a href=""media/ecom/pdfs/datasheets/SC50-Tint.pdf"" target=""_blank""><img style=""border: 0px solid ; width: 200px; height: 60px;"" alt=""SC50 Datasheet"" src=""media/ecom/onpagegraphics/Datasheet.png""></a><br></ul>
<p><a><img style=""border: 0px solid ; width: 50px; height: 50px;"" alt=""fyi"" src=""media/ecom/onpagegraphics/FYI.png""></a></p>
<p style=""color: #d7328a"">Unlike Architectural window tint films which are reflective and commonly seen on commercial buildings, Automotive tint films are non-reflective and therefore absorb energy from the sun. This absorption can lead to high levels of heat build up which is not a problem in a moving car but if used on flat glass, this absorption can lead to breakage. We therefore recommend that you check that you are using the correct film for the job.</p>

<p style=""font-weight: bold; font-size: 0.9em;"">Prices shown are per linear metre at 1524mm wide</p>

</body>
</html>
","Charcoal_Tint.jpg","Charcoal_Tint.jpg","INVITEMS","DEFAULT-SCNRF_1524-DEFAULT-SCNRF_1524","","","0","0","0","","1","REGONLY","0","0","0","0","","","","SELECT","SELECT","0","","","","","0","0","","income-service","","","0","0","","","","","2525_SCNRF","2525_SCNRF","","","0","Blue_Max, Fusion_5, Olfa_Graphic_Cutter, Olfa_X_Design_Heavy_Duty_Knife, Lint-Free-Gloves, Masking_Tape_25mm, Aslan_Squeegee, Swann_Morton_3_Handle, Swann_Morton_10A_Blades, Float_On, IPA_100, Anti_Static_Cleaner,","Blue_Max, Fusion_5, Olfa_Graphic_Cutter, Olfa_X_Design_Heavy_Duty_Knife, Lint-Free-Gloves, Masking_Tape_25mm, Aslan_Squeegee, Swann_Morton_3_Handle, Swann_Morton_10A_Blades, Float_On, IPA_100, Anti_Static_Cleaner,","A","","","","","","","","","","","","","","","Automotive-Window-Tint-Film-1524","0","window tint, charcoal tint, car tint, limo tint, limo black","","","1502369574","0","","0","","CHECKBOX"
"Scraperite_Blades","100 Replacement Blades for Scraperite Soft Surface Scraper","SCRA2","SOTT","291","8","DEFAULT","","","","","0","Pack of 100 replacement blades for the Scraperite Soft Surface Scraper.","Pack of 100 replacement blades for the Scraperite Soft Surface Scraper.","Scraperite_Blades.png","Scraperite_Blades.png","INVITEMS","DEFAULT-Scraperite_Blades-DEFAULT-Scraperite_Blades","","","0","0","0","","1","REGONLY","0","0","0","0","","","","SELECT","SELECT","0","","","","","0","0","","income-service","","","0","0","","","","","Cleaners_Cleaning_Tools","Cleaners_Cleaning_Tools","","","0","Scrape_Rite, Easy-Wipe","","A","","","","","","","","","","","","","","","","0","scraperite, scrape rite, scraper, lil gripper, lil' gripper","","","1647011652","0","","0","","CHECKBOX"
"Scraperite_Wide_Gripper_Blades","25 Replacement Blades for Scraperite Wide Gripper","SCRA4","SOTT","293","9","DEFAULT","","","","","0","Pack of 25 replacement blades for the Scraperite Wide Gripper.","Pack of 25 replacement blades for the Scraperite Wide Gripper.","Wide_Gripper_Blades.png","Wide_Gripper_Blades.png","INVITEMS","DEFAULT-Scraperite_Wide_Gripper_Blades-DEFAULT-Scraperite_Wide_Gripper_Blades","","","0","0","0","","1","REGONLY","0","0","0","0","","","","SELECT","SELECT","0","","","","","0","0","","income-service","","","0","0","","","","","Cleaners_Cleaning_Tools","Cleaners_Cleaning_Tools","","","0","Scraperite_Wide_Gripper, Easy-Wipe","","A","","","","","","","","","","","","","","","","0","scraperite, scrape rite, scraper, lil gripper, lil' gripper","","","1647013608","0","","0","","CHECKBOX"
"Scrape_Rite","Scraperite Soft Surface Scraper","SCRA","SOTT","290","2","DEFAULT","","","","","0","The Scraperite Soft Surface Scraper is superb at removing stubborn dirt, tar, adhesive residue & even old vinyl without causing scratching. Comes with 5 spare blades.","<p>The Scraperite Soft Surface Scraper is superb at removing stubborn dirt, tar, adhesive residue & even old vinyl without causing scratching.</p>
<p>Made from polycarbonate, the razor type blades are hard enough to do the job, but unlike metal blades they will not leave scratch marks.</p> 
<p>Another must have tool for the bag!!</p>
<p>Comes with 5 spare blades</p>","Scraperite.jpg","Scraperite.jpg","INVITEMS","DEFAULT-Scrape_Rite-DEFAULT-Scrape_Rite","","","0","0","0","","1","REGONLY","0","0","0","0","","","","SELECT","SELECT","0","","","","","0","0","","income-service","","","0","0","","","","","Cleaners_Cleaning_Tools","Cleaners_Cleaning_Tools","","","0","Scraperite_Blades, Easy-Wipe","","A","","","","","","","","","","","","","","","Scraperite_Lil'_Gripper","0","scraperite, scrape rite, scraper, lil gripper, lil' gripper","","","1519666867","0","","0","","CHECKBOX"
"Seal_It_Pen","Total Seal Pen","SEA2","iSEE2","320","14","DEFAULT","","","","","0","Total Seal is a fast and easy solution to edge sealing problems with vinyl applications. Total Seal consists of a clear acrylic lacquer containing UV blocking agents, which drys in approximately 10 minutes after application.
","<html>

<title><head>Total Seal Pen</title></head>

<body>

<p>Total Seal is a fast and easy edge sealing solution for self-adhesive vinyl and metallised films that require protection from lifting, which may be caused by environmental exposure, cleaning or excessive contact.</p>
<p>The clear acrylic lacquer contains UV blocking agents and is dispensed in a handy felt tipped pen nib which drys in approximately 10 minutes after application - No waste, No mess.</p>
<p>Total Seal lacquer is compatible with all types of vinyl graphics and metallised films.</p>
<span style=""font-weight: bold; color: #d7328a;"">Suitability:</span>
<p>This method of edge sealing is particularly recommended to protect semi rigid films such as Metallised Polyesters and Holographic Films.</p>
<a ><img
style=""border: 0px solid ; width: 50px; height: 50px;"" alt=""fyi""
src=""media/ecom/onpagegraphics/FYI.png""></a>
<p><span style=""font-weight: bold; color: #d7328a;"">Important Information:</span></p>
<ul><p style=""color:rgb(244,7,138)""><i>For professional, commercial and industrial use only.  Contains mineral spirits and I-Methoxy-2-Propanyl Acetate.  Liquid and vapour can be harmful or fatal if swallowed.
  Use in a well ventilated area.</i></p></ul>
<span style=""font-weight: bold; color: #d7328a;"">Technical Information:</span>
<ul><a href=""media/ecom/pdfs/datasheets/97.000_tds.pdf"" target=""_blank""><img
style=""border: 0px solid ; width: 200px; height: 60px;"" alt=""pdf""
src=""media/ecom/onpagegraphics/Datasheet.png""></a>
<a href=""media/ecom/pdfs/MSDS/97.000-Total-Seal-MSDS.pdf"" target=""_blank""><img
style=""border: 0px solid ; width: 200px; height: 60px;"" alt=""pdf""
src=""media/ecom/onpagegraphics/Coshh.png""></a></ul>

</body>

</html>








 ","Seal_It_Pen.jpg","Seal_It_Pen.jpg, Seal_It_Pen2.jpg","INVITEMS","DEFAULT-Seal_It_Pen-DEFAULT-Seal_It_Pen","","","0","0","0","","1","REGONLY","0","0","0","0","","","","SELECT","SELECT","0","","","","","0","0","","income-service","","","0","0","","","","","Application_Tools","Application_Tools","","","0","","","A","","","","","","","","","","","","","","","","0","seal,it,seal-it,pen,lacquer,laminate,","","","1516721887","0","","0","","CHECKBOX"
"Self_Adhesive_Alcantara","Self-adhesive Alcantara","S.9","iSEE2","88","1","DEFAULT","","","","","0","Pre-cut wing shaped, self-adhesive squeegee wrap designed to reduce friction on vehicle wrap applications. The extremely smooth and durable material reduces scratching and is shaped to fit the edge and corners of a standard sized 100mm squeegee.","<html>

<title><head>Self-adhesive Alcantara</title></head>

<body>

<p>Pre-cut wing shaped, self-adhesive squeegee wrap designed to reduce friction on vehicle wrap applications.</p>
<p>The extremely smooth and durable material reduces scratching and is shaped to fit the edge and corners of a standard sized 100mm squeegee.</p>

</body>

</html>

","Alcantara.jpg","Alcantara.jpg","INVITEMS","DEFAULT-Self_Adhesive_Alcantara-DEFAULT-Self_Adhesive_Alcantara","","","0","0","0","","1","REGONLY","0","0","0","0","","","","SELECT","SELECT","0","","","","","0","0","","income-service","","","0","0","","","","","Vehicle_Wrap_Tools","Application_Tools, Vehicle_Wrap_Tools","","","0","Magnetic_Squeegee","","A","","","","","","","","","","","","","","","","0","magnetic squeegee,","","","1547647380","0","","0","","CHECKBOX"
"SGE56S0610","Ritrama PTA Silver Etch :: 610mm Wide","PTA","Ritrama","10","4","DEFAULT","","","","","0","Ritrama PTA Silver Etch is a superb translucent material with a solvent acrylic adhesive for creating that sandblast look on windows, office partitions etc. This film gives a uniform appearance onto glass, mirrors and acrylic and is suitable for interior & exterior use.  Buy it by the metre.


","<html>
<head><title>Ritrama PTA Silver Etch - 610mm Wide</title>
</head>

<style>
.responsive {
  width: 50%;
  height: auto;
}
</style>
<body>
<img src=""media/ecom/onpagegraphics/Fedrigoni_Logo.jpg"" alt=""Fedrigoni Logo"" class=""responsive"">

<p>Ritrama PTA Silver Etch is a superb translucent material with a solvent acrylic adhesive for creating that sandblast look on windows, office partitions etc.</p>

<span style=""font-weight: bold; color: #d7328a;"">Structure:</span>
<ul><li>80<span>&#181;</span>m Polymeric translucent PVC</li>
<li>Solvent based acrylic adhesive - Permanent</li>
<li>Siliconised clay coated kraft liner - 135g/m<sup>2</sup>
</li></ul>

<span style=""font-weight: bold; color: #d7328a;"">Suitability:</span>
<ul><li>The solvent based acrylic adhesive makes this range perfect for wet applying to glass, acrylic and mirrors, giving a streak free uniform appearance</li>
<li>Turn an ordinary glass window into high quality corporate identity or trendy graphics with a strikingly modern look</li>
<li>Create sandblasted or frosted appearance on windows and office partitions</li>
<li>Reduces glare and creates a more elegant, modern aesthetic
</li></ul>

<span style=""font-weight: bold; color: #d7328a;"">Advantages:</span>
<ul><li>Up to 5 years outdoor durability</li>
<li>Polymeric grade film and is easy to cad-cut and weed for a professional long lasting finish</li>
<li>Resistant to UV light, seawater, oils, hydrocarbons and gasoline</li>
<li>Fire Rated to Euroclass DIN EN 13501-1:2018 with classification. B-s1-d0</li></ul>

<span style=""font-weight: bold; color: #d7328a;"">Technical Information:</span> <ul>
<p><a href=""media/ecom/pdfs/datasheets/Ritrama_PTA_Etch.pdf"" target=""_blank""><img
style=""border: 0px solid ; width: 200px; height: 60px;"" alt=""pdf""
src=""media/ecom/onpagegraphics/Datasheet.png""></a>
<a href=""media/ecom/pdfs/firecertificates/Statement_Fire Resistance_EN13501_Ri-Mark Etched Glass_B-s1d0_20250908.pdf"" target=""_blank""><img
style=""border: 0px solid ; width: 200px; height: 60px;"" alt=""Ritrama Etch Fire Certifcate""
src=""media/ecom/onpagegraphics/Fire.png""></a>
<a href=""media/ecom/colselxl/Colourcard_RITRAMA_ETCH.pdf"" target=""_blank""><img
style=""border: 0px solid ; width: 200px; height: 60px;"" alt=""pdf""
src=""media/ecom/onpagegraphics/Colour.png""></a></ul>
<p><a href=https://www.dorotape.co.uk/Article/Glass-Etch-Vinyl target=""_blank""><img style=""border: 0px solid ; width: 50px; height: 50px;"" alt=""link to our blog""
src=""media/ecom/onpagegraphics/Blog.png""></p>
<span style=""color:#d7328a""><b>Learn more about applying glass etch vinyl wet and dry by reading about it in our Blog</b></span></a></p>



<p style=""font-weight: bold; font-size: 0.9em;"">Prices shown are per linear metre at 610mm wide</p>


</body>
</html>
","5600_Etch.jpg","5600_Etch.jpg","INVITEMS","DEFAULT-SGE56S0610-DEFAULT-SGE56S0610","","","0","0","0","","1","REGONLY","0","0","0","0","","","","SELECT","SELECT","0","","","","","0","0","","income-service","","","0","0","","","https://www.youtube.com/embed/BRLnyKJU_vU","","Silver_Glass_Etch","Silver_Glass_Etch","","","0","DGE56D0610, FCE57_0610, SGE56GB0610, Blue_Max, Fusion_5, Olfa_Graphic_Cutter, Olfa_X_Design_Heavy_Duty_Knife, Lint-Free-Gloves, Masking_Tape_25mm, Aslan_Squeegee, Swann_Morton_3_Handle, Swann_Morton_10A_Blades, Float_On, IPA_100, Anti_Static_Cleaner,","Blue_Max, Fusion_5, Olfa_Graphic_Cutter, Olfa_X_Design_Heavy_Duty_Knife, Lint-Free-Gloves, Masking_Tape_25mm, Aslan_Squeegee, Swann_Morton_3_Handle, Swann_Morton_10A_Blades, Float_On, IPA_100, Anti_Static_Cleaner,","A","","","","","","","","","","","","","","","Ritrama-PTA-Etch-610","0","glass etch, etch glass, etched glass, frosted glass, frosted vinyl, frosted film, etch glass vinyl, etch glass film, PTA, Ritrama etch


","","","1491482987","0","","0","","CHECKBOX"
"SGE56S1220","Ritrama PTA Silver Etch :: 1220mm Wide","PTA","Ritrama","20","8","DEFAULT","","","","","0","Ritrama PTA Silver Etch is a superb translucent material with a solvent acrylic adhesive for creating that sandblast look on windows, office partitions etc. This film gives a uniform appearance onto glass, mirrors and acrylic and is suitable for interior & exterior use. Buy it by the metre.


","<html>
<head><title>Ritrama PTA Silver Etch - 1220mm Wide</title>
</head>
<style>
.responsive {
  width: 50%;
  height: auto;
}
</style>
<body>
<img src=""media/ecom/onpagegraphics/Fedrigoni_Logo.jpg"" alt=""Fedrigoni Logo"" class=""responsive"">

<p>Ritrama PTA Silver Etch is a superb translucent material with a solvent acrylic adhesive for creating that sandblast look on windows, office partitions etc.</p>

<span style=""font-weight: bold; color: #d7328a;"">Structure:</span>
<ul><li>80<span>&#181;</span>m Polymeric translucent PVC</li>
<li>Solvent based acrylic adhesive - Permanent</li>
<li>Siliconised clay coated kraft liner - 135g/m<sup>2</sup>
</li></ul>

<span style=""font-weight: bold; color: #d7328a;"">Suitability:</span>
<ul><li>The solvent based acrylic adhesive makes this range perfect for wet applying to glass, acrylic and mirrors, giving a streak free uniform appearance</li>
<li>Turn an ordinary glass window into high quality corporate identity or trendy graphics with a strikingly modern look</li>
<li>Create sandblasted or frosted appearance on windows and office partitions</li>
<li>Reduces glare and creates a more elegant, modern aesthetic
</li></ul>

<span style=""font-weight: bold; color: #d7328a;"">Advantages:</span>
<ul><li>Up to 5 years outdoor durability</li>
<li>Polymeric grade film and is easy to cad-cut and weed for a professional long lasting finish</li>
<li>Resistant to UV light, seawater, oils, hydrocarbons and gasoline</li>
<li>Fire Rated to Euroclass DIN EN 13501-1:2018 with classification. B-s1-d0</li></ul>

<span style=""font-weight: bold; color: #d7328a;"">Technical Information:</span> <ul>
<p><a href=""media/ecom/pdfs/datasheets/Ritrama_PTA_Etch.pdf"" target=""_blank""><img
style=""border: 0px solid ; width: 200px; height: 60px;"" alt=""pdf""
src=""media/ecom/onpagegraphics/Datasheet.png""></a>
<a href=""media/ecom/pdfs/firecertificates/Statement_Fire Resistance_EN13501_Ri-Mark Etched Glass_B-s1d0_20250908.pdf"" target=""_blank""><img
style=""border: 0px solid ; width: 200px; height: 60px;"" alt=""Ritrama Etch Fire Certifcate""
src=""media/ecom/onpagegraphics/Fire.png""></a>
<a href=""media/ecom/colselxl/Colourcard_RITRAMA_ETCH.pdf"" target=""_blank""><img
style=""border: 0px solid ; width: 200px; height: 60px;"" alt=""pdf""
src=""media/ecom/onpagegraphics/Colour.png""></a></ul>
<p><a href=https://www.dorotape.co.uk/Article/Glass-Etch-Vinyl target=""_blank""><img style=""border: 0px solid ; width: 50px; height: 50px;"" alt=""link to our blog""
src=""media/ecom/onpagegraphics/Blog.png""></p>
<span style=""color:#d7328a""><b>Learn more about applying glass etch vinyl wet and dry by reading about it in our Blog</b></span></a></p>



<p style=""font-weight: bold; font-size: 0.9em;"">Prices shown are per linear metre at 1220mm wide</p>


</body>
</html>
","5600_Etch.jpg","5600_Etch.jpg","INVITEMS","DEFAULT-SGE56S1220-DEFAULT-SGE56S1220","","","0","0","0","","1","REGONLY","0","0","0","0","","","","SELECT","SELECT","0","","","","","0","0","","income-service","","","0","0","","","https://www.youtube.com/embed/BRLnyKJU_vU","","Silver_Glass_Etch","Silver_Glass_Etch","","","0","SGE56GB1220, DGE56D1220, FCE57_1220, Blue_Max, Fusion_5, Olfa_Graphic_Cutter, Olfa_X_Design_Heavy_Duty_Knife, Lint-Free-Gloves, Masking_Tape_25mm, Aslan_Squeegee, Swann_Morton_3_Handle, Swann_Morton_10A_Blades, Float_On, IPA_100, Anti_Static_Cleaner,","Blue_Max, Fusion_5, Olfa_Graphic_Cutter, Olfa_X_Design_Heavy_Duty_Knife, Lint-Free-Gloves, Masking_Tape_25mm, Aslan_Squeegee, Swann_Morton_3_Handle, Swann_Morton_10A_Blades, Float_On, IPA_100, Anti_Static_Cleaner,","A","","","","","","","","","","","","","","","Ritrama-PTA-Etch-1220","0","glass etch, etch glass, etched glass, frosted glass, frosted vinyl, frosted film, etch glass vinyl, etch glass film, PTA, Ritrama etch

","","","1491483161","0","","0","","CHECKBOX"
"SGE56S1520","Ritrama PTA Silver Etch :: 1520mm Wide","PTA","Ritrama","30","10","DEFAULT","","","","","0","Ritrama PTA Silver Etch is a superb translucent material with a solvent acrylic adhesive for creating that sandblast look on windows, office partitions etc. This film gives a uniform appearance onto glass, mirrors and acrylic and is suitable for interior & exterior use. Buy it by the metre.
","<html>
<head><title>Ritrama PTA Silver Etch - 1520mm Wide</title>
</head>
<style>
.responsive {
  width: 50%;
  height: auto;
}
</style>
<body>
<img src=""media/ecom/onpagegraphics/Fedrigoni_Logo.jpg"" alt=""Fedrigoni Logo"" class=""responsive"">

<p>Ritrama PTA Silver Etch is a superb translucent material with a solvent acrylic adhesive for creating that sandblast look on windows, office partitions etc.</p>

<span style=""font-weight: bold; color: #d7328a;"">Structure:</span>
<ul><li>80<span>&#181;</span>m Polymeric translucent PVC</li>
<li>Solvent based acrylic adhesive - Permanent</li>
<li>Siliconised clay coated kraft liner - 135g/m<sup>2</sup>
</li></ul>

<span style=""font-weight: bold; color: #d7328a;"">Suitability:</span>
<ul><li>The solvent based acrylic adhesive makes this range perfect for wet applying to glass, acrylic and mirrors, giving a streak free uniform appearance</li>
<li>Turn an ordinary glass window into high quality corporate identity or trendy graphics with a strikingly modern look</li>
<li>Create sandblasted or frosted appearance on windows and office partitions</li>
<li>Reduces glare and creates a more elegant, modern aesthetic
</li></ul>

<span style=""font-weight: bold; color: #d7328a;"">Advantages:</span>
<ul><li>Up to 5 years outdoor durability</li>
<li>Polymeric grade film and is easy to cad-cut and weed for a professional long lasting finish</li>
<li>Resistant to UV light, seawater, oils, hydrocarbons and gasoline</li>
<li>Fire Rated to Euroclass DIN EN 13501-1:2018 with classification. B-s1-d0</li></ul>

<span style=""font-weight: bold; color: #d7328a;"">Technical Information:</span> <ul>
<p><a href=""media/ecom/pdfs/datasheets/Ritrama_PTA_Etch.pdf"" target=""_blank""><img
style=""border: 0px solid ; width: 200px; height: 60px;"" alt=""pdf""
src=""media/ecom/onpagegraphics/Datasheet.png""></a>
<a href=""media/ecom/pdfs/firecertificates/Statement_Fire Resistance_EN13501_Ri-Mark Etched Glass_B-s1d0_20250908.pdf"" target=""_blank""><img
style=""border: 0px solid ; width: 200px; height: 60px;"" alt=""Ritrama Etch Fire Certifcate""
src=""media/ecom/onpagegraphics/Fire.png""></a>
<a href=""media/ecom/colselxl/Colourcard_RITRAMA_ETCH.pdf"" target=""_blank""><img
style=""border: 0px solid ; width: 200px; height: 60px;"" alt=""pdf""
src=""media/ecom/onpagegraphics/Colour.png""></a></ul>
<p><a href=https://www.dorotape.co.uk/Article/Glass-Etch-Vinyl target=""_blank""><img style=""border: 0px solid ; width: 50px; height: 50px;"" alt=""link to our blog""
src=""media/ecom/onpagegraphics/Blog.png""></p>
<span style=""color:#d7328a""><b>Learn more about applying glass etch vinyl wet and dry by reading about it in our Blog</b></span></a></p>


<p style=""font-weight: bold; font-size: 0.9em;"">Prices shown are per linear metre at 1520mm wide</p>


</body>
</html>
","5600_Etch.jpg","5600_Etch.jpg","INVITEMS","DEFAULT-SGE56S1520-DEFAULT-SGE56S1520","","","0","0","0","","1","REGONLY","0","0","0","0","","","","SELECT","SELECT","0","","","","","0","0","","income-service","","","0","0","","","https://www.youtube.com/embed/BRLnyKJU_vU","","Silver_Glass_Etch","Silver_Glass_Etch, Decorative-Window-Films","","","0","SGE56GB1220, DGE56D1220, FCE57_1220, Blue_Max, Fusion_5, Olfa_Graphic_Cutter, Olfa_X_Design_Heavy_Duty_Knife, Lint-Free-Gloves, Masking_Tape_25mm, Aslan_Squeegee, Swann_Morton_3_Handle, Swann_Morton_10A_Blades, Float_On, IPA_100, Anti_Static_Cleaner,","Blue_Max, Fusion_5, Olfa_Graphic_Cutter, Olfa_X_Design_Heavy_Duty_Knife, Lint-Free-Gloves, Masking_Tape_25mm, Aslan_Squeegee, Swann_Morton_3_Handle, Swann_Morton_10A_Blades, Float_On, IPA_100, Anti_Static_Cleaner,","A","","","","","","","","","","","","","","","Ritrama-PTA-Etch-1520","0","glass etch, etch glass, etched glass, frosted glass, frosted vinyl, frosted film, etch glass vinyl, etch glass film, PTA, Ritrama etch

","","","1491483197","0","","0","","CHECKBOX"
"Sharpsguard","Sharpsguard 2.5ltr","SHARP2.5","Doro_Tape","215","3","DEFAULT","","","","","0","General purpose sharps container 2.5ltr","<html>

<title><head>Sharpsguard 2.5ltr</title></head>

<body>

<p>Dispose of your blades safely with the Sharpsguard with this general-purpose polypropylene sharps container.</p>
<p>Provides maximum capacity in tight working spaces.</p>
<p>To assemble: Press lid down on to container. Please note that once the lid is fitted it is on for good. The door in the lid slides closed in two stages. The first stage allows for re-opening between uses but to secure permanently, slide the door over the locking catch. Once locked, do not attempt to re-use.</p>

</body>

</html>","Sharpsguard_2.5.jpg","Sharpsguard_2.5.jpg","INVITEMS","DEFAULT-Sharpsguard-DEFAULT-Sharpsguard","","","0","0","0","","1","REGONLY","0","0","0","0","","","","SELECT","SELECT","0","","","","","0","0","","income-service","","","0","0","","","","","Knives_Cutting_Tools","Knives_Cutting_Tools","","","0","","","A","","","","","","","","","","","","","","","","0","Olfa,sharps,box,disposal,","","","1550757442","0","","0","","CHECKBOX"
"Sharps_Box","Olfa DC3 Sharps Disposal Box","SHARP","Olfa","210","3","DEFAULT","","","","","0","OLFA® DC3 Blade Disposal Can for 9mm and 18mm snap off blades. Easily fits into a pocket, toolbox, studio / office drawer or designers workstation.","<html>

<title><head>Olfa DC3 Sharps Disposal Box</title></head>

<body>

<p>OLFA® DC3 Blade Disposal Can for 9mm and 18mm snap off blades.</p>
<p>Easily fits into a pocket, toolbox, studio / office drawer or designers workstation.</p>
<p>Perfect for use on site too.</p>
<p>Suitable for OLFA® standard and heavy duty blades.</p>
<p>Overall size: 67mm diameter x 24mm depth</p>

</body>
</html>


","Olfa-Sharps-Box.jpg","Olfa-Sharps-Box.jpg","INVITEMS","DEFAULT-Sharps_Box-DEFAULT-Sharps_Box","","","0","0","0","","1","REGONLY","0","0","0","0","","","","SELECT","SELECT","0","","","","","0","0","","income-service","","","0","0","","","","","Knives_Cutting_Tools","Knives_Cutting_Tools","","","0","","","A","","","","","","","","","","","","","","","olfa-sharps-box","0","Olfa,sharps,box,disposal,","","","1491904259","0","","0","","CHECKBOX"
"Sihl-Rocket-Photo-Paper-PE190","Sihl Rocket Photo Paper PE 190","PE190","Sihl","10","0","DEFAULT","","","","","0","Sihl universal PE coated photo paper for poster and photo applications. The micro porous coating makes it quick drying and fully compatible with aqueous inks. FSC certified.





","<html><head><title>Sihl Rocket Photo Paper PE190</title>
</head>
<body>
<p>Sihl universal PE coated photo paper for poster and photo applications. The micro porous coating makes it quick drying and fully compatible with aqueous inks.</p>
<ul><li>FSC&reg; Certified</li>
<li>High ink absorption capacity</li>
<li>Excellent colour reproduction</li>
<li>High resolution of detail and excellent contour definitions</li></ul>
<p><span style=""font-weight: bold; color: #d7328a;"">Suitability:</span><br></p>
<p>Perfect for high quality photorealistic imaging offering excellent edge definition, high colour brilliance and a broad colour gamut for indoor poster and photo applications.
</p>
<a><img style=""border: 0px solid ; width: 150px; height: 150px; float: right;"" alt=""fsc certified logo""
src=""media/ecom/onpagegraphics/FSC-Logo.png""></a>
<p><span style=""font-weight: bold; color: #d7328a;"">Ink Compatability:</span></p>
<ul><img style=""margin: 0px 5px 0px 0px; width: 15px; height: 25px;"" alt=""Dye Ink""
src=""media/ecom/onpagegraphics/Ink-Dye.png"">Dye&nbsp;&nbsp;
<img style=""margin: 0px 5px 0px 0px; width: 15px; height: 25px;"" alt=""Pigment Ink""
src=""media/ecom/onpagegraphics/Ink-Pigment.png"">Pigment</ul>

<p><span style=""font-weight: bold; color: #d7328a;"">Technical Information:</span></p>
<ul><a href=""media/ecom/pdfs/datasheets/Sihl_rocket-photo-paper-190.pdf"" target=""_blank""><img
style=""border: 0px solid ; width: 200px; height: 60px;"" alt=""Sihl Rocket Paper PE190 Datasheet""
src=""media/ecom/onpagegraphics/Datasheet.png""></a></ul>

<p style=""font-weight: bold; font-size: 1.0em;"">Prices shown are per roll</p>
</body>
</html>","Sihl-Rocket-Paper.jpg","Sihl-Rocket-Paper.jpg","INVITEMS","DEFAULT-Sihl-Rocket-Photo-Paper-PE190-DEFAULT-Sihl-Rocket-Photo-Paper-PE190","","","0","0","0","","1","REGONLY","0","0","0","0","","","","SELECT","SELECT","0","","","","","0","0","","income-service","","","0","0","","","","","Aqueous_Media","Aqueous_Media","","","0","","","A","superuser","","GRADE_PAPER","SUITABILITY_INDOOR","","","","","","","","","","","Sihl-Rocket-Photo-Paper-PE190","0","sihl, rocket, paper, photo, satin, gloss, 190gsm, water based, aqueous, poster, photo, photograph





















poster paper,semi gloss paper,200gsm paper,printable paper,




","","Sihl universal PE coated photo paper for poster and photo applications. The micro porous coating makes it quick drying and fully compatible with aqueous inks.","1700142231","0","","0","","CHECKBOX"
"SL0500","Silva-Lite Pro Reflective Flex","8470","Doro_Tape","110","9","DEFAULT","","","","","0","A Silver highly reflective flex film, which at night reflects back the light appearing brilliant silver-white. Buy it by the metre at 500mm wide.","<html>

<head><title>Silvalite</title></head>
<body>
<p>A Silver highly reflective flex film, which at night reflects back the light appearing brilliant silver-white.</p>

<span style=""font-weight: bold; color: #d7328a;"">Suitability:</span><br>
<ul><li>Suitable for transfers to textiles like cotton, unimpregnated nylon, mixtures of polyester/cotton and polyester/acrylic</li>
<li>Perfect for use on T-shirts, work and safety clothing, sport & leisure wear, sport bags and promotional items</li></ul>

<span style=""font-weight: bold; color: #d7328a;"">Advantages:</span><br>
<ul><li>Slightly self-adhesive backing allowing small graphics to be cut and weeded quickly and easily</li>
<li>Meets the European Standard for reflectivity (EN 471:2003+A1:2007) making it suitable for use on safety clothing for emergency services, police and councils</li>
<li>Can be machine washed, dry cleaned and tumbled dried</li>
<li>It has also passed the domestic ISO 6330 domestic wash test at 600C and the manufacturers are at this time expecting it to pass the industrial wash test ISO 15797 at 750C to include tumble drying</li></ul>

<a><img style=""border: 0px solid ; width: 50px; height: 50px;"" alt=""fyi""
src=""media/ecom/onpagegraphics/FYI.png""></a>
<p style=""color: #d7328a""><i>This product is reverse wound and has a very thin clear protective layer covering the heat activated adhesive side.<br>
When loading the Silvalite into your plotter please make sure that the dark grey side is facing upwards and that you reverse your design before cutting.  This will mean that the feed will come from the bottom of the loaded roll instead of the usual top side.<br>
Please also ensure that you remove enough of the thin clear protective layer that your job requires before you start the cutting process.</i></p>

<p><a href=""https://www.dorotape.co.uk/Article/Reflective-HTV"" target=""_blank""><img style=""border: 0px solid ; width: 50px; height: 50px;"" alt=""link to our blog""
src=""media/ecom/onpagegraphics/Blog.png"">
<span style=""color:#d7328a""><b>Learn more about Reflective HTV by reading about it in our Blog</b></a></span></p>
<br>

<span style=""font-weight: bold; color: #d7328a;"">Technical Information:</span><br>
<ul>
<a href=""media/ecom/pdfs/datasheets/Silva-Lite-Pro.pdf"" target=""_blank""><img style=""border: 0px solid ; width: 200px; height: 60px;"" alt=""Silva Lite Pro Datasheet""
src=""media/ecom/onpagegraphics/Datasheet.png""></a></ul>
<p style=""font-weight: bold; font-size: 0.9em;"">Prices shown are per linear metre at 500mm wide</p>
</body>

</html>","Silvalite.png","Silvalite.png","INVITEMS","DEFAULT-SL0500-DEFAULT-SL0500","","","0","0","0","","1","REGONLY","0","0","0","0","","","","SELECT","SELECT","0","","","","","0","0","","income-service","","","0","0","","","","","3604_Reflective","3604_Reflective","","","0","Hotronix-Auto-Open-Clam-Heatpress, Weeding_Hook, EZ_LED_Weeder, FLEXOFF, Weeding_Tweezers, Heat_Tape, Tygaflor_Sheet, Olfa_Cutting_Matt_A3, Yellow_Ruler, ","Weeding_Hook, EZ_LED_Weeder, FLEXOFF, Weeding_Tweezers, Heat_Tape, Tygaflor_Sheet, Olfa_Cutting_Matt_A3, Yellow_Ruler, ","A","","","","","","","Application & Aftercare Instructions","<style>

table {

margin: 0 auto 0 auto;
}

table, th, td {
  
  border-collapse: collapse;
padding: 5px;
}
th, td {
  padding: 5px;
  text-align: center; 
  width: 100px;
  height: 50px;
  background-color:#009ee3;
  color: white;
  border-left: 5px solid white;
  border-right: 5px solid white;
}

th {
  border-top-color: white;
  font-size: 15px;
}

td {

padding-bottom: 1em;
border-bottom: 5px solid white;
font-size: 20px;
  
</style>



<table id=""data"">
  <tbody><tr>
    <th>PRESS TEMP</th>
<th>PRESS TIME</th>
<th>PRESSURE</th>
<th>EASY WEED</th>
<th>PEEL</th>
  </tr>
  <tr>
    <td>150<sup>o</sup>C</td>
<td>20 secs</td>
<td>Medium<br></td>
<td><span style=""font-size:30px;"">&#10003;</span></td>
<td>Cool</td>
  </tr>

<tr>
    <th>LAYER</th>
<th>REVERSE IMAGE</th>
<th>WASH</th>
<th>TUMBLE DRY</th>
<th>DRY CLEAN</th>
  </tr>
  <tr>
    <td><span style=""font-size:30px;"">&#10003;</span></td>
<td><span style=""font-size:30px;"">&#10003;</span></td>
<td>60<sup>o</sup>C</td>
<td><span style=""font-size:30px; color: white;"">&#10003;</span></td>
<td><span style=""font-size:30px;"">&#10003;</span></td>
  </tr>
  </tbody></table>
","","","","","","","Silva-Lite-Pro","0","reflective,","","","1499856868","0","","0","","CHECKBOX"
"Softline_Turbo_Squeegee","Softline Turbo Squeegee","S.7","SOTT","83","0","DEFAULT","","","","","0","A must have squeegee for wet application of window films. Made of firm yet soft PU squeegee with an easy to grip white tubular holder.  It is firm yet flexible making it excellent for the first squeegee when positioning window films followed by the BlueMax. The Wedge shape Softline squeegee is ideal for use around window frames.","<html>

<title><head>Softline Turbo Squeegee</title></head>

<body>

<p>A must have squeegee for wet application of window films.</p>
<p>Made of firm yet soft PU squeegee with an easy to grip white tubular holder.</p>
<p>It is firm yet flexible making it excellent for the first squeegee when positioning window films followed by the BlueMax Squeegee.</p>
<p>Two versions available: 14cm Wedge shaped and 24cm straight.</p>
<p> The Wedge shape Softline squeegee is ideal for use around window frames.</p>

</body>

</html>","Softline_Squeegees.jpg","Softline_Squeegees.jpg","INVITEMS","DEFAULT-Softline_Turbo_Squeegee-DEFAULT-Softline_Turbo_Squeegee","","","0","0","0","","1","REGONLY","0","0","0","0","","","","SELECT","SELECT","0","","","","","0","0","","income-service","","","0","0","","","","","Vehicle_Wrap_Tools","Application_Tools, Vehicle_Wrap_Tools","","","0","Blue_Max, Fusion_5","","A","","","","","","","","","","","","","","","","0","contour,squeegee,","","","1547726093","0","","0","","CHECKBOX"
"Sparkle_Laminate","Sparkle  Laminate","SPARKLELAM1200","Doro_Tape","12","46","DEFAULT","","","","","0","Sparkle Laminate turns the ordinary into the wonderful by adding a sparkling effect to any graphic. This eyecatching effect makes it perfect for window and in-store displays with that wintery festive feel as well as adding a tough scratch resistant protective layer. 



















","<html>

<head><title>Sparkle Laminate</title></head>
<body>

<p>Sparkle Laminate turns the ordinary into the wonderful by adding a sparkling effect to any graphic. This eyecatching effect makes it perfect for window and in-store displays with that wintery festive feel as well as adding a tough scratch resistant protective layer.</p>


<span style=""font-weight: bold; color: #d7328a;"">Structure:</span><br>
<ul><li>200<span>&#181;</span>m PVC</li>
<li>Solvent acrylic adhesive - Permanent</li>
<li>PE coated release liner - 120g/m<sup>2</sup>
</li></ul>

<span style=""font-weight: bold; color: #d7328a;"">Suitability:</span><br>
<ul><li>Ideal for laminating graphics to give an eye-catching finish</li>
<li>Excellent for window and in-store displays for an added sparkle
</li></ul>

<span style=""font-weight: bold; color: #d7328a;"">Advantages:</span><br>
<ul><li>Brilliant and sparkling effect to graphics and prints</li>
<li>Textured finish offers excellent anti-scratch properties </li><br></ul>

<span style=""font-weight: bold; color: #d7328a;"">Technical Information:</span><br>
<ul>
<a href=""media/ecom/pdfs/datasheets/Sparkle-Laminate.pdf""
target=""_blank""><img style=""border: 0px solid ; width: 200px; height: 60px;"" alt=""Sparkle Laminate Datasheet""
src=""media/ecom/onpagegraphics/Datasheet.png""></a></ul>

<p style=""font-weight: bold; font-size: 1.0em;"">Prices shown are per roll at 1200mm wide</p>
</body>
</html>","Sparkle_Laminate.jpg","Sparkle_Laminate.jpg","INVITEMS","DEFAULT-Sparkle_Laminate-DEFAULT-Sparkle_Laminate","","","0","0","0","","1","REGONLY","0","0","0","0","","","","SELECT","SELECT","0","","","","","0","0","","income-service","","","0","0","","","","","Matt_laminate","Matt_laminate, Textured_laminate","","","0","","","A","admin, superuser","","","","","","","","","","","","","","","0","lustre lam, bosslam, boss lustre, lustre laminate, laminate, semi matt lam, semi matt laminate










































","","","1746542910","0","","0","","CHECKBOX"
"Speed_Clip_78mm","78mm Speed Clips for Part Rolls","SPE","SOTT","210","1","DEFAULT","","","","","0","Flexible plastic clip for holding roll materials without the need for a scrap of tape. The 78mm size is designed for rolls where there is less than 25metres left on the roll.","<html>

<title><head>78mm Speed Clips for Part Rolls</title></head>

<body>

<p>Flexible plastic clip for holding roll materials without the need for a scrap of tape.</p>

<p>The 78mm size is designed for rolls where there is less than 25metres left on the roll.</p>

</body>

</html>","Speed-Clip-Small.jpg","Speed-Clip-Small.jpg","INVITEMS","DEFAULT-Speed_Clip_78mm-DEFAULT-Speed_Clip_78mm","","","0","0","0","","1","REGONLY","0","0","0","0","","","","SELECT","SELECT","0","","","","","0","0","","income-service","","","0","0","","","","","Weeding_Handling_Tools","Application_Tools, Weeding_Handling_Tools, Roll_Storage, Stencil-Film-Accessories","","","0","","","A","","","","","","","","","","","","","","","","0","speed,clip,","","","1519729335","0","","0","","CHECKBOX"
"Squad","Squad","SQUA","DEFAULT","74","10","DEFAULT","","","","","0","An installer dream tool, the Factotum-II and the Crawler in one set. These cleverly shaped tools make it easy to get in to those tricky corners and between edges.","<html>

<title><head>Squad</title></head>

<body>

<p>An installer dream tool, the Factotum-II and the Crawler in one set.</p>

<p>These cleverly shaped tools make it easy to get in to those tricky corners and between edges.</p>

</body>

</html>","Squad.png","Squad.png","INVITEMS","DEFAULT-Squad-DEFAULT-Squad","","","0","0","0","","1","REGONLY","0","0","0","0","","","","SELECT","SELECT","0","","","","","0","0","","income-service","","","0","0","","","","","Application_Tools","Application_Tools","","","0","","","A","","","","","","","","","","","","","","","","0","hustler, squeegee","","","1647271876","0","","0","","CHECKBOX"
"Squeegee_Sharpener","Squeegee Sharpener","S.SHARP","SOTT","360","6","DEFAULT","","","","","0","Make your favourite squeegee last longer. This must have tool sharpens up squeegee edges and gets rid of the burrs.","<html>

<title><head>Squeegee Sharpener</title></head>

<body>

<p>Make your favourite squeegee last longer. This must have tool sharpens up squeegee edges and gets rid of the burrs.</p>

</body>

</html>
","Squeegee_Sharpener.jpg","Squeegee_Sharpener.jpg","INVITEMS","DEFAULT-Squeegee_Sharpener-DEFAULT-Squeegee_Sharpener","","","0","0","0","","1","REGONLY","0","0","0","0","","","","SELECT","SELECT","0","","","","","0","0","","income-service","","","0","0","","","","","Application_Tools","Application_Tools","","","0","","","A","","","","","","","","","","","","","","","","0","squeegee,sharpener,","","","1519321895","0","","0","","CHECKBOX"
"SS100_1524","Safety and Security 100 :: 1524mm Width","SS100","Doro_Tape","20","9","DEFAULT","","","","","0","Safety and Security Film 100 forms an almost invisible shield that holds glass shards intact if a pane breaks. Buy it by the metre.","<html>

<head><title>Safety and Security 100 :: 1524mm Wide</title></head>
<body>

<p>Safety and Security 100 is a 100 micron film that forms an almost invisible shield that holds glass shards intact if a pane breaks.</p>


<span style=""font-weight: bold; color: #d7328a;"">Structure:</span><br>
<ul><li>100<span>&#181;</span>m PET film</li>
<li>Acrylic adhesive - Permanent</li>
<li>Polyester release liner - 25<span>&#181;</span>m
</li></ul>

<span style=""font-weight: bold; color: #d7328a;"">Suitability:</span><br>
<ul><li>Designed to upgrade current glass to BS6260 Class B standards</li>
<li>Ideal for councils, government and schooling bodies</li>
<li>Perfect for playgroups, crèches etc
</li></ul>

<span style=""font-weight: bold; color: #d7328a;"">Advantages:</span><br>
<ul><li>Upgrades standard glazing instead of having to replace</li>
<li>Provides protection from broken glass</li>
<li>Increases glazing security</li>
<li>Also rejects 99% of UV light </li></ul><br>

<span style=""font-weight: bold; color: #d7328a;"">Technical Information:</span>
<ul>
<a href=""media/ecom/pdfs/datasheets/SafetySecurity100.pdf""
target=""_blank""><img style=""border: 0px solid ; width: 200px; height: 60px;"" alt=""Safety and Security 100 Datasheet""
src=""media/ecom/onpagegraphics/Datasheet.png""></a>
<a href=""media/ecom/pdfs/applicationguidelines/GlassWindow-Installation-Instructions.pdf""
target=""_blank""><img style=""border: 0px solid ; width: 200px; height: 60px;"" alt=""Window Film Application Advice Care Instructions""
src=""media/ecom/onpagegraphics/App.png""></a>
</ul>


<p style=""font-weight: bold; font-size: 0.9em;"">Prices shown are per linear metre at 1524mm wide</p>
</body>
</html>","SS100.jpg","SS100.jpg","INVITEMS","DEFAULT-SS100_1524-DEFAULT-SS100_1524","","","0","0","0","","1","REGONLY","0","0","0","0","","","","SELECT","SELECT","0","","","","","0","0","","income-service","","","0","0","","","","","2540_WindSafe","2540_WindSafe","","","0","Blue_Max, Fusion_5, Olfa_Graphic_Cutter, Olfa_X_Design_Heavy_Duty_Knife, Lint-Free-Gloves, Masking_Tape_25mm, Aslan_Squeegee, Swann_Morton_3_Handle, Swann_Morton_10A_Blades, Float_On, IPA_100, Anti_Static_Cleaner,","Blue_Max, Fusion_5, Olfa_Graphic_Cutter, Olfa_X_Design_Heavy_Duty_Knife, Lint-Free-Gloves, Masking_Tape_25mm, Aslan_Squeegee, Swann_Morton_3_Handle, Swann_Morton_10A_Blades, Float_On, IPA_100, Anti_Static_Cleaner,","A","","","","","","","","","","","","","","","Safety-Security-100","0","safety, security, glass, protection, window","","","1507907900","0","","0","","CHECKBOX"
"SS15_1524","Solar Silver 15 Mirror Reflective Film :: 1524mm Width","SS15","Doro_Tape","20","9","DEFAULT","","","","","0","Solar Silver 15 Mirror Reflective Film. Buy it by the metre.","<html>

<head><title>Solar Silver 15 Mirror Reflective Film</title>

<style>
.responsive {
  width: 50%;
  height: auto;
}
</style>
</head>

<body>

<p>Solar Silver 15 window film provides excellent reflective ‘One Way Vision"" in daylight to stop those prying eyes.</p>

<span style=""font-weight: bold; color: #d7328a;"">Structure:</span><br>
<ul><li>85<span>&#181;</span>m Polyester film</li>
<li>Water based adhesive - Permanent</li>
<li>Polyester Liner - 25<span>&#181;</span>
</li></ul>

<span style=""font-weight: bold; color: #d7328a;"">Suitability:</span><br>
<ul><li>Suitable for application internally to glass and other smooth surfaces</li>
<li>Ideal for commercial buildings</li>
<li>Used to create one way vision in daylight</li></ul>

<span style=""font-weight: bold; color: #d7328a;"">Advantages:</span><br>
<ul><li>Reduce unwanted glare</li>
<li>Increase daytime privacy</li>
<li>Mirror effect when viewed from outside</li>
<li>Reduce solar heat gain</li></ul>

<a><img style=""border: 0px solid ; width: 50px; height: 50px;"" alt=""fyi""
src=""media/ecom/onpagegraphics/FYI.png""></a>
<p style=""color: #d7328a"">This window film works by reflecting light from the silver surface which means that during normal daylight hours it will offer maximum privacy.  However, when the light levels change (ie: at night or a late afternoon in the Winter) this effect will diminish and in some circumstances may even be reversed.  For this same reason this film is not recommended if you are trying to achieve privacy between two internal rooms.</p><br>



<span style=""font-weight: bold; color: #d7328a;"">Technical Information:</span><br><br>
<a href=""media/ecom/pdfs/datasheets/SolarSilver15.pdf"" target=""_blank""><img style=""border: 0px solid ; width: 200px; height: 60px;"" alt=""Solar Silver 15 Datasheet""
src=""media/ecom/onpagegraphics/Datasheet.png""></a>
<a href=""media/ecom/pdfs/applicationguidelines/GlassWindow-Installation-Instructions.pdf""
target=""_blank""><img style=""border: 0px solid ; width: 200px; height: 60px;"" alt=""Window Film Application Advice Care Instructions""
src=""media/ecom/onpagegraphics/App.png""></a>
<p style=""font-weight: bold; font-size: 0.9em;"">Prices shown are per linear metre at 1524mm wide</p>
</body>
</html>","SS15.jpg","SS15.jpg","INVITEMS","DEFAULT-SS15_1524-DEFAULT-SS15_1524","","","0","0","0","","1","REGONLY","0","0","0","0","","","","SELECT","SELECT","0","","","","","0","0","","income-service","","","0","0","","","","","2543_WindSolar","2543_WindSolar, Silver-Films","","","0","Blue_Max, Fusion_5, Olfa_Graphic_Cutter, Olfa_X_Design_Heavy_Duty_Knife, Lint-Free-Gloves, Masking_Tape_25mm, Aslan_Squeegee, Swann_Morton_3_Handle, Swann_Morton_10A_Blades, Float_On, IPA_100, Anti_Static_Cleaner,","Blue_Max, Fusion_5, Olfa_Graphic_Cutter, Olfa_X_Design_Heavy_Duty_Knife, Lint-Free-Gloves, Masking_Tape_25mm, Aslan_Squeegee, Swann_Morton_3_Handle, Swann_Morton_10A_Blades, Float_On, IPA_100, Anti_Static_Cleaner,","A","","","","","","","","","","","","","","","","0","","","","1507907995","0","","0","","CHECKBOX"
"ST491-Silver-Starflex","Silver Starflex Heat Transfer Vinyl","ST491","Poli-Tape","17","6","DEFAULT","","","","","0","Silver Starflex Heat Transfer Vinyl 500mm wide. Price per metre:","","ST491-Starflex-Silver.png","ST491-Starflex-Silver.png","INVITEMS","DEFAULT-ST491-Silver-Starflex-DEFAULT-ST491-Silver-Starflex","","","0","0","0","","1","REGONLY","0","0","0","0","","","","SELECT","SELECT","0","","","","","0","0","","income-service","","","0","0","","","","","3605_Patterned","3605_Patterned","","","0","Hotronix-Auto-Open-Clam-Heatpress, Weeding_Hook, EZ_LED_Weeder, FLEXOFF, Weeding_Tweezers, Heat_Tape, Tygaflor_Sheet, Olfa_Cutting_Matt_A3, Yellow_Ruler, ","Weeding_Hook, EZ_LED_Weeder, FLEXOFF, Weeding_Tweezers, Heat_Tape, Tygaflor_Sheet, Olfa_Cutting_Matt_A3, Yellow_Ruler, ","A","","","","","","","Application & Aftercare Instructions","<style>

table {

margin: 0 auto 0 auto;
}

table, th, td {
  
  border-collapse: collapse;
padding: 5px;
}
th, td {
  padding: 5px;
  text-align: center; 
  width: 100px;
  height: 50px;
  background-color:#009ee3;
  color: white;
  border-left: 5px solid white;
  border-right: 5px solid white;
}

th {
  border-top-color: white;
  font-size: 15px;
}

td {

padding-bottom: 1em;
border-bottom: 5px solid white;
font-size: 20px;
  
</style>



<table id=""data"">
  <tbody><tr>
    <th>PRESS TEMP</th>
<th>PRESS TIME</th>
<th>PRESSURE</th>
<th>EASY WEED</th>
<th>PEEL</th>
  </tr>
  <tr>
    <td>160<sup>o</sup>C</td>
<td>15 secs</td>
<td>Medium<br></td>
<td><span style=""font-size:30px;"">&#10003;</span></td>
<td>Cool</td>
  </tr>

<tr>
    <th>LAYER</th>
<th>REVERSE IMAGE</th>
<th>WASH</th>
<th>TUMBLE DRY</th>
<th>DRY CLEAN</th>
  </tr>
  <tr>
    <td><span style=""font-size:30px;"">&#10005;</span></td>
<td><span style=""font-size:30px;"">&#10003;</span></td>
<td>40<sup>o</sup>C</td>
<td><span style=""font-size:30px; color: white;"">&#10003;</span></td>
<td><span style=""font-size:30px; color: white;"">&#10005;</span></td>
  </tr>
  </tbody></table>
","","","","","","","","0","glitter, sparkle
","","","1576174818","0","","0","","CHECKBOX"
"ST492-Gold-Starflex","Gold Starflex Heat Transfer Vinyl","ST492","Poli-Tape","16","6","DEFAULT","","","","","0","Gold Starflex Heat Transfer Vinyl 500mm wide. Price per metre:","","ST492-Starflex-Gold.png","ST492-Starflex-Gold.png","INVITEMS","DEFAULT-ST492-Gold-Starflex-DEFAULT-ST492-Gold-Starflex","","","0","0","0","","1","REGONLY","0","0","0","0","","","","SELECT","SELECT","0","","","","","0","0","","income-service","","","0","0","","","","","3605_Patterned","3605_Patterned","","","0","Hotronix-Auto-Open-Clam-Heatpress, Weeding_Hook, EZ_LED_Weeder, FLEXOFF, Weeding_Tweezers, Heat_Tape, Tygaflor_Sheet, Olfa_Cutting_Matt_A3, Yellow_Ruler, ","Weeding_Hook, EZ_LED_Weeder, FLEXOFF, Weeding_Tweezers, Heat_Tape, Tygaflor_Sheet, Olfa_Cutting_Matt_A3, Yellow_Ruler, ","A","","","","","","","Application & Aftercare Instructions","<style>

table {

margin: 0 auto 0 auto;
}

table, th, td {
  
  border-collapse: collapse;
padding: 5px;
}
th, td {
  padding: 5px;
  text-align: center; 
  width: 100px;
  height: 50px;
  background-color:#009ee3;
  color: white;
  border-left: 5px solid white;
  border-right: 5px solid white;
}

th {
  border-top-color: white;
  font-size: 15px;
}

td {

padding-bottom: 1em;
border-bottom: 5px solid white;
font-size: 20px;
  
</style>



<table id=""data"">
  <tbody><tr>
    <th>PRESS TEMP</th>
<th>PRESS TIME</th>
<th>PRESSURE</th>
<th>EASY WEED</th>
<th>PEEL</th>
  </tr>
  <tr>
    <td>160<sup>o</sup>C</td>
<td>15 secs</td>
<td>Medium<br></td>
<td><span style=""font-size:30px;"">&#10003;</span></td>
<td>Cool</td>
  </tr>

<tr>
    <th>LAYER</th>
<th>REVERSE IMAGE</th>
<th>WASH</th>
<th>TUMBLE DRY</th>
<th>DRY CLEAN</th>
  </tr>
  <tr>
    <td><span style=""font-size:30px;"">&#10005;</span></td>
<td><span style=""font-size:30px;"">&#10003;</span></td>
<td>40<sup>o</sup>C</td>
<td><span style=""font-size:30px; color: white;"">&#10003;</span></td>
<td><span style=""font-size:30px; color: white;"">&#10005;</span></td>
  </tr>
  </tbody></table>
","","","","","","","","0","htv, heat transfer vinyl, flex vinyl, flex, t shirt vinyl, t shirt film, t-shirt film, t-shirt vinyl, t shirt printing, t-shirt printing, gold, starflex, st492, htv, heat transfer, heat-transfer, iron, iron-on, iron on, ironon, 
","","","1576174849","0","","0","","CHECKBOX"
"Stayflat","Supa-Flat","SUPA-FLAT","DEFAULT","50","0","DEFAULT","","","","","0","Supa-Flat is a 420gsm flexible anti scratch grey back roller banner media that has the properties of blocking out light, staying flat and not needing lamination.







","<html>

<head><title>Supa-Flat</title></head>

<body>

<p>Supa-Flat is a 420gsm flexible anti scratch grey back roller banner media.</p>

<span style=""font-weight: bold; color: #d7328a;"">Structure:</span><br>
<ul><li>420gsm PVC Coated polyester
</li></ul>

<span style=""font-weight: bold; color: #d7328a;"">Suitability:</span><br>
<ul><li>Perfect for producing internal roll up displays and roller banners</li>
<li>Compatible with Eco Solvent, Solvent and Latex inks</li></ul>

<span style=""font-weight: bold; color: #d7328a;"">Advantages:</span><br>
<ul><li>Grey reverse blocks out any light from behind</li>
<li>Great lay flat properties</li>
<li>No need to laminate
</li><br><img style=""border: 0px solid ; width: 50px; height: 50px; alt=""reward points logo""
src=""media/ecom/onpagegraphics/Reward_Logo.png""><span style=""font-weight: bold; color: #ef7d00;"">Earn Reward Points every time you buy this product</span></ul><br>

<span style=""font-weight: bold; color: #d7328a;"">Ink Compatibility:</span><br>
<ul><img style=""margin: 0px 5px 0px 0px; width: 15px; height: 25px;"" alt=""Eco-Sol Ink""
src=""media/ecom/onpagegraphics/Ink-EcoSol.png"">Eco-solvent &nbsp;&nbsp;
<img style=""margin: 0px 5px 0px 0px; width: 15px; height: 25px;"" alt=""UV Ink""
src=""media/ecom/onpagegraphics/Ink-UV.png"">UV &nbsp;&nbsp</ul>

<span style=""font-weight: bold; color: #d7328a;"">Technical Information:</span>
<ul><a href=""media/ecom/pdfs/datasheets/Supa-Flat.pdf"" target=""_blank""><img
style=""border: 0px solid ; width: 200px; height: 60px;"" alt=""Supa Flat Datasheet""
src=""media/ecom/onpagegraphics/Datasheet.png""></a>
<a href=""https://www.dorotape.co.uk/Print-Profiles-User-Guide""
target=""_blank""><img style=""width: 200px; height: 60px;"" alt=""printing profile guide""
src=""media/ecom/onpagegraphics/Profile.png""></a></ul><br>

<p style=""font-weight: bold; font-size: 1.0em;"">Prices shown are per 50 metre roll</p>

</body>

</html>","StayFlat.jpg","StayFlat.jpg","INVITEMS","DEFAULT-Stayflat-DEFAULT-Stayflat","","","0","0","0","","1","REGONLY","0","0","0","0","","","","SELECT","SELECT","0","","","","","0","0","","income-service","","","0","0","","","","","Digital_Print_Display_Film","Digital_Print_Banner, Digital_Print_Display_Film","","","0","Roll-Up-Banner-Stand-850mm, Olfa_Graphic_Cutter, Olfa_X_Design_Heavy_Duty_Knife, Lint-Free-Gloves, Yellow_Ruler, Swann_Morton_3_Handle, Swann_Morton_10A_Blades,","Roll-Up-Banner-Stand-850mm, Olfa_Graphic_Cutter, Olfa_X_Design_Heavy_Duty_Knife, Lint-Free-Gloves, Yellow_Ruler, Swann_Morton_3_Handle, Swann_Morton_10A_Blades,","A","superuser","","GRADE_POLYESTER","SUITABILITY_INDOOR, SUITABILITY_ROLL_UP","","","","","","","","","","","Supa-Flat","0","display banner, frontlit, laminated, laminated, roll-up banner, roll up, roll up banner, lightstop, blockout, so flat, stay flat, max flat, soflay, stayflat, maxflat, supa-flat, supa flat, supaflat

















","","","1489932578","0","","0","","CHECKBOX"
"Summa_Plotter_Blade","Summa Plotter Cutting Blades","SD","DEFAULT","70","0","DEFAULT","","","","","0","These plotter cutting blades are for use with Summa plotters. Select the blade suitable for the type of vinyl or film that you are cutting.","<html>

<title><head>Summa Plotter Cutting Blades</title></head>

<body>

<p>These plotter cutting blades are for use with Summa plotters. Select the blade suitable for the type of vinyl or film that you are cutting.</p>
<p>Manufactured to a high specification in the UK from quality Swiss tungsten carbide.</p>

</body>

</html>","SD450V.jpg","SD450V.jpg","INVITEMS","DEFAULT-Summa_Plotter_Blade-DEFAULT-Summa_Plotter_Blade","","","0","0","0","","1","REGONLY","0","0","0","0","","","","SELECT","SELECT","0","","","","","0","0","","income-service","","","0","0","","","","","Plotter_Blades","Plotter_Blades","","","0","","","A","","","","","","","","","","","","","","","Summa-Plotter-Cutting-Blades","0","summa, plotter, blade, cut, cutting, plotting","","","1706699741","0","","0","","CHECKBOX"
"Summa_Smart_Knives","Summa Smart Knives","HSK","DEFAULT","50","0","DEFAULT","","","","","0","Smart Knives for all Summa drag cutters. These cost effective alternative to traditional plotter blades arrive pre-set in their own blade holder ready for use. When the blade eventually blunts just order an Exchange unit and return the original in the jiffy bag provided. 
","<html><head><title>Summa Smart Knives</title></head>
<body>
<p>Smart Knives for all the Summa drag Plotters. These cost effective alternative to traditional plotter blades arrive pre-set in their own blade holder ready for use. When the blade eventually blunts just order an Exchange unit and return the original in the jiffy bag provided. </p>
<p>Choice of blade for different cutting options.</p>
<ul>
<li>Swiss tungsten carbide blade preset for safety, accuracy and longer life</li>
<li>Comes in its own holder, preset for immediate use</li>
<li>No need to fit, adjust or change the blade</li>
<li>They cut all common materials (and many unusual ones too)</li>
<li>Exchange units contain a brand new blade</li>
<li>Used Knives are exchanged for half the price offering significant long term cost savings</li>
<li>Simply return the complete unit including the clear dorotape branded case</li></ul>
</body></html>
","HSK450V.jpg","HSK450V.jpg, HSK450F.jpg, HSK750F.jpg","INVITEMS","DEFAULT-Summa_Smart_Knives-DEFAULT-Summa_Smart_Knives","","","0","0","0","","1","REGONLY","0","0","0","0","","","","SELECT","SELECT","0","","","","","0","0","","income-service","","","0","0","","","","","Smart-Knives","Smart-Knives","","","0","PLOTPEN, GERSTD, GERFST, GEREMT, GERENV, GERODY, ROLAND, GRAPHT, IOLINE, SUMMA, MUTOH, MIMAKI, SIGNPAL","","A","","","","","","","","","","","","","","","Summa-Smart-Knives","0","smart, knife, knives, summa

","","","1638529308","0","","0","","CHECKBOX"
"Swann_Morton_10A_Blades","Swann Morton No:10A Scalpel Blades ","No: 10A Blades","Swann-Morton","50","14","DEFAULT","","","","","0","Carbon steel scalpel blades. Pack of 100","<html>

<title><head>Swann Morton No:10A Scalpel Blades </head></title>

<body>

<p>Carbon steel scalpel blades</p>
<p>Fits No:3 & No:7 handles</p>
<p>Pack of 100</p>

</body>

</html>","Swann_Morton_10A_Blade_Box.png","Swann_Morton_10A_Blade_Box.png, Swann_Morton_10A_Blade.png","INVITEMS","DEFAULT-Swann_Morton_10A_Blades-DEFAULT-Swann_Morton_10A_Blades","","","0","0","0","","1","REGONLY","0","0","0","0","","","","SELECT","SELECT","0","","","","","0","0","","income-service","","","0","0","","","","","Knives_Cutting_Tools","Knives_Cutting_Tools","","","0","Swann_Morton_3_Handle, Swann_Morton_7_Handle, Swann_Morton_5A_Handle, Swann_Morton_Blade_Remover","","A","","","","","","","","","","","","","","","","0","swann morton,scalpel,handle,surgical,

","","","1573489870","0","","1","","CHECKBOX"
"Swann_Morton_11_Blades","Swann Morton No:11 Scalpel Blades ","No: 11 Blades","Swann-Morton","60","14","DEFAULT","","","","","0","Carbon steel scalpel blades. Pack of 100","<html>

<title><head>Swann Morton No:11 Scalpel Blades </head></title>

<body>

<p>Carbon steel scalpel blades</p>
<p>Fits No:3 & No:7 handles</p>
<p>Pack of 100</p>

</body>

</html>","Swann_Morton_11_Blade_Box.png","Swann_Morton_11_Blade_Box.png, Swann_Morton_11_Blade.png","INVITEMS","DEFAULT-Swann_Morton_11_Blades-DEFAULT-Swann_Morton_11_Blades","","","0","0","0","","1","REGONLY","0","0","0","0","","","","SELECT","SELECT","0","","","","","0","0","","income-service","","","0","0","","","","","Knives_Cutting_Tools","Knives_Cutting_Tools","","","0","Swann_Morton_3_Handle, Swann_Morton_7_Handle, Swann_Morton_Blade_Remover","","A","","","","","","","","","","","","","","","","0","swann morton,scalpel,handle,surgical,

","","","1573490416","0","","1","","CHECKBOX"
"Swann_Morton_2_Blades","Swann Morton No:2 ACM Scalpel Blades","No: 2ACM Blades","Swann-Morton","70","2","DEFAULT","","","","","0","Replacement carbon steel scalpel blades for the No:2 ACM knife handle. Pack of 5","<html>

<title><head>Swann Morton No:2 ACM Scalpel Blades</head></title>

<body>

<p>Replacement carbon steel scalpel blades</p>
<p>Fits No:2 knife handle only</p>
<p>Pack of 5</p>

</body>

</html>","Swann_Morton_2_Blade_Pack.png","Swann_Morton_2_Blade_Pack.png, Swann_Morton_2_Blade.png","INVITEMS","DEFAULT-Swann_Morton_2_Blades-DEFAULT-Swann_Morton_2_Blades","","","0","0","0","","1","REGONLY","0","0","0","0","","","","SELECT","SELECT","0","","","","","0","0","","income-service","","","0","0","","","","","Knives_Cutting_Tools","Knives_Cutting_Tools","","","0","Swann_Morton_2_Handle","","A","","","","","","","","","","","","","","","","0","swann morton,scalpel,handle,surgical,

","","","1573490750","0","","1","","CHECKBOX"
"Swann_Morton_2_Handle","Swann Morton No:2 ACM Scalpel Handle with blade and blade guard","No: 2ACM Handle","Swann-Morton","65","6","DEFAULT","","","","","0","Round barrel handle craft knife with X-Acto loaded No: 2 blade and blade guard.","<html>

<title><head>Swann Morton No:2 ACM Scalpel Handle with blade and blade guard</head></title>

<body>

<p>Round barrel handle craft knife with X-Acto loaded No: 2 ACM blade and blade guard.</p>
<p>Takes No:2 ACM blades only</p>

</body>

</html>","Swann_Morton_2_Handle_Blade_Guard.png","Swann_Morton_2_Handle_Blade_Guard.png, Swann_Morton_2_Handle_Blade.png","INVITEMS","DEFAULT-Swann_Morton_2_Handle-DEFAULT-Swann_Morton_2_Handle","","","0","0","0","","1","REGONLY","0","0","0","0","","","","SELECT","SELECT","0","","","","","0","0","","income-service","","","0","0","","","","","Knives_Cutting_Tools","Knives_Cutting_Tools","","","0","Swann_Morton_2_Blades","Swann_Morton_2_Blades","A","","","","","","","","","","","","","","","","0","swann morton,scalpel,handle,surgical,

","","","1573489139","0","","1","","CHECKBOX"
"Swann_Morton_3_Handle","Swann Morton No:3 Scalpel Handle","No: 3 Handle","Swann-Morton","10","6","DEFAULT","","","","","0","Stainless steel scalpel handle","<html>

<title><head>Swann Morton No:3 Scalpel Handle</head></title>

<body>

<p>Stainless steel scalpel handle</p>
<p>Takes No:10A or No: 11 blades</p>

</body>

</html>","Swann_Morton_3_Handle.png","Swann_Morton_3_Handle.png","INVITEMS","DEFAULT-Swann_Morton_3_Handle-DEFAULT-Swann_Morton_3_Handle","","","0","0","0","","1","REGONLY","0","0","0","0","","","","SELECT","SELECT","0","","","","","0","0","","income-service","","","0","0","","","","","Knives_Cutting_Tools","Knives_Cutting_Tools","","","0","Swann_Morton_10A_Blades, Swann_Morton_11_Blades, Swann_Morton_Blade_Remover","","A","","","","","","","","","","","","","","","","0","swann morton, scalpel, handle, surgical,

","","","1573482137","0","","1","","CHECKBOX"
"Swann_Morton_5A_Handle","Swann Morton No:5A ACM Scalpel Handle with 5 x 10A blades","No: 5 Handle","Swann-Morton","30","10","DEFAULT","","","","","0","Acrylic craft scalpel handle","<html>

<title><head>Swann Morton No:5A ACM Scalpel Handle with 5 x 10A blades</head></title>

<body>

<p>Acrylic Craft Handle with Stainless Steel bayonet</p>
<p>Especially for Craft enthusiasts</p>
<p>Takes No:10A blades</p>

</body>

</html>","Swann_Morton_5A_Handle.png","Swann_Morton_5A_Handle.png","INVITEMS","DEFAULT-Swann_Morton_5A_Handle-DEFAULT-Swann_Morton_5A_Handle","","","0","0","0","","1","REGONLY","0","0","0","0","","","","SELECT","SELECT","0","","","","","0","0","","income-service","","","0","0","","","","","Knives_Cutting_Tools","Knives_Cutting_Tools","","","0","Swann_Morton_10A_Blades, Swann_Morton_Blade_Remover","","A","","","","","","","","","","","","","","","","0","swann morton,scalpel,handle,surgical,

","","","1573480782","0","","1","","CHECKBOX"
"Swann_Morton_Blade_Remover","Swann Morton Blade Remover","SHARP-SC","Swann-Morton","205","1","DEFAULT","","","","","0","Ensure safe removal of scalpel blades with this Swann Morton blade remover.","<html>

<title><head>Swann Morton Blade Remover</title></head>
<body>
<p>Ensure safe removal of scalpel blades with this Swann Morton blade remover.</p>
<p>Takes up to 100 blades.</p>
</body>
</html>","Swann_Morton_Blade_Remover_Knife.png","Swann_Morton_Blade_Remover_Knife.png, Swann_Morton_Blade_Remover.png","INVITEMS","DEFAULT-Swann_Morton_Blade_Remover-DEFAULT-Swann_Morton_Blade_Remover","","","0","0","0","","1","REGONLY","0","0","0","0","","","","SELECT","SELECT","0","","","","","0","0","","income-service","","","0","0","","","","","Knives_Cutting_Tools","Knives_Cutting_Tools","","","0","Swann_Morton_10A_Blades, CS_Swann_Morton_11_Blades","","A","","","","","","","","","","","","","","","","0","swann morton,scalpel,handle,surgical,

","","","1573554471","0","","1","","CHECKBOX"
"Tool_Belt","Tool Belt","BAG","SOTT","310","0","DEFAULT","","","","","0","Professional Toolbag from SOTT featuring specially designed areas for quick access to knives, magnets, masking tape, squeegees and more. Sturdy belt with solid clasp included. (Tools are not included).","<html>

<title><head>Tool Belt</title></head>

<body>

<p>Professional Toolbag from SOTT featuring specially designed areas for quick access to knives, magnets, masking tape, squeegees and more. Sturdy belt with solid clasp included.</p> 

<p>(Tools are not included)</p>

</body>

</html>","Tool_Belt_Black.png","Tool_Belt_Black.png, Tool_Belt_Pink.png","INVITEMS","DEFAULT-Tool_Belt-DEFAULT-Tool_Belt","","","0","0","0","","1","REGONLY","0","0","0","0","","","","SELECT","SELECT","0","","","","","0","0","","income-service","","","0","0","","","","","Vehicle_Wrap_Tools","Application_Tools, Vehicle_Wrap_Tools","","","0","Heat_Gun, Wrap_Cut, Wrap_Stool, Mounting_Magnet, Magnetic_Squeegee","","A","","","","","","","","","","","","","","","","0","toolbelt,belt","","","1511176547","0","","0","","CHECKBOX"
"TR2_Inks","Roland TrueVIS Inks","ROLINKTR","Roland","40","0","DEFAULT","","","","","0","





","<html>
<head>
<title>Roland TrueVIS Inks</title></head>
<body>
<p>GENUINE 500ml Roland TrueVIS Inks specially formulated to fit Roland VG2 & VG3 printers.</p>
<p>The Roland TrueVIS inks deliver exceptional colour while meeting improved environmental standards.</p>
<p>Fast-drying vibrant colours that Roland users have come to know and love.</p>
<p>GREENGUARD Gold certified TrueVIS INK system incorporates cost-effective 500ml ink pouches that fit neatly into the printer’s reusable cartridge casings. The cartridges are then slid into a discreet, hidden ink bay at the front of the printer body, granting ease of access and cleaner usage with less waste.</p>
</body>
</html>","TrueVis2.jpg","TrueVis2.jpg","INVITEMS","DEFAULT-TR2_Inks-DEFAULT-TR2_Inks","","","0","0","0","","1","REGONLY","0","0","0","0","","","","SELECT","SELECT","0","","","","","0","0","","income-service","","","0","0","","","","","Digital_Print_Inks","Digital_Print_Inks","","","0","Cleaning_Pads, 4G_Cleaner, Easy-Wipe, Roland-Cleaning-Kit-2","","A","","","","","","","","","","","","","","","","0","digital print ink,roland inks,eco sol max ink

































","","","1666715512","0","","0","","CHECKBOX"
"Trans_Print","TransPrint for Image Flex Pro :: 500mm x 25m","909","R-Tape","110","46","DEFAULT","","","","","0","Heat resistant transfer tape for use with Image Flex Pro Soft White, Image Flex Turbo & Image Flex Pro Sub Block. Roll size: 500mm x 25m","<head><title>Trans Print 909</title></head>
<body>
<p>Heat resistant self wound polyester transfer tape available with either a medium level of tack or a high tack.</p>
<p>Designed specifically to protect printed heat transfer material from the high press temperature.</p>
<span style=""font-weight: bold; color: #d7328a;"">SUITABILITY:</span><br>
Recommended for use with Image Flex Pro Soft White 4030, Image Flex Turbo 4036 and Image Flex Pro Sub Block 4010 to transfer the printed image onto the garment.
<br><br>
<span style=""font-weight: bold; color: #d7328a;"">TECHNICAL INFORMATION:</span><br>
<a href=""media/ecom/pdfs/datasheets/TransPrint-909.pdf"" target=""_blank""><img style=""border: 0px solid ; width: 200px; height: 60px;"" alt=""Trans Print 909 Datasheet""
src=""media/ecom/onpagegraphics/Datasheet.png""></a>
<p><b>Roll size: 500mm x 25m</b></p>
</body>","Trans-Print.jpg","Trans-Print.jpg","INVITEMS","DEFAULT-Trans_Print-DEFAULT-Trans_Print","","","0","0","0","","1","REGONLY","0","0","0","0","","","","SELECT","SELECT","0","","","","","0","0","","income-service","","","0","0","","","","","Digital_Print_Garment_Flex","Digital_Print_Garment_Flex","","","0","Image_Flex_Pro_Sub, Image_Flex_Pro_Sub750, Image_Flex_Pro_White_Soft, Image_Flex_Pro_White_Soft500","","A","","","","","","","","","","","","","","","","0","trans,print,transfer,","","","1490031009","0","","0","","CHECKBOX"
"Triple_Layer_Paper","Triple Ply Industrial Paper","PAP","SOTT","113","45","DEFAULT","","","","","0","An essential for every workshop. This triple ply industrial paper is so soft, it won't scratch, yet highly absorbent and strong, even when wet that it will not disintergrate. Comes on packs of 2 rolls.","<html>

<title><head>Triple Ply Industrial Paper</title></head>

<body>

<p>An essential for every workshop. This triple ply industrial paper is so soft, it won't scratch, yet highly absorbent and strong, even when wet that it will not disintegrate.</p>

<p>Comes on packs of 2 rolls.</p>

</body>

</html>","Triple_Layer_Paper.png","Triple_Layer_Paper.png","INVITEMS","DEFAULT-Triple_Layer_Paper-DEFAULT-Triple_Layer_Paper","","","0","0","0","","1","REGONLY","0","0","0","0","","","","SELECT","SELECT","0","","","","","0","0","","income-service","","","0","0","","","","","Cleaners_Cleaning_Tools","Cleaners_Cleaning_Tools","","","0","Paper_Roll_Dispenser","","A","","","","","","","","","","","","","","","","0","cleaning, cloths, rags, low tack rag, surface, prepare, preparation","","","1647009520","0","","0","","CHECKBOX"
"TRL600","Ri-Mark Translucent 600 White","TRL600","Ritrama","240","8","DEFAULT","","","","","0","Ri-Mark Translucent 600 White is designed for long term indoor and outdoor illuminated signage and window graphics. The matt translucent 80 micron film offers a uniform colour appearance and has an external colour stability of up to 7 years. Prices shown are per roll at 1220mm wide.","<html>
<head>
<title>Ri-Mark Translucent 600 White Vinyl</title>
<style>
.responsive {
  width: 50%;
  height: auto;
}
</style>
</head>

<body>
<img src=""media/ecom/onpagegraphics/Fedrigoni_Logo.jpg"" alt=""Fedrigoni Logo"" class=""responsive"">
<p>Ri-Mark Translucent 600 White is designed for long term indoor and outdoor illuminated signage and window graphics</p>

<span style=""font-weight: bold; color: #d7328a;"">Structure:</span><br>
<ul><li>80<span>&#181;</span>m Polymeric calendered PVC</li>
<li>Solvent based adhesive - Permanent</li>
<li>Clay coated kraft paper backing liner - 120g/m&sup2;</ul></li>

<span style=""font-weight: bold; color: #d7328a;"">Suitability:</span><br>
<ul><li>Perfect for creating high end corporate branding and vibrant retail promotions</li>
<li>Ideal for in-store displays as well as visual art installations and product enhancement</li>
<li>Designed for long term indoor and outdoor illuminated signage and window graphics</li>
<li>Suitable for both dry and wet application methods</ul></li>

<span style=""font-weight: bold; color: #d7328a;"">Advantages:</span><br>
<ul><li>Matt translucent face film offers a completely uniform colour appearance</li>
<li>Cohesive solvent based adhesive provides water resistance and dimensional stability</li>
<li>UV stabilised material</li>
<li>Up to 7 years durability</li>
<li>Developed for trouble free plotting</li>
<li>Thermoformable if applied onto acrylic</li>
<li>REACH & RoHS compliant</li></ul> 

<span style=""font-weight: bold; color: #d7328a;"">Technical Information:</span><br><br>
<a href=""media/ecom/pdfs/datasheets/Ri_Mark_Translucent.pdf""
target=""_blank""><img style=""border: 0px solid ; width: 200px; height: 60px;"" alt=""Ritrama TRL Datasheet""
src=""media/ecom/onpagegraphics/Datasheet.png""></a>
<a href=""media/ecom/colselxl/digital_colour_card_Ri_Mark_Translucent.pdf""
target=""_blank""><img style=""border: 0px solid ; width: 200px; height: 60px;"" alt=""Ritrama TRL Colour Selector""
src=""media/ecom/onpagegraphics/Colour.png""></a>
<p style=""font-weight: bold; font-size: 1.0em;"">Prices shown are per roll at 1220mm wide</p>
</body>
</html>
","Translucent_600_White.png","Translucent_600_White.png","INVITEMS","DEFAULT-TRL600-DEFAULT-TRL600","","","0","0","0","","1","REGONLY","0","0","0","0","","","","SELECT","SELECT","0","","","","","0","0","","income-service","","","0","0","","","","","Ritrama-Translucent-Vinyl","Ritrama-Translucent-Vinyl","","","0","Blue_Max, Fusion_5, Olfa_Graphic_Cutter, Olfa_X_Design_Heavy_Duty_Knife, Lint-Free-Gloves, Masking_Tape_25mm, Aslan_Squeegee, Swann_Morton_3_Handle, Swann_Morton_10A_Blades, Float_On, IPA_100, Anti_Static_Cleaner,","Blue_Max, Fusion_5, Olfa_Graphic_Cutter, Olfa_X_Design_Heavy_Duty_Knife, Lint-Free-Gloves, Masking_Tape_25mm, Aslan_Squeegee, Swann_Morton_3_Handle, Swann_Morton_10A_Blades, Float_On, IPA_100, Anti_Static_Cleaner,","A","","ADHESIVE_STANDARD_LINER","","","Black","Gloss","","","","","","","","","Ri-Mark-Translucent-600-White","0","ritrama, fedrigoni, translucent, backlit, back-lit, backlight, illuminated, trlritrama, fedrigoni, translucent, backlit, back-lit, backlight, illuminated, trl","","","1710263852","0","","0","","CHECKBOX"
"TRL601","Ri-Mark Translucent 601 Black","TRL601","Ritrama","270","8","DEFAULT","","","","","0","Ri-Mark Translucent 601 Black is designed for long term indoor and outdoor illuminated signage and window graphics. The matt translucent 80 micron film offers a uniform colour appearance and has an external colour stability of up to 7 years. Prices shown are per roll at 1220mm wide.","<html>
<head>
<title>Ri-Mark Translucent 601 Black Vinyl</title>
<style>
.responsive {
  width: 50%;
  height: auto;
}
</style>
</head>

<body>
<img src=""media/ecom/onpagegraphics/Fedrigoni_Logo.jpg"" alt=""Fedrigoni Logo"" class=""responsive"">
<p>Ri-Mark Translucent 601 Black is designed for long term indoor and outdoor illuminated signage and window graphics</p>

<span style=""font-weight: bold; color: #d7328a;"">Structure:</span><br>
<ul><li>80<span>&#181;</span>m Polymeric calendered PVC</li>
<li>Solvent based adhesive - Permanent</li>
<li>Clay coated kraft paper backing liner - 120g/m&sup2;</ul></li>

<span style=""font-weight: bold; color: #d7328a;"">Suitability:</span><br>
<ul><li>Perfect for creating high end corporate branding and vibrant retail promotions</li>
<li>Ideal for in-store displays as well as visual art installations and product enhancement</li>
<li>Designed for long term indoor and outdoor illuminated signage and window graphics</li>
<li>Suitable for both dry and wet application methods</ul></li>

<span style=""font-weight: bold; color: #d7328a;"">Advantages:</span><br>
<ul><li>Matt translucent face film offers a completely uniform colour appearance</li>
<li>Cohesive solvent based adhesive provides water resistance and dimensional stability</li>
<li>UV stabilised material</li>
<li>Up to 7 years durability</li>
<li>Developed for trouble free plotting</li>
<li>Thermoformable if applied onto acrylic</li>
<li>REACH & RoHS compliant</li></ul> 

<span style=""font-weight: bold; color: #d7328a;"">Technical Information:</span><br><br>
<a href=""media/ecom/pdfs/datasheets/Ri_Mark_Translucent.pdf""
target=""_blank""><img style=""border: 0px solid ; width: 200px; height: 60px;"" alt=""Ritrama TRL Datasheet""
src=""media/ecom/onpagegraphics/Datasheet.png""></a>
<a href=""media/ecom/colselxl/digital_colour_card_Ri_Mark_Translucent.pdf""
target=""_blank""><img style=""border: 0px solid ; width: 200px; height: 60px;"" alt=""Ritrama TRL Colour Selector""
src=""media/ecom/onpagegraphics/Colour.png""></a>
<p style=""font-weight: bold; font-size: 1.0em;"">Prices shown are per roll at 1220mm wide</p>
</body>
</html>","Translucent_601_Black.png","Translucent_601_Black.png","INVITEMS","DEFAULT-TRL601-DEFAULT-TRL601","","","0","0","0","","1","REGONLY","0","0","0","0","","","","SELECT","SELECT","0","","","","","0","0","","income-service","","","0","0","","","","","Ritrama-Translucent-Vinyl","Ritrama-Translucent-Vinyl","","","0","Blue_Max, Fusion_5, Olfa_Graphic_Cutter, Olfa_X_Design_Heavy_Duty_Knife, Lint-Free-Gloves, Masking_Tape_25mm, Aslan_Squeegee, Swann_Morton_3_Handle, Swann_Morton_10A_Blades, Float_On, IPA_100, Anti_Static_Cleaner,","Blue_Max, Fusion_5, Olfa_Graphic_Cutter, Olfa_X_Design_Heavy_Duty_Knife, Lint-Free-Gloves, Masking_Tape_25mm, Aslan_Squeegee, Swann_Morton_3_Handle, Swann_Morton_10A_Blades, Float_On, IPA_100, Anti_Static_Cleaner,","A","","ADHESIVE_STANDARD_LINER","","","Black","Gloss","","","","","","","","","Ri-Mark-Translucent-601-Black","0","ritrama, fedrigoni, translucent, backlit, back-lit, backlight, illuminated, trlritrama, fedrigoni, translucent, backlit, back-lit, backlight, illuminated, trl","","","1710264171","0","","0","","CHECKBOX"
"TRL604","Ri-Mark Translucent 604 Light Grey","TRL604","Ritrama","250","8","DEFAULT","","","","","0","Ri-Mark Translucent 604 Light Grey is designed for long term indoor and outdoor illuminated signage and window graphics. The matt translucent 80 micron film offers a uniform colour appearance and has an external colour stability of up to 7 years. Prices shown are per roll at 1220mm wide.","<html>
<head>
<title>Ri-Mark Translucent 604 Light Grey Vinyl</title>
<style>
.responsive {
  width: 50%;
  height: auto;
}
</style>
</head>

<body>
<img src=""media/ecom/onpagegraphics/Fedrigoni_Logo.jpg"" alt=""Fedrigoni Logo"" class=""responsive"">
<p>Ri-Mark Translucent 604 Light Grey is designed for long term indoor and outdoor illuminated signage and window graphics</p>

<span style=""font-weight: bold; color: #d7328a;"">Structure:</span><br>
<ul><li>80<span>&#181;</span>m Polymeric calendered PVC</li>
<li>Solvent based adhesive - Permanent</li>
<li>Clay coated kraft paper backing liner - 120g/m&sup2;</ul></li>

<span style=""font-weight: bold; color: #d7328a;"">Suitability:</span><br>
<ul><li>Perfect for creating high end corporate branding and vibrant retail promotions</li>
<li>Ideal for in-store displays as well as visual art installations and product enhancement</li>
<li>Designed for long term indoor and outdoor illuminated signage and window graphics</li>
<li>Suitable for both dry and wet application methods</ul></li>

<span style=""font-weight: bold; color: #d7328a;"">Advantages:</span><br>
<ul><li>Matt translucent face film offers a completely uniform colour appearance</li>
<li>Cohesive solvent based adhesive provides water resistance and dimensional stability</li>
<li>UV stabilised material</li>
<li>Up to 7 years durability</li>
<li>Developed for trouble free plotting</li>
<li>Thermoformable if applied onto acrylic</li>
<li>REACH & RoHS compliant</li></ul> 

<span style=""font-weight: bold; color: #d7328a;"">Technical Information:</span><br><br>
<a href=""media/ecom/pdfs/datasheets/Ri_Mark_Translucent.pdf""
target=""_blank""><img style=""border: 0px solid ; width: 200px; height: 60px;"" alt=""Ritrama TRL Datasheet""
src=""media/ecom/onpagegraphics/Datasheet.png""></a>
<a href=""media/ecom/colselxl/digital_colour_card_Ri_Mark_Translucent.pdf""
target=""_blank""><img style=""border: 0px solid ; width: 200px; height: 60px;"" alt=""Ritrama TRL Colour Selector""
src=""media/ecom/onpagegraphics/Colour.png""></a>
<p style=""font-weight: bold; font-size: 1.0em;"">Prices shown are per roll at 1220mm wide</p>
</body>
</html>","Translucent_604_Light_Grey.png","Translucent_604_Light_Grey.png","INVITEMS","DEFAULT-TRL604-DEFAULT-TRL604","","","0","0","0","","1","REGONLY","0","0","0","0","","","","SELECT","SELECT","0","","","","","0","0","","income-service","","","0","0","","","","","Ritrama-Translucent-Vinyl","Ritrama-Translucent-Vinyl","","","0","Blue_Max, Fusion_5, Olfa_Graphic_Cutter, Olfa_X_Design_Heavy_Duty_Knife, Lint-Free-Gloves, Masking_Tape_25mm, Aslan_Squeegee, Swann_Morton_3_Handle, Swann_Morton_10A_Blades, Float_On, IPA_100, Anti_Static_Cleaner,","Blue_Max, Fusion_5, Olfa_Graphic_Cutter, Olfa_X_Design_Heavy_Duty_Knife, Lint-Free-Gloves, Masking_Tape_25mm, Aslan_Squeegee, Swann_Morton_3_Handle, Swann_Morton_10A_Blades, Float_On, IPA_100, Anti_Static_Cleaner,","A","","ADHESIVE_STANDARD_LINER","","","Black","Gloss","","","","","","","","","Ri-Mark-Translucent-604-Light-Grey","0","ritrama, fedrigoni, translucent, backlit, back-lit, backlight, illuminated, trlritrama, fedrigoni, translucent, backlit, back-lit, backlight, illuminated, trl","","","1710263972","0","","0","","CHECKBOX"
"TRL605","Ri-Mark Translucent 605 Dark Grey","TRL605","Ritrama","260","8","DEFAULT","","","","","0","Ri-Mark Translucent 605 Dark Grey is designed for long term indoor and outdoor illuminated signage and window graphics. The matt translucent 80 micron film offers a uniform colour appearance and has an external colour stability of up to 7 years. Prices shown are per roll at 1220mm wide.","<html>
<head>
<title>Ri-Mark Translucent 605 Dark Grey Vinyl</title>
<style>
.responsive {
  width: 50%;
  height: auto;
}
</style>
</head>

<body>
<img src=""media/ecom/onpagegraphics/Fedrigoni_Logo.jpg"" alt=""Fedrigoni Logo"" class=""responsive"">
<p>Ri-Mark Translucent 605 Dark Grey is designed for long term indoor and outdoor illuminated signage and window graphics</p>

<span style=""font-weight: bold; color: #d7328a;"">Structure:</span><br>
<ul><li>80<span>&#181;</span>m Polymeric calendered PVC</li>
<li>Solvent based adhesive - Permanent</li>
<li>Clay coated kraft paper backing liner - 120g/m&sup2;</ul></li>

<span style=""font-weight: bold; color: #d7328a;"">Suitability:</span><br>
<ul><li>Perfect for creating high end corporate branding and vibrant retail promotions</li>
<li>Ideal for in-store displays as well as visual art installations and product enhancement</li>
<li>Designed for long term indoor and outdoor illuminated signage and window graphics</li>
<li>Suitable for both dry and wet application methods</ul></li>

<span style=""font-weight: bold; color: #d7328a;"">Advantages:</span><br>
<ul><li>Matt translucent face film offers a completely uniform colour appearance</li>
<li>Cohesive solvent based adhesive provides water resistance and dimensional stability</li>
<li>UV stabilised material</li>
<li>Up to 7 years durability</li>
<li>Developed for trouble free plotting</li>
<li>Thermoformable if applied onto acrylic</li>
<li>REACH & RoHS compliant</li></ul> 

<span style=""font-weight: bold; color: #d7328a;"">Technical Information:</span><br><br>
<a href=""media/ecom/pdfs/datasheets/Ri_Mark_Translucent.pdf""
target=""_blank""><img style=""border: 0px solid ; width: 200px; height: 60px;"" alt=""Ritrama TRL Datasheet""
src=""media/ecom/onpagegraphics/Datasheet.png""></a>
<a href=""media/ecom/colselxl/digital_colour_card_Ri_Mark_Translucent.pdf""
target=""_blank""><img style=""border: 0px solid ; width: 200px; height: 60px;"" alt=""Ritrama TRL Colour Selector""
src=""media/ecom/onpagegraphics/Colour.png""></a>
<p style=""font-weight: bold; font-size: 1.0em;"">Prices shown are per roll at 1220mm wide</p>
</body>
</html>","Translucent_605_Dark_Grey.png","Translucent_605_Dark_Grey.png","INVITEMS","DEFAULT-TRL605-DEFAULT-TRL605","","","0","0","0","","1","REGONLY","0","0","0","0","","","","SELECT","SELECT","0","","","","","0","0","","income-service","","","0","0","","","","","Ritrama-Translucent-Vinyl","Ritrama-Translucent-Vinyl","","","0","Blue_Max, Fusion_5, Olfa_Graphic_Cutter, Olfa_X_Design_Heavy_Duty_Knife, Lint-Free-Gloves, Masking_Tape_25mm, Aslan_Squeegee, Swann_Morton_3_Handle, Swann_Morton_10A_Blades, Float_On, IPA_100, Anti_Static_Cleaner,","Blue_Max, Fusion_5, Olfa_Graphic_Cutter, Olfa_X_Design_Heavy_Duty_Knife, Lint-Free-Gloves, Masking_Tape_25mm, Aslan_Squeegee, Swann_Morton_3_Handle, Swann_Morton_10A_Blades, Float_On, IPA_100, Anti_Static_Cleaner,","A","","ADHESIVE_STANDARD_LINER","","","Black","Gloss","","","","","","","","","Ri-Mark-Translucent-605-Dark-Grey","0","ritrama, fedrigoni, translucent, backlit, back-lit, backlight, illuminated, trlritrama, fedrigoni, translucent, backlit, back-lit, backlight, illuminated, trl","","","1710264073","0","","0","","CHECKBOX"
"TRL606","Ri-Mark Translucent 606 Light Yellow","TRL606","Ritrama","10","8","DEFAULT","","","","","0","Ri-Mark Translucent 606 Light Yellow is designed for long term indoor and outdoor illuminated signage and window graphics. The matt translucent 80 micron film offers a uniform colour appearance and has an external colour stability of up to 7 years. Prices shown are per roll at 1220mm wide.","<html>
<head>
<title>Ri-Mark Translucent 606 Light Yellow Vinyl</title>
<style>
.responsive {
  width: 50%;
  height: auto;
}
</style>
</head>

<body>
<img src=""media/ecom/onpagegraphics/Fedrigoni_Logo.jpg"" alt=""Fedrigoni Logo"" class=""responsive"">
<p>Ri-Mark Translucent 606 Light Yellow is designed for long term indoor and outdoor illuminated signage and window graphics</p>

<span style=""font-weight: bold; color: #d7328a;"">Structure:</span><br>
<ul><li>80<span>&#181;</span>m Polymeric calendered PVC</li>
<li>Solvent based adhesive - Permanent</li>
<li>Clay coated kraft paper backing liner - 120g/m&sup2;</ul></li>

<span style=""font-weight: bold; color: #d7328a;"">Suitability:</span><br>
<ul><li>Perfect for creating high end corporate branding and vibrant retail promotions</li>
<li>Ideal for in-store displays as well as visual art installations and product enhancement</li>
<li>Designed for long term indoor and outdoor illuminated signage and window graphics</li>
<li>Suitable for both dry and wet application methods</ul></li>

<span style=""font-weight: bold; color: #d7328a;"">Advantages:</span><br>
<ul><li>Matt translucent face film offers a completely uniform colour appearance</li>
<li>Cohesive solvent based adhesive provides water resistance and dimensional stability</li>
<li>UV stabilised material</li>
<li>Up to 7 years durability</li>
<li>Developed for trouble free plotting</li>
<li>Thermoformable if applied onto acrylic</li>
<li>REACH & RoHS compliant</li></ul> 

<span style=""font-weight: bold; color: #d7328a;"">Technical Information:</span><br><br>
<a href=""media/ecom/pdfs/datasheets/Ri_Mark_Translucent.pdf""
target=""_blank""><img style=""border: 0px solid ; width: 200px; height: 60px;"" alt=""Ritrama TRL Datasheet""
src=""media/ecom/onpagegraphics/Datasheet.png""></a>
<a href=""media/ecom/colselxl/digital_colour_card_Ri_Mark_Translucent.pdf""
target=""_blank""><img style=""border: 0px solid ; width: 200px; height: 60px;"" alt=""Ritrama TRL Colour Selector""
src=""media/ecom/onpagegraphics/Colour.png""></a>
<p style=""font-weight: bold; font-size: 1.0em;"">Prices shown are per roll at 1220mm wide</p>
</body>
</html>","Translucent_606_Light_Yellow.png","Translucent_606_Light_Yellow.png","INVITEMS","DEFAULT-TRL606-DEFAULT-TRL606","","","0","0","0","","1","REGONLY","0","0","0","0","","","","SELECT","SELECT","0","","","","","0","0","","income-service","","","0","0","","","","","Ritrama-Translucent-Vinyl","Ritrama-Translucent-Vinyl","","","0","Blue_Max, Fusion_5, Olfa_Graphic_Cutter, Olfa_X_Design_Heavy_Duty_Knife, Lint-Free-Gloves, Masking_Tape_25mm, Aslan_Squeegee, Swann_Morton_3_Handle, Swann_Morton_10A_Blades, Float_On, IPA_100, Anti_Static_Cleaner,","Blue_Max, Fusion_5, Olfa_Graphic_Cutter, Olfa_X_Design_Heavy_Duty_Knife, Lint-Free-Gloves, Masking_Tape_25mm, Aslan_Squeegee, Swann_Morton_3_Handle, Swann_Morton_10A_Blades, Float_On, IPA_100, Anti_Static_Cleaner,","A","","ADHESIVE_STANDARD_LINER","","","Black","Gloss","","","","","","","","","Ri-Mark-Translucent-606-Light-Yellow","0","ritrama, fedrigoni, translucent, backlit, back-lit, backlight, illuminated, trl","","","1710235133","0","","0","","CHECKBOX"
"TRL610","Ri-Mark Translucent 610 Yellow","TRL610","Ritrama","20","8","DEFAULT","","","","","0","Ri-Mark Translucent 610 Yellow is designed for long term indoor and outdoor illuminated signage and window graphics. The matt translucent 80 micron film offers a uniform colour appearance and has an external colour stability of up to 7 years. Prices shown are per roll at 1220mm wide.","<html>
<head>
<title>Ri-Mark Translucent 610 Yellow Vinyl</title>
<style>
.responsive {
  width: 50%;
  height: auto;
}
</style>
</head>

<body>
<img src=""media/ecom/onpagegraphics/Fedrigoni_Logo.jpg"" alt=""Fedrigoni Logo"" class=""responsive"">
<p>Ri-Mark Translucent 610 Yellow is designed for long term indoor and outdoor illuminated signage and window graphics</p>

<span style=""font-weight: bold; color: #d7328a;"">Structure:</span><br>
<ul><li>80<span>&#181;</span>m Polymeric calendered PVC</li>
<li>Solvent based adhesive - Permanent</li>
<li>Clay coated kraft paper backing liner - 120g/m&sup2;</ul></li>

<span style=""font-weight: bold; color: #d7328a;"">Suitability:</span><br>
<ul><li>Perfect for creating high end corporate branding and vibrant retail promotions</li>
<li>Ideal for in-store displays as well as visual art installations and product enhancement</li>
<li>Designed for long term indoor and outdoor illuminated signage and window graphics</li>
<li>Suitable for both dry and wet application methods</ul></li>

<span style=""font-weight: bold; color: #d7328a;"">Advantages:</span><br>
<ul><li>Matt translucent face film offers a completely uniform colour appearance</li>
<li>Cohesive solvent based adhesive provides water resistance and dimensional stability</li>
<li>UV stabilised material</li>
<li>Up to 7 years durability</li>
<li>Developed for trouble free plotting</li>
<li>Thermoformable if applied onto acrylic</li>
<li>REACH & RoHS compliant</li></ul> 

<span style=""font-weight: bold; color: #d7328a;"">Technical Information:</span><br><br>
<a href=""media/ecom/pdfs/datasheets/Ri_Mark_Translucent.pdf""
target=""_blank""><img style=""border: 0px solid ; width: 200px; height: 60px;"" alt=""Ritrama TRL Datasheet""
src=""media/ecom/onpagegraphics/Datasheet.png""></a>
<a href=""media/ecom/colselxl/digital_colour_card_Ri_Mark_Translucent.pdf""
target=""_blank""><img style=""border: 0px solid ; width: 200px; height: 60px;"" alt=""Ritrama TRL Colour Selector""
src=""media/ecom/onpagegraphics/Colour.png""></a>
<p style=""font-weight: bold; font-size: 1.0em;"">Prices shown are per roll at 1220mm wide</p>
</body>
</html>","Translucent_610_Yellow.png","Translucent_610_Yellow.png","INVITEMS","DEFAULT-TRL610-DEFAULT-TRL610","","","0","0","0","","1","REGONLY","0","0","0","0","","","","SELECT","SELECT","0","","","","","0","0","","income-service","","","0","0","","","","","Ritrama-Translucent-Vinyl","Ritrama-Translucent-Vinyl","","","0","Blue_Max, Fusion_5, Olfa_Graphic_Cutter, Olfa_X_Design_Heavy_Duty_Knife, Lint-Free-Gloves, Masking_Tape_25mm, Aslan_Squeegee, Swann_Morton_3_Handle, Swann_Morton_10A_Blades, Float_On, IPA_100, Anti_Static_Cleaner,","Blue_Max, Fusion_5, Olfa_Graphic_Cutter, Olfa_X_Design_Heavy_Duty_Knife, Lint-Free-Gloves, Masking_Tape_25mm, Aslan_Squeegee, Swann_Morton_3_Handle, Swann_Morton_10A_Blades, Float_On, IPA_100, Anti_Static_Cleaner,","A","","ADHESIVE_STANDARD_LINER","","","Black","Gloss","","","","","","","","","Ri-Mark-Translucent-610-Yellow","0","ritrama, fedrigoni, translucent, backlit, back-lit, backlight, illuminated, trlritrama, fedrigoni, translucent, backlit, back-lit, backlight, illuminated, trl","","","1710238505","0","","0","","CHECKBOX"
"TRL620","Ri-Mark Translucent 620 Orange","TRL620","Ritrama","30","8","DEFAULT","","","","","0","Ri-Mark Translucent 620 Orange is designed for long term indoor and outdoor illuminated signage and window graphics. The matt translucent 80 micron film offers a uniform colour appearance and has an external colour stability of up to 7 years. Prices shown are per roll at 1220mm wide.","<html>
<head>
<title>Ri-Mark Translucent 620 Orange Vinyl</title>
<style>
.responsive {
  width: 50%;
  height: auto;
}
</style>
</head>

<body>
<img src=""media/ecom/onpagegraphics/Fedrigoni_Logo.jpg"" alt=""Fedrigoni Logo"" class=""responsive"">
<p>Ri-Mark Translucent 620 Orange is designed for long term indoor and outdoor illuminated signage and window graphics</p>

<span style=""font-weight: bold; color: #d7328a;"">Structure:</span><br>
<ul><li>80<span>&#181;</span>m Polymeric calendered PVC</li>
<li>Solvent based adhesive - Permanent</li>
<li>Clay coated kraft paper backing liner - 120g/m&sup2;</ul></li>

<span style=""font-weight: bold; color: #d7328a;"">Suitability:</span><br>
<ul><li>Perfect for creating high end corporate branding and vibrant retail promotions</li>
<li>Ideal for in-store displays as well as visual art installations and product enhancement</li>
<li>Designed for long term indoor and outdoor illuminated signage and window graphics</li>
<li>Suitable for both dry and wet application methods</ul></li>

<span style=""font-weight: bold; color: #d7328a;"">Advantages:</span><br>
<ul><li>Matt translucent face film offers a completely uniform colour appearance</li>
<li>Cohesive solvent based adhesive provides water resistance and dimensional stability</li>
<li>UV stabilised material</li>
<li>Up to 7 years durability</li>
<li>Developed for trouble free plotting</li>
<li>Thermoformable if applied onto acrylic</li>
<li>REACH & RoHS compliant</li></ul> 

<span style=""font-weight: bold; color: #d7328a;"">Technical Information:</span><br><br>
<a href=""media/ecom/pdfs/datasheets/Ri_Mark_Translucent.pdf""
target=""_blank""><img style=""border: 0px solid ; width: 200px; height: 60px;"" alt=""Ritrama TRL Datasheet""
src=""media/ecom/onpagegraphics/Datasheet.png""></a>
<a href=""media/ecom/colselxl/digital_colour_card_Ri_Mark_Translucent.pdf""
target=""_blank""><img style=""border: 0px solid ; width: 200px; height: 60px;"" alt=""Ritrama TRL Colour Selector""
src=""media/ecom/onpagegraphics/Colour.png""></a>
<p style=""font-weight: bold; font-size: 1.0em;"">Prices shown are per roll at 1220mm wide</p>
</body>
</html>","Translucent_620_Orange.png","Translucent_620_Orange.png","INVITEMS","DEFAULT-TRL620-DEFAULT-TRL620","","","0","0","0","","1","REGONLY","0","0","0","0","","","","SELECT","SELECT","0","","","","","0","0","","income-service","","","0","0","","","","","Ritrama-Translucent-Vinyl","Ritrama-Translucent-Vinyl","","","0","Blue_Max, Fusion_5, Olfa_Graphic_Cutter, Olfa_X_Design_Heavy_Duty_Knife, Lint-Free-Gloves, Masking_Tape_25mm, Aslan_Squeegee, Swann_Morton_3_Handle, Swann_Morton_10A_Blades, Float_On, IPA_100, Anti_Static_Cleaner,","Blue_Max, Fusion_5, Olfa_Graphic_Cutter, Olfa_X_Design_Heavy_Duty_Knife, Lint-Free-Gloves, Masking_Tape_25mm, Aslan_Squeegee, Swann_Morton_3_Handle, Swann_Morton_10A_Blades, Float_On, IPA_100, Anti_Static_Cleaner,","A","","ADHESIVE_STANDARD_LINER","","","Black","Gloss","","","","","","","","","Ri-Mark-Translucent-620-Orange","0","ritrama, fedrigoni, translucent, backlit, back-lit, backlight, illuminated, trlritrama, fedrigoni, translucent, backlit, back-lit, backlight, illuminated, trl","","","1710240759","0","","0","","CHECKBOX"
"TRL627","Ri-Mark Translucent 627 Medium Red","TRL627","Ritrama","50","8","DEFAULT","","","","","0","Ri-Mark Translucent 627 Medium Red is designed for long term indoor and outdoor illuminated signage and window graphics. The matt translucent 80 micron film offers a uniform colour appearance and has an external colour stability of up to 7 years. Prices shown are per roll at 1220mm wide.","<html>
<head>
<title>Ri-Mark Translucent 627 Medium Red Vinyl</title>
<style>
.responsive {
  width: 50%;
  height: auto;
}
</style>
</head>

<body>
<img src=""media/ecom/onpagegraphics/Fedrigoni_Logo.jpg"" alt=""Fedrigoni Logo"" class=""responsive"">
<p>Ri-Mark Translucent 627 Medium Red is designed for long term indoor and outdoor illuminated signage and window graphics</p>

<span style=""font-weight: bold; color: #d7328a;"">Structure:</span><br>
<ul><li>80<span>&#181;</span>m Polymeric calendered PVC</li>
<li>Solvent based adhesive - Permanent</li>
<li>Clay coated kraft paper backing liner - 120g/m&sup2;</ul></li>

<span style=""font-weight: bold; color: #d7328a;"">Suitability:</span><br>
<ul><li>Perfect for creating high end corporate branding and vibrant retail promotions</li>
<li>Ideal for in-store displays as well as visual art installations and product enhancement</li>
<li>Designed for long term indoor and outdoor illuminated signage and window graphics</li>
<li>Suitable for both dry and wet application methods</ul></li>

<span style=""font-weight: bold; color: #d7328a;"">Advantages:</span><br>
<ul><li>Matt translucent face film offers a completely uniform colour appearance</li>
<li>Cohesive solvent based adhesive provides water resistance and dimensional stability</li>
<li>UV stabilised material</li>
<li>Up to 7 years durability</li>
<li>Developed for trouble free plotting</li>
<li>Thermoformable if applied onto acrylic</li>
<li>REACH & RoHS compliant</li></ul> 

<span style=""font-weight: bold; color: #d7328a;"">Technical Information:</span><br><br>
<a href=""media/ecom/pdfs/datasheets/Ri_Mark_Translucent.pdf""
target=""_blank""><img style=""border: 0px solid ; width: 200px; height: 60px;"" alt=""Ritrama TRL Datasheet""
src=""media/ecom/onpagegraphics/Datasheet.png""></a>
<a href=""media/ecom/colselxl/digital_colour_card_Ri_Mark_Translucent.pdf""
target=""_blank""><img style=""border: 0px solid ; width: 200px; height: 60px;"" alt=""Ritrama TRL Colour Selector""
src=""media/ecom/onpagegraphics/Colour.png""></a>
<p style=""font-weight: bold; font-size: 1.0em;"">Prices shown are per roll at 1220mm wide</p>
</body>
</html>","Translucent_627_Medium_Red.png","Translucent_627_Medium_Red.png","INVITEMS","DEFAULT-TRL627-DEFAULT-TRL627","","","0","0","0","","1","REGONLY","0","0","0","0","","","","SELECT","SELECT","0","","","","","0","0","","income-service","","","0","0","","","","","Ritrama-Translucent-Vinyl","Ritrama-Translucent-Vinyl","","","0","Blue_Max, Fusion_5, Olfa_Graphic_Cutter, Olfa_X_Design_Heavy_Duty_Knife, Lint-Free-Gloves, Masking_Tape_25mm, Aslan_Squeegee, Swann_Morton_3_Handle, Swann_Morton_10A_Blades, Float_On, IPA_100, Anti_Static_Cleaner,","Blue_Max, Fusion_5, Olfa_Graphic_Cutter, Olfa_X_Design_Heavy_Duty_Knife, Lint-Free-Gloves, Masking_Tape_25mm, Aslan_Squeegee, Swann_Morton_3_Handle, Swann_Morton_10A_Blades, Float_On, IPA_100, Anti_Static_Cleaner,","A","","ADHESIVE_STANDARD_LINER","","","Black","Gloss","","","","","","","","","Ri-Mark-Translucent-627-Medium-Red","0","ritrama, fedrigoni, translucent, backlit, back-lit, backlight, illuminated, trlritrama, fedrigoni, translucent, backlit, back-lit, backlight, illuminated, trl","","","1710252724","0","","0","","CHECKBOX"
"TRL629","Ri-Mark Translucent 629 Light Red","TRL629","Ritrama","40","8","DEFAULT","","","","","0","Ri-Mark Translucent 629 Light Red is designed for long term indoor and outdoor illuminated signage and window graphics. The matt translucent 80 micron film offers a uniform colour appearance and has an external colour stability of up to 7 years. Prices shown are per roll at 1220mm wide.","<html>
<head>
<title>Ri-Mark Translucent 629 Light Red Vinyl</title>
<style>
.responsive {
  width: 50%;
  height: auto;
}
</style>
</head>

<body>
<img src=""media/ecom/onpagegraphics/Fedrigoni_Logo.jpg"" alt=""Fedrigoni Logo"" class=""responsive"">
<p>Ri-Mark Translucent 629 Light Red is designed for long term indoor and outdoor illuminated signage and window graphics</p>

<span style=""font-weight: bold; color: #d7328a;"">Structure:</span><br>
<ul><li>80<span>&#181;</span>m Polymeric calendered PVC</li>
<li>Solvent based adhesive - Permanent</li>
<li>Clay coated kraft paper backing liner - 120g/m&sup2;</ul></li>

<span style=""font-weight: bold; color: #d7328a;"">Suitability:</span><br>
<ul><li>Perfect for creating high end corporate branding and vibrant retail promotions</li>
<li>Ideal for in-store displays as well as visual art installations and product enhancement</li>
<li>Designed for long term indoor and outdoor illuminated signage and window graphics</li>
<li>Suitable for both dry and wet application methods</ul></li>

<span style=""font-weight: bold; color: #d7328a;"">Advantages:</span><br>
<ul><li>Matt translucent face film offers a completely uniform colour appearance</li>
<li>Cohesive solvent based adhesive provides water resistance and dimensional stability</li>
<li>UV stabilised material</li>
<li>Up to 7 years durability</li>
<li>Developed for trouble free plotting</li>
<li>Thermoformable if applied onto acrylic</li>
<li>REACH & RoHS compliant</li></ul> 

<span style=""font-weight: bold; color: #d7328a;"">Technical Information:</span><br><br>
<a href=""media/ecom/pdfs/datasheets/Ri_Mark_Translucent.pdf""
target=""_blank""><img style=""border: 0px solid ; width: 200px; height: 60px;"" alt=""Ritrama TRL Datasheet""
src=""media/ecom/onpagegraphics/Datasheet.png""></a>
<a href=""media/ecom/colselxl/digital_colour_card_Ri_Mark_Translucent.pdf""
target=""_blank""><img style=""border: 0px solid ; width: 200px; height: 60px;"" alt=""Ritrama TRL Colour Selector""
src=""media/ecom/onpagegraphics/Colour.png""></a>
<p style=""font-weight: bold; font-size: 1.0em;"">Prices shown are per roll at 1220mm wide</p>
</body>
</html>","Translucent_629_Light_Red.png","Translucent_629_Light_Red.png","INVITEMS","DEFAULT-TRL629-DEFAULT-TRL629","","","0","0","0","","1","REGONLY","0","0","0","0","","","","SELECT","SELECT","0","","","","","0","0","","income-service","","","0","0","","","","","Ritrama-Translucent-Vinyl","Ritrama-Translucent-Vinyl","","","0","Blue_Max, Fusion_5, Olfa_Graphic_Cutter, Olfa_X_Design_Heavy_Duty_Knife, Lint-Free-Gloves, Masking_Tape_25mm, Aslan_Squeegee, Swann_Morton_3_Handle, Swann_Morton_10A_Blades, Float_On, IPA_100, Anti_Static_Cleaner,","Blue_Max, Fusion_5, Olfa_Graphic_Cutter, Olfa_X_Design_Heavy_Duty_Knife, Lint-Free-Gloves, Masking_Tape_25mm, Aslan_Squeegee, Swann_Morton_3_Handle, Swann_Morton_10A_Blades, Float_On, IPA_100, Anti_Static_Cleaner,","A","","ADHESIVE_STANDARD_LINER","","","Black","Gloss","","","","","","","","","Ri-Mark-Translucent-629-Light-Red","0","ritrama, fedrigoni, translucent, backlit, back-lit, backlight, illuminated, trlritrama, fedrigoni, translucent, backlit, back-lit, backlight, illuminated, trl","","","1710241025","0","","0","","CHECKBOX"
"TRL630","Ri-Mark Translucent 630 Red","TRL630","Ritrama","60","8","DEFAULT","","","","","0","Ri-Mark Translucent 630 Red is designed for long term indoor and outdoor illuminated signage and window graphics. The matt translucent 80 micron film offers a uniform colour appearance and has an external colour stability of up to 7 years. Prices shown are per roll at 1220mm wide.","<html>
<head>
<title>Ri-Mark Translucent 630 Red Vinyl</title>
<style>
.responsive {
  width: 50%;
  height: auto;
}
</style>
</head>

<body>
<img src=""media/ecom/onpagegraphics/Fedrigoni_Logo.jpg"" alt=""Fedrigoni Logo"" class=""responsive"">
<p>Ri-Mark Translucent 630 Red is designed for long term indoor and outdoor illuminated signage and window graphics</p>

<span style=""font-weight: bold; color: #d7328a;"">Structure:</span><br>
<ul><li>80<span>&#181;</span>m Polymeric calendered PVC</li>
<li>Solvent based adhesive - Permanent</li>
<li>Clay coated kraft paper backing liner - 120g/m&sup2;</ul></li>

<span style=""font-weight: bold; color: #d7328a;"">Suitability:</span><br>
<ul><li>Perfect for creating high end corporate branding and vibrant retail promotions</li>
<li>Ideal for in-store displays as well as visual art installations and product enhancement</li>
<li>Designed for long term indoor and outdoor illuminated signage and window graphics</li>
<li>Suitable for both dry and wet application methods</ul></li>

<span style=""font-weight: bold; color: #d7328a;"">Advantages:</span><br>
<ul><li>Matt translucent face film offers a completely uniform colour appearance</li>
<li>Cohesive solvent based adhesive provides water resistance and dimensional stability</li>
<li>UV stabilised material</li>
<li>Up to 7 years durability</li>
<li>Developed for trouble free plotting</li>
<li>Thermoformable if applied onto acrylic</li>
<li>REACH & RoHS compliant</li></ul> 

<span style=""font-weight: bold; color: #d7328a;"">Technical Information:</span><br><br>
<a href=""media/ecom/pdfs/datasheets/Ri_Mark_Translucent.pdf""
target=""_blank""><img style=""border: 0px solid ; width: 200px; height: 60px;"" alt=""Ritrama TRL Datasheet""
src=""media/ecom/onpagegraphics/Datasheet.png""></a>
<a href=""media/ecom/colselxl/digital_colour_card_Ri_Mark_Translucent.pdf""
target=""_blank""><img style=""border: 0px solid ; width: 200px; height: 60px;"" alt=""Ritrama TRL Colour Selector""
src=""media/ecom/onpagegraphics/Colour.png""></a>
<p style=""font-weight: bold; font-size: 1.0em;"">Prices shown are per roll at 1220mm wide</p>
</body>
</html>","Translucent_630_Red.png","Translucent_630_Red.png","INVITEMS","DEFAULT-TRL630-DEFAULT-TRL630","","","0","0","0","","1","REGONLY","0","0","0","0","","","","SELECT","SELECT","0","","","","","0","0","","income-service","","","0","0","","","","","Ritrama-Translucent-Vinyl","Ritrama-Translucent-Vinyl","","","0","Blue_Max, Fusion_5, Olfa_Graphic_Cutter, Olfa_X_Design_Heavy_Duty_Knife, Lint-Free-Gloves, Masking_Tape_25mm, Aslan_Squeegee, Swann_Morton_3_Handle, Swann_Morton_10A_Blades, Float_On, IPA_100, Anti_Static_Cleaner,","Blue_Max, Fusion_5, Olfa_Graphic_Cutter, Olfa_X_Design_Heavy_Duty_Knife, Lint-Free-Gloves, Masking_Tape_25mm, Aslan_Squeegee, Swann_Morton_3_Handle, Swann_Morton_10A_Blades, Float_On, IPA_100, Anti_Static_Cleaner,","A","","ADHESIVE_STANDARD_LINER","","","Black","Gloss","","","","","","","","","Ri-Mark-Translucent-630-Red","0","ritrama, fedrigoni, translucent, backlit, back-lit, backlight, illuminated, trlritrama, fedrigoni, translucent, backlit, back-lit, backlight, illuminated, trl","","","1710252843","0","","0","","CHECKBOX"
"TRL640","Ri-Mark Translucent 640 Violet","TRL640","Ritrama","100","8","DEFAULT","","","","","0","Ri-Mark Translucent 640 Violet is designed for long term indoor and outdoor illuminated signage and window graphics. The matt translucent 80 micron film offers a uniform colour appearance and has an external colour stability of up to 7 years. Prices shown are per roll at 1220mm wide.","<html>
<head>
<title>Ri-Mark Translucent 640 Violet Vinyl</title>
<style>
.responsive {
  width: 50%;
  height: auto;
}
</style>
</head>

<body>
<img src=""media/ecom/onpagegraphics/Fedrigoni_Logo.jpg"" alt=""Fedrigoni Logo"" class=""responsive"">
<p>Ri-Mark Translucent 640 Violet is designed for long term indoor and outdoor illuminated signage and window graphics</p>

<span style=""font-weight: bold; color: #d7328a;"">Structure:</span><br>
<ul><li>80<span>&#181;</span>m Polymeric calendered PVC</li>
<li>Solvent based adhesive - Permanent</li>
<li>Clay coated kraft paper backing liner - 120g/m&sup2;</ul></li>

<span style=""font-weight: bold; color: #d7328a;"">Suitability:</span><br>
<ul><li>Perfect for creating high end corporate branding and vibrant retail promotions</li>
<li>Ideal for in-store displays as well as visual art installations and product enhancement</li>
<li>Designed for long term indoor and outdoor illuminated signage and window graphics</li>
<li>Suitable for both dry and wet application methods</ul></li>

<span style=""font-weight: bold; color: #d7328a;"">Advantages:</span><br>
<ul><li>Matt translucent face film offers a completely uniform colour appearance</li>
<li>Cohesive solvent based adhesive provides water resistance and dimensional stability</li>
<li>UV stabilised material</li>
<li>Up to 7 years durability</li>
<li>Developed for trouble free plotting</li>
<li>Thermoformable if applied onto acrylic</li>
<li>REACH & RoHS compliant</li></ul> 

<span style=""font-weight: bold; color: #d7328a;"">Technical Information:</span><br><br>
<a href=""media/ecom/pdfs/datasheets/Ri_Mark_Translucent.pdf""
target=""_blank""><img style=""border: 0px solid ; width: 200px; height: 60px;"" alt=""Ritrama TRL Datasheet""
src=""media/ecom/onpagegraphics/Datasheet.png""></a>
<a href=""media/ecom/colselxl/digital_colour_card_Ri_Mark_Translucent.pdf""
target=""_blank""><img style=""border: 0px solid ; width: 200px; height: 60px;"" alt=""Ritrama TRL Colour Selector""
src=""media/ecom/onpagegraphics/Colour.png""></a>
<p style=""font-weight: bold; font-size: 1.0em;"">Prices shown are per roll at 1220mm wide</p>
</body>
</html>","Translucent_640_Violet.png","Translucent_640_Violet.png","INVITEMS","DEFAULT-TRL640-DEFAULT-TRL640","","","0","0","0","","1","REGONLY","0","0","0","0","","","","SELECT","SELECT","0","","","","","0","0","","income-service","","","0","0","","","","","Ritrama-Translucent-Vinyl","Ritrama-Translucent-Vinyl","","","0","Blue_Max, Fusion_5, Olfa_Graphic_Cutter, Olfa_X_Design_Heavy_Duty_Knife, Lint-Free-Gloves, Masking_Tape_25mm, Aslan_Squeegee, Swann_Morton_3_Handle, Swann_Morton_10A_Blades, Float_On, IPA_100, Anti_Static_Cleaner,","Blue_Max, Fusion_5, Olfa_Graphic_Cutter, Olfa_X_Design_Heavy_Duty_Knife, Lint-Free-Gloves, Masking_Tape_25mm, Aslan_Squeegee, Swann_Morton_3_Handle, Swann_Morton_10A_Blades, Float_On, IPA_100, Anti_Static_Cleaner,","A","","ADHESIVE_STANDARD_LINER","","","Black","Gloss","","","","","","","","","Ri-Mark-Translucent-640-Violet","0","ritrama, fedrigoni, translucent, backlit, back-lit, backlight, illuminated, trlritrama, fedrigoni, translucent, backlit, back-lit, backlight, illuminated, trl","","","1710253889","0","","0","","CHECKBOX"
"TRL645","Ri-Mark Translucent 645 Brown","TRL645","Ritrama","280","8","DEFAULT","","","","","0","Ri-Mark Translucent 645 Brown is designed for long term indoor and outdoor illuminated signage and window graphics. The matt translucent 80 micron film offers a uniform colour appearance and has an external colour stability of up to 7 years. Prices shown are per roll at 1220mm wide.","<html>
<head>
<title>Ri-Mark Translucent 645 Brown Vinyl</title>
<style>
.responsive {
  width: 50%;
  height: auto;
}
</style>
</head>

<body>
<img src=""media/ecom/onpagegraphics/Fedrigoni_Logo.jpg"" alt=""Fedrigoni Logo"" class=""responsive"">
<p>Ri-Mark Translucent 645 Brown is designed for long term indoor and outdoor illuminated signage and window graphics</p>

<span style=""font-weight: bold; color: #d7328a;"">Structure:</span><br>
<ul><li>80<span>&#181;</span>m Polymeric calendered PVC</li>
<li>Solvent based adhesive - Permanent</li>
<li>Clay coated kraft paper backing liner - 120g/m&sup2;</ul></li>

<span style=""font-weight: bold; color: #d7328a;"">Suitability:</span><br>
<ul><li>Perfect for creating high end corporate branding and vibrant retail promotions</li>
<li>Ideal for in-store displays as well as visual art installations and product enhancement</li>
<li>Designed for long term indoor and outdoor illuminated signage and window graphics</li>
<li>Suitable for both dry and wet application methods</ul></li>

<span style=""font-weight: bold; color: #d7328a;"">Advantages:</span><br>
<ul><li>Matt translucent face film offers a completely uniform colour appearance</li>
<li>Cohesive solvent based adhesive provides water resistance and dimensional stability</li>
<li>UV stabilised material</li>
<li>Up to 7 years durability</li>
<li>Developed for trouble free plotting</li>
<li>Thermoformable if applied onto acrylic</li>
<li>REACH & RoHS compliant</li></ul> 

<span style=""font-weight: bold; color: #d7328a;"">Technical Information:</span><br><br>
<a href=""media/ecom/pdfs/datasheets/Ri_Mark_Translucent.pdf""
target=""_blank""><img style=""border: 0px solid ; width: 200px; height: 60px;"" alt=""Ritrama TRL Datasheet""
src=""media/ecom/onpagegraphics/Datasheet.png""></a>
<a href=""media/ecom/colselxl/digital_colour_card_Ri_Mark_Translucent.pdf""
target=""_blank""><img style=""border: 0px solid ; width: 200px; height: 60px;"" alt=""Ritrama TRL Colour Selector""
src=""media/ecom/onpagegraphics/Colour.png""></a>
<p style=""font-weight: bold; font-size: 1.0em;"">Prices shown are per roll at 1220mm wide</p>
</body>
</html>","Translucent_645_Brown.png","Translucent_645_Brown.png","INVITEMS","DEFAULT-TRL645-DEFAULT-TRL645","","","0","0","0","","1","REGONLY","0","0","0","0","","","","SELECT","SELECT","0","","","","","0","0","","income-service","","","0","0","","","","","Ritrama-Translucent-Vinyl","Ritrama-Translucent-Vinyl","","","0","Blue_Max, Fusion_5, Olfa_Graphic_Cutter, Olfa_X_Design_Heavy_Duty_Knife, Lint-Free-Gloves, Masking_Tape_25mm, Aslan_Squeegee, Swann_Morton_3_Handle, Swann_Morton_10A_Blades, Float_On, IPA_100, Anti_Static_Cleaner,","Blue_Max, Fusion_5, Olfa_Graphic_Cutter, Olfa_X_Design_Heavy_Duty_Knife, Lint-Free-Gloves, Masking_Tape_25mm, Aslan_Squeegee, Swann_Morton_3_Handle, Swann_Morton_10A_Blades, Float_On, IPA_100, Anti_Static_Cleaner,","A","","ADHESIVE_STANDARD_LINER","","","Black","Gloss","","","","","","","","","Ri-Mark-Translucent-645-Brown","0","ritrama, fedrigoni, translucent, backlit, back-lit, backlight, illuminated, trlritrama, fedrigoni, translucent, backlit, back-lit, backlight, illuminated, trl","","","1710264252","0","","0","","CHECKBOX"
"TRL650","Ri-Mark Translucent 650 Blue","TRL650","Ritrama","140","8","DEFAULT","","","","","0","Ri-Mark Translucent 650 Blue is designed for long term indoor and outdoor illuminated signage and window graphics. The matt translucent 80 micron film offers a uniform colour appearance and has an external colour stability of up to 7 years. Prices shown are per roll at 1220mm wide.","<html>
<head>
<title>Ri-Mark Translucent 650 Blue Vinyl</title>
<style>
.responsive {
  width: 50%;
  height: auto;
}
</style>
</head>

<body>
<img src=""media/ecom/onpagegraphics/Fedrigoni_Logo.jpg"" alt=""Fedrigoni Logo"" class=""responsive"">
<p>Ri-Mark Translucent 650 Blue is designed for long term indoor and outdoor illuminated signage and window graphics</p>

<span style=""font-weight: bold; color: #d7328a;"">Structure:</span><br>
<ul><li>80<span>&#181;</span>m Polymeric calendered PVC</li>
<li>Solvent based adhesive - Permanent</li>
<li>Clay coated kraft paper backing liner - 120g/m&sup2;</ul></li>

<span style=""font-weight: bold; color: #d7328a;"">Suitability:</span><br>
<ul><li>Perfect for creating high end corporate branding and vibrant retail promotions</li>
<li>Ideal for in-store displays as well as visual art installations and product enhancement</li>
<li>Designed for long term indoor and outdoor illuminated signage and window graphics</li>
<li>Suitable for both dry and wet application methods</ul></li>

<span style=""font-weight: bold; color: #d7328a;"">Advantages:</span><br>
<ul><li>Matt translucent face film offers a completely uniform colour appearance</li>
<li>Cohesive solvent based adhesive provides water resistance and dimensional stability</li>
<li>UV stabilised material</li>
<li>Up to 7 years durability</li>
<li>Developed for trouble free plotting</li>
<li>Thermoformable if applied onto acrylic</li>
<li>REACH & RoHS compliant</li></ul> 

<span style=""font-weight: bold; color: #d7328a;"">Technical Information:</span><br><br>
<a href=""media/ecom/pdfs/datasheets/Ri_Mark_Translucent.pdf""
target=""_blank""><img style=""border: 0px solid ; width: 200px; height: 60px;"" alt=""Ritrama TRL Datasheet""
src=""media/ecom/onpagegraphics/Datasheet.png""></a>
<a href=""media/ecom/colselxl/digital_colour_card_Ri_Mark_Translucent.pdf""
target=""_blank""><img style=""border: 0px solid ; width: 200px; height: 60px;"" alt=""Ritrama TRL Colour Selector""
src=""media/ecom/onpagegraphics/Colour.png""></a>
<p style=""font-weight: bold; font-size: 1.0em;"">Prices shown are per roll at 1220mm wide</p>
</body>
</html>","Translucent_650_Blue.png","Translucent_650_Blue.png","INVITEMS","DEFAULT-TRL650-DEFAULT-TRL650","","","0","0","0","","1","REGONLY","0","0","0","0","","","","SELECT","SELECT","0","","","","","0","0","","income-service","","","0","0","","","","","Ritrama-Translucent-Vinyl","Ritrama-Translucent-Vinyl","","","0","Blue_Max, Fusion_5, Olfa_Graphic_Cutter, Olfa_X_Design_Heavy_Duty_Knife, Lint-Free-Gloves, Masking_Tape_25mm, Aslan_Squeegee, Swann_Morton_3_Handle, Swann_Morton_10A_Blades, Float_On, IPA_100, Anti_Static_Cleaner,","Blue_Max, Fusion_5, Olfa_Graphic_Cutter, Olfa_X_Design_Heavy_Duty_Knife, Lint-Free-Gloves, Masking_Tape_25mm, Aslan_Squeegee, Swann_Morton_3_Handle, Swann_Morton_10A_Blades, Float_On, IPA_100, Anti_Static_Cleaner,","A","","ADHESIVE_STANDARD_LINER","","","Black","Gloss","","","","","","","","","Ri-Mark-Translucent-650-Blue","0","ritrama, fedrigoni, translucent, backlit, back-lit, backlight, illuminated, trlritrama, fedrigoni, translucent, backlit, back-lit, backlight, illuminated, trl","","","1710262490","0","","0","","CHECKBOX"
"TRL652","Ri-Mark Translucent 652 Dark Purple","TRL652","Ritrama","90","8","DEFAULT","","","","","0","Ri-Mark Translucent 652 Dark Purple is designed for long term indoor and outdoor illuminated signage and window graphics. The matt translucent 80 micron film offers a uniform colour appearance and has an external colour stability of up to 7 years. Prices shown are per roll at 1220mm wide.","<html>
<head>
<title>Ri-Mark Translucent 652 Dark Purple Vinyl</title>
<style>
.responsive {
  width: 50%;
  height: auto;
}
</style>
</head>

<body>
<img src=""media/ecom/onpagegraphics/Fedrigoni_Logo.jpg"" alt=""Fedrigoni Logo"" class=""responsive"">
<p>Ri-Mark Translucent 652 Dark Purple is designed for long term indoor and outdoor illuminated signage and window graphics</p>

<span style=""font-weight: bold; color: #d7328a;"">Structure:</span><br>
<ul><li>80<span>&#181;</span>m Polymeric calendered PVC</li>
<li>Solvent based adhesive - Permanent</li>
<li>Clay coated kraft paper backing liner - 120g/m&sup2;</ul></li>

<span style=""font-weight: bold; color: #d7328a;"">Suitability:</span><br>
<ul><li>Perfect for creating high end corporate branding and vibrant retail promotions</li>
<li>Ideal for in-store displays as well as visual art installations and product enhancement</li>
<li>Designed for long term indoor and outdoor illuminated signage and window graphics</li>
<li>Suitable for both dry and wet application methods</ul></li>

<span style=""font-weight: bold; color: #d7328a;"">Advantages:</span><br>
<ul><li>Matt translucent face film offers a completely uniform colour appearance</li>
<li>Cohesive solvent based adhesive provides water resistance and dimensional stability</li>
<li>UV stabilised material</li>
<li>Up to 7 years durability</li>
<li>Developed for trouble free plotting</li>
<li>Thermoformable if applied onto acrylic</li>
<li>REACH & RoHS compliant</li></ul> 

<span style=""font-weight: bold; color: #d7328a;"">Technical Information:</span><br><br>
<a href=""media/ecom/pdfs/datasheets/Ri_Mark_Translucent.pdf""
target=""_blank""><img style=""border: 0px solid ; width: 200px; height: 60px;"" alt=""Ritrama TRL Datasheet""
src=""media/ecom/onpagegraphics/Datasheet.png""></a>
<a href=""media/ecom/colselxl/digital_colour_card_Ri_Mark_Translucent.pdf""
target=""_blank""><img style=""border: 0px solid ; width: 200px; height: 60px;"" alt=""Ritrama TRL Colour Selector""
src=""media/ecom/onpagegraphics/Colour.png""></a>
<p style=""font-weight: bold; font-size: 1.0em;"">Prices shown are per roll at 1220mm wide</p>
</body>
</html>","Translucent_652_Dark_Purple.png","Translucent_652_Dark_Purple.png","INVITEMS","DEFAULT-TRL652-DEFAULT-TRL652","","","0","0","0","","1","REGONLY","0","0","0","0","","","","SELECT","SELECT","0","","","","","0","0","","income-service","","","0","0","","","","","Ritrama-Translucent-Vinyl","Ritrama-Translucent-Vinyl","","","0","Blue_Max, Fusion_5, Olfa_Graphic_Cutter, Olfa_X_Design_Heavy_Duty_Knife, Lint-Free-Gloves, Masking_Tape_25mm, Aslan_Squeegee, Swann_Morton_3_Handle, Swann_Morton_10A_Blades, Float_On, IPA_100, Anti_Static_Cleaner,","Blue_Max, Fusion_5, Olfa_Graphic_Cutter, Olfa_X_Design_Heavy_Duty_Knife, Lint-Free-Gloves, Masking_Tape_25mm, Aslan_Squeegee, Swann_Morton_3_Handle, Swann_Morton_10A_Blades, Float_On, IPA_100, Anti_Static_Cleaner,","A","","ADHESIVE_STANDARD_LINER","","","Black","Gloss","","","","","","","","","Ri-Mark-Translucent-652-Dark-Purple","0","ritrama, fedrigoni, translucent, backlit, back-lit, backlight, illuminated, trlritrama, fedrigoni, translucent, backlit, back-lit, backlight, illuminated, trl","","","1710253768","0","","0","","CHECKBOX"
"TRL653","Ri-Mark Translucent 653 Dark Blue","TRL653","Ritrama","120","8","DEFAULT","","","","","0","Ri-Mark Translucent 653 Dark Blue is designed for long term indoor and outdoor illuminated signage and window graphics. The matt translucent 80 micron film offers a uniform colour appearance and has an external colour stability of up to 7 years. Prices shown are per roll at 1220mm wide.","<html>
<head>
<title>Ri-Mark Translucent 653 Dark Blue Vinyl</title>
<style>
.responsive {
  width: 50%;
  height: auto;
}
</style>
</head>

<body>
<img src=""media/ecom/onpagegraphics/Fedrigoni_Logo.jpg"" alt=""Fedrigoni Logo"" class=""responsive"">
<p>Ri-Mark Translucent 653 Dark Blue is designed for long term indoor and outdoor illuminated signage and window graphics</p>

<span style=""font-weight: bold; color: #d7328a;"">Structure:</span><br>
<ul><li>80<span>&#181;</span>m Polymeric calendered PVC</li>
<li>Solvent based adhesive - Permanent</li>
<li>Clay coated kraft paper backing liner - 120g/m&sup2;</ul></li>

<span style=""font-weight: bold; color: #d7328a;"">Suitability:</span><br>
<ul><li>Perfect for creating high end corporate branding and vibrant retail promotions</li>
<li>Ideal for in-store displays as well as visual art installations and product enhancement</li>
<li>Designed for long term indoor and outdoor illuminated signage and window graphics</li>
<li>Suitable for both dry and wet application methods</ul></li>

<span style=""font-weight: bold; color: #d7328a;"">Advantages:</span><br>
<ul><li>Matt translucent face film offers a completely uniform colour appearance</li>
<li>Cohesive solvent based adhesive provides water resistance and dimensional stability</li>
<li>UV stabilised material</li>
<li>Up to 7 years durability</li>
<li>Developed for trouble free plotting</li>
<li>Thermoformable if applied onto acrylic</li>
<li>REACH & RoHS compliant</li></ul> 

<span style=""font-weight: bold; color: #d7328a;"">Technical Information:</span><br><br>
<a href=""media/ecom/pdfs/datasheets/Ri_Mark_Translucent.pdf""
target=""_blank""><img style=""border: 0px solid ; width: 200px; height: 60px;"" alt=""Ritrama TRL Datasheet""
src=""media/ecom/onpagegraphics/Datasheet.png""></a>
<a href=""media/ecom/colselxl/digital_colour_card_Ri_Mark_Translucent.pdf""
target=""_blank""><img style=""border: 0px solid ; width: 200px; height: 60px;"" alt=""Ritrama TRL Colour Selector""
src=""media/ecom/onpagegraphics/Colour.png""></a>
<p style=""font-weight: bold; font-size: 1.0em;"">Prices shown are per roll at 1220mm wide</p>
</body>
</html>","Translucent_653_Dark_Blue.png","Translucent_653_Dark_Blue.png","INVITEMS","DEFAULT-TRL653-DEFAULT-TRL653","","","0","0","0","","1","REGONLY","0","0","0","0","","","","SELECT","SELECT","0","","","","","0","0","","income-service","","","0","0","","","","","Ritrama-Translucent-Vinyl","Ritrama-Translucent-Vinyl","","","0","Blue_Max, Fusion_5, Olfa_Graphic_Cutter, Olfa_X_Design_Heavy_Duty_Knife, Lint-Free-Gloves, Masking_Tape_25mm, Aslan_Squeegee, Swann_Morton_3_Handle, Swann_Morton_10A_Blades, Float_On, IPA_100, Anti_Static_Cleaner,","Blue_Max, Fusion_5, Olfa_Graphic_Cutter, Olfa_X_Design_Heavy_Duty_Knife, Lint-Free-Gloves, Masking_Tape_25mm, Aslan_Squeegee, Swann_Morton_3_Handle, Swann_Morton_10A_Blades, Float_On, IPA_100, Anti_Static_Cleaner,","A","","ADHESIVE_STANDARD_LINER","","","Black","Gloss","","","","","","","","","Ri-Mark-Translucent-653-Dark-Blue","0","ritrama, fedrigoni, translucent, backlit, back-lit, backlight, illuminated, trlritrama, fedrigoni, translucent, backlit, back-lit, backlight, illuminated, trl","","","1710262127","0","","0","","CHECKBOX"
"TRL658","Ri-Mark Translucent 658 Olympic Blue","TRL658","Ritrama","150","8","DEFAULT","","","","","0","Ri-Mark Translucent 658 Olympic Blue is designed for long term indoor and outdoor illuminated signage and window graphics. The matt translucent 80 micron film offers a uniform colour appearance and has an external colour stability of up to 7 years. Prices shown are per roll at 1220mm wide.","<html>
<head>
<title>Ri-Mark Translucent 658 Olympic Blue Vinyl</title>
<style>
.responsive {
  width: 50%;
  height: auto;
}
</style>
</head>

<body>
<img src=""media/ecom/onpagegraphics/Fedrigoni_Logo.jpg"" alt=""Fedrigoni Logo"" class=""responsive"">
<p>Ri-Mark Translucent 658 Olympic Blue is designed for long term indoor and outdoor illuminated signage and window graphics</p>

<span style=""font-weight: bold; color: #d7328a;"">Structure:</span><br>
<ul><li>80<span>&#181;</span>m Polymeric calendered PVC</li>
<li>Solvent based adhesive - Permanent</li>
<li>Clay coated kraft paper backing liner - 120g/m&sup2;</ul></li>

<span style=""font-weight: bold; color: #d7328a;"">Suitability:</span><br>
<ul><li>Perfect for creating high end corporate branding and vibrant retail promotions</li>
<li>Ideal for in-store displays as well as visual art installations and product enhancement</li>
<li>Designed for long term indoor and outdoor illuminated signage and window graphics</li>
<li>Suitable for both dry and wet application methods</ul></li>

<span style=""font-weight: bold; color: #d7328a;"">Advantages:</span><br>
<ul><li>Matt translucent face film offers a completely uniform colour appearance</li>
<li>Cohesive solvent based adhesive provides water resistance and dimensional stability</li>
<li>UV stabilised material</li>
<li>Up to 7 years durability</li>
<li>Developed for trouble free plotting</li>
<li>Thermoformable if applied onto acrylic</li>
<li>REACH & RoHS compliant</li></ul> 

<span style=""font-weight: bold; color: #d7328a;"">Technical Information:</span><br><br>
<a href=""media/ecom/pdfs/datasheets/Ri_Mark_Translucent.pdf""
target=""_blank""><img style=""border: 0px solid ; width: 200px; height: 60px;"" alt=""Ritrama TRL Datasheet""
src=""media/ecom/onpagegraphics/Datasheet.png""></a>
<a href=""media/ecom/colselxl/digital_colour_card_Ri_Mark_Translucent.pdf""
target=""_blank""><img style=""border: 0px solid ; width: 200px; height: 60px;"" alt=""Ritrama TRL Colour Selector""
src=""media/ecom/onpagegraphics/Colour.png""></a>
<p style=""font-weight: bold; font-size: 1.0em;"">Prices shown are per roll at 1220mm wide</p>
</body>
</html>","Translucent_658_Olympic_Blue.png","Translucent_658_Olympic_Blue.png","INVITEMS","DEFAULT-TRL658-DEFAULT-TRL658","","","0","0","0","","1","REGONLY","0","0","0","0","","","","SELECT","SELECT","0","","","","","0","0","","income-service","","","0","0","","","","","Ritrama-Translucent-Vinyl","Ritrama-Translucent-Vinyl","","","0","Blue_Max, Fusion_5, Olfa_Graphic_Cutter, Olfa_X_Design_Heavy_Duty_Knife, Lint-Free-Gloves, Masking_Tape_25mm, Aslan_Squeegee, Swann_Morton_3_Handle, Swann_Morton_10A_Blades, Float_On, IPA_100, Anti_Static_Cleaner,","Blue_Max, Fusion_5, Olfa_Graphic_Cutter, Olfa_X_Design_Heavy_Duty_Knife, Lint-Free-Gloves, Masking_Tape_25mm, Aslan_Squeegee, Swann_Morton_3_Handle, Swann_Morton_10A_Blades, Float_On, IPA_100, Anti_Static_Cleaner,","A","","ADHESIVE_STANDARD_LINER","","","Black","Gloss","","","","","","","","","Ri-Mark-Translucent-658-Olympic-Blue","0","ritrama, fedrigoni, translucent, backlit, back-lit, backlight, illuminated, trlritrama, fedrigoni, translucent, backlit, back-lit, backlight, illuminated, trl","","","1710262592","0","","0","","CHECKBOX"
"TRL667","Ri-Mark Translucent 667 Light Green","TRL667","Ritrama","170","8","DEFAULT","","","","","0","Ri-Mark Translucent 667 Light Green is designed for long term indoor and outdoor illuminated signage and window graphics. The matt translucent 80 micron film offers a uniform colour appearance and has an external colour stability of up to 7 years. Prices shown are per roll at 1220mm wide.","<html>
<head>
<title>Ri-Mark Translucent 667 Light Green Vinyl</title>
<style>
.responsive {
  width: 50%;
  height: auto;
}
</style>
</head>

<body>
<img src=""media/ecom/onpagegraphics/Fedrigoni_Logo.jpg"" alt=""Fedrigoni Logo"" class=""responsive"">
<p>Ri-Mark Translucent 667 Light Green is designed for long term indoor and outdoor illuminated signage and window graphics</p>

<span style=""font-weight: bold; color: #d7328a;"">Structure:</span><br>
<ul><li>80<span>&#181;</span>m Polymeric calendered PVC</li>
<li>Solvent based adhesive - Permanent</li>
<li>Clay coated kraft paper backing liner - 120g/m&sup2;</ul></li>

<span style=""font-weight: bold; color: #d7328a;"">Suitability:</span><br>
<ul><li>Perfect for creating high end corporate branding and vibrant retail promotions</li>
<li>Ideal for in-store displays as well as visual art installations and product enhancement</li>
<li>Designed for long term indoor and outdoor illuminated signage and window graphics</li>
<li>Suitable for both dry and wet application methods</ul></li>

<span style=""font-weight: bold; color: #d7328a;"">Advantages:</span><br>
<ul><li>Matt translucent face film offers a completely uniform colour appearance</li>
<li>Cohesive solvent based adhesive provides water resistance and dimensional stability</li>
<li>UV stabilised material</li>
<li>Up to 7 years durability</li>
<li>Developed for trouble free plotting</li>
<li>Thermoformable if applied onto acrylic</li>
<li>REACH & RoHS compliant</li></ul> 

<span style=""font-weight: bold; color: #d7328a;"">Technical Information:</span><br><br>
<a href=""media/ecom/pdfs/datasheets/Ri_Mark_Translucent.pdf""
target=""_blank""><img style=""border: 0px solid ; width: 200px; height: 60px;"" alt=""Ritrama TRL Datasheet""
src=""media/ecom/onpagegraphics/Datasheet.png""></a>
<a href=""media/ecom/colselxl/digital_colour_card_Ri_Mark_Translucent.pdf""
target=""_blank""><img style=""border: 0px solid ; width: 200px; height: 60px;"" alt=""Ritrama TRL Colour Selector""
src=""media/ecom/onpagegraphics/Colour.png""></a>
<p style=""font-weight: bold; font-size: 1.0em;"">Prices shown are per roll at 1220mm wide</p>
</body>
</html>","Translucent_667_Light_Green.png","Translucent_667_Light_Green.png","INVITEMS","DEFAULT-TRL667-DEFAULT-TRL667","","","0","0","0","","1","REGONLY","0","0","0","0","","","","SELECT","SELECT","0","","","","","0","0","","income-service","","","0","0","","","","","Ritrama-Translucent-Vinyl","Ritrama-Translucent-Vinyl","","","0","Blue_Max, Fusion_5, Olfa_Graphic_Cutter, Olfa_X_Design_Heavy_Duty_Knife, Lint-Free-Gloves, Masking_Tape_25mm, Aslan_Squeegee, Swann_Morton_3_Handle, Swann_Morton_10A_Blades, Float_On, IPA_100, Anti_Static_Cleaner,","Blue_Max, Fusion_5, Olfa_Graphic_Cutter, Olfa_X_Design_Heavy_Duty_Knife, Lint-Free-Gloves, Masking_Tape_25mm, Aslan_Squeegee, Swann_Morton_3_Handle, Swann_Morton_10A_Blades, Float_On, IPA_100, Anti_Static_Cleaner,","A","","ADHESIVE_STANDARD_LINER","","","Black","Gloss","","","","","","","","","Ri-Mark-Translucent-667-Light-Green","0","ritrama, fedrigoni, translucent, backlit, back-lit, backlight, illuminated, trlritrama, fedrigoni, translucent, backlit, back-lit, backlight, illuminated, trl","","","1710262802","0","","0","","CHECKBOX"
"TRL670","Ri-Mark Translucent 670 Green","TRL670","Ritrama","180","8","DEFAULT","","","","","0","Ri-Mark Translucent 670 Green is designed for long term indoor and outdoor illuminated signage and window graphics. The matt translucent 80 micron film offers a uniform colour appearance and has an external colour stability of up to 7 years. Prices shown are per roll at 1220mm wide.","<html>
<head>
<title>Ri-Mark Translucent 670 Green Vinyl</title>
<style>
.responsive {
  width: 50%;
  height: auto;
}
</style>
</head>

<body>
<img src=""media/ecom/onpagegraphics/Fedrigoni_Logo.jpg"" alt=""Fedrigoni Logo"" class=""responsive"">
<p>Ri-Mark Translucent 670 Green is designed for long term indoor and outdoor illuminated signage and window graphics</p>

<span style=""font-weight: bold; color: #d7328a;"">Structure:</span><br>
<ul><li>80<span>&#181;</span>m Polymeric calendered PVC</li>
<li>Solvent based adhesive - Permanent</li>
<li>Clay coated kraft paper backing liner - 120g/m&sup2;</ul></li>

<span style=""font-weight: bold; color: #d7328a;"">Suitability:</span><br>
<ul><li>Perfect for creating high end corporate branding and vibrant retail promotions</li>
<li>Ideal for in-store displays as well as visual art installations and product enhancement</li>
<li>Designed for long term indoor and outdoor illuminated signage and window graphics</li>
<li>Suitable for both dry and wet application methods</ul></li>

<span style=""font-weight: bold; color: #d7328a;"">Advantages:</span><br>
<ul><li>Matt translucent face film offers a completely uniform colour appearance</li>
<li>Cohesive solvent based adhesive provides water resistance and dimensional stability</li>
<li>UV stabilised material</li>
<li>Up to 7 years durability</li>
<li>Developed for trouble free plotting</li>
<li>Thermoformable if applied onto acrylic</li>
<li>REACH & RoHS compliant</li></ul> 

<span style=""font-weight: bold; color: #d7328a;"">Technical Information:</span><br><br>
<a href=""media/ecom/pdfs/datasheets/Ri_Mark_Translucent.pdf""
target=""_blank""><img style=""border: 0px solid ; width: 200px; height: 60px;"" alt=""Ritrama TRL Datasheet""
src=""media/ecom/onpagegraphics/Datasheet.png""></a>
<a href=""media/ecom/colselxl/digital_colour_card_Ri_Mark_Translucent.pdf""
target=""_blank""><img style=""border: 0px solid ; width: 200px; height: 60px;"" alt=""Ritrama TRL Colour Selector""
src=""media/ecom/onpagegraphics/Colour.png""></a>
<p style=""font-weight: bold; font-size: 1.0em;"">Prices shown are per roll at 1220mm wide</p>
</body>
</html>","Translucent_670_Green.png","Translucent_670_Green.png","INVITEMS","DEFAULT-TRL670-DEFAULT-TRL670","","","0","0","0","","1","REGONLY","0","0","0","0","","","","SELECT","SELECT","0","","","","","0","0","","income-service","","","0","0","","","","","Ritrama-Translucent-Vinyl","Ritrama-Translucent-Vinyl","","","0","Blue_Max, Fusion_5, Olfa_Graphic_Cutter, Olfa_X_Design_Heavy_Duty_Knife, Lint-Free-Gloves, Masking_Tape_25mm, Aslan_Squeegee, Swann_Morton_3_Handle, Swann_Morton_10A_Blades, Float_On, IPA_100, Anti_Static_Cleaner,","Blue_Max, Fusion_5, Olfa_Graphic_Cutter, Olfa_X_Design_Heavy_Duty_Knife, Lint-Free-Gloves, Masking_Tape_25mm, Aslan_Squeegee, Swann_Morton_3_Handle, Swann_Morton_10A_Blades, Float_On, IPA_100, Anti_Static_Cleaner,","A","","ADHESIVE_STANDARD_LINER","","","Black","Gloss","","","","","","","","","Ri-Mark-Translucent-670-Green","0","ritrama, fedrigoni, translucent, backlit, back-lit, backlight, illuminated, trlritrama, fedrigoni, translucent, backlit, back-lit, backlight, illuminated, trl","","","1710262916","0","","0","","CHECKBOX"
"TRL671","Ri-Mark Translucent 671 Silver","TRL671","Ritrama","290","8","DEFAULT","","","","","0","Ri-Mark Translucent 671 Silver is designed for long term indoor and outdoor illuminated signage and window graphics. The matt translucent 80 micron film offers a uniform colour appearance and has an external colour stability of up to 7 years. Prices shown are per roll at 1220mm wide.","<html>
<head>
<title>Ri-Mark Translucent 671 Silver Vinyl</title>
<style>
.responsive {
  width: 50%;
  height: auto;
}
</style>
</head>

<body>
<img src=""media/ecom/onpagegraphics/Fedrigoni_Logo.jpg"" alt=""Fedrigoni Logo"" class=""responsive"">
<p>Ri-Mark Translucent 671 Silver is designed for long term indoor and outdoor illuminated signage and window graphics</p>

<span style=""font-weight: bold; color: #d7328a;"">Structure:</span><br>
<ul><li>80<span>&#181;</span>m Polymeric calendered PVC</li>
<li>Solvent based adhesive - Permanent</li>
<li>Clay coated kraft paper backing liner - 120g/m&sup2;</ul></li>

<span style=""font-weight: bold; color: #d7328a;"">Suitability:</span><br>
<ul><li>Perfect for creating high end corporate branding and vibrant retail promotions</li>
<li>Ideal for in-store displays as well as visual art installations and product enhancement</li>
<li>Designed for long term indoor and outdoor illuminated signage and window graphics</li>
<li>Suitable for both dry and wet application methods</ul></li>

<span style=""font-weight: bold; color: #d7328a;"">Advantages:</span><br>
<ul><li>Matt translucent face film offers a completely uniform colour appearance</li>
<li>Cohesive solvent based adhesive provides water resistance and dimensional stability</li>
<li>UV stabilised material</li>
<li>Up to 7 years durability</li>
<li>Developed for trouble free plotting</li>
<li>Thermoformable if applied onto acrylic</li>
<li>REACH & RoHS compliant</li></ul> 

<span style=""font-weight: bold; color: #d7328a;"">Technical Information:</span><br><br>
<a href=""media/ecom/pdfs/datasheets/Ri_Mark_Translucent.pdf""
target=""_blank""><img style=""border: 0px solid ; width: 200px; height: 60px;"" alt=""Ritrama TRL Datasheet""
src=""media/ecom/onpagegraphics/Datasheet.png""></a>
<a href=""media/ecom/colselxl/digital_colour_card_Ri_Mark_Translucent.pdf""
target=""_blank""><img style=""border: 0px solid ; width: 200px; height: 60px;"" alt=""Ritrama TRL Colour Selector""
src=""media/ecom/onpagegraphics/Colour.png""></a>
<p style=""font-weight: bold; font-size: 1.0em;"">Prices shown are per roll at 1220mm wide</p>
</body>
</html>","Translucent_671_Silver.png","Translucent_671_Silver.png","INVITEMS","DEFAULT-TRL671-DEFAULT-TRL671","","","0","0","0","","1","REGONLY","0","0","0","0","","","","SELECT","SELECT","0","","","","","0","0","","income-service","","","0","0","","","","","Ritrama-Translucent-Vinyl","Ritrama-Translucent-Vinyl, Silver-Films","","","0","Blue_Max, Fusion_5, Olfa_Graphic_Cutter, Olfa_X_Design_Heavy_Duty_Knife, Lint-Free-Gloves, Masking_Tape_25mm, Aslan_Squeegee, Swann_Morton_3_Handle, Swann_Morton_10A_Blades, Float_On, IPA_100, Anti_Static_Cleaner,","Blue_Max, Fusion_5, Olfa_Graphic_Cutter, Olfa_X_Design_Heavy_Duty_Knife, Lint-Free-Gloves, Masking_Tape_25mm, Aslan_Squeegee, Swann_Morton_3_Handle, Swann_Morton_10A_Blades, Float_On, IPA_100, Anti_Static_Cleaner,","A","","ADHESIVE_STANDARD_LINER","","","Black","Gloss","","","","","","","","","Ri-Mark-Translucent-671-Silver","0","ritrama, fedrigoni, translucent, backlit, back-lit, backlight, illuminated, trlritrama, fedrigoni, translucent, backlit, back-lit, backlight, illuminated, trl","","","1710264346","0","","0","","CHECKBOX"
"TRL672","Ri-Mark Translucent 672 Gold","TRL672","Ritrama","300","8","DEFAULT","","","","","0","Ri-Mark Translucent 672 Gold is designed for long term indoor and outdoor illuminated signage and window graphics. The matt translucent 80 micron film offers a uniform colour appearance and has an external colour stability of up to 7 years. Prices shown are per roll at 1220mm wide.","<html>
<head>
<title>Ri-Mark Translucent 672 Gold Vinyl</title>
<style>
.responsive {
  width: 50%;
  height: auto;
}
</style>
</head>

<body>
<img src=""media/ecom/onpagegraphics/Fedrigoni_Logo.jpg"" alt=""Fedrigoni Logo"" class=""responsive"">
<p>Ri-Mark Translucent 672 Gold is designed for long term indoor and outdoor illuminated signage and window graphics</p>

<span style=""font-weight: bold; color: #d7328a;"">Structure:</span><br>
<ul><li>80<span>&#181;</span>m Polymeric calendered PVC</li>
<li>Solvent based adhesive - Permanent</li>
<li>Clay coated kraft paper backing liner - 120g/m&sup2;</ul></li>

<span style=""font-weight: bold; color: #d7328a;"">Suitability:</span><br>
<ul><li>Perfect for creating high end corporate branding and vibrant retail promotions</li>
<li>Ideal for in-store displays as well as visual art installations and product enhancement</li>
<li>Designed for long term indoor and outdoor illuminated signage and window graphics</li>
<li>Suitable for both dry and wet application methods</ul></li>

<span style=""font-weight: bold; color: #d7328a;"">Advantages:</span><br>
<ul><li>Matt translucent face film offers a completely uniform colour appearance</li>
<li>Cohesive solvent based adhesive provides water resistance and dimensional stability</li>
<li>UV stabilised material</li>
<li>Up to 7 years durability</li>
<li>Developed for trouble free plotting</li>
<li>Thermoformable if applied onto acrylic</li>
<li>REACH & RoHS compliant</li></ul> 

<span style=""font-weight: bold; color: #d7328a;"">Technical Information:</span><br><br>
<a href=""media/ecom/pdfs/datasheets/Ri_Mark_Translucent.pdf""
target=""_blank""><img style=""border: 0px solid ; width: 200px; height: 60px;"" alt=""Ritrama TRL Datasheet""
src=""media/ecom/onpagegraphics/Datasheet.png""></a>
<a href=""media/ecom/colselxl/digital_colour_card_Ri_Mark_Translucent.pdf""
target=""_blank""><img style=""border: 0px solid ; width: 200px; height: 60px;"" alt=""Ritrama TRL Colour Selector""
src=""media/ecom/onpagegraphics/Colour.png""></a>
<p style=""font-weight: bold; font-size: 1.0em;"">Prices shown are per roll at 1220mm wide</p>
</body>
</html>","Translucent_672_Gold.png","Translucent_672_Gold.png","INVITEMS","DEFAULT-TRL672-DEFAULT-TRL672","","","0","0","0","","1","REGONLY","0","0","0","0","","","","SELECT","SELECT","0","","","","","0","0","","income-service","","","0","0","","","","","Ritrama-Translucent-Vinyl","Ritrama-Translucent-Vinyl","","","0","Blue_Max, Fusion_5, Olfa_Graphic_Cutter, Olfa_X_Design_Heavy_Duty_Knife, Lint-Free-Gloves, Masking_Tape_25mm, Aslan_Squeegee, Swann_Morton_3_Handle, Swann_Morton_10A_Blades, Float_On, IPA_100, Anti_Static_Cleaner,","Blue_Max, Fusion_5, Olfa_Graphic_Cutter, Olfa_X_Design_Heavy_Duty_Knife, Lint-Free-Gloves, Masking_Tape_25mm, Aslan_Squeegee, Swann_Morton_3_Handle, Swann_Morton_10A_Blades, Float_On, IPA_100, Anti_Static_Cleaner,","A","","ADHESIVE_STANDARD_LINER","","","Black","Gloss","","","","","","","","","Ri-Mark-Translucent-672-Gold","0","ritrama, fedrigoni, translucent, backlit, back-lit, backlight, illuminated, trlritrama, fedrigoni, translucent, backlit, back-lit, backlight, illuminated, trl","","","1710264437","0","","0","","CHECKBOX"
"TRL673","Ri-Mark Translucent 673 Grass Green","TRL673","Ritrama","230","8","DEFAULT","","","","","0","Ri-Mark Translucent 673 Grass Green is designed for long term indoor and outdoor illuminated signage and window graphics. The matt translucent 80 micron film offers a uniform colour appearance and has an external colour stability of up to 7 years. Prices shown are per roll at 1220mm wide.","<html>
<head>
<title>Ri-Mark Translucent 673 Grass Green Vinyl</title>
<style>
.responsive {
  width: 50%;
  height: auto;
}
</style>
</head>

<body>
<img src=""media/ecom/onpagegraphics/Fedrigoni_Logo.jpg"" alt=""Fedrigoni Logo"" class=""responsive"">
<p>Ri-Mark Translucent 673 Grass Green is designed for long term indoor and outdoor illuminated signage and window graphics</p>

<span style=""font-weight: bold; color: #d7328a;"">Structure:</span><br>
<ul><li>80<span>&#181;</span>m Polymeric calendered PVC</li>
<li>Solvent based adhesive - Permanent</li>
<li>Clay coated kraft paper backing liner - 120g/m&sup2;</ul></li>

<span style=""font-weight: bold; color: #d7328a;"">Suitability:</span><br>
<ul><li>Perfect for creating high end corporate branding and vibrant retail promotions</li>
<li>Ideal for in-store displays as well as visual art installations and product enhancement</li>
<li>Designed for long term indoor and outdoor illuminated signage and window graphics</li>
<li>Suitable for both dry and wet application methods</ul></li>

<span style=""font-weight: bold; color: #d7328a;"">Advantages:</span><br>
<ul><li>Matt translucent face film offers a completely uniform colour appearance</li>
<li>Cohesive solvent based adhesive provides water resistance and dimensional stability</li>
<li>UV stabilised material</li>
<li>Up to 7 years durability</li>
<li>Developed for trouble free plotting</li>
<li>Thermoformable if applied onto acrylic</li>
<li>REACH & RoHS compliant</li></ul> 

<span style=""font-weight: bold; color: #d7328a;"">Technical Information:</span><br><br>
<a href=""media/ecom/pdfs/datasheets/Ri_Mark_Translucent.pdf""
target=""_blank""><img style=""border: 0px solid ; width: 200px; height: 60px;"" alt=""Ritrama TRL Datasheet""
src=""media/ecom/onpagegraphics/Datasheet.png""></a>
<a href=""media/ecom/colselxl/digital_colour_card_Ri_Mark_Translucent.pdf""
target=""_blank""><img style=""border: 0px solid ; width: 200px; height: 60px;"" alt=""Ritrama TRL Colour Selector""
src=""media/ecom/onpagegraphics/Colour.png""></a>
<p style=""font-weight: bold; font-size: 1.0em;"">Prices shown are per roll at 1220mm wide</p>
</body>
</html>","Translucent_673_Grass_Green.png","Translucent_673_Grass_Green.png","INVITEMS","DEFAULT-TRL673-DEFAULT-TRL673","","","0","0","0","","1","REGONLY","0","0","0","0","","","","SELECT","SELECT","0","","","","","0","0","","income-service","","","0","0","","","","","Ritrama-Translucent-Vinyl","Ritrama-Translucent-Vinyl","","","0","Blue_Max, Fusion_5, Olfa_Graphic_Cutter, Olfa_X_Design_Heavy_Duty_Knife, Lint-Free-Gloves, Masking_Tape_25mm, Aslan_Squeegee, Swann_Morton_3_Handle, Swann_Morton_10A_Blades, Float_On, IPA_100, Anti_Static_Cleaner,","Blue_Max, Fusion_5, Olfa_Graphic_Cutter, Olfa_X_Design_Heavy_Duty_Knife, Lint-Free-Gloves, Masking_Tape_25mm, Aslan_Squeegee, Swann_Morton_3_Handle, Swann_Morton_10A_Blades, Float_On, IPA_100, Anti_Static_Cleaner,","A","","ADHESIVE_STANDARD_LINER","","","Black","Gloss","","","","","","","","","Ri-Mark-Translucent-673-Grass-Green","0","ritrama, fedrigoni, translucent, backlit, back-lit, backlight, illuminated, trlritrama, fedrigoni, translucent, backlit, back-lit, backlight, illuminated, trl","","","1710263698","0","","0","","CHECKBOX"
"TRL674","Ri-Mark Translucent 674 Meadow Green","TRL674","Ritrama","200","8","DEFAULT","","","","","0","Ri-Mark Translucent 674 Meadow Green is designed for long term indoor and outdoor illuminated signage and window graphics. The matt translucent 80 micron film offers a uniform colour appearance and has an external colour stability of up to 7 years. Prices shown are per roll at 1220mm wide.","<html>
<head>
<title>Ri-Mark Translucent 674 Meadow Green Vinyl</title>
<style>
.responsive {
  width: 50%;
  height: auto;
}
</style>
</head>

<body>
<img src=""media/ecom/onpagegraphics/Fedrigoni_Logo.jpg"" alt=""Fedrigoni Logo"" class=""responsive"">
<p>Ri-Mark Translucent 674 Meadow Green is designed for long term indoor and outdoor illuminated signage and window graphics</p>

<span style=""font-weight: bold; color: #d7328a;"">Structure:</span><br>
<ul><li>80<span>&#181;</span>m Polymeric calendered PVC</li>
<li>Solvent based adhesive - Permanent</li>
<li>Clay coated kraft paper backing liner - 120g/m&sup2;</ul></li>

<span style=""font-weight: bold; color: #d7328a;"">Suitability:</span><br>
<ul><li>Perfect for creating high end corporate branding and vibrant retail promotions</li>
<li>Ideal for in-store displays as well as visual art installations and product enhancement</li>
<li>Designed for long term indoor and outdoor illuminated signage and window graphics</li>
<li>Suitable for both dry and wet application methods</ul></li>

<span style=""font-weight: bold; color: #d7328a;"">Advantages:</span><br>
<ul><li>Matt translucent face film offers a completely uniform colour appearance</li>
<li>Cohesive solvent based adhesive provides water resistance and dimensional stability</li>
<li>UV stabilised material</li>
<li>Up to 7 years durability</li>
<li>Developed for trouble free plotting</li>
<li>Thermoformable if applied onto acrylic</li>
<li>REACH & RoHS compliant</li></ul> 

<span style=""font-weight: bold; color: #d7328a;"">Technical Information:</span><br><br>
<a href=""media/ecom/pdfs/datasheets/Ri_Mark_Translucent.pdf""
target=""_blank""><img style=""border: 0px solid ; width: 200px; height: 60px;"" alt=""Ritrama TRL Datasheet""
src=""media/ecom/onpagegraphics/Datasheet.png""></a>
<a href=""media/ecom/colselxl/digital_colour_card_Ri_Mark_Translucent.pdf""
target=""_blank""><img style=""border: 0px solid ; width: 200px; height: 60px;"" alt=""Ritrama TRL Colour Selector""
src=""media/ecom/onpagegraphics/Colour.png""></a>
<p style=""font-weight: bold; font-size: 1.0em;"">Prices shown are per roll at 1220mm wide</p>
</body>
</html>","Translucent_674_Meadow_Green.png","Translucent_674_Meadow_Green.png","INVITEMS","DEFAULT-TRL674-DEFAULT-TRL674","","","0","0","0","","1","REGONLY","0","0","0","0","","","","SELECT","SELECT","0","","","","","0","0","","income-service","","","0","0","","","","","Ritrama-Translucent-Vinyl","Ritrama-Translucent-Vinyl","","","0","Blue_Max, Fusion_5, Olfa_Graphic_Cutter, Olfa_X_Design_Heavy_Duty_Knife, Lint-Free-Gloves, Masking_Tape_25mm, Aslan_Squeegee, Swann_Morton_3_Handle, Swann_Morton_10A_Blades, Float_On, IPA_100, Anti_Static_Cleaner,","Blue_Max, Fusion_5, Olfa_Graphic_Cutter, Olfa_X_Design_Heavy_Duty_Knife, Lint-Free-Gloves, Masking_Tape_25mm, Aslan_Squeegee, Swann_Morton_3_Handle, Swann_Morton_10A_Blades, Float_On, IPA_100, Anti_Static_Cleaner,","A","","ADHESIVE_STANDARD_LINER","","","Black","Gloss","","","","","","","","","Ri-Mark-Translucent-674-Meadow-Green","0","ritrama, fedrigoni, translucent, backlit, back-lit, backlight, illuminated, trlritrama, fedrigoni, translucent, backlit, back-lit, backlight, illuminated, trl","","","1710263324","0","","0","","CHECKBOX"
"TRL675","Ri-Mark Translucent 675 Ultramarine Blue","TRL675","Ritrama","110","8","DEFAULT","","","","","0","Ri-Mark Translucent 675 Ultramarine Blue is designed for long term indoor and outdoor illuminated signage and window graphics. The matt translucent 80 micron film offers a uniform colour appearance and has an external colour stability of up to 7 years. Prices shown are per roll at 1220mm wide.","<html>
<head>
<title>Ri-Mark Translucent 675 Ultramarine Blue Vinyl</title>
<style>
.responsive {
  width: 50%;
  height: auto;
}
</style>
</head>

<body>
<img src=""media/ecom/onpagegraphics/Fedrigoni_Logo.jpg"" alt=""Fedrigoni Logo"" class=""responsive"">
<p>Ri-Mark Translucent 675 Ultramarine Blue is designed for long term indoor and outdoor illuminated signage and window graphics</p>

<span style=""font-weight: bold; color: #d7328a;"">Structure:</span><br>
<ul><li>80<span>&#181;</span>m Polymeric calendered PVC</li>
<li>Solvent based adhesive - Permanent</li>
<li>Clay coated kraft paper backing liner - 120g/m&sup2;</ul></li>

<span style=""font-weight: bold; color: #d7328a;"">Suitability:</span><br>
<ul><li>Perfect for creating high end corporate branding and vibrant retail promotions</li>
<li>Ideal for in-store displays as well as visual art installations and product enhancement</li>
<li>Designed for long term indoor and outdoor illuminated signage and window graphics</li>
<li>Suitable for both dry and wet application methods</ul></li>

<span style=""font-weight: bold; color: #d7328a;"">Advantages:</span><br>
<ul><li>Matt translucent face film offers a completely uniform colour appearance</li>
<li>Cohesive solvent based adhesive provides water resistance and dimensional stability</li>
<li>UV stabilised material</li>
<li>Up to 7 years durability</li>
<li>Developed for trouble free plotting</li>
<li>Thermoformable if applied onto acrylic</li>
<li>REACH & RoHS compliant</li></ul> 

<span style=""font-weight: bold; color: #d7328a;"">Technical Information:</span><br><br>
<a href=""media/ecom/pdfs/datasheets/Ri_Mark_Translucent.pdf""
target=""_blank""><img style=""border: 0px solid ; width: 200px; height: 60px;"" alt=""Ritrama TRL Datasheet""
src=""media/ecom/onpagegraphics/Datasheet.png""></a>
<a href=""media/ecom/colselxl/digital_colour_card_Ri_Mark_Translucent.pdf""
target=""_blank""><img style=""border: 0px solid ; width: 200px; height: 60px;"" alt=""Ritrama TRL Colour Selector""
src=""media/ecom/onpagegraphics/Colour.png""></a>
<p style=""font-weight: bold; font-size: 1.0em;"">Prices shown are per roll at 1220mm wide</p>
</body>
</html>","Translucent_675_Ultramarine_Blue.png","Translucent_675_Ultramarine_Blue.png","INVITEMS","DEFAULT-TRL675-DEFAULT-TRL675","","","0","0","0","","1","REGONLY","0","0","0","0","","","","SELECT","SELECT","0","","","","","0","0","","income-service","","","0","0","","","","","Ritrama-Translucent-Vinyl","Ritrama-Translucent-Vinyl","","","0","Blue_Max, Fusion_5, Olfa_Graphic_Cutter, Olfa_X_Design_Heavy_Duty_Knife, Lint-Free-Gloves, Masking_Tape_25mm, Aslan_Squeegee, Swann_Morton_3_Handle, Swann_Morton_10A_Blades, Float_On, IPA_100, Anti_Static_Cleaner,","Blue_Max, Fusion_5, Olfa_Graphic_Cutter, Olfa_X_Design_Heavy_Duty_Knife, Lint-Free-Gloves, Masking_Tape_25mm, Aslan_Squeegee, Swann_Morton_3_Handle, Swann_Morton_10A_Blades, Float_On, IPA_100, Anti_Static_Cleaner,","A","","ADHESIVE_STANDARD_LINER","","","Black","Gloss","","","","","","","","","Ri-Mark-Translucent-675-Ultramarine-Blue","0","ritrama, fedrigoni, translucent, backlit, back-lit, backlight, illuminated, trlritrama, fedrigoni, translucent, backlit, back-lit, backlight, illuminated, trl","","","1710262001","0","","0","","CHECKBOX"
"TRL676","Ri-Mark Translucent 676 Bordeaux","TRL676","Ritrama","70","8","DEFAULT","","","","","0","Ri-Mark Translucent 676 Bordeaux is designed for long term indoor and outdoor illuminated signage and window graphics. The matt translucent 80 micron film offers a uniform colour appearance and has an external colour stability of up to 7 years. Prices shown are per roll at 1220mm wide.","<html>
<head>
<title>Ri-Mark Translucent 676 Bordeaux Vinyl</title>
<style>
.responsive {
  width: 50%;
  height: auto;
}
</style>
</head>

<body>
<img src=""media/ecom/onpagegraphics/Fedrigoni_Logo.jpg"" alt=""Fedrigoni Logo"" class=""responsive"">
<p>Ri-Mark Translucent 676 Bordeaux is designed for long term indoor and outdoor illuminated signage and window graphics</p>

<span style=""font-weight: bold; color: #d7328a;"">Structure:</span><br>
<ul><li>80<span>&#181;</span>m Polymeric calendered PVC</li>
<li>Solvent based adhesive - Permanent</li>
<li>Clay coated kraft paper backing liner - 120g/m&sup2;</ul></li>

<span style=""font-weight: bold; color: #d7328a;"">Suitability:</span><br>
<ul><li>Perfect for creating high end corporate branding and vibrant retail promotions</li>
<li>Ideal for in-store displays as well as visual art installations and product enhancement</li>
<li>Designed for long term indoor and outdoor illuminated signage and window graphics</li>
<li>Suitable for both dry and wet application methods</ul></li>

<span style=""font-weight: bold; color: #d7328a;"">Advantages:</span><br>
<ul><li>Matt translucent face film offers a completely uniform colour appearance</li>
<li>Cohesive solvent based adhesive provides water resistance and dimensional stability</li>
<li>UV stabilised material</li>
<li>Up to 7 years durability</li>
<li>Developed for trouble free plotting</li>
<li>Thermoformable if applied onto acrylic</li>
<li>REACH & RoHS compliant</li></ul> 

<span style=""font-weight: bold; color: #d7328a;"">Technical Information:</span><br><br>
<a href=""media/ecom/pdfs/datasheets/Ri_Mark_Translucent.pdf""
target=""_blank""><img style=""border: 0px solid ; width: 200px; height: 60px;"" alt=""Ritrama TRL Datasheet""
src=""media/ecom/onpagegraphics/Datasheet.png""></a>
<a href=""media/ecom/colselxl/digital_colour_card_Ri_Mark_Translucent.pdf""
target=""_blank""><img style=""border: 0px solid ; width: 200px; height: 60px;"" alt=""Ritrama TRL Colour Selector""
src=""media/ecom/onpagegraphics/Colour.png""></a>
<p style=""font-weight: bold; font-size: 1.0em;"">Prices shown are per roll at 1220mm wide</p>
</body>
</html>","Translucent_676_Bordeaux.png","Translucent_676_Bordeaux.png","INVITEMS","DEFAULT-TRL676-DEFAULT-TRL676","","","0","0","0","","1","REGONLY","0","0","0","0","","","","SELECT","SELECT","0","","","","","0","0","","income-service","","","0","0","","","","","Ritrama-Translucent-Vinyl","Ritrama-Translucent-Vinyl","","","0","Blue_Max, Fusion_5, Olfa_Graphic_Cutter, Olfa_X_Design_Heavy_Duty_Knife, Lint-Free-Gloves, Masking_Tape_25mm, Aslan_Squeegee, Swann_Morton_3_Handle, Swann_Morton_10A_Blades, Float_On, IPA_100, Anti_Static_Cleaner,","Blue_Max, Fusion_5, Olfa_Graphic_Cutter, Olfa_X_Design_Heavy_Duty_Knife, Lint-Free-Gloves, Masking_Tape_25mm, Aslan_Squeegee, Swann_Morton_3_Handle, Swann_Morton_10A_Blades, Float_On, IPA_100, Anti_Static_Cleaner,","A","","ADHESIVE_STANDARD_LINER","","","Black","Gloss","","","","","","","","","Ri-Mark-Translucent-676-Bordeaux","0","ritrama, fedrigoni, translucent, backlit, back-lit, backlight, illuminated, trlritrama, fedrigoni, translucent, backlit, back-lit, backlight, illuminated, trl","","","1710253053","0","","0","","CHECKBOX"
"TRL677","Ri-Mark Translucent 677 Turquoise","TRL677","Ritrama","220","8","DEFAULT","","","","","0","Ri-Mark Translucent 677 Turquoise is designed for long term indoor and outdoor illuminated signage and window graphics. The matt translucent 80 micron film offers a uniform colour appearance and has an external colour stability of up to 7 years. Prices shown are per roll at 1220mm wide.","<html>
<head>
<title>Ri-Mark Translucent 677 Turquoise Vinyl</title>
<style>
.responsive {
  width: 50%;
  height: auto;
}
</style>
</head>

<body>
<img src=""media/ecom/onpagegraphics/Fedrigoni_Logo.jpg"" alt=""Fedrigoni Logo"" class=""responsive"">
<p>Ri-Mark Translucent 677 Turquoise is designed for long term indoor and outdoor illuminated signage and window graphics</p>

<span style=""font-weight: bold; color: #d7328a;"">Structure:</span><br>
<ul><li>80<span>&#181;</span>m Polymeric calendered PVC</li>
<li>Solvent based adhesive - Permanent</li>
<li>Clay coated kraft paper backing liner - 120g/m&sup2;</ul></li>

<span style=""font-weight: bold; color: #d7328a;"">Suitability:</span><br>
<ul><li>Perfect for creating high end corporate branding and vibrant retail promotions</li>
<li>Ideal for in-store displays as well as visual art installations and product enhancement</li>
<li>Designed for long term indoor and outdoor illuminated signage and window graphics</li>
<li>Suitable for both dry and wet application methods</ul></li>

<span style=""font-weight: bold; color: #d7328a;"">Advantages:</span><br>
<ul><li>Matt translucent face film offers a completely uniform colour appearance</li>
<li>Cohesive solvent based adhesive provides water resistance and dimensional stability</li>
<li>UV stabilised material</li>
<li>Up to 7 years durability</li>
<li>Developed for trouble free plotting</li>
<li>Thermoformable if applied onto acrylic</li>
<li>REACH & RoHS compliant</li></ul> 

<span style=""font-weight: bold; color: #d7328a;"">Technical Information:</span><br><br>
<a href=""media/ecom/pdfs/datasheets/Ri_Mark_Translucent.pdf""
target=""_blank""><img style=""border: 0px solid ; width: 200px; height: 60px;"" alt=""Ritrama TRL Datasheet""
src=""media/ecom/onpagegraphics/Datasheet.png""></a>
<a href=""media/ecom/colselxl/digital_colour_card_Ri_Mark_Translucent.pdf""
target=""_blank""><img style=""border: 0px solid ; width: 200px; height: 60px;"" alt=""Ritrama TRL Colour Selector""
src=""media/ecom/onpagegraphics/Colour.png""></a>
<p style=""font-weight: bold; font-size: 1.0em;"">Prices shown are per roll at 1220mm wide</p>
</body>
</html>","Translucent_677_Turquoise.png","Translucent_677_Turquoise.png","INVITEMS","DEFAULT-TRL677-DEFAULT-TRL677","","","0","0","0","","1","REGONLY","0","0","0","0","","","","SELECT","SELECT","0","","","","","0","0","","income-service","","","0","0","","","","","Ritrama-Translucent-Vinyl","Ritrama-Translucent-Vinyl","","","0","Blue_Max, Fusion_5, Olfa_Graphic_Cutter, Olfa_X_Design_Heavy_Duty_Knife, Lint-Free-Gloves, Masking_Tape_25mm, Aslan_Squeegee, Swann_Morton_3_Handle, Swann_Morton_10A_Blades, Float_On, IPA_100, Anti_Static_Cleaner,","Blue_Max, Fusion_5, Olfa_Graphic_Cutter, Olfa_X_Design_Heavy_Duty_Knife, Lint-Free-Gloves, Masking_Tape_25mm, Aslan_Squeegee, Swann_Morton_3_Handle, Swann_Morton_10A_Blades, Float_On, IPA_100, Anti_Static_Cleaner,","A","","ADHESIVE_STANDARD_LINER","","","Black","Gloss","","","","","","","","","Ri-Mark-Translucent-677-Turquoise","0","ritrama, fedrigoni, translucent, backlit, back-lit, backlight, illuminated, trlritrama, fedrigoni, translucent, backlit, back-lit, backlight, illuminated, trl","","","1710263608","0","","0","","CHECKBOX"
"TRL678","Ri-Mark Translucent 678 Cyan","TRL678","Ritrama","160","8","DEFAULT","","","","","0","Ri-Mark Translucent 678 Cyan is designed for long term indoor and outdoor illuminated signage and window graphics. The matt translucent 80 micron film offers a uniform colour appearance and has an external colour stability of up to 7 years. Prices shown are per roll at 1220mm wide.","<html>
<head>
<title>Ri-Mark Translucent 678 Cyan Vinyl</title>
<style>
.responsive {
  width: 50%;
  height: auto;
}
</style>
</head>

<body>
<img src=""media/ecom/onpagegraphics/Fedrigoni_Logo.jpg"" alt=""Fedrigoni Logo"" class=""responsive"">
<p>Ri-Mark Translucent 678 Cyan is designed for long term indoor and outdoor illuminated signage and window graphics</p>

<span style=""font-weight: bold; color: #d7328a;"">Structure:</span><br>
<ul><li>80<span>&#181;</span>m Polymeric calendered PVC</li>
<li>Solvent based adhesive - Permanent</li>
<li>Clay coated kraft paper backing liner - 120g/m&sup2;</ul></li>

<span style=""font-weight: bold; color: #d7328a;"">Suitability:</span><br>
<ul><li>Perfect for creating high end corporate branding and vibrant retail promotions</li>
<li>Ideal for in-store displays as well as visual art installations and product enhancement</li>
<li>Designed for long term indoor and outdoor illuminated signage and window graphics</li>
<li>Suitable for both dry and wet application methods</ul></li>

<span style=""font-weight: bold; color: #d7328a;"">Advantages:</span><br>
<ul><li>Matt translucent face film offers a completely uniform colour appearance</li>
<li>Cohesive solvent based adhesive provides water resistance and dimensional stability</li>
<li>UV stabilised material</li>
<li>Up to 7 years durability</li>
<li>Developed for trouble free plotting</li>
<li>Thermoformable if applied onto acrylic</li>
<li>REACH & RoHS compliant</li></ul> 

<span style=""font-weight: bold; color: #d7328a;"">Technical Information:</span><br><br>
<a href=""media/ecom/pdfs/datasheets/Ri_Mark_Translucent.pdf""
target=""_blank""><img style=""border: 0px solid ; width: 200px; height: 60px;"" alt=""Ritrama TRL Datasheet""
src=""media/ecom/onpagegraphics/Datasheet.png""></a>
<a href=""media/ecom/colselxl/digital_colour_card_Ri_Mark_Translucent.pdf""
target=""_blank""><img style=""border: 0px solid ; width: 200px; height: 60px;"" alt=""Ritrama TRL Colour Selector""
src=""media/ecom/onpagegraphics/Colour.png""></a>
<p style=""font-weight: bold; font-size: 1.0em;"">Prices shown are per roll at 1220mm wide</p>
</body>
</html>","Translucent_678_Cyan.png","Translucent_678_Cyan.png","INVITEMS","DEFAULT-TRL678-DEFAULT-TRL678","","","0","0","0","","1","REGONLY","0","0","0","0","","","","SELECT","SELECT","0","","","","","0","0","","income-service","","","0","0","","","","","Ritrama-Translucent-Vinyl","Ritrama-Translucent-Vinyl","","","0","Blue_Max, Fusion_5, Olfa_Graphic_Cutter, Olfa_X_Design_Heavy_Duty_Knife, Lint-Free-Gloves, Masking_Tape_25mm, Aslan_Squeegee, Swann_Morton_3_Handle, Swann_Morton_10A_Blades, Float_On, IPA_100, Anti_Static_Cleaner,","Blue_Max, Fusion_5, Olfa_Graphic_Cutter, Olfa_X_Design_Heavy_Duty_Knife, Lint-Free-Gloves, Masking_Tape_25mm, Aslan_Squeegee, Swann_Morton_3_Handle, Swann_Morton_10A_Blades, Float_On, IPA_100, Anti_Static_Cleaner,","A","","ADHESIVE_STANDARD_LINER","","","Black","Gloss","","","","","","","","","Ri-Mark-Translucent-678-Cyan","0","ritrama, fedrigoni, translucent, backlit, back-lit, backlight, illuminated, trlritrama, fedrigoni, translucent, backlit, back-lit, backlight, illuminated, trl","","","1710262689","0","","0","","CHECKBOX"
"TRL679","Ri-Mark Translucent 679 Lime","TRL679","Ritrama","210","8","DEFAULT","","","","","0","Ri-Mark Translucent 679 Lime is designed for long term indoor and outdoor illuminated signage and window graphics. The matt translucent 80 micron film offers a uniform colour appearance and has an external colour stability of up to 7 years. Prices shown are per roll at 1220mm wide.","<html>
<head>
<title>Ri-Mark Translucent 679 Lime Vinyl</title>
<style>
.responsive {
  width: 50%;
  height: auto;
}
</style>
</head>

<body>
<img src=""media/ecom/onpagegraphics/Fedrigoni_Logo.jpg"" alt=""Fedrigoni Logo"" class=""responsive"">
<p>Ri-Mark Translucent 679 Lime is designed for long term indoor and outdoor illuminated signage and window graphics</p>

<span style=""font-weight: bold; color: #d7328a;"">Structure:</span><br>
<ul><li>80<span>&#181;</span>m Polymeric calendered PVC</li>
<li>Solvent based adhesive - Permanent</li>
<li>Clay coated kraft paper backing liner - 120g/m&sup2;</ul></li>

<span style=""font-weight: bold; color: #d7328a;"">Suitability:</span><br>
<ul><li>Perfect for creating high end corporate branding and vibrant retail promotions</li>
<li>Ideal for in-store displays as well as visual art installations and product enhancement</li>
<li>Designed for long term indoor and outdoor illuminated signage and window graphics</li>
<li>Suitable for both dry and wet application methods</ul></li>

<span style=""font-weight: bold; color: #d7328a;"">Advantages:</span><br>
<ul><li>Matt translucent face film offers a completely uniform colour appearance</li>
<li>Cohesive solvent based adhesive provides water resistance and dimensional stability</li>
<li>UV stabilised material</li>
<li>Up to 7 years durability</li>
<li>Developed for trouble free plotting</li>
<li>Thermoformable if applied onto acrylic</li>
<li>REACH & RoHS compliant</li></ul> 

<span style=""font-weight: bold; color: #d7328a;"">Technical Information:</span><br><br>
<a href=""media/ecom/pdfs/datasheets/Ri_Mark_Translucent.pdf""
target=""_blank""><img style=""border: 0px solid ; width: 200px; height: 60px;"" alt=""Ritrama TRL Datasheet""
src=""media/ecom/onpagegraphics/Datasheet.png""></a>
<a href=""media/ecom/colselxl/digital_colour_card_Ri_Mark_Translucent.pdf""
target=""_blank""><img style=""border: 0px solid ; width: 200px; height: 60px;"" alt=""Ritrama TRL Colour Selector""
src=""media/ecom/onpagegraphics/Colour.png""></a>
<p style=""font-weight: bold; font-size: 1.0em;"">Prices shown are per roll at 1220mm wide</p>
</body>
</html>","Translucent_679_Lime_Green.png","Translucent_679_Lime_Green.png","INVITEMS","DEFAULT-TRL679-DEFAULT-TRL679","","","0","0","0","","1","REGONLY","0","0","0","0","","","","SELECT","SELECT","0","","","","","0","0","","income-service","","","0","0","","","","","Ritrama-Translucent-Vinyl","Ritrama-Translucent-Vinyl","","","0","Blue_Max, Fusion_5, Olfa_Graphic_Cutter, Olfa_X_Design_Heavy_Duty_Knife, Lint-Free-Gloves, Masking_Tape_25mm, Aslan_Squeegee, Swann_Morton_3_Handle, Swann_Morton_10A_Blades, Float_On, IPA_100, Anti_Static_Cleaner,","Blue_Max, Fusion_5, Olfa_Graphic_Cutter, Olfa_X_Design_Heavy_Duty_Knife, Lint-Free-Gloves, Masking_Tape_25mm, Aslan_Squeegee, Swann_Morton_3_Handle, Swann_Morton_10A_Blades, Float_On, IPA_100, Anti_Static_Cleaner,","A","","ADHESIVE_STANDARD_LINER","","","Black","Gloss","","","","","","","","","Ri-Mark-Translucent-679-Lime","0","ritrama, fedrigoni, translucent, backlit, back-lit, backlight, illuminated, trlritrama, fedrigoni, translucent, backlit, back-lit, backlight, illuminated, trl","","","1710263500","0","","0","","CHECKBOX"
"TRL680","Ri-Mark Translucent 680 Signal Blue","TRL680","Ritrama","130","8","DEFAULT","","","","","0","Ri-Mark Translucent 680 Signal Blue is designed for long term indoor and outdoor illuminated signage and window graphics. The matt translucent 80 micron film offers a uniform colour appearance and has an external colour stability of up to 7 years. Prices shown are per roll at 1220mm wide.","<html>
<head>
<title>Ri-Mark Translucent 680 Signal Blue Vinyl</title>
<style>
.responsive {
  width: 50%;
  height: auto;
}
</style>
</head>

<body>
<img src=""media/ecom/onpagegraphics/Fedrigoni_Logo.jpg"" alt=""Fedrigoni Logo"" class=""responsive"">
<p>Ri-Mark Translucent 680 Signal Blue is designed for long term indoor and outdoor illuminated signage and window graphics</p>
<span style=""font-weight: bold; color: #d7328a;"">Structure:</span><br>
<ul><li>80<span>&#181;</span>m Polymeric calendered PVC</li>
<li>Solvent based adhesive - Permanent</li>
<li>Clay coated kraft paper backing liner - 120g/m&sup2;</ul></li>

<span style=""font-weight: bold; color: #d7328a;"">Suitability:</span><br>
<ul><li>Perfect for creating high end corporate branding and vibrant retail promotions</li>
<li>Ideal for in-store displays as well as visual art installations and product enhancement</li>
<li>Designed for long term indoor and outdoor illuminated signage and window graphics</li>
<li>Suitable for both dry and wet application methods</ul></li>

<span style=""font-weight: bold; color: #d7328a;"">Advantages:</span><br>
<ul><li>Matt translucent face film offers a completely uniform colour appearance</li>
<li>Cohesive solvent based adhesive provides water resistance and dimensional stability</li>
<li>UV stabilised material</li>
<li>Up to 7 years durability</li>
<li>Developed for trouble free plotting</li>
<li>Thermoformable if applied onto acrylic</li>
<li>REACH & RoHS compliant</li></ul> 

<span style=""font-weight: bold; color: #d7328a;"">Technical Information:</span><br><br>
<a href=""media/ecom/pdfs/datasheets/Ri_Mark_Translucent.pdf""
target=""_blank""><img style=""border: 0px solid ; width: 200px; height: 60px;"" alt=""Ritrama TRL Datasheet""
src=""media/ecom/onpagegraphics/Datasheet.png""></a>
<a href=""media/ecom/colselxl/digital_colour_card_Ri_Mark_Translucent.pdf""
target=""_blank""><img style=""border: 0px solid ; width: 200px; height: 60px;"" alt=""Ritrama TRL Colour Selector""
src=""media/ecom/onpagegraphics/Colour.png""></a>
<p style=""font-weight: bold; font-size: 1.0em;"">Prices shown are per roll at 1220mm wide</p>
</body>
</html>","Translucent_680_Signal_Blue.png","Translucent_680_Signal_Blue.png","INVITEMS","DEFAULT-TRL680-DEFAULT-TRL680","","","0","0","0","","1","REGONLY","0","0","0","0","","","","SELECT","SELECT","0","","","","","0","0","","income-service","","","0","0","","","","","Ritrama-Translucent-Vinyl","Ritrama-Translucent-Vinyl","","","0","Blue_Max, Fusion_5, Olfa_Graphic_Cutter, Olfa_X_Design_Heavy_Duty_Knife, Lint-Free-Gloves, Masking_Tape_25mm, Aslan_Squeegee, Swann_Morton_3_Handle, Swann_Morton_10A_Blades, Float_On, IPA_100, Anti_Static_Cleaner,","Blue_Max, Fusion_5, Olfa_Graphic_Cutter, Olfa_X_Design_Heavy_Duty_Knife, Lint-Free-Gloves, Masking_Tape_25mm, Aslan_Squeegee, Swann_Morton_3_Handle, Swann_Morton_10A_Blades, Float_On, IPA_100, Anti_Static_Cleaner,","A","","ADHESIVE_STANDARD_LINER","","","Black","Gloss","","","","","","","","","Ri-Mark-Translucent-680-Signal-Blue","0","ritrama, fedrigoni, translucent, backlit, back-lit, backlight, illuminated, trlritrama, fedrigoni, translucent, backlit, back-lit, backlight, illuminated, trl","","","1710262366","0","","0","","CHECKBOX"
"TRL683","Ri-Mark Translucent 683 Forest Green","TRL683","Ritrama","190","8","DEFAULT","","","","","0","Ri-Mark Translucent 683 Forest Green is designed for long term indoor and outdoor illuminated signage and window graphics. The matt translucent 80 micron film offers a uniform colour appearance and has an external colour stability of up to 7 years. Prices shown are per roll at 1220mm wide.","<html>
<head>
<title>Ri-Mark Translucent 683 Forest Green Vinyl</title>
<style>
.responsive {
  width: 50%;
  height: auto;
}
</style>
</head>

<body>
<img src=""media/ecom/onpagegraphics/Fedrigoni_Logo.jpg"" alt=""Fedrigoni Logo"" class=""responsive"">
<p>Ri-Mark Translucent 683 Forest Green is designed for long term indoor and outdoor illuminated signage and window graphics</p>

<span style=""font-weight: bold; color: #d7328a;"">Structure:</span><br>
<ul><li>80<span>&#181;</span>m Polymeric calendered PVC</li>
<li>Solvent based adhesive - Permanent</li>
<li>Clay coated kraft paper backing liner - 120g/m&sup2;</ul></li>

<span style=""font-weight: bold; color: #d7328a;"">Suitability:</span><br>
<ul><li>Perfect for creating high end corporate branding and vibrant retail promotions</li>
<li>Ideal for in-store displays as well as visual art installations and product enhancement</li>
<li>Designed for long term indoor and outdoor illuminated signage and window graphics</li>
<li>Suitable for both dry and wet application methods</ul></li>

<span style=""font-weight: bold; color: #d7328a;"">Advantages:</span><br>
<ul><li>Matt translucent face film offers a completely uniform colour appearance</li>
<li>Cohesive solvent based adhesive provides water resistance and dimensional stability</li>
<li>UV stabilised material</li>
<li>Up to 7 years durability</li>
<li>Developed for trouble free plotting</li>
<li>Thermoformable if applied onto acrylic</li>
<li>REACH & RoHS compliant</li></ul> 

<span style=""font-weight: bold; color: #d7328a;"">Technical Information:</span><br><br>
<a href=""media/ecom/pdfs/datasheets/Ri_Mark_Translucent.pdf""
target=""_blank""><img style=""border: 0px solid ; width: 200px; height: 60px;"" alt=""Ritrama TRL Datasheet""
src=""media/ecom/onpagegraphics/Datasheet.png""></a>
<a href=""media/ecom/colselxl/digital_colour_card_Ri_Mark_Translucent.pdf""
target=""_blank""><img style=""border: 0px solid ; width: 200px; height: 60px;"" alt=""Ritrama TRL Colour Selector""
src=""media/ecom/onpagegraphics/Colour.png""></a>
<p style=""font-weight: bold; font-size: 1.0em;"">Prices shown are per roll at 1220mm wide</p>
</body>
</html>","Translucent_683_Forest_Green.png","Translucent_683_Forest_Green.png","INVITEMS","DEFAULT-TRL683-DEFAULT-TRL683","","","0","0","0","","1","REGONLY","0","0","0","0","","","","SELECT","SELECT","0","","","","","0","0","","income-service","","","0","0","","","","","Ritrama-Translucent-Vinyl","Ritrama-Translucent-Vinyl","","","0","Blue_Max, Fusion_5, Olfa_Graphic_Cutter, Olfa_X_Design_Heavy_Duty_Knife, Lint-Free-Gloves, Masking_Tape_25mm, Aslan_Squeegee, Swann_Morton_3_Handle, Swann_Morton_10A_Blades, Float_On, IPA_100, Anti_Static_Cleaner,","Blue_Max, Fusion_5, Olfa_Graphic_Cutter, Olfa_X_Design_Heavy_Duty_Knife, Lint-Free-Gloves, Masking_Tape_25mm, Aslan_Squeegee, Swann_Morton_3_Handle, Swann_Morton_10A_Blades, Float_On, IPA_100, Anti_Static_Cleaner,","A","","ADHESIVE_STANDARD_LINER","","","Black","Gloss","","","","","","","","","Ri-Mark-Translucent-683-Forest-Green","0","ritrama, fedrigoni, translucent, backlit, back-lit, backlight, illuminated, trlritrama, fedrigoni, translucent, backlit, back-lit, backlight, illuminated, trl","","","1710263022","0","","0","","CHECKBOX"
"TRL689","Ri-Mark Translucent 689 Magenta","TRL689","Ritrama","80","8","DEFAULT","","","","","0","Ri-Mark Translucent 689 Magenta is designed for long term indoor and outdoor illuminated signage and window graphics. The matt translucent 80 micron film offers a uniform colour appearance and has an external colour stability of up to 7 years. Prices shown are per roll at 1220mm wide.","<html>
<head>
<title>Ri-Mark Translucent 689 Magenta Vinyl</title>
<style>
.responsive {
  width: 50%;
  height: auto;
}
</style>
</head>

<body>
<img src=""media/ecom/onpagegraphics/Fedrigoni_Logo.jpg"" alt=""Fedrigoni Logo"" class=""responsive"">
<p>Ri-Mark Translucent 689 Magenta is designed for long term indoor and outdoor illuminated signage and window graphics</p>

<span style=""font-weight: bold; color: #d7328a;"">Structure:</span><br>
<ul><li>80<span>&#181;</span>m Polymeric calendered PVC</li>
<li>Solvent based adhesive - Permanent</li>
<li>Clay coated kraft paper backing liner - 120g/m&sup2;</ul></li>

<span style=""font-weight: bold; color: #d7328a;"">Suitability:</span><br>
<ul><li>Perfect for creating high end corporate branding and vibrant retail promotions</li>
<li>Ideal for in-store displays as well as visual art installations and product enhancement</li>
<li>Designed for long term indoor and outdoor illuminated signage and window graphics</li>
<li>Suitable for both dry and wet application methods</ul></li>

<span style=""font-weight: bold; color: #d7328a;"">Advantages:</span><br>
<ul><li>Matt translucent face film offers a completely uniform colour appearance</li>
<li>Cohesive solvent based adhesive provides water resistance and dimensional stability</li>
<li>UV stabilised material</li>
<li>Up to 7 years durability</li>
<li>Developed for trouble free plotting</li>
<li>Thermoformable if applied onto acrylic</li>
<li>REACH & RoHS compliant</li></ul> 

<span style=""font-weight: bold; color: #d7328a;"">Technical Information:</span><br><br>
<a href=""media/ecom/pdfs/datasheets/Ri_Mark_Translucent.pdf""
target=""_blank""><img style=""border: 0px solid ; width: 200px; height: 60px;"" alt=""Ritrama TRL Datasheet""
src=""media/ecom/onpagegraphics/Datasheet.png""></a>
<a href=""media/ecom/colselxl/digital_colour_card_Ri_Mark_Translucent.pdf""
target=""_blank""><img style=""border: 0px solid ; width: 200px; height: 60px;"" alt=""Ritrama TRL Colour Selector""
src=""media/ecom/onpagegraphics/Colour.png""></a>
<p style=""font-weight: bold; font-size: 1.0em;"">Prices shown are per roll at 1220mm wide</p>
</body>
</html>","Translucent_689_Magenta.png","Translucent_689_Magenta.png","INVITEMS","DEFAULT-TRL689-DEFAULT-TRL689","","","0","0","0","","1","REGONLY","0","0","0","0","","","","SELECT","SELECT","0","","","","","0","0","","income-service","","","0","0","","","","","Ritrama-Translucent-Vinyl","Ritrama-Translucent-Vinyl","","","0","Blue_Max, Fusion_5, Olfa_Graphic_Cutter, Olfa_X_Design_Heavy_Duty_Knife, Lint-Free-Gloves, Masking_Tape_25mm, Aslan_Squeegee, Swann_Morton_3_Handle, Swann_Morton_10A_Blades, Float_On, IPA_100, Anti_Static_Cleaner,","Blue_Max, Fusion_5, Olfa_Graphic_Cutter, Olfa_X_Design_Heavy_Duty_Knife, Lint-Free-Gloves, Masking_Tape_25mm, Aslan_Squeegee, Swann_Morton_3_Handle, Swann_Morton_10A_Blades, Float_On, IPA_100, Anti_Static_Cleaner,","A","","ADHESIVE_STANDARD_LINER","","","Black","Gloss","","","","","","","","","Ri-Mark-Translucent-689-Magenta","0","ritrama, fedrigoni, translucent, backlit, back-lit, backlight, illuminated, trlritrama, fedrigoni, translucent, backlit, back-lit, backlight, illuminated, trl","","","1710253540","0","","0","","CHECKBOX"
"Tygaflor_Sheet","Tygaflor Sheet","TYGA","DEFAULT","500","6","DEFAULT","","","","","0","A 50cm x 40cm silicon coated woven fabric used as extra protection during heat pressing.","A 50cm x 40cm silicon coated woven fabric used as extra protection during heat pressing. The sheet can withstand very high temperatures and can be used repeatedly","Tygaflor.jpg","Tygaflor.jpg","INVITEMS","DEFAULT-Tygaflor_Sheet-DEFAULT-Tygaflor_Sheet","","","0","0","0","","1","REGONLY","0","0","0","0","","","","SELECT","SELECT","0","","","","","0","0","","income-service","","","0","0","","","","","Application_Tools","3601_Flex","","","0","","","A","","","","","","","","","","","","","","","","0","tygaflor,tigerfloor,tigerflor,","","","1504264663","0","","0","","CHECKBOX"
"U10_Slate_Concrete","U10 Black Iron","Cover Styl' U10","Cover_Styl","80","33","DEFAULT","","","","","0","Cover Styl' U10 Black Iron self-adhesive concrete effect film. Buy it by the metre.

","<html>
<head>
<title>Cover Styl' U10 Black Iron</title></head>
<body>
<p><img style=""height: 76px; width: 300px;"" alt=""Cover Styl' logo""
src=""media/ecom/onpagegraphics/Coverstyl_Logo.png""></p>
<span style=""font-weight: bold; color: #588ec6;"">SUITABILITY:</span>
<p>This product is designed for interior application only and offers exceptional resistance to water, dirt, abrasion, UV rays and wear (yellowing, cracking, scaling, delamination). </p>
<span style=""font-weight: bold; color: #588ec6;"">MATERIAL CHARACTERISTICS:</span>
<ul><li>Grade: Polymeric</li>
<li>Thickness: 250 micron</li>
<li>Adhesive: Easy Apply Air Release</li>
<li>Appearance: Matt</li>
<li>Stretchable: Yes</li>
<li>Scratch Proof: Average</li>
</ul>
<p>Prices shown are per linear metre at 1220mm wide</p>
</body>
</html>","U10_Slate_Concrete.jpg","U10_Slate_Concrete.jpg, U10_Slate_Concrete_Cabinet.jpg","INVITEMS","DEFAULT-U10_Slate_Concrete-DEFAULT-U10_Slate_Concrete","","","0","0","0","","1","REGONLY","0","0","0","0","","","","SELECT","SELECT","0","","","","","0","0","","income-service","","","0","0","","","","","Cover_Styl_Metallic","Cover_Styl_Metallic","","","0","Olfa_Graphic_Cutter, Olfa_X_Design_Heavy_Duty_Knife, Lint-Free-Gloves, Masking_Tape_25mm, Aslan_Squeegee, Swann_Morton_3_Handle, Swann_Morton_10A_Blades, Lint-Free-Cloths, Heavy-Duty-Application-Roller, Rollepro, 4075CT1220, Cover-Styl-Colour-Selector-Box","Olfa_Graphic_Cutter, Olfa_X_Design_Heavy_Duty_Knife, Lint-Free-Gloves, Masking_Tape_25mm, Aslan_Squeegee, Swann_Morton_3_Handle, Swann_Morton_10A_Blades, Lint-Free-Cloths, Heavy-Duty-Application-Roller, Rollepro, 4075CT1220, Cover-Styl-Colour-Selector-Box","A","superuser","ADHESIVE_SEMI_PERMANENT","GRADE_POLYPROPYLENE","","","","","","","","","","","","Cover-Styl-U10-Black-Iron","0","coverstyle, cover style, cover styl, cover styl'


","","","1655455678","0","","0","","CHECKBOX"
"U19_Light_Concrete","U19 Cement Grey","Cover Styl' U19","Cover_Styl","90","33","DEFAULT","","","","","0","Cover Styl' U19 Cement Grey self-adhesive concrete effect film. Buy it by the metre.

","<html>
<head>
<title>Cover Styl' U19 Cement Grey</title></head>
<body>
<p><img style=""height: 76px; width: 300px;"" alt=""Cover Styl' logo""
src=""media/ecom/onpagegraphics/Coverstyl_Logo.png""></p>
<span style=""font-weight: bold; color: #588ec6;"">SUITABILITY:</span>
<p>This product is designed for interior application only and offers exceptional resistance to water, dirt, abrasion, UV rays and wear (yellowing, cracking, scaling, delamination). </p>
<span style=""font-weight: bold; color: #588ec6;"">MATERIAL CHARACTERISTICS:</span>
<ul><li>Grade: Polymeric</li>
<li>Thickness: 250 micron</li>
<li>Adhesive: Easy Apply Air Release</li>
<li>Appearance: Matt</li>
<li>Stretchable: Yes</li>
<li>Scratch Proof: Average</li>
</ul>
<p>Prices shown are per linear metre at 1220mm wide</p>
</body>
</html>","U19_Light_Concrete.jpg","U19_Light_Concrete.jpg, U19_Light_Concrete_Wall.jpg","INVITEMS","DEFAULT-U19_Light_Concrete-DEFAULT-U19_Light_Concrete","","","0","0","0","","1","REGONLY","0","0","0","0","","","","SELECT","SELECT","0","","","","","0","0","","income-service","","","0","0","","","","","Cover_Styl_Natural_Stone","Cover_Styl_Natural_Stone","","","0","Olfa_Graphic_Cutter, Olfa_X_Design_Heavy_Duty_Knife, Lint-Free-Gloves, Masking_Tape_25mm, Aslan_Squeegee, Swann_Morton_3_Handle, Swann_Morton_10A_Blades, Lint-Free-Cloths, Heavy-Duty-Application-Roller, Rollepro, 4075CT1220, Cover-Styl-Colour-Selector-Box","Olfa_Graphic_Cutter, Olfa_X_Design_Heavy_Duty_Knife, Lint-Free-Gloves, Masking_Tape_25mm, Aslan_Squeegee, Swann_Morton_3_Handle, Swann_Morton_10A_Blades, Lint-Free-Cloths, Heavy-Duty-Application-Roller, Rollepro, 4075CT1220, Cover-Styl-Colour-Selector-Box","A","superuser","ADHESIVE_SEMI_PERMANENT","GRADE_POLYPROPYLENE","","","","","","","","","","","","Cover-Styl-U19-Cement-Grey","0","coverstyle, cover style, cover styl, cover styl'


","","","1655455816","0","","0","","CHECKBOX"
"U20_Dark_Concrete","U20 Cement Dark","Cover Styl' U20","Cover_Styl","100","33","DEFAULT","","","","","0","Cover Styl' U20 Cement Dark self-adhesive concrete effect film. Buy it by the metre.

","<html>
<head>
<title>Cover Styl' U20 Cement Dark</title></head>
<body>
<p><img style=""height: 76px; width: 300px;"" alt=""Cover Styl' logo""
src=""media/ecom/onpagegraphics/Coverstyl_Logo.png""></p>
<span style=""font-weight: bold; color: #588ec6;"">SUITABILITY:</span>
<p>This product is designed for interior application only and offers exceptional resistance to water, dirt, abrasion, UV rays and wear (yellowing, cracking, scaling, delamination). </p>
<span style=""font-weight: bold; color: #588ec6;"">MATERIAL CHARACTERISTICS:</span>
<ul><li>Grade: Polymeric</li>
<li>Thickness: 250 micron</li>
<li>Adhesive: Easy Apply Air Release</li>
<li>Appearance: Matt</li>
<li>Stretchable: Yes</li>
<li>Scratch Proof: Average</li>
</ul>
<p>Prices shown are per linear metre at 1220mm wide</p>
</body>
</html>","U20_Dark_Concrete.jpg","U20_Dark_Concrete.jpg, U20_Dark_Concrete_Wall.jpg","INVITEMS","DEFAULT-U20_Dark_Concrete-DEFAULT-U20_Dark_Concrete","","","0","0","0","","1","REGONLY","0","0","0","0","","","","SELECT","SELECT","0","","","","","0","0","","income-service","","","0","0","","","","","Cover_Styl_Natural_Stone","Cover_Styl_Natural_Stone","","","0","Olfa_Graphic_Cutter, Olfa_X_Design_Heavy_Duty_Knife, Lint-Free-Gloves, Masking_Tape_25mm, Aslan_Squeegee, Swann_Morton_3_Handle, Swann_Morton_10A_Blades, Lint-Free-Cloths, Heavy-Duty-Application-Roller, Rollepro, 4075CT1220, Cover-Styl-Colour-Selector-Box","Olfa_Graphic_Cutter, Olfa_X_Design_Heavy_Duty_Knife, Lint-Free-Gloves, Masking_Tape_25mm, Aslan_Squeegee, Swann_Morton_3_Handle, Swann_Morton_10A_Blades, Lint-Free-Cloths, Heavy-Duty-Application-Roller, Rollepro, 4075CT1220, Cover-Styl-Colour-Selector-Box","A","superuser","ADHESIVE_SEMI_PERMANENT","GRADE_POLYPROPYLENE","","","","","","","","","","","","Cover-Styl-U20-Cement-Dark","0","coverstyle, cover style, cover styl, cover styl'


","","","1655455923","0","","0","","CHECKBOX"
"U21_Brown_Concrete","U21 Cement Taupe","Cover Styl' U21","Cover_Styl","110","33","DEFAULT","","","","","0","Cover Styl' U21 Cement Taupe self-adhesive concrete effect film. Buy it by the metre.

","<html>
<head>
<title>Cover Styl' U21 Cement Taupe</title></head>
<body>
<p><img style=""height: 76px; width: 300px;"" alt=""Cover Styl' logo""
src=""media/ecom/onpagegraphics/Coverstyl_Logo.png""></p>
<span style=""font-weight: bold; color: #588ec6;"">SUITABILITY:</span>
<p>This product is designed for interior application only and offers exceptional resistance to water, dirt, abrasion, UV rays and wear (yellowing, cracking, scaling, delamination). </p>
<span style=""font-weight: bold; color: #588ec6;"">MATERIAL CHARACTERISTICS:</span>
<ul><li>Grade: Polymeric</li>
<li>Thickness: 250 micron</li>
<li>Adhesive: Easy Apply Air Release</li>
<li>Appearance: Matt</li>
<li>Stretchable: Yes</li>
<li>Scratch Proof: Average</li>
</ul>
<p>Prices shown are per linear metre at 1220mm wide</p>
</body>
</html>","U21_Brown_Concrete.jpg","U21_Brown_Concrete.jpg, U21_Brown_Concrete_Wall.jpg","INVITEMS","DEFAULT-U21_Brown_Concrete-DEFAULT-U21_Brown_Concrete","","","0","0","0","","1","REGONLY","0","0","0","0","","","","SELECT","SELECT","0","","","","","0","0","","income-service","","","0","0","","","","","Cover_Styl_Natural_Stone","Cover_Styl_Natural_Stone","","","0","Olfa_Graphic_Cutter, Olfa_X_Design_Heavy_Duty_Knife, Lint-Free-Gloves, Masking_Tape_25mm, Aslan_Squeegee, Swann_Morton_3_Handle, Swann_Morton_10A_Blades, Lint-Free-Cloths, Heavy-Duty-Application-Roller, Rollepro, 4075CT1220, Cover-Styl-Colour-Selector-Box","Olfa_Graphic_Cutter, Olfa_X_Design_Heavy_Duty_Knife, Lint-Free-Gloves, Masking_Tape_25mm, Aslan_Squeegee, Swann_Morton_3_Handle, Swann_Morton_10A_Blades, Lint-Free-Cloths, Heavy-Duty-Application-Roller, Rollepro, 4075CT1220, Cover-Styl-Colour-Selector-Box","A","superuser","ADHESIVE_SEMI_PERMANENT","GRADE_POLYPROPYLENE","","","","","","","","","","","","Cover-Styl-U21-Cement-Taupe","0","coverstyle, cover style, cover styl, cover styl'


","","","1655480680","0","","0","","CHECKBOX"
"U50_Ash_Black_Marble","U50 Nero Marquina","Cover Styl' U50","Cover_Styl","120","25","DEFAULT","","","","","0","Cover Styl' U50 Nero Marquina self-adhesive stone effect film. Buy it by the metre.

","<html>
<head>
<title>Cover Styl' U50 Nero Marquina</title></head>
<body>
<p><img style=""height: 76px; width: 300px;"" alt=""Cover Styl' logo""
src=""media/ecom/onpagegraphics/Coverstyl_Logo.png""></p>
<span style=""font-weight: bold; color: #588ec6;"">SUITABILITY:</span>
<p>This product is designed for interior application only and offers exceptional resistance to water, dirt, abrasion, UV rays and wear (yellowing, cracking, scaling, delamination). </p>
<span style=""font-weight: bold; color: #588ec6;"">MATERIAL CHARACTERISTICS:</span>
<ul><li>Grade: Polymeric</li>
<li>Thickness: 250 micron</li>
<li>Adhesive: Easy Apply Air Release</li>
<li>Appearance: Matt</li>
<li>Stretchable: Yes</li>
<li>Scratch Proof: Average</li>
</ul>
<p>Prices shown are per linear metre at 1220mm wide</p>
</body>
</html>","U50_Ash_Black_Marble.jpg","U50_Ash_Black_Marble.jpg, U50_Ash_Black_Marble_Kitchen.jpg","INVITEMS","DEFAULT-U50_Ash_Black_Marble-DEFAULT-U50_Ash_Black_Marble","","","0","0","0","","1","REGONLY","0","0","0","0","","","","SELECT","SELECT","0","","","","","0","0","","income-service","","","0","0","","","","","Cover_Styl_Marble","Cover_Styl_Marble","","","0","Olfa_Graphic_Cutter, Olfa_X_Design_Heavy_Duty_Knife, Lint-Free-Gloves, Masking_Tape_25mm, Aslan_Squeegee, Swann_Morton_3_Handle, Swann_Morton_10A_Blades, Lint-Free-Cloths, Heavy-Duty-Application-Roller, Rollepro, 4075CT1220, Cover-Styl-Colour-Selector-Box","Olfa_Graphic_Cutter, Olfa_X_Design_Heavy_Duty_Knife, Lint-Free-Gloves, Masking_Tape_25mm, Aslan_Squeegee, Swann_Morton_3_Handle, Swann_Morton_10A_Blades, Lint-Free-Cloths, Heavy-Duty-Application-Roller, Rollepro, 4075CT1220, Cover-Styl-Colour-Selector-Box","A","superuser","ADHESIVE_SEMI_PERMANENT","GRADE_POLYPROPYLENE","","","","","","","","","","","","Cover-Styl-U50-Nero-Marquina","0","coverstyle, cover style, cover styl, cover styl'


","","","1654018882","0","","0","","CHECKBOX"
"Ultracrystaline","Ultracrystaline ","ULT","Ritrama","1","0","DEFAULT","","","","","0","The optically clear adhesive on this film is ideal for mounting on top of the digitally printed images therefore allowing the image to be mounted inside a window or display and viewed from the other side (ie: through the adhesive). Liner protection on both sides of adhesive.














","<html>

<head><title>Ultracrystaline</title></head>
<body>
<p>The optically clear adhesive on this film is ideal for mounting on top of the digitally printed images therefore allowing the image to be mounted inside a window or display and viewed from the other side (ie: through the adhesive).</p>

<span style=""font-weight: bold; color: #d7328a;"">Structure:</span><br>
<ul><li>30<span>&#181;</span>m Transparent PET</li>
<li>Transparent solvent based acrylic adhesive - Permanent</li>
<li>30<span>&#181;</span>m Ultra Transparent PP</li>
<li>Transparent solvent based acrylic adhesive - Permanent (or Removable)</li>
<li>30<span>&#181;</span>m Transparent PET
</li></ul>

<span style=""font-weight: bold; color: #d7328a;"">Suitability:</span><br>
<ul><li>Mounting photographic and digitally printed images</li>
<li>Suitable for use on to glass and acrylic (not suitable for apolar surfaces)</li>
<li>Ultracrystaline Removable is reverse wound with the permanent side on the outer lap
</li></ul>

<span style=""font-weight: bold; color: #d7328a;"">Advantages:</span><br>
<ul><li>Liner protection on both sides of adhesive</li>
<li>Optically clear</li>
<li>Excellent resistance to water and cleaning agents
</li><br>
<img style=""border: 0px solid ; width: 50px; height: 50px; alt=""reward points logo""
src=""media/ecom/onpagegraphics/Reward_Logo.png""><span style=""font-weight: bold; color: #ef7d00;"">Earn Reward Points every time you buy this product</span></ul>

<span style=""font-weight: bold; color: #d7328a;"">Technical Information:</span><br>
<ul>
<a href=""media/ecom/pdfs/datasheets/Ultra Crystaline 01228 - 03273 TDS.pdf"" target=""_blank""><img
style=""border: 0px solid ; width: 200px; height: 60px;"" alt=""Ultra Crystaline Datasheet""
src=""media/ecom/onpagegraphics/Datasheet.png""></a></ul>

<p style=""font-weight: bold; font-size: 1.0em;"">Prices shown are per 50 metre roll</p>
</body>

</html>","Ultracrystaline.jpg","Ultracrystaline.jpg","INVITEMS","DEFAULT-Ultracrystaline-DEFAULT-Ultracrystaline","","","0","0","0","","1","REGONLY","0","0","0","0","","","","SELECT","SELECT","0","","","","","0","0","","income-service","","","0","0","","FREESHIPPING","","","Mount_Films","Mount_Films","","","0","Olfa_Graphic_Cutter, Olfa_X_Design_Heavy_Duty_Knife, Lint-Free-Gloves, Masking_Tape_25mm, Aslan_Squeegee, Swann_Morton_3_Handle, Swann_Morton_10A_Blades, Lint-Free-Cloths, Heavy-Duty-Application-Roller, 4075CT1220,","Olfa_Graphic_Cutter, Olfa_X_Design_Heavy_Duty_Knife, Lint-Free-Gloves, Masking_Tape_25mm, Aslan_Squeegee, Swann_Morton_3_Handle, Swann_Morton_10A_Blades, Lint-Free-Cloths, Heavy-Duty-Application-Roller, 4075CT1220,","A","superuser","","","","","","","","","","","","","","","0","mount, mounting, ultracrsyaline, optical, optically, clear








































","","","1490093864","0","","0","","CHECKBOX"
"Unger_Squeegee","Unger Squeegee","UNG","SOTT","128","18","DEFAULT","","","","","0","Stainless steel Unger squeegee is the best tool there is for cleaning flat glass surfaces to prepare them for film application.  This 35cm wide squeegee is also useful for removing excess liquid during film application.","<html>

<title><head>Unger Squeegee</title></head>

<body>

<p>Stainless steel Unger squeegee is the best tool there is for cleaning flat glass surfaces to prepare them for film application.</p>
<p>This 35cm wide squeegee is also useful for removing excess liquid during film application.</p>

</body>

</html>","Unger_Squeegee.png","Unger_Squeegee.png","INVITEMS","DEFAULT-Unger_Squeegee-DEFAULT-Unger_Squeegee","","","0","0","0","","1","REGONLY","0","0","0","0","","","","SELECT","SELECT","0","","","","","0","0","","income-service","","","0","0","","","","","Cleaners_Cleaning_Tools","Cleaners_Cleaning_Tools, Application_Tools","","","0","Scraperite_Blades, Easy-Wipe","","A","","","","","","","","","","","","","","","","0","unger, squeegee","","","1647023872","0","","0","","CHECKBOX"
"Unger_Squeegee_Blade","Unger Squeegee Blade","UNG2","SOTT","129","3","DEFAULT","","","","","0","Replacement blade for the Unger squeegee.","<html>

<title><head>Unger Squeegee Blade</title></head>

<body>

<p>Replacement blade for the Unger squeegee.</p>

</body>

</html>","Blade-for-Unger-Squeegee.png","Blade-for-Unger-Squeegee.png","INVITEMS","DEFAULT-Unger_Squeegee_Blade-DEFAULT-Unger_Squeegee_Blade","","","0","0","0","","1","REGONLY","0","0","0","0","","","","SELECT","SELECT","0","","","","","0","0","","income-service","","","0","0","","","","","Cleaners_Cleaning_Tools","Cleaners_Cleaning_Tools, Application_Tools","","","0","Scraperite_Blades, Easy-Wipe","","A","","","","","","","","","","","","","","","","0","unger, squeegee, blade, spare, replacement","","","1647257459","0","","0","","CHECKBOX"
"Universal_Canvas","Universal Canvas","CANUNI","Doro_Tape","40","0","DEFAULT","","","","","0","Universal Canvas is a quick drying natural cotton / polyester canvas fabric with a high linen weave offering a high brilliance photo quality print. Ideal for art reproduction.





","<html>

<head><title>Universal Canvas</title></head>

<body>

<p>Universal Canvas is a quick drying natural cotton / polyester material designed for true art grade canvas'. </p>

<span style=""font-weight: bold; color: #d7328a;"">Structure:</span><br>
<ul><li>330gsm (70<span>&#181;</span>m) Cotton/Polyester fabric
</li></ul>

<a><img style=""border: 0px solid ; width: 75px; height: 75px; float: right;"" alt=""pvc free""
src=""media/ecom/onpagegraphics/PVC_free_logo.png""></a>

<span style=""font-weight: bold; color: #d7328a;"">Suitability:</span><br>
<ul><li>Perfect for professional canvas prints as well as a textile wallpaper</li>
<li>Ideal for exhibition and theatre decoration</li>
<li>Can also be used for banners</li>
<li>Internal application only</li>
<li>Compatible with Eco Solvent, Solvent, Latex and UV inks</ul></li>

<span style=""font-weight: bold; color: #d7328a;"">Advantages:</span><br>
<ul><li>Tearproof material</li>
<li>High linen weave creates a rich, textured surface that adds a premium look to the fabric</li>
<li>High opacity, matt white finish for stand out displays</li>
<li>Doesn't fray around the edges when cut
</li></ul>

<span style=""font-weight: bold; color: #d7328a;"">Ink Compatibility:</span>
<ul>
<img style=""margin: 0px 5px 0px 0px; width: 15px; height: 25px;"" alt=""Eco-Sol Ink""
src=""media/ecom/onpagegraphics/Ink-EcoSol.png"">Eco-solvent &nbsp;&nbsp;
<img style=""margin: 0px 5px 0px 0px; width: 15px; height: 25px;"" alt=""Latex""
src=""media/ecom/onpagegraphics/Ink-Latex.png"">Latex &nbsp;&nbsp;
<img style=""margin: 0px 5px 0px 0px; width: 15px; height: 25px;"" alt=""UV Ink""
src=""media/ecom/onpagegraphics/Ink-UV.png"">UV &nbsp;&nbsp;
</ul>

<span style=""font-weight: bold; color: #d7328a;"">Technical Information:</span>
<ul><a href=""media/ecom/pdfs/datasheets/Universal-Canvas.pdf"" target=""_blank""><img
style=""border: 0px solid ; width: 200px; height: 60px;"" alt=""Universal Canvas Datasheet""
src=""media/ecom/onpagegraphics/Datasheet.png""></a>
<a href=""https://www.dorotape.co.uk/Print-Profiles-User-Guide""
target=""_blank""><img style=""width: 200px; height: 60px;"" alt=""printing profile guide""
src=""media/ecom/onpagegraphics/Profile.png""></a></ul>
<br>
<p style=""font-weight: bold; font-size: 1.0em;"">Prices shown are per roll</p>
</body>

</html>","Universal_Canvas.jpg","Universal_Canvas.jpg","INVITEMS","DEFAULT-Universal_Canvas-DEFAULT-Universal_Canvas","","","0","0","0","","1","REGONLY","0","0","0","0","","","","SELECT","SELECT","0","","","","","0","0","","income-service","","","0","0","","","","","Digital_Print_Fabric","Digital_Print_Canvas, Digital_Print_Fabric, PVC_Free_Media","","","0","Olfa_Rotary_Knife, Olfa_Cutting_Matt_A3, ArtWrap-Bracket-Stand, ArtWrap-Canvas-12x12, ArtWrap-Float-Frame-12x16, ArtWrap-Stapler","Olfa_Rotary_Knife, Olfa_Cutting_Matt_A3, ArtWrap-Bracket-Stand, ArtWrap-Canvas-12x12, ArtWrap-Float-Frame-12x16, ArtWrap-Stapler","A","superuser","ADHESIVE_NON","GRADE_FABRIC","SUITABILITY_CANVAS, SUITABILITY_INDOOR","","","","","","","","","","","Universal-Canvas","0","canvas, digital canvas, printable canvas, digitally printable canvas, large format printable canvas, digital canvas, art





















poster paper,semi gloss paper,200gsm paper,printable paper,




","","","1490005398","0","","1","","CHECKBOX"
"VC104","Reflexite VC104 Vehicle Conspicuity Tape Rigid Grade 50mm x 50m","VC104","Reflexite","10","121","DEFAULT","","","","","0","Reflexite VC104+ is used for line of contour marking of trucks and trailers with rigid sides.  Prices are per roll.

","<html>
<head>
<title>Reflexite VC104</title>
</head>
<body>
<img style=""width: 212px; height: 37px;"" alt=""Reflexite Logo""
src=""media/ecom/onpagegraphics/Reflexite_Logo.png""><br><br>
<p><span style=""font-weight: bold; color: #d7328a;"">STRUCTURE:</span><br>
Polyester construction means no cracking and no edge sealing required.</p>

<p><span style=""font-weight: bold; color: #d7328a;"">Suitability:</span>
<li>Reflexite VC104+ is used for line of contour marking of trucks and trailers with rigid sides</li>
  <li> It is the preferred choice for leading fleets in the UK as it is extremely durable and stands up to repeated power washing as well as being very easy to apply</li>
  <li>VC104+ is fully ECE104 Class C approved to comply with Regulation 48.03</li></p>

<p><span style=""font-weight: bold; color: #d7328a;"">Technical Information:</span><br>
<a href=""media/ecom/pdfs/datasheets/Reflexite-VC104-Rigid-Grade.pdf"" target=""_blank""><img
style=""border: 0px solid ; width: 200px; height: 60px;"" alt=""VC104 Datasheet""
src=""media/ecom/onpagegraphics/Datasheet.png""></a></p>
<p style=""font-weight: bold; font-size: 0.9em;"">Prices shown are per 50 metre roll at 50mm wide</p>
</body>
</html>

","VC104_Colours.jpg","VC104_Colours.jpg, VC104_Rigid_Grade.jpg, VC104b.jpg","INVITEMS","DEFAULT-VC104-DEFAULT-VC104","","","0","0","0","","1","REGONLY","0","0","0","0","","","","SELECT","SELECT","0","","","","","0","0","","income-service","","","0","0","","","","","Reflexite_VC104","Reflexite_VC104","","","0","","","A","","","","","","","","","","","","","","","","0","reflective,reflexite,vc104,conspicuity,tankers,curtains,curtain,tanker,

","","","1507813998","0","","0","","CHECKBOX"
"Vehicle_Wrap_Laminate","Ri-Lam C30 Ultra Clear Vehicle Wrap Laminate","VEH","Ritrama","1","0","DEFAULT","","","","","0","Ritrama Ri-Lam C30 is an ultra conformable cast PVC clear gloss laminate which when used in conjunction with our vehicle wrap vinyl Ri-Jet C50 Ultimate Slide and Tack gives the ultimate vehicle wrap solution.





























","<html>

<head><title>Ri-Jet C30 Laminate</title>

<style>
.responsive {
  width: 50%;
  height: auto;
}
</style>
</head>

<body>
<img src=""media/ecom/onpagegraphics/Fedrigoni_Logo.jpg"" alt=""Fedrigoni Logo"" class=""responsive""> <br><br>

<p>Ri-Jet C30 Laminate is a high performance gloss transparent self-adhesive laminating film designed for vehicle wraps with a durability of up to 12 years.</p>

<span style=""font-weight: bold; color: #d7328a;"">Structure:</span><br>
<ul><li>30<span>&#181;</span>m Cast PVC vinyl film</li>
<li>Solvent based adhesive - Permanent</li>
<li>Siliconised clay coated kraft paper - 140gm<sup>2</sup>
</li></ul>


<span style=""font-weight: bold; color: #d7328a;"">Suitability:</span><br>
<ul><li>Perfect for printed vehicle wraps</li>
<li>Easily conformable over complex surfaces</li>
<li>Suitable for outdoor uses with a durability of up to 12 years</li>
<li>Matching printable media available for ultimate vehicle wrapping solution</li></ul>

<span style=""font-weight: bold; color: #d7328a;"">Advantages:</span><br>
<ul><li>Used in conjunction with Ri-Jet C50 Ultimate Slide and Tack for the perfect vehicle wrap solution</li>
<li>Easily conformable over complex concave and convex curved surfaces such as wing mirrors and bumpers as well as corrugations and rivets</li>
<li>Warranty certificate available
</li></ul>



<span style=""font-weight: bold; color: #d7328a;"">Technical Information:</span><br><br>
<ul><a href=""media/ecom/pdfs/datasheets/Ri_Jet_30_Flexilam.pdf"" target=""_blank""><img
style=""border: 0px solid ; width: 200px; height: 60px;"" alt=""Ri-Jet 30 Datasheet""
src=""media/ecom/onpagegraphics/Datasheet.png""></a>
<a href=""media/ecom/pdfs/applicationguidelines/Ritrama_Application_Guideline_2010.pdf"" target=""_blank""><img
style=""border: 0px solid ; width: 200px; height: 60px;"" alt=""Ritrama Vinyl Application Guide""
src=""media/ecom/onpagegraphics/App.png""></a>
<a href=""media/ecom/pdfs/applicationguidelines/Ritrama_Warranty.pdf"" target=""_blank""><img
style=""border: 0px solid ; width: 200px; height: 60px;"" alt=""Ritrama Warranty""
src=""media/ecom/onpagegraphics/War.png""></a></ul>

<p style=""font-weight: bold; font-size: 1.0em;"">Prices shown are per roll</p>
</body>

</html>","Ri-Jet C30 Laminate.jpg","Ri-Jet C30 Laminate.jpg","INVITEMS","DEFAULT-Vehicle_Wrap_Laminate-DEFAULT-Vehicle_Wrap_Laminate","","","0","0","0","","1","REGONLY","0","0","0","0","","","","SELECT","SELECT","0","","","","","0","0","","income-service","","","0","0","","","","","Vehicle_Wrap_laminate","Digital_Print_Vehicle_Wrap_Vinyl, Vehicle_Wrap_laminate","","","0","Ri_Jet_50_Airflow, Magnetic_Squeegee, Mounting_Magnet, Wrap_Cut, Contour_Squeegee, Olfa_Graphic_Cutter, Swann_Morton_3_Handle, Swann_Morton_10A_Blades, Bubble_Pen, Lint-Free-Gloves, Panel_Wipe, Flat_Nosed_Tweezers, Wrap_Cut","Magnetic_Squeegee, Mounting_Magnet, Wrap_Cut, Contour_Squeegee, Olfa_Graphic_Cutter, Swann_Morton_3_Handle, Swann_Morton_10A_Blades, Bubble_Pen, Lint-Free-Gloves, Panel_Wipe, Flat_Nosed_Tweezers","A","superuser","ADHESIVE_PERMANENT","GRADE_CAST","SUITABILITY_VEHICLE_WRAP, SUITABILITY_CURVED, SUITABILITY_VEHICLE, SUITABILITY_OUTDOOR_LONG","","","","","","","","","","","Ri-Lam-C30-Ultra-Clear-Vehicle-Wrap-Laminate","0","ritrama, cast, laminate, vehicle wrap, car wrap, wrap, cast wrap, cast lam, cast laminate, wrap laminate, vehicle lam, vehicle laminate, ri-lam c30







xerox,d-jet 100,




























","","","1489928448","0","","0","","CHECKBOX"
"W15BO0625","ASLAN Blockout Film :: 625mm Width","1004","Aslan","10","11","DEFAULT","","","","","0","ASLAN W15 Blockout Film is completely opaque and can be used in combination with translucent or
transparent coloured films for the creative design of lightboxes. Buy it by the metre.","<html>

<head><title>ASLAN W15 Blockout Film</title>
</head>
<body>
<img style=""height: 50px; width: 236px;"" alt=""Aslan logo""
src=""media/ecom/onpagegraphics/ASLAN_Logo_New.png""><br><br>

<p>ASLAN W15 Blockout Film self adhesive film is available in white or black and offer complete opacity making them ideal for use in combination with translucent or
transparent coloured films for the creative design of lightboxes.</p>

<span style=""font-weight: bold; color: #d7328a;"">Structure:</span>
<ul><li>130<span>&#181;</span>m Doubled PVC</li>
<li>Special water-based adhesive - Removeable</li>
<li>Premium quality siliconised backing liner  - 140g/m<sup>2</sup>
</li></ul>

<span style=""font-weight: bold; color: #d7328a;"">Suitability:</span>
<ul><li>Perfect for creative design of lightboxes</li>
<li>Ideal for blockout applications
</li></ul>

<span style=""font-weight: bold; color: #d7328a;"">Advantages:</span>
<ul><li>Block out film is 100% opaque</li>
<li>Available with white face film and black adhesive or black face film with white adhesive</li>
<li>Outdoor durability minimum of 7 years</li>
<li>Double layer quality
</li></ul>

<span style=""font-weight: bold; color: #d7328a;"">Technical Information:</span><br><br>
<a href=""media/ecom/pdfs/datasheets/ASLAN_W15.pdf"" target=""_blank""><img
style=""border: 0px solid ; width: 200px; height: 60px;"" alt=""pdf""
src=""media/ecom/onpagegraphics/Datasheet.png""></a><br>

<p style=""font-weight: bold; font-size: 0.9em;"">Prices shown are per linear metre at 625mm wide</p>
</body>
</html>","ASLAN_W15.jpg","ASLAN_W15.jpg","INVITEMS","DEFAULT-W15BO0625-DEFAULT-W15BO0625","","","0","0","0","","1","REGONLY","0","0","0","0","","","","SELECT","SELECT","0","","","","","0","0","","income-service","","","0","0","","","","","1425_W15BO","1425_W15BO","","","0","W15BO1250, Blue_Max, Fusion_5, Olfa_Graphic_Cutter, Olfa_X_Design_Heavy_Duty_Knife, Lint-Free-Gloves, Masking_Tape_25mm, Aslan_Squeegee, Swann_Morton_3_Handle, Swann_Morton_10A_Blades, Float_On, IPA_100, Anti_Static_Cleaner,","Blue_Max, Fusion_5, Olfa_Graphic_Cutter, Olfa_X_Design_Heavy_Duty_Knife, Lint-Free-Gloves, Masking_Tape_25mm, Aslan_Squeegee, Swann_Morton_3_Handle, Swann_Morton_10A_Blades, Float_On, IPA_100, Anti_Static_Cleaner,","A","","","","SUITABILITY_BLOCKOUT","","","","","","","","","","","ASLAN-Blockout-Film-625","0","w16, w15, blockout, lightblock, light, block, blackout, light signs, blocklight, ","","","1503416728","0","","0","","CHECKBOX"
"W15BO1250","ASLAN Blockout Film :: 1250mm Width","1004","Aslan","20","22","DEFAULT","","","","","0","ASLAN W15 Blockout Film is completely opaque and can be used in combination with translucent or
transparent coloured films for the creative design of lightboxes. Buy it by the metre.","<head><title>ASLAN W15 Blockout Film</title>
</head>
<body>
<img style=""height: 50px; width: 236px;"" alt=""Aslan logo""
src=""media/ecom/onpagegraphics/ASLAN_Logo_New.png""><br><br>

<p>ASLAN W15 Blockout Film self adhesive film is available in white or black and offer complete opacity making them ideal for use in combination with translucent or
transparent coloured films for the creative design of lightboxes.</p>

<span style=""font-weight: bold; color: #d7328a;"">Structure:</span>
<ul><li>130<span>&#181;</span>m Doubled PVC</li>
<li>Special water-based adhesive - Removeable</li>
<li>Premium quality siliconised backing liner  - 140g/m<sup>2</sup>
</li></ul>

<span style=""font-weight: bold; color: #d7328a;"">Suitability:</span>
<ul><li>Perfect for creative design of lightboxes</li>
<li>Ideal for blockout applications
</li></ul>

<span style=""font-weight: bold; color: #d7328a;"">Advantages:</span>
<ul><li>Block out film is 100% opaque</li>
<li>Available with white face film and black adhesive or black face film with white adhesive</li>
<li>Outdoor durability minimum of 7 years</li>
<li>Double layer quality
</li></ul>

<span style=""font-weight: bold; color: #d7328a;"">Technical Information:</span><br><br>
<a href=""media/ecom/pdfs/datasheets/ASLAN_W15.pdf"" target=""_blank""><img
style=""border: 0px solid ; width: 200px; height: 60px;"" alt=""pdf""
src=""media/ecom/onpagegraphics/Datasheet.png""></a><br>

<p style=""font-weight: bold; font-size: 0.9em;"">Prices shown are per linear metre at 1250mm wide</p>
</body>
</html>","ASLAN_W15.jpg","ASLAN_W15.jpg","INVITEMS","DEFAULT-W15BO1250-DEFAULT-W15BO1250","","","0","0","0","","1","REGONLY","0","0","0","0","","","","SELECT","SELECT","0","","","","","0","0","","income-service","","","0","0","","","","","1425_W15BO","1425_W15BO","","","0","W15BO0625, Blue_Max, Fusion_5, Olfa_Graphic_Cutter, Olfa_X_Design_Heavy_Duty_Knife, Lint-Free-Gloves, Masking_Tape_25mm, Aslan_Squeegee, Swann_Morton_3_Handle, Swann_Morton_10A_Blades, Float_On, IPA_100, Anti_Static_Cleaner,","Blue_Max, Fusion_5, Olfa_Graphic_Cutter, Olfa_X_Design_Heavy_Duty_Knife, Lint-Free-Gloves, Masking_Tape_25mm, Aslan_Squeegee, Swann_Morton_3_Handle, Swann_Morton_10A_Blades, Float_On, IPA_100, Anti_Static_Cleaner,","A","","","","SUITABILITY_BLOCKOUT","","","","","","","","","","","ASLAN-Blockout-Film-1250","0","w16, w15, blockout, lightblock, light, block, blackout, light signs, blocklight, ","","","1503416785","0","","0","","CHECKBOX"
"W6_Rust","W6 Corten","Cover Styl' W6","Cover_Styl","120","33","DEFAULT","","","","","0","Cover Styl' W6 Corten self-adhesive rust effect film. Buy it by the metre.

","<html>
<head>
<title>Cover Styl' W6 Corten</title></head>
<body>
<p><img style=""height: 76px; width: 300px;"" alt=""Cover Styl' logo""
src=""media/ecom/onpagegraphics/Coverstyl_Logo.png""></p>
<span style=""font-weight: bold; color: #588ec6;"">SUITABILITY:</span>
<p>This product is designed for interior application only and offers exceptional resistance to water, dirt, abrasion, UV rays and wear (yellowing, cracking, scaling, delamination). </p>
<span style=""font-weight: bold; color: #588ec6;"">MATERIAL CHARACTERISTICS:</span>
<ul><li>Grade: Polymeric</li>
<li>Thickness: 250 micron</li>
<li>Adhesive: Easy Apply Air Release</li>
<li>Appearance: Matt</li>
<li>Stretchable: Yes</li>
<li>Scratch Proof: Average</li>
</ul>
<p>Prices shown are per linear metre at 1220mm wide</p>
</body>
</html>","W6_Rust.jpg","W6_Rust.jpg, W6_Rust_Wall.jpg","INVITEMS","DEFAULT-W6_Rust-DEFAULT-W6_Rust","","","0","0","0","","1","REGONLY","0","0","0","0","","","","SELECT","SELECT","0","","","","","0","0","","income-service","","","0","0","","","","","Cover_Styl_Metallic","Cover_Styl_Metallic","","","0","Olfa_Graphic_Cutter, Olfa_X_Design_Heavy_Duty_Knife, Lint-Free-Gloves, Masking_Tape_25mm, Aslan_Squeegee, Swann_Morton_3_Handle, Swann_Morton_10A_Blades, Lint-Free-Cloths, Heavy-Duty-Application-Roller, Rollepro, 4075CT1220, Cover-Styl-Colour-Selector-Box","Olfa_Graphic_Cutter, Olfa_X_Design_Heavy_Duty_Knife, Lint-Free-Gloves, Masking_Tape_25mm, Aslan_Squeegee, Swann_Morton_3_Handle, Swann_Morton_10A_Blades, Lint-Free-Cloths, Heavy-Duty-Application-Roller, Rollepro, 4075CT1220, Cover-Styl-Colour-Selector-Box","A","superuser","ADHESIVE_SEMI_PERMANENT","GRADE_POLYPROPYLENE","","","","","","","","","","","","Cover-Styl-W6-Corten","0","coverstyle, cover style, cover styl, cover styl'


","","","1655480821","0","","0","","CHECKBOX"
"W7_Red_Bricks","W7 Red Brick","Cover Styl' W7","Cover_Styl","130","33","DEFAULT","","","","","0","Cover Styl' W7 Red Brick self-adhesive brick effect film. Buy it by the metre.

","<html>
<head>
<title>Cover Styl' W7 Red Brick</title></head>
<body>
<p><img style=""height: 76px; width: 300px;"" alt=""Cover Styl' logo""
src=""media/ecom/onpagegraphics/Coverstyl_Logo.png""></p>
<span style=""font-weight: bold; color: #588ec6;"">SUITABILITY:</span>
<p>This product is designed for interior application only and offers exceptional resistance to water, dirt, abrasion, UV rays and wear (yellowing, cracking, scaling, delamination). </p>
<span style=""font-weight: bold; color: #588ec6;"">MATERIAL CHARACTERISTICS:</span>
<ul><li>Grade: Polymeric</li>
<li>Thickness: 250 micron</li>
<li>Adhesive: Easy Apply Air Release</li>
<li>Appearance: Matt</li>
<li>Stretchable: Yes</li>
<li>Scratch Proof: Average</li>
</ul>
<p>Prices shown are per linear metre at 1220mm wide</p>
</body>
</html>","W7_Red_Bricks.jpg","W7_Red_Bricks.jpg, W7_Red_Bricks_Wall.jpg","INVITEMS","DEFAULT-W7_Red_Bricks-DEFAULT-W7_Red_Bricks","","","0","0","0","","1","REGONLY","0","0","0","0","","","","SELECT","SELECT","0","","","","","0","0","","income-service","","","0","0","","","","","Cover_Styl_Natural_Stone","Cover_Styl_Natural_Stone","","","0","Olfa_Graphic_Cutter, Olfa_X_Design_Heavy_Duty_Knife, Lint-Free-Gloves, Masking_Tape_25mm, Aslan_Squeegee, Swann_Morton_3_Handle, Swann_Morton_10A_Blades, Lint-Free-Cloths, Heavy-Duty-Application-Roller, Rollepro, 4075CT1220, Cover-Styl-Colour-Selector-Box","Olfa_Graphic_Cutter, Olfa_X_Design_Heavy_Duty_Knife, Lint-Free-Gloves, Masking_Tape_25mm, Aslan_Squeegee, Swann_Morton_3_Handle, Swann_Morton_10A_Blades, Lint-Free-Cloths, Heavy-Duty-Application-Roller, Rollepro, 4075CT1220, Cover-Styl-Colour-Selector-Box","A","superuser","ADHESIVE_SEMI_PERMANENT","GRADE_POLYPROPYLENE","","","","","","","","","","","","Cover-Styl-W7-Red-Brick","0","coverstyle, cover style, cover styl, cover styl'


","","","1655481188","0","","0","","CHECKBOX"
"WALL_SIGN_OVAL","Oval Wall Sign","WSOV","DEFAULT","110","27","DEFAULT","","","","","0","Oval aluminium projecting wall sign for cost effective advertising.
","<html>
<head>
<title>Oval Wall Sign</title>
</head>
<body>
<p>Oval aluminium projecting wall sign for cost effective advertising.</p>
<ul>
  <li>Width: 500mm, Height: 400mm</li>
<li>2mm thick aluminium panels with a gloss white powder coated finish</li>
  <li>Ideal for vinyl application</li>
  <li>50mm fixing plate, pre-drilled for quick installation</li>
<li>Double sided advertising</li>
<li>Cost effective, quick and easy</li>
  <li>Up to 5 year outdoor life</li>
  </ul>
</body>
</html>
","Wall_Sign_Oval.png","Wall_Sign_Oval.png","INVITEMS","DEFAULT-WALL_SIGN_OVAL-DEFAULT-WALL_SIGN_OVAL","","","0","0","0","","1","REGONLY","0","0","0","0","","","","SELECT","SELECT","0","","","","","0","0","","income-service","","","0","0","","","","","Pavement_Signs","Pavement_Signs","","","0","","","A","superuser","","","","","","","","","","","","","","","0","","","","1584640721","0","","0","","CHECKBOX"
"WALL_SIGN_RECTANGULAR","Rectangular Wall Sign","WSRE","DEFAULT","130","25","DEFAULT","","","","","0","Rectangular aluminium projecting wall sign for cost effective advertising.
","<html>
<head>
<title>Rectangular Wall Sign</title>
</head>
<body>
<p>Rectangular aluminium projecting wall sign for cost effective advertising.</p>
<ul>
  <li>Width: 575mm, Height: 417mm</li>
<li>2mm thick aluminium panels with a gloss white powder coated finish</li>
  <li>Ideal for vinyl application</li>
  <li>50mm fixing plate, pre-drilled for quick installation</li>
<li>Double sided advertising</li>
<li>Cost effective, quick and easy</li>
  <li>Up to 5 year outdoor life</li>
  </ul>
</body>
</html>
","Wall_Sign_Rectangular.png","Wall_Sign_Rectangular.png","INVITEMS","DEFAULT-WALL_SIGN_RECTANGULAR-DEFAULT-WALL_SIGN_RECTANGULAR","","","0","0","0","","1","REGONLY","0","0","0","0","","","","SELECT","SELECT","0","","","","","0","0","","income-service","","","0","0","","","","","Pavement_Signs","Pavement_Signs","","","0","","","A","superuser","","","","","","","","","","","","","","","0","","","","1584641776","0","","0","","CHECKBOX"
"WALL_SIGN_ROUND","Round Wall Sign","WSRO","DEFAULT","120","31","DEFAULT","","","","","0","Round aluminium projecting wall sign for cost effective advertising.
","<html>
<head>
<title>Round Wall Sign</title>
</head>
<body>
<p>Round aluminium projecting wall sign for cost effective advertising.</p>
<ul>
  <li>495mmm Diameter</li>
<li>2mm thick aluminium panels with a gloss white powder coated finish</li>
  <li>Ideal for vinyl application</li>
  <li>50mm fixing plate, pre-drilled for quick installation</li>
<li>Double sided advertising</li>
<li>Cost effective, quick and easy</li>
  <li>Up to 5 year outdoor life</li>
  </ul>
</body>
</html>
","Wall_Sign_Round.png","Wall_Sign_Round.png","INVITEMS","DEFAULT-WALL_SIGN_ROUND-DEFAULT-WALL_SIGN_ROUND","","","0","0","0","","1","REGONLY","0","0","0","0","","","","SELECT","SELECT","0","","","","","0","0","","income-service","","","0","0","","","","","Pavement_Signs","Pavement_Signs","","","0","","","A","superuser","","","","","","","","","","","","","","","0","","","","1584641552","0","","0","","CHECKBOX"
"Weeding_Hook","Hook End Weeding Tool ","WEE2","Doro_Tape","30","7","DEFAULT","","","","","0","Make picking and weeding a lot easier by using this hook ended weeding tool.","<html>

<title><head>Hook End Weeding Tool </title></head>

<body>

<p>Make picking and weeding a lot easier by using this hook ended weeding tool.</p>

</body>

</html>","Weeding-Tool-Hook.jpg","Weeding-Tool-Hook.jpg","INVITEMS","DEFAULT-Weeding_Hook-DEFAULT-Weeding_Hook","","","0","0","0","","1","REGONLY","0","0","0","0","","","","SELECT","SELECT","0","","","","","0","0","","income-service","","","0","0","","","","","Weeding_Handling_Tools","Weeding_Handling_Tools, Stencil-Film-Accessories","","","0","Weeding_Tweezers","","A","","","","","","","","","","","","","","","","0","weeding,hook,","","","1499860323","0","","0","","CHECKBOX"
"Weeding_Tweezers","Fine Point Tweezers","TWE","SOTT","10","4","DEFAULT","","","","","0","Pointed tip tweezers for accurate weeding and picking. Flat on the inside for better grip but witha rounded outer so they don't stick to the vinyl adhesive.","<html>

<title><head>Fine Point Tweezers</title></head>

<body>

<p>Pointed tip tweezers for accurate weeding and picking.</p>
<p>Flat on the inside for better grip but with a rounded outer so they don't stick to the vinyl adhesive.</p>
<p>Great for fine detail work.</p>
<p>Helps with accurate weeding, picking and placement.</p>

</body>

</html>","Tweezers.png","Tweezers.png","INVITEMS","DEFAULT-Weeding_Tweezers-DEFAULT-Weeding_Tweezers","","","0","0","0","","1","REGONLY","0","0","0","0","","","","SELECT","SELECT","0","","","","","0","0","","income-service","","","0","0","","","","","Weeding_Handling_Tools","Weeding_Handling_Tools, Stencil-Film-Accessories","","","0","Weeding_Hook","","A","","","","","","","","","","","","","","","Fine-Point-Tweezers","0","weeding, tweezers","","","1519667704","0","","0","","CHECKBOX"
"White_Static_Cling","White Static Cling Vinyl","4520","Poli-Tape","60","81","DEFAULT","","","","","0","White Static Cling is a non-adhesive static cling vinyl excellent for producing removable, repositionable and reusable graphics onto glass or any smooth surfaces.









","<html><head><title>White Static Cling</title></head>
<style>
.responsive {
  width: 50%;
  height: auto;
}
</style>

<body>

<img style=""height: 87px; width: 177px;"" alt=""Poli-Tape-Logo""
src=""media/ecom/onpagegraphics/Poli-Tape-Logo.jpg"" class=""responsive"">

<p>White Static Cling is a non-adhesive static cling vinyl excellent for producing removable, repositionable and reusable graphics onto glass or any smooth surfaces.</p>


<span style=""font-weight: bold; color: #d7328a;"">Structure:</span><br>
<ul><li>150<span>&#181;</span>m monomeric electrostatic PVC</li>
<li>One sided clay coated paper liner - 180g/m<sup>2</sup>
</li></ul>

<span style=""font-weight: bold; color: #d7328a;"">Suitability:</span><br>
<ul><li>Specifically designed for creating window stickers</li>
<li>Suitable for any smooth surface and slightly curved surfaces</li>
<li>Ideal for producing removable, repositionable and reusable graphics</li>
<li>Up to 1 year outdoor durability (unprinted)
</li></ul>

<span style=""font-weight: bold; color: #d7328a;"">Advantages:</span><br>
<ul><li>Very good opacity and flatness characteristics</li>
<li>Excellent dimensional stability and enhanced image brightness</li>
<li>If applied properly, no adhesive residues will be left</li>
<li>Removable and repositionable</li>
</ul>

<a ><img style=""border: 0px solid ; width: 50px; height: 50px;"" alt=""fyi""
src=""media/ecom/onpagegraphics/FYI.png""></a>
<p style=""color:rgb(244,7,138)"">Please note that if you apply the printed side of the cling to the glass surface it can lead to ink transfer resulting in the glass looking stained when the cling is removed.</p><br>

<span style=""font-weight: bold; color: #d7328a;"">Ink Compatibility:</span><br>
<ul>
<img style=""margin: 0px 5px 0px 0px; width: 15px; height: 25px;"" alt=""Eco-Sol Ink""
src=""media/ecom/onpagegraphics/Ink-EcoSol.png"">Eco-solvent &nbsp;&nbsp;
<img style=""margin: 0px 5px 0px 0px; width: 15px; height: 25px;"" alt=""UV Ink""
src=""media/ecom/onpagegraphics/Ink-UV.png"">UV
</ul>


<span style=""font-weight: bold; color: #d7328a;"">Technical Information:</span><br>
<ul>
<a href=""media/ecom/pdfs/datasheets/PP150W.pdf"" target=""_blank""><img
style=""border: 0px solid ; width: 200px; height: 60px;"" alt=""Static Cling Datasheet""
src=""media/ecom/onpagegraphics/Datasheet.png""></a>
<a href=""https://www.dorotape.co.uk/Print-Profiles-User-Guide""
target=""_blank""><img style=""width: 200px; height: 60px;"" alt=""printing profile guide""
src=""media/ecom/onpagegraphics/Profile.png""></a></ul>

<p style=""font-weight: bold; font-size: 1.0em;"">Prices shown are per roll at 1370mm wide</p>
</body>
</html>","White_Cling.jpg","White_Cling.jpg","INVITEMS","DEFAULT-White_Static_Cling-DEFAULT-White_Static_Cling","","","0","0","0","","1","REGONLY","0","0","0","0","","","","SELECT","SELECT","0","","","","","0","0","","income-service","","","0","0","","","","","Digital_Print_Window_Film","Digital_Print_Window_Film","","","0","Lint-Free-Cloths, Aslan_Red_Devil_Squeegee, Olfa_X_Design_Heavy_Duty_Knife, Lint-Free-Gloves, Masking_Tape_25mm, Aslan-Gold-Soft-Squeegee, Olfa_Graphic_Cutter, Swann_Morton_3_Handle, Swann_Morton_10A_Blades, Aslan_Squeegee, Application_Gloves,","Lint-Free-Cloths, Aslan_Red_Devil_Squeegee, Olfa_X_Design_Heavy_Duty_Knife, Lint-Free-Gloves, Masking_Tape_25mm, Aslan-Gold-Soft-Squeegee, Olfa_Graphic_Cutter, Swann_Morton_3_Handle, Swann_Morton_10A_Blades, Aslan_Squeegee, Application_Gloves,","N","superuser","ADHESIVE_NON","GRADE_MONOMERIC","SUITABILITY_WINDOW","","","","","","","","","","","","0","static, cling, electrostatic, suction, glass, static cling, white cling, white static, white static cling, poli tape, poli print, poli 150, print 150, tape 150, poli tape 150, poli print 150, 




























","","","1490010305","0","","0","","CHECKBOX"
"White_Static_Cling_0685","White Static Cling Vinyl  :: 685mm Width","4520","Poli-Tape","30","2","DEFAULT","","","","","0","White Static Cling Vinyl is non-adhesive and is excellent for producing removable,
repositionable and reuseable graphics onto glass or any smooth surfaces. Buy it by the metre.
","<html><head><title>White Static Cling</title></head>
<style>
.responsive {
  width: 50%;
  height: auto;
}
</style>

<body>

<img style=""height: 87px; width: 177px;"" alt=""Poli-Tape-Logo""
src=""media/ecom/onpagegraphics/Poli-Tape-Logo.jpg"" class=""responsive"">

<p>White Static Cling is a non-adhesive static cling vinyl excellent for producing removable, repositionable and reusable graphics onto glass or any smooth surfaces.</p>


<span style=""font-weight: bold; color: #d7328a;"">Structure:</span><br>
<ul><li>150<span>&#181;</span>m monomeric electrostatic PVC</li>
<li>One sided clay coated paper liner - 180g/m<sup>2</sup>
</li></ul>

<span style=""font-weight: bold; color: #d7328a;"">Suitability:</span><br>
<ul><li>Specifically designed for creating window stickers</li>
<li>Suitable for any smooth surface and slightly curved surfaces</li>
<li>Ideal for producing removable, repositionable and reusable graphics</li>
<li>Up to 1 year outdoor durability (unprinted)
</li></ul>

<span style=""font-weight: bold; color: #d7328a;"">Advantages:</span><br>
<ul><li>Very good opacity and flatness characteristics</li>
<li>Excellent dimensional stability and enhanced image brightness</li>
<li>If applied properly, no adhesive residues will be left</li>
<li>Removable and repositionable</li>
</ul>

<a ><img style=""border: 0px solid ; width: 50px; height: 50px;"" alt=""fyi""
src=""media/ecom/onpagegraphics/FYI.png""></a>
<p style=""color:rgb(244,7,138)"">Please note that if you apply the printed side of the cling to the glass surface it can lead to ink transfer resulting in the glass looking stained when the cling is removed.</p><br>

<span style=""font-weight: bold; color: #d7328a;"">Ink Compatibility:</span><br>
<ul>
<img style=""margin: 0px 5px 0px 0px; width: 15px; height: 25px;"" alt=""Eco-Sol Ink""
src=""media/ecom/onpagegraphics/Ink-EcoSol.png"">Eco-solvent &nbsp;&nbsp;
<img style=""margin: 0px 5px 0px 0px; width: 15px; height: 25px;"" alt=""UV Ink""
src=""media/ecom/onpagegraphics/Ink-UV.png"">UV
</ul>


<span style=""font-weight: bold; color: #d7328a;"">Technical Information:</span><br>
<ul>
<a href=""media/ecom/pdfs/datasheets/PP150W.pdf"" target=""_blank""><img
style=""border: 0px solid ; width: 200px; height: 60px;"" alt=""Static Cling Datasheet""
src=""media/ecom/onpagegraphics/Datasheet.png""></a>
<a href=""https://www.dorotape.co.uk/Print-Profiles-User-Guide""
target=""_blank""><img style=""width: 200px; height: 60px;"" alt=""printing profile guide""
src=""media/ecom/onpagegraphics/Profile.png""></a></ul>


<p style=""font-weight: bold; font-size: 0.9em;"">Prices shown are per linear metre at 685mm wide</p>
</body>
</html>","White_Cling.jpg","White_Cling.jpg","INVITEMS","DEFAULT-White_Static_Cling_0685-DEFAULT-White_Static_Cling_0685","","","0","0","0","","1","REGONLY","0","0","0","0","","","","SELECT","SELECT","0","","","","","0","0","","income-service","","","0","0","","","","","Static_Cling","Static_Cling","","","0","Lint-Free-Cloths, Aslan_Red_Devil_Squeegee, Olfa_X_Design_Heavy_Duty_Knife, Lint-Free-Gloves, Masking_Tape_25mm, Aslan-Gold-Soft-Squeegee, Olfa_Graphic_Cutter, Swann_Morton_3_Handle, Swann_Morton_10A_Blades, Aslan_Squeegee, Application_Gloves,","Lint-Free-Cloths, Aslan_Red_Devil_Squeegee, Olfa_X_Design_Heavy_Duty_Knife, Lint-Free-Gloves, Masking_Tape_25mm, Aslan-Gold-Soft-Squeegee, Olfa_Graphic_Cutter, Swann_Morton_3_Handle, Swann_Morton_10A_Blades, Aslan_Squeegee, Application_Gloves,","A","","","","","","","","","","","","","","","","0","static, cling, electrostatic, suction, glass, static cling, white cling, white static, white static cling, poli tape, poli print, poli 150, print 150, tape 150, poli tape 150, poli print 150, 

","","","1507908705","0","","0","","CHECKBOX"
"White_Static_Cling_1370","White Static Cling Vinyl :: 1370mm Width","4520","Poli-Tape","40","4","DEFAULT","","","","","0","White Static Cling Vinyl is non-adhesive and is excellent for producing removable, repositionable and reusable graphics onto glass or any smooth surfaces. Prices per linear metre
","<html><head><title>White Static Cling</title></head>
<style>
.responsive {
  width: 50%;
  height: auto;
}
</style>
</head>
<img style=""height: 87px; width: 177px;"" alt=""Poli-Tape-Logo""
src=""media/ecom/onpagegraphics/Poli-Tape-Logo.jpg"" class=""responsive"">

<p>White Static Cling is a non-adhesive static cling vinyl excellent for producing removable, repositionable and reusable graphics onto glass or any smooth surfaces.</p>


<span style=""font-weight: bold; color: #d7328a;"">Structure:</span><br>
<ul><li>150<span>&#181;</span>m monomeric electrostatic PVC
<li>One sided clay coated paper liner - 180g/m<sup>2</sup>
</li></ul>

<span style=""font-weight: bold; color: #d7328a;"">Suitability:</span><br>
<ul><li>Specifically designed for creating window stickers
<li>Suitable for any smooth surface and slightly curved surfaces
<li>Ideal for producing removable, repositionable and reusable graphics
<li>Up to 1 year outdoor durability (unprinted)
</li></ul>

<span style=""font-weight: bold; color: #d7328a;"">Advantages:</span><br>
<ul><li>Very good opacity and flatness characteristics
<li>Excellent dimensional stability and enhanced image brightness
<li>If applied properly, no adhesive residues will be left
<li>Removable and repositionable
</ul>

<a ><img style=""border: 0px solid ; width: 50px; height: 50px;"" alt=""fyi""
src=""media/ecom/onpagegraphics/FYI.png""></a>
<p style=""color:rgb(244,7,138)"">Please note that if you apply the printed side of the cling to the glass surface it can lead to ink transfer resulting in the glass looking stained when the cling is removed.</p><br>

<span style=""font-weight: bold; color: #d7328a;"">Ink Compatibility:</span><br>
<ul>
<img style=""margin: 0px 5px 0px 0px; width: 15px; height: 25px;"" alt=""Eco-Sol Ink""
src=""media/ecom/onpagegraphics/Ink-EcoSol.png"">Eco-solvent &nbsp;&nbsp;
<img style=""margin: 0px 5px 0px 0px; width: 15px; height: 25px;"" alt=""UV Ink""
src=""media/ecom/onpagegraphics/Ink-UV.png"">UV
</ul>


<span style=""font-weight: bold; color: #d7328a;"">Technical Information:</span><br>
<ul>
<a href=""media/ecom/pdfs/datasheets/PP150W.pdf"" target=""_blank""><img
style=""border: 0px solid ; width: 200px; height: 60px;"" alt=""Static Cling Datasheet""
src=""media/ecom/onpagegraphics/Datasheet.png""></a>
<a href=""https://www.dorotape.co.uk/Print-Profiles-User-Guide""
target=""_blank""><img style=""width: 200px; height: 60px;"" alt=""printing profile guide""
src=""media/ecom/onpagegraphics/Profile.png""></a></ul>


<p><p style=""font-weight: bold; font-size: 0.9em;"">Prices shown are per linear metre at 1370mm wide</p>
</body>","White_Cling.jpg","White_Cling.jpg","INVITEMS","DEFAULT-White_Static_Cling_1370-DEFAULT-White_Static_Cling_1370","","","0","0","0","","1","REGONLY","0","0","0","0","","","","SELECT","SELECT","0","","","","","0","0","","income-service","","","0","0","","","","","Static_Cling","Static_Cling","","","0","Lint-Free-Cloths, Aslan_Red_Devil_Squeegee, Olfa_X_Design_Heavy_Duty_Knife, Lint-Free-Gloves, Masking_Tape_25mm, Aslan-Gold-Soft-Squeegee, Olfa_Graphic_Cutter, Swann_Morton_3_Handle, Swann_Morton_10A_Blades, Aslan_Squeegee, Application_Gloves,","Lint-Free-Cloths, Aslan_Red_Devil_Squeegee, Olfa_X_Design_Heavy_Duty_Knife, Lint-Free-Gloves, Masking_Tape_25mm, Aslan-Gold-Soft-Squeegee, Olfa_Graphic_Cutter, Swann_Morton_3_Handle, Swann_Morton_10A_Blades, Aslan_Squeegee, Application_Gloves,","A","","","","","","","","","","","","","","","","0","static, cling, electrostatic, suction, glass, static cling, white cling, white static, white static cling, poli tape, poli print, poli 150, print 150, tape 150, poli tape 150, poli print 150, 

","","","1507908816","0","","0","","CHECKBOX"
"Wipeable_Pencil","Stabilo Aquarellable Pencils","CHI","Doro_Tape","124","16","DEFAULT","","","","","0","Stabilo Aquarellable Pencils are totally wipeable pencils that can write on virtually any surface e.g. glass, plastic and metal. 

","<html><head><title>Stabilo Aquarellable Pencils</title></head>
<body>
<p><ul><li>Stabilo Aquarellable Pencils are totally wipeable pencils that can write on virtually any surface e.g. glass, plastic and metal. .</li>
<li>Ideal for measuring, marking out and positioning graphics.</li>
<li>Markings can be easily wiped off with a damp cloth.</li>
<li>1 pack contains 12 pencils.  Choose from Black, White, Blue and Yellow or select a mixed pack if you prefer.</li></ul></p>
<span style=""font-weight: bold; color: rgb(153, 186, 58);"">TECHNICAL INFORMATION:</span><br>
<a href=""media/ecom/pdfs/datasheets/Stabilo-colour-pencil.pdf"" target=""_blank""><img
style=""border: 0px solid ; width: 200px; height: 60px;"" alt=""Stabilo Aquarellable Pencils Datasheet""
src=""media/ecom/onpagegraphics/Datasheet.png""></a>
</body></html>

","Chinagraph_Pencils.jpg","Chinagraph_Pencils.jpg","INVITEMS","DEFAULT-Wipeable_Pencil-DEFAULT-Wipeable_Pencil","","","0","0","0","","1","REGONLY","0","0","0","0","","","","SELECT","SELECT","0","","","","","0","0","","income-service","","","0","0","","","","","Application_Tools","Application_Tools, Stencil-Film-Accessories","","","0","RULER, RIVETBRUSH, GLOVES","","A","","","","","","","","","","","","","","","Stabilo-Aquarellable-Pencils","0","pencil, chinagraph, wipeable, stabillo, aquarellable



","","","1519729657","0","","0","","CHECKBOX"
"Wrap_Cut","WrapCut","WRAPCUT","Doro_Tape","270","10","DEFAULT","","","","","0","WrapCut edge cutting tape is a 3mm flexible adhesive tape with an exceptionally strong fine filament attached to the adhesive side and used to make precise trim lines through self-adhesive coloured and printed vinyl. Roll size: 3mm x 60m","<html>

<head><title>WrapCut</head></title>

<body>

<p>WrapCut&reg; edge cutting tape is a 3mm flexible adhesive tape with an exceptionally strong fine filament attached to the adhesive side at the very edge of the tape.</p>
<p>The fine filament becomes a cutting tool when pulled outward through the film of material that's been applied on top of the edge cutting tape.</p>
<p>Used to make precise trim lines through self-adhesive coloured and printed vinyl.</p>
<p>WrapCut&reg; ensures you get precision cutting every time.</p>
<p>Prices shown are per 3mm x 60m roll</p>

</body>

</html>
","WrapCut.jpg","WrapCut.jpg","INVITEMS","DEFAULT-Wrap_Cut-DEFAULT-Wrap_Cut","","","0","0","0","","1","REGONLY","0","0","0","0","","","","SELECT","SELECT","0","","","","","0","0","","income-service","","","0","0","","","https://www.youtube.com/embed/ShkChTSvPgg?si=15sC3B17w9GHLsi3","","Vehicle_Wrap_Tools","Application_Tools, Vehicle_Wrap_Tools","","","0","3D_Carbon_Fibre_Black_1520, Matt_Black_Wrap, Matt_Green_Wrap, PEARLESCENT","","A","","","","","","","","","","","","","","","WrapCut","0","wrap, cut, wrapcut, wrap-cut, trimming, vehicle,wrap, knifeless, car wrap, vehicle wrap, wrapping","","","1513170664","0","","0","","CHECKBOX"
"Wrap_Cut_Pro","WrapCut PRO","WRAPCUTPRO","Doro_Tape","272","10","DEFAULT","","","","","0","WrapCut PRO precision edge cutting tape is a 4mm tackier and slightly stiffer adhesive tape with an exceptionally strong fine filament attached to the adhesive side at the very edge of the tape. The higher tack and slight stiffness makes it easy to create long straight lines on vehicle body sides. Roll size: 4mm x 45m","<html>

<title><head>WrapCut PRO</title></head>

<body>

<p>WrapCut PRO&reg; precision edge cutting tape is a 4mm tackier and slightly stiffer adhesive tape with an exceptionally strong fine filament attached to the adhesive side at the very edge of the tape.</p>
<p>The higher tack and slight stiffness makes it easy to create long straight lines on vehicle body sides.</p>
<p>The fine filament becomes a cutting tool when pulled outward through the film of material that's been applied on top of the edge cutting tape.</p>
<p>Used to make precise trim lines through self-adhesive coloured and printed vinyl.</p>
<p>WrapCut&reg; ensures you get precision cutting every time.</p>
<p>Prices shown are per 4mm x 45m roll</p>

</body>

</html>","WrapCut-Pro.jpg","WrapCut-Pro.jpg","INVITEMS","DEFAULT-Wrap_Cut_Pro-DEFAULT-Wrap_Cut_Pro","","","0","0","0","","1","REGONLY","0","0","0","0","","","","SELECT","SELECT","0","","","","","0","0","","income-service","","","0","0","","","https://www.youtube.com/embed/ShkChTSvPgg?si=15sC3B17w9GHLsi3","","Vehicle_Wrap_Tools","Application_Tools, Vehicle_Wrap_Tools","","","0","3D_Carbon_Fibre_Black_1520, Matt_Black_Wrap, Matt_Green_Wrap, PEARLESCENT","","A","","","","","","","","","","","","","","","WrapCut-PRO","0","wrap, cut, wrapcut pro, wrap-cut pro, trimming, vehicle,wrap, knifeless, car wrap, vehicle wrap, wrapping, pro","","","1700148683","0","","0","","CHECKBOX"
"Wrap_Cut_Wire","WrapCut WIRE","WRAPCUTWIRE","Doro_Tape","274","10","DEFAULT","","","","","0","WrapCut WIRE edge cutting tape is a 4mm adhesive tape with a metal wire attached to the adhesive side at the very edge of the tape. This metal wire filament is strong enough to cut through the toughest and thickest films with ease. Roll size: 4mm x 45m","<html>

<head><title>WrapCut WIRE</head></title>

<body>

<p>WrapCut WIRE&reg; edge cutting tape is a 4mm adhesive tape with a metal wire attached to the adhesive side at the very edge of the tape.</p>
<p>This metal wire filament is strong enough to cut through the toughest and thickest films with ease.</p>
<p>Perfect for use with carbon fibre vinyl and paint protection films.</p>
<p>The fine filament becomes a cutting tool when pulled outward through the film of material that's been applied on top of the edge cutting tape.</p>
<p>Used to make precise trim lines through self-adhesive coloured and printed vinyl.</p>
<p>WrapCut&reg; ensures you get precision cutting every time.</p>
<p>Prices shown are per 4mm x 45m roll</p>

</body>

</html>

","WrapCut-Wire.jpg","WrapCut-Wire.jpg","INVITEMS","DEFAULT-Wrap_Cut_Wire-DEFAULT-Wrap_Cut_Wire","","","0","0","0","","1","REGONLY","0","0","0","0","","","","SELECT","SELECT","0","","","","","0","0","","income-service","","","0","0","","","https://www.youtube.com/embed/ShkChTSvPgg?si=15sC3B17w9GHLsi3","","Vehicle_Wrap_Tools","Application_Tools, Vehicle_Wrap_Tools","","","0","3D_Carbon_Fibre_Black_1520, Matt_Black_Wrap, Matt_Green_Wrap, PEARLESCENT","","A","","","","","","","","","","","","","","","WrapCut-WIRE","0","wrap, cut, wrapcut wire, wrap-cut wire, trimming, vehicle,wrap, knifeless, car wrap, vehicle wrap, wrapping, wire","","","1700149094","0","","0","","CHECKBOX"
"Yellow_Ruler","The 'Yellow 5' Safety Cutting Ruler","BIG","SOTT","126","0","DEFAULT","","","","","0","Anti-slip cutting ruler made of solid aluminium for easy and safe cutting of self-adhesive films and sheeted material. Strong, stable, straight and safe.
","<html>

<title><head>The 'Yellow 5' Safety Cutting Ruler</title></head>

<body>

<p>Anti-slip cutting ruler made of solid aluminium for easy and safe cutting of self-adhesive films and sheeted material.</p>
<p>This allows you to make long cuts with ease, without the fear of the knife jumping and running across your fingers.</p>
<p>The special anti-slip underside ensures perfect stability on every surface.</p>
<p>Additional 90mm handle is self-adhesive and can be added to any Yellow Ruler in the range to offer more stability and ease of use.</p>
<p>Strong, stable, straight and safe!</p>

</body>

</html>","Ruler.jpg","Ruler.jpg, Ruler_Handle.png","INVITEMS","DEFAULT-Yellow_Ruler-DEFAULT-Yellow_Ruler","","","0","0","0","","1","REGONLY","0","0","0","0","","","","SELECT","SELECT","0","","","","","0","0","","income-service","","","0","0","","","","","Knives_Cutting_Tools","Application_Tools, Knives_Cutting_Tools","","","0","PENCIL, RIVETBRUSH, GLOVES","","A","","","","","","","","","","","","","","","Yellow-Safety-Ruler","0","safety ruler, ruler, measure, yellow, safety

","","","1500302977","0","","0","","CHECKBOX"
